1 27433 13.33 9.17 0.00
2 65502 10.21 21.83 0.00
5 22418 21.87 7.47 0.00
6 73678 17.88 24.56 0.00
8 53340 24.03 17.74 0.00
9 52859 5.92 17.68 0.00
11 10968 16.85 3.67 0.00
12 71504 10.44 23.84 0.00
13 40123 22.33 13.38 0.00
14 70883 8.35 23.65 0.00
15 56353 25.38 18.70 0.00
16 44018 21.86 14.66 0.00
17 48949 4.90 16.32 0.00
18 10026 12.68 3.30 0.00
19 31305 10.59 10.49 0.00
20 57960 6.01 19.31 0.00
21 60099 9.99 20.09 0.00
22 21830 23.01 7.23 0.00
23 70925 12.53 23.68 0.00
24 11543 14.31 3.87 0.00
25 31323 12.36 10.50 0.00
26 47502 10.26 15.90 0.00
27 11296 19.67 3.77 0.00
28 24065 6.56 8.05 0.00
29 48089 8.97 16.06 0.00
30 66737 13.70 22.20 0.00
31 32023 22.34 10.70 0.00
33 31351 15.17 10.41 0.00
35 26022 22.29 8.64 0.00
38 29633 23.33 9.89 0.00
