2 77648 24.85 25.82 0.00
3 84149 14.96 28.01 0.00
4 78694 9.50 26.27 0.00
7 29202 10.21 9.73 0.00
8 4955 15.55 1.67 0.00
17 3466 16.64 1.12 0.00
20 82698 19.86 27.56 0.00
21 11884 18.46 3.93 0.00
23 53220 12.09 17.76 0.00
24 17674 27.45 5.86 0.00
25 58692 19.26 19.58 0.00
27 48719 11.99 16.29 0.00
28 57710 11.09 19.22 0.00
29 56230 13.02 18.73 0.00
30 12281 28.10 4.04 0.00
31 56608 20.82 18.89 0.00
33 27161 16.20 9.10 0.00
35 16115 21.59 5.36 0.00
37 14370 27.02 4.74 0.00
40 14028 22.82 4.63 0.00
170 30577 27.79 10.14 0.00
187 272 27.29 0.07 0.00
202 73492 29.26 24.50 0.00
