0 57653 5.34 19.25 0.00
1 39990 9.08 13.35 0.00
2 63842 24.22 21.20 0.00
3 28566 6.64 9.59 0.00
4 39833 23.39 13.26 0.00
5 72688 8.88 24.27 0.00
6 23837 13.76 7.98 0.00
7 31115 21.57 10.32 0.00
8 31403 20.38 10.46 0.00
10 31146 24.66 10.35 0.00
12 57964 6.41 19.34 0.00
13 71168 6.81 23.79 0.00
14 12158 15.80 4.01 0.00
15 33841 24.16 11.25 0.00
16 27824 22.43 9.29 0.00
17 15510 21.10 5.11 0.00
18 48826 22.61 16.28 0.00
19 65904 20.50 21.99 0.00
20 43119 21.94 14.38 0.00
22 55131 23.10 18.33 0.00
23 39357 5.76 13.11 0.00
24 52722 22.21 17.57 0.00
28 37420 22.07 12.44 0.00
30 48845 24.54 16.29 0.00
31 66960 6.05 22.33 0.00
32 61155 25.50 20.34 0.00
33 64004 10.45 21.30 0.00
34 36847 24.72 12.20 0.00
37 65650 25.06 21.88 0.00
38 32626 22.68 10.86 0.00
39 40144 24.48 13.38 0.00
