2 7372 17.29 2.47 0.00
7 26176 7.65 8.79 0.00
8 79735 23.60 26.55 0.00
9 84177 17.79 28.07 0.00
10 29469 6.94 9.90 0.00
12 64796 29.70 21.54 0.00
16 70269 6.90 23.45 0.00
23 30790 19.01 10.30 0.00
24 13464 26.45 4.40 0.00
25 30766 16.68 10.21 0.00
26 27165 16.55 9.07 0.00
28 56214 11.42 18.70 0.00
29 31403 20.37 10.40 0.00
30 15848 24.85 5.22 0.00
31 31325 12.59 10.49 0.00
33 27751 15.12 9.23 0.00
35 11395 29.51 3.79 0.00
37 14934 23.49 4.95 0.00
40 12882 28.20 4.28 0.00
59 79600 10.04 26.54 0.00
104 33381 8.11 11.17 0.00
105 65157 5.73 21.76 0.00
108 69680 8.05 23.28 0.00
131 11330 23.09 3.80 0.00
