6 28575 7.55 9.58 0.00
7 32444 4.41 10.88 0.00
8 49843 4.35 16.61 0.00
9 75085 8.54 25.00 0.00
10 31259 5.92 10.43 0.00
12 38451 5.17 12.89 0.00
13 28850 5.08 9.67 0.00
16 82702 20.29 27.59 0.00
17 22849 4.90 7.67 0.00
21 33953 5.36 11.40 0.00
23 46613 11.38 15.58 0.00
24 15866 26.69 5.27 0.00
25 58380 18.07 19.48 0.00
27 42716 11.63 14.23 0.00
28 61370 17.00 20.45 0.00
29 52020 12.07 17.31 0.00
30 11638 23.87 3.88 0.00
31 57496 19.64 19.20 0.00
33 38209 10.91 12.74 0.00
35 15824 22.50 5.24 0.00
37 14307 20.77 4.72 0.00
40 11082 28.23 3.69 0.00
104 38776 7.68 12.94 0.00
132 69956 5.67 23.39 0.00
138 63967 6.75 21.32 0.00
170 18341 4.17 6.18 0.00
