0 27531 23.18 9.15 0.00
1 65651 25.17 21.83 0.00
2 34744 24.49 11.51 0.00
3 18670 7.02 6.24 0.00
4 30196 19.63 10.00 0.00
5 70994 19.45 23.62 0.00
6 15981 8.17 5.36 0.00
7 30210 21.03 10.02 0.00
8 32498 9.85 10.89 0.00
9 28421 22.10 9.49 0.00
10 31384 18.49 10.48 0.00
11 39527 22.73 13.12 0.00
12 11542 14.29 3.86 0.00
13 58123 22.35 19.39 0.00
14 13356 15.64 4.42 0.00
15 68552 15.20 22.89 0.00
16 72441 14.13 24.14 0.00
17 13678 17.87 4.53 0.00
18 73369 16.93 24.47 0.00
19 48541 24.11 16.11 0.00
20 17621 22.12 5.87 0.00
21 28892 9.27 9.68 0.00
22 13116 21.62 4.39 0.00
23 8779 7.97 2.99 0.00
24 73986 18.61 24.61 0.00
25 64141 24.16 21.37 0.00
26 65621 22.17 21.84 0.00
27 32317 21.73 10.75 0.00
28 32928 22.80 10.93 0.00
29 28743 24.38 9.53 0.00
30 31937 13.75 10.64 0.00
31 43426 22.60 14.48 0.00
33 68616 21.69 22.86 0.00
35 36520 22.09 12.19 0.00
38 24818 21.84 8.21 0.00
