6 28295 9.57 9.43 0.00
7 28884 8.41 9.65 0.00
8 63972 7.28 21.35 0.00
9 80193 9.39 26.77 0.00
10 33940 4.02 11.35 0.00
12 35450 5.08 11.81 0.00
13 26477 7.75 8.88 0.00
16 80919 21.93 26.93 0.00
19 76140 24.03 25.39 0.00
21 31251 5.18 10.47 0.00
25 29843 14.31 9.97 0.00
26 59897 19.72 19.93 0.00
31 28031 13.15 9.38 0.00
33 59310 21.07 19.75 0.00
36 79277 7.73 26.41 0.00
44 64861 6.14 21.62 0.00
53 81768 16.82 27.28 0.00
59 38739 3.97 12.99 0.00
81 76469 26.93 25.42 0.00
100 6125 12.51 2.09 0.00
104 95 9.58 0.00 0.00
105 1610 11.02 0.57 0.00
