0 72067 6.73 24.10 0.00
1 56791 9.13 18.91 0.00
2 68301 20.17 22.79 0.00
3 43564 6.46 14.59 0.00
4 55438 23.88 18.45 0.00
6 23294 19.43 7.75 0.00
7 41045 24.55 13.68 0.00
8 34743 24.31 11.53 0.00
9 70279 7.95 23.40 0.00
10 37748 24.85 12.57 0.00
12 42352 5.28 14.14 0.00
15 27510 21.03 9.19 0.00
16 32328 22.88 10.72 0.00
18 64720 22.07 21.58 0.00
20 33819 21.99 11.27 0.00
22 39825 22.58 13.21 0.00
23 26760 6.07 8.97 0.00
24 68618 21.83 22.81 0.00
26 67003 10.40 22.30 0.00
27 70727 22.73 23.51 0.00
28 30815 21.53 10.22 0.00
30 64743 24.34 21.53 0.00
31 72702 10.27 24.25 0.00
32 46744 24.45 15.54 0.00
33 48398 9.89 16.13 0.00
34 27526 22.65 9.13 0.00
37 51250 25.05 17.02 0.00
39 29938 23.88 9.91 0.00
