0 66673 7.33 22.27 0.00
3 84809 20.90 28.26 0.00
6 39346 4.64 13.14 0.00
7 27670 7.02 9.21 0.00
10 30972 7.24 10.37 0.00
11 46250 5.06 15.40 0.00
13 27981 8.13 9.40 0.00
14 23746 4.66 7.98 0.00
16 29746 4.69 9.92 0.00
19 54045 4.52 18.09 0.00
20 74944 24.42 24.94 0.00
25 47912 21.30 15.93 0.00
26 57221 22.10 19.04 0.00
28 40310 11.06 13.48 0.00
29 57183 18.33 19.05 0.00
31 41012 21.27 13.61 0.00
33 28118 21.83 9.35 0.00
59 43540 4.03 14.53 0.00
146 71764 6.43 23.92 0.00
175 60928 2.80 20.33 0.00
181 24929 2.91 8.37 0.00
182 10546 4.65 3.52 0.00
191 79524 2.46 26.58 0.00
2 67194 29.43 22.33 0.00
