1 77928 22.81 25.94 0.00
2 29444 4.44 9.85 0.00
6 31295 9.54 10.50 0.00
7 29164 6.43 9.71 0.00
8 34836 3.67 11.61 0.00
10 28274 7.42 9.46 0.00
12 43845 4.50 14.60 0.00
13 25558 5.85 8.54 0.00
14 76454 25.42 25.41 0.00
17 39041 4.12 13.09 0.00
20 15071 7.18 5.01 0.00
21 10575 7.51 3.53 0.00
23 56517 11.73 18.88 0.00
24 15214 21.42 5.06 0.00
25 58097 19.77 19.32 0.00
26 60518 21.86 20.14 0.00
27 36722 12.20 12.25 0.00
28 33713 11.35 11.21 0.00
29 40923 12.37 13.66 0.00
33 26911 21.20 9.00 0.00
182 62973 27.40 20.95 0.00
187 7866 6.64 2.65 0.00
192 19253 5.34 6.46 0.00
204 85205 0.54 28.44 0.00
209 77739 3.92 25.91 0.00
214 78024 2.46 26.07 0.00
