0 61129 22.92 20.31 0.00
1 68934 23.50 22.97 0.00
2 45991 9.18 15.31 0.00
3 72170 17.00 24.08 0.00
4 56499 9.98 18.88 0.00
6 55113 21.36 18.35 0.00
7 65845 14.57 21.92 0.00
8 65875 17.55 21.92 0.00
9 20162 6.25 6.79 0.00
10 65861 16.10 21.94 0.00
12 54958 5.87 18.35 0.00
13 47618 21.86 15.82 0.00
14 63361 6.18 21.15 0.00
15 52307 10.75 17.44 0.00
16 70709 20.96 23.59 0.00
17 46860 6.02 15.67 0.00
18 69967 6.74 23.40 0.00
19 32236 13.61 10.78 0.00
20 16933 13.33 5.60 0.00
22 9723 12.35 3.22 0.00
23 72391 9.18 24.15 0.00
24 68456 5.65 22.90 0.00
28 13292 9.23 4.41 0.00
29 37450 25.10 12.43 0.00
30 52894 9.46 17.66 0.00
31 55726 22.64 18.53 0.00
32 28332 13.28 9.48 0.00
34 46903 10.31 15.62 0.00
35 43427 22.74 14.49 0.00
37 27447 14.72 9.14 0.00
38 16273 7.33 5.48 0.00
39 39692 9.30 13.23 0.00
