0 54052 5.27 18.05 0.00
1 69210 21.05 23.07 0.00
2 64616 11.67 21.56 0.00
4 65912 21.30 21.95 0.00
5 8491 9.17 2.86 0.00
7 47037 23.78 15.63 0.00
8 43439 23.96 14.42 0.00
9 60658 5.89 20.25 0.00
10 50044 24.45 16.66 0.00
11 15069 6.92 5.04 0.00
12 72479 17.91 24.16 0.00
13 8178 7.86 2.71 0.00
14 73722 22.24 24.54 0.00
15 58904 10.42 19.68 0.00
16 10959 15.97 3.63 0.00
17 72153 15.32 24.07 0.00
18 10045 14.53 3.39 0.00
19 61895 9.59 20.68 0.00
20 66063 6.38 22.04 0.00
22 70870 7.01 23.65 0.00
23 67426 22.69 22.48 0.00
24 13882 8.21 4.64 0.00
25 54689 8.93 18.28 0.00
26 33104 10.44 11.02 0.00
27 44756 5.62 14.91 0.00
28 72413 11.36 24.15 0.00
29 46755 25.56 15.55 0.00
30 65298 19.86 21.72 0.00
31 10024 12.48 3.31 0.00
32 45992 9.24 15.40 0.00
33 31629 12.99 10.51 0.00
34 55302 10.21 18.47 0.00
35 23766 6.69 7.95 0.00
36 58589 9.00 19.58 0.00
37 28299 9.97 9.40 0.00
38 72436 13.68 24.11 0.00
39 50795 9.60 16.95 0.00
