1 82725 22.55 27.54 0.00
6 29190 9.03 9.73 0.00
7 31841 4.16 10.70 0.00
8 58251 5.17 19.42 0.00
9 81701 10.11 27.21 0.00
10 35449 4.92 11.88 0.00
11 69582 28.21 23.14 0.00
12 45651 5.20 15.26 0.00
13 28870 7.03 9.67 0.00
16 79425 22.50 26.50 0.00
17 30353 5.39 10.20 0.00
19 66288 28.81 22.07 0.00
21 41150 5.08 13.75 0.00
23 55013 11.33 18.30 0.00
25 59308 20.88 19.72 0.00
27 49913 11.32 16.67 0.00
28 60740 14.08 20.29 0.00
29 55633 13.36 18.58 0.00
31 54813 21.30 18.20 0.00
33 31014 11.40 10.33 0.00
43 108 10.82 0.03 0.00
53 69568 26.88 23.18 0.00
104 36677 7.71 12.30 0.00
132 61564 6.43 20.57 0.00
138 55272 7.29 18.40 0.00
165 68133 3.34 22.80 0.00
170 15932 3.26 5.34 0.00
