0 53454 5.43 17.85 0.00
2 77648 24.85 25.82 0.00
3 84149 14.96 28.01 0.00
6 30961 6.19 10.39 0.00
7 29202 10.21 9.73 0.00
8 4955 15.55 1.67 0.00
10 38143 4.38 12.80 0.00
11 34555 5.55 11.56 0.00
12 164 16.46 0.01 0.00
13 27662 6.23 9.29 0.00
14 34544 4.45 11.51 0.00
16 16259 5.91 5.48 0.00
17 3466 16.64 1.12 0.00
19 43539 3.96 14.56 0.00
20 82698 19.86 27.56 0.00
21 11884 18.46 3.93 0.00
25 58692 19.26 19.58 0.00
26 41318 21.88 13.75 0.00
31 56608 20.82 18.89 0.00
33 27161 16.20 9.10 0.00
35 16115 21.59 5.36 0.00
40 14028 22.82 4.63 0.00
59 54043 4.32 18.06 0.00
170 30577 27.79 10.14 0.00
181 36627 2.79 12.29 0.00
182 12671 7.16 4.23 0.00
183 1252 5.21 0.43 0.00
