0 73612 11.21 24.58 0.00
2 49903 10.35 16.67 0.00
3 64859 5.91 21.69 0.00
4 64618 11.81 21.56 0.00
6 55858 5.83 18.68 0.00
7 56797 9.78 18.94 0.00
8 66153 15.30 22.09 0.00
9 45959 5.98 15.34 0.00
10 32558 15.81 10.84 0.00
11 67567 6.73 22.52 0.00
12 39963 6.40 13.38 0.00
13 39523 22.31 13.16 0.00
14 24666 6.63 8.28 0.00
16 44626 22.63 14.89 0.00
17 14480 8.03 4.85 0.00
18 49422 22.24 16.40 0.00
19 27512 21.25 9.12 0.00
20 13868 6.86 4.64 0.00
21 29228 12.84 9.80 0.00
22 9705 10.57 3.20 0.00
23 20836 13.64 6.91 0.00
24 71219 11.98 23.71 0.00
25 31909 10.96 10.65 0.00
26 31071 17.12 10.35 0.00
27 40852 5.25 13.67 0.00
28 11907 20.79 3.98 0.00
29 29903 20.34 9.96 0.00
31 33220 22.00 11.09 0.00
32 28914 11.50 9.65 0.00
33 32595 19.53 10.88 0.00
34 51391 9.11 17.17 0.00
35 13066 16.64 4.39 0.00
36 33807 20.75 11.27 0.00
37 47790 9.08 15.98 0.00
38 28424 22.45 9.45 0.00
39 27700 10.04 9.22 0.00
