0 10658 15.87 3.50 0.00
1 56501 10.18 18.80 0.00
2 38193 9.34 12.80 0.00
3 30522 22.27 10.14 0.00
4 60094 9.45 20.04 0.00
5 37563 6.31 12.53 0.00
6 34724 22.50 11.56 0.00
7 56790 9.02 18.91 0.00
10 64643 14.35 21.59 0.00
11 73012 11.22 24.34 0.00
13 64558 5.84 21.59 0.00
15 30096 9.69 10.04 0.00
16 18664 6.49 6.25 0.00
18 33359 5.91 11.11 0.00
19 34000 10.01 11.36 0.00
21 50651 25.15 16.89 0.00
23 38923 22.34 12.99 0.00
24 38934 23.48 12.97 0.00
25 31352 15.21 10.42 0.00
26 31666 16.65 10.57 0.00
27 72762 16.27 24.25 0.00
28 72149 14.97 24.08 0.00
31 72089 8.97 24.02 0.00
32 27835 23.54 9.24 0.00
33 31078 17.87 10.35 0.00
34 27744 14.49 9.28 0.00
35 71834 13.41 23.93 0.00
36 35045 24.52 11.68 0.00
37 28401 20.13 9.41 0.00
38 71275 17.55 23.75 0.00
39 27221 22.19 9.00 0.00
