0 17227 12.76 5.72 0.00
1 68801 10.17 22.99 0.00
2 29515 11.57 9.81 0.00
4 44495 9.58 14.86 0.00
5 57360 6.06 19.10 0.00
7 40900 10.01 13.60 0.00
8 66716 11.62 22.23 0.00
9 70427 22.75 23.45 0.00
10 58901 10.18 19.64 0.00
11 73672 17.28 24.53 0.00
12 47617 21.77 15.84 0.00
13 72994 9.47 24.35 0.00
14 51515 21.53 17.14 0.00
15 39388 8.90 13.18 0.00
16 38158 5.86 12.76 0.00
17 52427 22.77 17.48 0.00
18 52853 5.40 17.69 0.00
19 29529 12.96 9.87 0.00
20 66227 22.72 22.03 0.00
21 33551 25.19 11.20 0.00
22 56024 22.41 18.63 0.00
24 48229 22.90 16.05 0.00
27 73413 21.35 24.43 0.00
28 72800 20.00 24.29 0.00
29 65641 24.14 21.84 0.00
30 65229 12.99 21.75 0.00
31 72754 15.47 24.27 0.00
34 32818 11.80 10.97 0.00
35 73086 18.63 24.39 0.00
36 53043 24.36 17.68 0.00
37 27144 14.49 9.07 0.00
38 68617 21.71 22.85 0.00
