0 73109 20.98 24.39 0.00
1 28060 16.03 9.39 0.00
2 31603 10.35 10.58 0.00
3 56614 21.45 18.83 0.00
4 59195 9.59 19.73 0.00
5 24822 22.27 8.23 0.00
6 49115 21.55 16.36 0.00
7 64982 18.22 21.64 0.00
8 64665 16.52 21.55 0.00
9 10001 10.11 3.37 0.00
10 65230 13.05 21.73 0.00
11 11254 15.40 3.76 0.00
12 60055 5.57 20.05 0.00
13 56465 6.52 18.88 0.00
16 56326 22.63 18.70 0.00
18 47626 22.70 15.83 0.00
19 31951 15.18 10.62 0.00
20 10582 8.29 3.57 0.00
21 68568 16.80 22.83 0.00
22 17473 7.33 5.81 0.00
23 64557 5.75 21.51 0.00
25 32599 19.92 10.83 0.00
26 32282 18.28 10.80 0.00
27 9717 11.76 3.20 0.00
28 13102 20.25 4.31 0.00
30 66116 11.65 22.01 0.00
31 43127 22.76 14.30 0.00
33 31121 22.15 10.38 0.00
35 9432 13.28 3.17 0.00
38 27061 6.15 9.08 0.00
