2 31603 10.35 10.58 0.00
3 56614 21.45 18.83 0.00
4 59195 9.59 19.73 0.00
5 24822 22.27 8.23 0.00
6 49115 21.55 16.36 0.00
7 64982 18.22 21.64 0.00
8 64665 16.52 21.55 0.00
9 10001 10.11 3.37 0.00
10 65230 13.05 21.73 0.00
12 60055 5.57 20.05 0.00
13 56465 6.52 18.88 0.00
14 33529 22.99 11.13 0.00
15 32642 24.20 10.90 0.00
16 56326 22.63 18.70 0.00
17 38163 6.31 12.76 0.00
18 47626 22.70 15.83 0.00
20 10582 8.29 3.57 0.00
21 68568 16.80 22.83 0.00
22 17473 7.33 5.81 0.00
23 64557 5.75 21.51 0.00
24 16425 22.55 5.48 0.00
25 32599 19.92 10.83 0.00
26 32282 18.28 10.80 0.00
28 13102 20.25 4.31 0.00
29 45993 9.33 15.38 0.00
30 66116 11.65 22.01 0.00
31 43127 22.76 14.30 0.00
32 45248 24.89 15.06 0.00
33 31121 22.15 10.38 0.00
34 37449 24.98 12.50 0.00
36 32653 25.35 10.80 0.00
37 64753 25.39 21.57 0.00
38 27061 6.15 9.08 0.00
39 41347 24.73 13.75 0.00
