0 51646 4.64 17.29 0.00
9 75250 25.09 25.02 0.00
11 44743 4.40 14.95 0.00
16 82897 9.77 27.67 0.00
19 79587 8.78 26.55 0.00
23 55952 15.30 18.69 0.00
24 11635 23.58 3.86 0.00
25 56888 18.83 18.94 0.00
26 60196 19.69 20.04 0.00
28 28420 22.09 9.41 0.00
30 15288 28.88 5.04 0.00
31 52911 11.17 17.64 0.00
33 60515 21.51 20.18 0.00
36 78374 7.42 26.19 0.00
37 11080 28.05 3.66 0.00
38 10724 22.41 3.53 0.00
41 49574 7.48 16.59 0.00
44 6722 12.21 2.22 0.00
50 89753 5.35 30.00 0.00
52 45367 6.78 15.12 0.00
53 33046 4.62 11.01 0.00
59 81711 11.18 27.26 0.00
61 60661 6.20 20.29 0.00
71 80425 2.58 26.84 0.00
75 81612 1.23 27.23 0.00
76 87300 0.02 29.16 0.00
