0 28847 4.70 9.65 0.00
2 83241 14.14 27.80 0.00
3 69066 6.61 23.08 0.00
6 28277 7.78 9.49 0.00
9 5863 16.32 1.93 0.00
10 27403 10.36 9.16 0.00
11 8190 9.06 2.79 0.00
13 31281 8.11 10.49 0.00
14 56752 5.30 18.95 0.00
19 15357 5.79 5.19 0.00
20 81086 8.60 27.06 0.00
23 29855 15.58 9.94 0.00
24 16096 19.64 5.37 0.00
26 26253 15.35 8.75 0.00
27 30169 16.97 10.05 0.00
29 30442 14.24 10.12 0.00
30 12211 21.17 4.09 0.00
43 20160 6.06 6.73 0.00
59 79596 9.68 26.56 0.00
181 70829 2.95 23.60 0.00
182 9466 16.67 3.19 0.00
185 1546 4.62 0.54 0.00
187 760 16.10 0.23 0.00
197 84908 0.80 28.35 0.00
198 87300 0.01 29.16 0.00
199 77736 3.63 26.00 0.00
200 78321 2.18 26.18 0.00
