0 37548 4.83 12.56 0.00
1 67873 7.38 22.69 0.00
3 78689 8.93 26.30 0.00
4 72381 8.14 24.11 0.00
6 27983 8.33 9.33 0.00
7 35766 6.62 11.97 0.00
10 34557 5.74 11.55 0.00
11 27043 4.32 9.04 0.00
13 33948 4.85 11.37 0.00
14 31545 4.53 10.53 0.00
23 45810 21.01 15.22 0.00
25 38311 21.13 12.73 0.00
26 60482 18.24 20.19 0.00
28 28416 21.67 9.47 0.00
29 52414 21.49 17.46 0.00
31 29300 20.01 9.74 0.00
33 59601 20.19 19.83 0.00
43 21641 4.17 7.26 0.00
59 64492 29.22 21.49 0.00
73 84650 5.07 28.23 0.00
77 35776 7.66 11.93 0.00
81 45976 7.67 15.32 0.00
100 84270 27.04 28.10 0.00
117 84303 0.35 28.12 0.00
126 77742 4.21 26.00 0.00
127 74740 4.07 24.90 0.00
