0 59612 21.26 19.85 0.00
1 27435 13.53 9.13 0.00
3 73881 8.11 24.61 0.00
4 31009 10.95 10.32 0.00
5 66826 22.62 22.26 0.00
6 68455 5.56 22.86 0.00
7 55900 10.01 18.64 0.00
8 62497 9.73 20.87 0.00
10 42698 9.84 14.26 0.00
11 46726 22.62 15.56 0.00
12 11771 7.12 3.97 0.00
13 56624 22.41 18.89 0.00
14 27054 5.47 9.00 0.00
16 71281 18.19 23.75 0.00
17 12692 9.24 4.30 0.00
18 73699 19.93 24.53 0.00
21 70069 16.97 23.34 0.00
22 10963 16.35 3.67 0.00
23 32764 6.47 10.97 0.00
24 51227 22.78 17.01 0.00
25 35355 25.58 11.73 0.00
26 42836 23.68 14.29 0.00
28 47459 5.93 15.80 0.00
29 48088 8.89 16.03 0.00
30 37302 10.21 12.48 0.00
31 73415 21.58 24.43 0.00
32 44949 24.91 14.92 0.00
33 59040 24.10 19.63 0.00
34 38045 24.59 12.62 0.00
35 40722 22.22 13.56 0.00
37 67744 24.49 22.57 0.00
38 12105 10.53 4.06 0.00
39 41350 25.08 13.75 0.00
