0 63964 6.42 21.32 0.00
1 70060 16.06 23.32 0.00
2 64624 12.49 21.53 0.00
3 43561 6.16 14.50 0.00
6 31565 6.51 10.52 0.00
7 66144 14.50 22.00 0.00
9 22567 6.78 7.53 0.00
10 38803 10.37 12.97 0.00
11 70629 12.93 23.59 0.00
12 15080 8.05 5.07 0.00
14 8185 8.57 2.77 0.00
15 68810 11.09 22.94 0.00
17 11853 15.31 3.97 0.00
19 30763 16.37 10.25 0.00
20 10937 13.74 3.69 0.00
21 28995 19.50 9.70 0.00
22 11885 18.54 3.99 0.00
23 10672 17.20 3.54 0.00
25 48099 9.97 16.04 0.00
26 32501 10.11 10.83 0.00
27 57654 5.47 19.24 0.00
28 33223 22.38 11.09 0.00
29 35943 24.33 11.93 0.00
30 32038 23.82 10.63 0.00
32 27782 18.25 9.30 0.00
33 31018 11.86 10.39 0.00
34 30391 9.20 10.12 0.00
35 23621 22.17 7.81 0.00
36 31938 13.88 10.67 0.00
37 27702 10.28 9.21 0.00
38 50022 22.29 16.68 0.00
39 27164 16.48 9.09 0.00
