1 69790 19.04 23.28 0.00
2 33701 10.11 11.23 0.00
5 72147 14.80 24.08 0.00
6 33356 5.68 11.13 0.00
7 66184 18.50 22.03 0.00
8 65618 21.87 21.81 0.00
9 14301 20.12 4.74 0.00
10 66471 17.11 22.20 0.00
11 73383 18.39 24.45 0.00
12 13000 10.07 4.30 0.00
13 61726 22.64 20.50 0.00
14 11188 8.89 3.75 0.00
15 30098 9.85 10.09 0.00
17 11562 16.29 3.83 0.00
18 61715 21.59 20.59 0.00
19 32828 12.81 10.98 0.00
21 41054 25.42 13.65 0.00
23 29165 6.57 9.79 0.00
24 71623 22.31 23.82 0.00
25 32615 21.53 10.90 0.00
26 31396 19.62 10.46 0.00
27 68325 22.57 22.71 0.00
28 29020 22.07 9.62 0.00
29 54552 25.27 18.10 0.00
30 37303 10.39 12.42 0.00
32 27171 17.17 9.09 0.00
33 38943 24.34 12.99 0.00
34 28929 12.92 9.66 0.00
36 26223 12.40 8.71 0.00
37 27789 18.93 9.21 0.00
38 23321 22.14 7.75 0.00
39 28040 14.05 9.38 0.00
