0 24967 6.73 8.34 0.00
2 31606 10.60 10.51 0.00
3 13271 7.15 4.44 0.00
4 48392 9.23 16.17 0.00
5 53159 5.95 17.78 0.00
6 10353 15.34 3.42 0.00
7 61294 9.48 20.48 0.00
9 42226 22.64 14.05 0.00
10 53502 10.21 17.89 0.00
11 74184 8.41 24.73 0.00
12 13407 20.70 4.47 0.00
13 35163 6.31 11.72 0.00
15 29825 12.53 9.98 0.00
16 29165 6.54 9.73 0.00
17 37426 22.66 12.43 0.00
19 34735 23.52 11.56 0.00
20 46424 22.50 15.48 0.00
21 46153 25.40 15.39 0.00
22 56617 21.74 18.89 0.00
23 12491 19.19 4.19 0.00
24 70884 8.42 23.66 0.00
25 42844 24.42 14.27 0.00
26 31429 22.92 10.43 0.00
27 71761 6.10 24.00 0.00
28 63826 22.66 21.30 0.00
29 69532 23.26 23.18 0.00
30 40300 10.08 13.49 0.00
31 39362 6.28 13.17 0.00
32 27808 20.86 9.21 0.00
33 49742 24.20 16.50 0.00
34 28336 13.61 9.50 0.00
35 48056 5.69 16.08 0.00
36 28011 11.17 9.30 0.00
37 27824 22.46 9.23 0.00
38 53927 22.75 17.91 0.00
39 29876 17.65 9.92 0.00
