0 57049 4.95 19.00 0.00
1 68902 20.25 22.97 0.00
2 64629 12.91 21.60 0.00
3 28423 22.32 9.47 0.00
4 67419 21.97 22.41 0.00
5 9103 10.37 3.03 0.00
6 33225 22.51 11.08 0.00
7 44038 23.88 14.68 0.00
8 40139 23.97 13.40 0.00
9 57661 6.13 19.22 0.00
10 47045 24.55 15.65 0.00
11 13273 7.38 4.44 0.00
12 72466 16.70 24.19 0.00
13 8789 8.92 2.95 0.00
14 73711 21.12 24.60 0.00
15 56503 10.31 18.86 0.00
17 72140 14.07 24.06 0.00
19 64299 9.97 21.50 0.00
20 63063 6.39 21.03 0.00
21 29049 24.95 9.67 0.00
22 68162 6.28 22.71 0.00
23 70725 22.57 23.59 0.00
24 12984 8.48 4.34 0.00
25 57091 9.20 19.04 0.00
26 36403 10.39 12.17 0.00
27 41758 5.84 13.96 0.00
28 72100 10.09 24.09 0.00
29 49454 25.47 16.45 0.00
30 64711 21.18 21.53 0.00
32 42390 9.04 14.19 0.00
33 31617 11.72 10.54 0.00
34 52900 10.06 17.65 0.00
35 20169 6.92 6.72 0.00
36 62190 9.05 20.72 0.00
37 27710 11.06 9.26 0.00
38 72424 12.41 24.11 0.00
39 48092 9.29 16.07 0.00
