0 43422 22.20 14.48 0.00
1 28342 14.23 9.45 0.00
2 68033 23.31 22.62 0.00
3 47622 22.26 15.87 0.00
4 54243 24.37 18.10 0.00
5 12208 20.88 4.03 0.00
6 74021 22.17 24.63 0.00
7 32612 21.28 10.83 0.00
8 31632 13.27 10.57 0.00
9 64253 5.39 21.40 0.00
10 32326 22.62 10.75 0.00
11 42352 5.20 14.13 0.00
13 61566 6.66 20.51 0.00
15 66822 22.24 22.23 0.00
16 37421 22.18 12.42 0.00
17 67858 5.80 22.67 0.00
18 13584 8.50 4.54 0.00
20 56158 5.83 18.74 0.00
21 57096 9.67 19.10 0.00
22 47759 5.95 15.91 0.00
23 73104 20.42 24.30 0.00
24 9410 11.06 3.19 0.00
25 60996 9.62 20.34 0.00
26 65206 10.69 21.79 0.00
27 8493 9.36 2.88 0.00
28 42963 6.34 14.39 0.00
29 36394 9.41 12.10 0.00
30 64737 23.72 21.57 0.00
31 25719 21.95 8.59 0.00
33 49592 9.22 16.54 0.00
34 68912 21.24 22.96 0.00
36 70725 22.57 23.53 0.00
38 52258 5.89 17.40 0.00
39 68893 19.35 22.94 0.00
