0 23154 5.48 7.79 0.00
3 10350 15.02 3.44 0.00
4 64005 10.56 21.37 0.00
6 10667 16.74 3.59 0.00
7 65899 19.97 21.99 0.00
8 65028 22.86 21.62 0.00
9 72744 14.47 24.27 0.00
10 65585 18.58 21.85 0.00
12 50922 22.21 16.91 0.00
13 29765 6.50 9.94 0.00
14 43124 22.46 14.34 0.00
15 68876 17.67 22.91 0.00
16 12675 7.59 4.23 0.00
17 61723 22.31 20.50 0.00
18 20168 6.83 6.77 0.00
19 33997 9.71 11.34 0.00
20 72163 16.32 24.06 0.00
21 28028 12.85 9.34 0.00
22 72188 18.89 24.04 0.00
23 31424 22.45 10.41 0.00
25 31626 12.61 10.54 0.00
26 32012 21.22 10.70 0.00
27 72374 7.43 24.18 0.00
28 72523 22.37 24.14 0.00
29 28992 19.28 9.65 0.00
30 58602 10.27 19.59 0.00
31 25867 6.72 8.61 0.00
32 68807 10.73 22.93 0.00
33 34440 24.08 11.43 0.00
34 67660 16.03 22.57 0.00
35 58260 6.02 19.46 0.00
36 30402 10.20 10.16 0.00
37 56790 9.03 18.99 0.00
38 68327 22.76 22.78 0.00
39 69121 12.18 23.09 0.00
