0 75548 24.87 25.17 0.00
1 81400 10.07 27.17 0.00
2 61857 5.77 20.64 0.00
3 80486 8.64 26.86 0.00
5 46277 7.78 15.42 0.00
6 28276 7.69 9.42 0.00
7 27363 6.39 9.11 0.00
10 33358 5.82 11.13 0.00
11 80623 22.36 26.81 0.00
13 39956 5.63 13.39 0.00
18 50764 6.40 16.92 0.00
20 33646 4.61 11.29 0.00
23 40712 21.25 13.52 0.00
25 32316 21.65 10.79 0.00
26 28323 12.37 9.46 0.00
31 44622 22.27 14.84 0.00
33 34308 10.80 11.46 0.00
38 68377 27.79 22.75 0.00
59 33035 3.56 11.09 0.00
88 76534 3.47 25.52 0.00
90 82519 1.92 27.53 0.00
96 75323 2.37 25.14 0.00
98 81608 0.81 27.25 0.00
