0 60353 5.37 20.18 0.00
1 68192 9.24 22.77 0.00
2 32297 19.72 10.75 0.00
3 27526 22.62 9.19 0.00
4 32511 11.15 10.90 0.00
6 33228 22.82 11.03 0.00
7 55595 9.53 18.55 0.00
9 71542 14.22 23.87 0.00
11 72672 7.29 24.22 0.00
12 50924 22.46 16.96 0.00
13 33817 21.71 11.30 0.00
14 60219 21.92 20.06 0.00
16 28265 6.55 9.40 0.00
17 68917 21.72 22.97 0.00
19 37444 24.42 12.49 0.00
20 73057 15.79 24.35 0.00
21 29339 23.95 9.76 0.00
22 70986 18.64 23.67 0.00
23 45221 22.14 15.08 0.00
25 48241 24.15 16.01 0.00
26 41943 24.37 13.92 0.00
27 70926 12.66 23.62 0.00
28 57961 6.17 19.34 0.00
29 69802 20.27 23.26 0.00
32 28019 11.99 9.32 0.00
33 56040 24.06 18.64 0.00
35 71798 9.85 23.96 0.00
36 64989 18.91 21.69 0.00
37 31620 12.07 10.54 0.00
38 74587 18.78 24.81 0.00
39 28606 10.62 9.53 0.00
