0 31719 21.94 10.55 0.00
1 29503 10.39 9.81 0.00
2 69212 21.27 23.08 0.00
3 35922 22.26 11.93 0.00
4 63545 24.52 21.18 0.00
5 10670 17.03 3.57 0.00
6 68928 22.84 22.99 0.00
7 36240 24.08 12.05 0.00
8 32273 17.39 10.80 0.00
10 41339 23.99 13.76 0.00
11 31564 6.46 10.56 0.00
12 72783 18.31 24.23 0.00
14 71858 15.88 23.96 0.00
15 66253 25.34 22.02 0.00
16 27522 22.22 9.14 0.00
18 20469 6.91 6.84 0.00
23 71922 22.26 23.91 0.00
24 8178 7.90 2.77 0.00
27 6370 7.02 2.13 0.00
28 54357 5.77 18.15 0.00
29 46286 8.68 15.43 0.00
30 63530 23.05 21.17 0.00
31 14316 21.63 4.76 0.00
32 66506 20.62 22.15 0.00
33 38795 9.56 12.92 0.00
34 66537 23.74 22.17 0.00
35 11299 19.97 3.77 0.00
36 70700 20.07 23.53 0.00
37 67693 19.36 22.57 0.00
39 65319 21.95 21.75 0.00
