1 67005 10.54 22.36 0.00
3 72758 15.88 24.30 0.00
5 45223 22.38 15.02 0.00
6 73327 12.76 24.49 0.00
7 30833 23.38 10.29 0.00
8 30821 22.11 10.26 0.00
9 10928 12.87 3.62 0.00
10 38643 24.38 12.82 0.00
11 33817 21.70 11.27 0.00
12 22730 23.07 7.58 0.00
14 51655 5.51 17.28 0.00
15 30718 11.84 10.29 0.00
17 28565 6.59 9.58 0.00
19 65564 16.42 21.82 0.00
20 12100 10.05 4.05 0.00
22 10587 8.76 3.56 0.00
23 35333 23.37 11.74 0.00
24 36524 22.40 12.19 0.00
25 65225 12.58 21.71 0.00
26 53496 9.64 17.90 0.00
27 12509 20.90 4.12 0.00
28 14172 7.26 4.79 0.00
32 28376 17.66 9.47 0.00
33 32498 9.86 10.87 0.00
34 28335 13.60 9.48 0.00
35 22417 21.76 7.41 0.00
36 65240 14.02 21.72 0.00
37 27536 23.65 9.15 0.00
38 22567 6.78 7.60 0.00
39 29862 16.29 9.97 0.00
