1 80933 23.33 26.91 0.00
7 33341 4.20 11.14 0.00
8 54047 4.71 18.03 0.00
9 78991 9.18 26.31 0.00
11 71972 27.28 23.94 0.00
12 42051 5.19 14.01 0.00
16 81216 21.63 27.08 0.00
19 68682 28.23 22.81 0.00
21 37252 5.22 12.48 0.00
23 50512 11.28 16.90 0.00
24 15881 28.19 5.26 0.00
25 59295 19.52 19.76 0.00
26 29253 15.31 9.72 0.00
28 61055 15.57 20.32 0.00
29 55625 12.52 18.53 0.00
30 12552 25.29 4.19 0.00
31 57509 20.91 19.13 0.00
35 15539 23.99 5.17 0.00
37 14321 22.18 4.78 0.00
40 10468 26.81 3.41 0.00
53 67771 27.15 22.55 0.00
132 65759 5.94 21.94 0.00
138 59470 7.01 19.86 0.00
165 72633 3.37 24.22 0.00
