1 6992 9.26 2.33 0.00
2 21349 4.96 7.15 0.00
3 13869 6.92 4.63 0.00
4 11481 8.13 3.81 0.00
6 27071 7.18 9.05 0.00
7 29481 8.18 9.83 0.00
8 23458 5.83 7.90 0.00
9 18669 6.95 6.26 0.00
10 31552 5.22 10.57 0.00
14 81754 15.41 27.22 0.00
17 61559 6.00 20.51 0.00
19 5569 16.98 1.80 0.00
20 18057 5.77 6.01 0.00
23 30483 18.33 10.17 0.00
25 30769 16.91 10.28 0.00
26 33411 11.13 11.16 0.00
27 47614 21.46 15.89 0.00
28 58662 16.22 19.58 0.00
29 30198 19.87 10.05 0.00
30 14938 23.84 4.97 0.00
31 34621 12.17 11.51 0.00
43 85021 12.13 28.33 0.00
53 70757 25.77 23.53 0.00
100 80778 7.89 26.94 0.00
114 10374 17.49 3.40 0.00
118 58828 2.87 19.68 0.00
131 422 12.23 0.19 0.00
139 75040 4.02 25.03 0.00
141 75056 5.69 25.03 0.00
