0 65397 29.74 21.74 0.00
1 82059 15.99 27.31 0.00
2 77487 8.72 25.87 0.00
3 85035 13.59 28.36 0.00
4 82983 18.39 27.64 0.00
5 37277 7.71 12.44 0.00
6 31554 5.42 10.58 0.00
7 33037 3.75 11.02 0.00
10 27659 5.91 9.29 0.00
11 69871 27.18 23.23 0.00
13 30966 6.68 10.32 0.00
14 62688 28.85 20.81 0.00
18 66957 5.80 22.38 0.00
20 51340 4.04 17.20 0.00
23 56310 21.07 18.79 0.00
25 50315 21.53 16.77 0.00
26 43613 11.30 14.58 0.00
27 56223 12.32 18.75 0.00
28 59288 18.85 19.74 0.00
29 53814 11.41 17.95 0.00
31 59911 21.16 19.97 0.00
33 49614 11.49 16.59 0.00
37 10998 19.88 3.62 0.00
38 86371 27.12 28.73 0.00
44 63567 26.78 21.13 0.00
53 3459 15.97 1.19 0.00
59 27645 4.54 9.24 0.00
73 7580 8.03 2.58 0.00
77 19835 3.58 6.64 0.00
81 394 9.48 0.20 0.00
84 735 13.54 0.25 0.00
85 153 15.39 0.07 0.00
96 77133 3.33 25.72 0.00
98 75024 2.48 25.08 0.00
