0 73120 22.00 24.31 0.00
1 28348 14.82 9.43 0.00
2 31315 11.51 10.42 0.00
3 60217 21.72 20.04 0.00
4 55597 9.79 18.57 0.00
5 20923 22.31 6.91 0.00
7 64668 16.87 21.53 0.00
8 64951 15.19 21.60 0.00
9 11190 9.00 3.73 0.00
10 65518 11.84 21.82 0.00
11 10940 14.07 3.62 0.00
12 63958 5.89 21.33 0.00
13 53159 5.95 17.70 0.00
15 29639 23.97 9.89 0.00
17 42362 6.24 14.10 0.00
19 32265 16.53 10.73 0.00
20 13876 7.66 4.62 0.00
21 68581 18.14 22.82 0.00
22 21068 6.88 7.07 0.00
23 68159 5.93 22.74 0.00
24 13421 22.15 4.43 0.00
25 32912 21.23 10.97 0.00
26 32296 19.62 10.75 0.00
27 9405 10.51 3.12 0.00
28 12789 18.95 4.24 0.00
29 49291 9.17 16.49 0.00
30 65204 10.42 21.76 0.00
33 31128 22.83 10.38 0.00
35 9119 12.00 3.03 0.00
37 60854 25.40 20.24 0.00
38 30960 6.01 10.40 0.00
