0 66662 6.29 22.22 0.00
2 32032 23.22 10.66 0.00
3 57653 5.33 19.26 0.00
4 30171 17.15 10.05 0.00
5 73044 14.43 24.34 0.00
6 29464 6.40 9.81 0.00
7 31627 12.78 10.54 0.00
8 43902 10.30 14.62 0.00
9 11574 17.42 3.81 0.00
10 31659 15.95 10.53 0.00
12 13280 8.07 4.44 0.00
13 73276 7.63 24.41 0.00
14 8793 9.39 2.98 0.00
15 57693 9.31 19.21 0.00
16 70863 6.33 23.67 0.00
17 10958 15.82 3.60 0.00
20 13087 18.79 4.35 0.00
21 27791 19.10 9.28 0.00
22 16120 22.06 5.33 0.00
23 13268 6.88 4.50 0.00
28 23322 22.26 7.72 0.00
29 40449 24.95 13.42 0.00
30 32306 20.62 10.75 0.00
31 72395 9.59 24.11 0.00
32 29791 9.16 9.98 0.00
33 66755 15.58 22.20 0.00
34 53194 9.41 17.73 0.00
35 70631 13.18 23.55 0.00
36 31691 19.13 10.54 0.00
37 28303 10.39 9.49 0.00
38 12514 21.50 4.18 0.00
39 43590 9.09 14.53 0.00
