0 70576 7.63 23.51 0.00
1 68812 11.24 22.97 0.00
2 66528 22.88 22.19 0.00
3 59023 22.37 19.69 0.00
4 47044 24.45 15.70 0.00
6 63522 22.22 21.11 0.00
9 28865 6.59 9.63 0.00
11 10950 15.03 3.64 0.00
12 72668 6.87 24.28 0.00
13 12789 18.94 4.22 0.00
14 74511 11.14 24.85 0.00
15 30100 10.02 10.08 0.00
17 65463 6.38 21.89 0.00
19 65589 18.93 21.82 0.00
20 33063 6.39 11.10 0.00
21 44355 25.53 14.75 0.00
22 42961 6.18 14.35 0.00
23 71830 13.09 23.96 0.00
24 10975 17.60 3.69 0.00
25 66456 15.64 22.18 0.00
26 64607 10.71 21.55 0.00
27 11175 7.51 3.71 0.00
28 55260 6.00 18.48 0.00
29 70116 21.69 23.35 0.00
30 43439 23.91 14.48 0.00
32 28045 14.53 9.33 0.00
33 55601 10.15 18.51 0.00
34 30713 11.39 10.22 0.00
35 10035 13.59 3.34 0.00
36 68277 17.73 22.76 0.00
38 60657 5.73 20.29 0.00
39 28631 13.10 9.57 0.00
