1 17755 5.51 5.97 0.00
3 28546 4.62 9.60 0.00
4 23446 4.63 7.88 0.00
6 26474 7.47 8.86 0.00
7 32159 5.99 10.77 0.00
8 13876 7.65 4.67 0.00
9 5190 9.02 1.76 0.00
12 22557 5.70 7.58 0.00
13 29158 5.89 9.78 0.00
14 76889 8.93 25.67 0.00
16 3458 15.87 1.13 0.00
21 31834 3.44 10.64 0.00
23 32218 11.89 10.77 0.00
24 11922 22.25 3.93 0.00
25 36124 12.44 12.04 0.00
26 27751 15.11 9.20 0.00
27 29593 19.36 9.88 0.00
29 29829 12.91 9.99 0.00
33 26229 12.93 8.74 0.00
35 14028 22.90 4.63 0.00
37 16722 22.25 5.59 0.00
43 72372 7.26 24.15 0.00
81 82253 5.39 27.48 0.00
114 6709 10.91 2.24 0.00
130 87604 0.46 29.30 0.00
133 84617 1.77 28.21 0.00
139 80119 1.93 26.75 0.00
19 765 16.59 0.26 0.00
