1 69970 7.04 23.34 0.00
2 65999 29.99 21.98 0.00
6 36052 5.25 12.08 0.00
7 26490 9.01 8.84 0.00
8 76739 23.90 25.56 0.00
10 29750 5.08 9.95 0.00
12 80903 20.34 26.92 0.00
13 29763 6.34 9.91 0.00
14 44748 4.86 14.91 0.00
17 80230 13.07 26.78 0.00
21 81789 18.95 27.27 0.00
23 29882 18.26 9.97 0.00
24 14984 28.49 4.90 0.00
25 39418 11.87 13.12 0.00
26 58958 15.86 19.67 0.00
27 30206 20.63 10.04 0.00
28 26594 19.46 8.83 0.00
29 28353 15.37 9.45 0.00
30 16152 25.29 5.30 0.00
31 45414 11.44 15.17 0.00
33 57817 21.70 19.27 0.00
35 12560 26.08 4.11 0.00
37 14368 26.89 4.79 0.00
40 11099 30.00 3.67 0.00
43 63063 6.34 21.09 0.00
53 78687 8.77 26.30 0.00
131 52573 7.32 17.57 0.00
146 63268 26.86 21.06 0.00
