1 75551 25.18 25.10 0.00
3 65984 28.41 21.94 0.00
4 71366 26.66 23.70 0.00
6 30045 4.53 10.07 0.00
7 28256 5.63 9.46 0.00
8 11181 8.12 3.71 0.00
9 25238 3.86 8.46 0.00
10 28879 7.91 9.66 0.00
11 80503 10.32 26.89 0.00
13 31556 5.60 10.58 0.00
16 60068 6.81 20.00 0.00
19 66666 6.68 22.23 0.00
26 26840 14.05 8.93 0.00
27 33722 12.25 11.26 0.00
29 41220 12.06 13.72 0.00
33 26823 12.35 9.00 0.00
36 59756 5.64 19.96 0.00
53 61499 29.97 20.44 0.00
73 55270 7.10 18.43 0.00
112 82205 0.57 27.42 0.00
113 80416 1.63 26.84 0.00
115 78325 2.59 26.17 0.00
116 81033 3.33 27.03 0.00
117 82525 2.53 27.58 0.00
120 84912 1.25 28.30 0.00
