1 31241 4.13 10.50 0.00
2 10572 7.21 3.56 0.00
3 25241 4.18 8.42 0.00
4 39040 4.06 13.07 0.00
6 35455 5.52 11.89 0.00
7 35143 4.33 11.78 0.00
10 29796 9.69 9.99 0.00
13 29183 8.40 9.79 0.00
16 83266 16.64 27.73 0.00
19 84750 15.03 28.21 0.00
26 43415 21.55 14.42 0.00
27 28955 15.51 9.64 0.00
28 26264 16.43 8.73 0.00
29 30167 16.73 10.05 0.00
30 15263 26.36 5.09 0.00
31 32210 11.06 10.74 0.00
33 39523 22.34 13.12 0.00
35 13152 25.24 4.36 0.00
37 11333 23.33 3.71 0.00
41 44773 7.33 14.98 0.00
44 11595 19.54 3.83 0.00
53 15969 6.99 5.38 0.00
89 74086 28.64 24.67 0.00
