3 12663 6.31 4.21 0.00
4 3401 10.20 1.12 0.00
6 31275 7.59 10.46 0.00
7 31859 5.99 10.66 0.00
8 19540 4.01 6.54 0.00
10 26203 10.31 8.75 0.00
11 6165 16.59 2.01 0.00
12 30637 3.73 10.27 0.00
13 32749 4.99 10.96 0.00
17 27040 4.08 9.08 0.00
20 28551 5.13 9.60 0.00
23 57772 17.26 19.28 0.00
25 44911 21.13 14.97 0.00
26 61374 17.42 20.48 0.00
28 28939 13.96 9.68 0.00
29 55634 13.46 18.52 0.00
31 51809 20.91 17.23 0.00
33 42823 22.33 14.30 0.00
35 14034 23.44 4.70 0.00
40 16125 22.60 5.39 0.00
43 75392 9.20 25.11 0.00
131 1357 15.74 0.43 0.00
185 9460 16.05 3.13 0.00
187 22541 4.19 7.60 0.00
192 13542 4.20 4.60 0.00
204 77738 3.80 25.94 0.00
