0 9735 13.59 3.25 0.00
3 57351 5.14 19.13 0.00
5 43859 5.94 14.68 0.00
6 62755 5.53 20.93 0.00
7 32926 22.68 10.97 0.00
8 32341 24.13 10.76 0.00
9 71512 11.20 23.83 0.00
10 37745 24.51 12.50 0.00
11 72374 7.40 24.10 0.00
13 47758 5.81 15.98 0.00
14 74523 12.30 24.85 0.00
15 64893 9.36 21.67 0.00
16 12984 8.42 4.36 0.00
18 15373 7.31 5.13 0.00
20 70923 12.35 23.67 0.00
21 28963 16.39 9.67 0.00
22 73073 17.40 24.32 0.00
23 40126 22.69 13.35 0.00
24 51958 5.86 17.31 0.00
25 66106 10.65 22.03 0.00
26 64916 11.61 21.66 0.00
27 72699 9.92 24.21 0.00
29 54852 25.21 18.23 0.00
30 44943 24.37 14.97 0.00
31 19567 6.75 6.53 0.00
32 50791 9.18 17.00 0.00
33 61306 10.65 20.41 0.00
34 60395 9.58 20.12 0.00
35 72386 8.68 24.15 0.00
36 66685 8.53 22.24 0.00
37 36392 9.29 12.11 0.00
39 55593 9.39 18.56 0.00
