1 68088 28.80 22.64 0.00
6 27064 6.48 9.03 0.00
7 32451 5.17 10.86 0.00
8 21051 5.12 7.07 0.00
9 36044 4.44 12.02 0.00
10 29156 5.68 9.71 0.00
13 38737 3.78 12.99 0.00
16 70281 8.15 23.44 0.00
19 76889 8.93 25.69 0.00
26 26284 18.47 8.71 0.00
27 46621 12.15 15.51 0.00
28 52608 10.89 17.53 0.00
31 57800 20.09 19.21 0.00
33 26564 16.42 8.87 0.00
36 47468 6.81 15.90 0.00
53 64184 28.50 21.36 0.00
59 81992 9.22 27.30 0.00
73 68169 6.91 22.70 0.00
104 12965 6.53 4.33 0.00
105 10576 7.60 3.57 0.00
112 79227 2.79 26.42 0.00
113 77446 4.65 25.82 0.00
115 73247 4.72 24.44 0.00
116 82814 1.49 27.64 0.00
117 84604 0.49 28.28 0.00
4 64198 29.81 21.36 0.00
