0 72091 9.14 24.05 0.00
1 35951 25.14 11.97 0.00
2 65503 10.38 21.83 0.00
3 31130 23.09 10.39 0.00
6 23316 21.68 7.75 0.00
7 49142 24.23 16.31 0.00
9 14321 22.15 4.70 0.00
11 27218 21.81 9.09 0.00
12 24666 6.66 8.28 0.00
13 70925 12.52 23.60 0.00
14 23855 15.56 7.91 0.00
17 11499 9.94 3.82 0.00
19 54094 9.42 18.01 0.00
20 13405 20.52 4.46 0.00
21 57104 10.47 19.01 0.00
22 11570 17.06 3.88 0.00
23 30064 6.45 10.07 0.00
24 46727 22.73 15.52 0.00
25 36996 9.62 12.35 0.00
26 43597 9.80 14.51 0.00
27 17925 22.53 5.99 0.00
28 40121 22.13 13.33 0.00
29 27442 14.23 9.16 0.00
33 30413 11.30 10.13 0.00
35 21826 22.60 7.28 0.00
36 31040 14.06 10.38 0.00
38 46255 5.58 15.41 0.00
