2 161 16.13 0.02 0.00
6 33952 5.28 11.36 0.00
8 73758 25.87 24.59 0.00
9 84207 20.72 28.02 0.00
11 50138 3.87 16.75 0.00
16 74472 7.20 24.81 0.00
19 41740 4.06 13.94 0.00
23 34108 20.87 11.34 0.00
24 14691 29.15 4.87 0.00
25 28994 19.47 9.68 0.00
27 51215 21.51 17.07 0.00
28 60128 12.81 20.05 0.00
29 38909 20.94 12.94 0.00
30 14920 22.00 4.91 0.00
35 11075 27.57 3.65 0.00
37 14307 20.75 4.73 0.00
59 74187 8.77 24.79 0.00
105 73853 5.39 24.67 0.00
108 60976 7.62 20.38 0.00
109 71180 8.03 23.77 0.00
131 13455 25.59 4.40 0.00
132 5243 14.32 1.74 0.00
145 83716 1.68 27.96 0.00
146 857 25.77 0.21 0.00
3 1007 10.76 0.40 0.00
