0 71830 13.01 23.98 0.00
1 27834 23.50 9.26 0.00
2 54696 9.70 18.27 0.00
4 66146 14.70 22.07 0.00
6 31429 22.90 10.42 0.00
7 59940 24.05 19.92 0.00
8 64139 23.92 21.31 0.00
9 11882 18.23 3.93 0.00
10 65308 20.85 21.75 0.00
11 18520 22.03 6.13 0.00
12 37263 6.35 12.40 0.00
13 70584 8.45 23.58 0.00
14 22999 19.97 7.62 0.00
16 71325 22.52 23.78 0.00
17 16276 7.69 5.47 0.00
18 66826 22.70 22.24 0.00
19 40299 9.99 13.47 0.00
20 12459 15.99 4.10 0.00
21 66702 10.29 22.28 0.00
22 10324 12.47 3.44 0.00
23 41461 6.13 13.84 0.00
25 30718 11.89 10.29 0.00
26 31902 10.25 10.63 0.00
27 11898 19.82 3.96 0.00
28 29016 21.65 9.67 0.00
29 27407 10.76 9.11 0.00
30 66495 19.52 22.20 0.00
31 62625 22.59 20.84 0.00
32 66247 24.78 22.06 0.00
33 31057 15.74 10.35 0.00
34 62053 25.39 20.68 0.00
35 13111 21.15 4.35 0.00
36 31685 18.53 10.52 0.00
37 69217 21.78 23.07 0.00
38 34852 5.22 11.64 0.00
39 59329 22.91 19.71 0.00
