0 74001 20.14 24.60 0.00
1 32954 25.47 10.95 0.00
2 34738 23.82 11.52 0.00
3 72487 18.72 24.17 0.00
4 31696 19.60 10.59 0.00
5 40724 22.44 13.54 0.00
7 35202 10.22 11.79 0.00
9 29762 6.26 9.97 0.00
10 31606 10.63 10.58 0.00
16 72217 21.73 24.04 0.00
17 35462 6.27 11.84 0.00
18 11307 20.70 3.80 0.00
19 58738 23.81 19.54 0.00
20 25872 7.24 8.68 0.00
21 28001 10.17 9.38 0.00
22 25253 5.36 8.41 0.00
24 18820 22.07 6.26 0.00
25 66198 19.86 22.09 0.00
26 66827 22.71 22.27 0.00
27 13119 21.91 4.38 0.00
28 12691 9.15 4.24 0.00
29 28080 18.01 9.35 0.00
30 31729 22.97 10.52 0.00
31 64418 21.82 21.44 0.00
33 66451 15.13 22.11 0.00
35 54824 22.40 18.22 0.00
36 37745 24.55 12.56 0.00
38 15375 7.54 5.18 0.00
