0 71837 13.71 23.96 0.00
2 52597 9.73 17.56 0.00
3 40430 23.08 13.46 0.00
4 66139 14.00 22.05 0.00
5 43420 22.06 14.47 0.00
7 61740 24.07 20.58 0.00
8 65335 23.56 21.75 0.00
9 11575 17.55 3.86 0.00
10 65301 20.17 21.76 0.00
12 39062 6.20 13.04 0.00
13 70577 7.74 23.59 0.00
15 49145 24.53 16.38 0.00
16 71326 22.65 23.71 0.00
17 18073 7.34 6.03 0.00
18 64723 22.37 21.60 0.00
19 38200 10.04 12.77 0.00
20 12152 15.30 4.02 0.00
21 67907 10.78 22.61 0.00
22 10017 11.77 3.34 0.00
23 43559 5.98 14.53 0.00
25 30725 12.58 10.24 0.00
26 31008 10.81 10.39 0.00
27 11891 19.13 3.93 0.00
29 27700 10.10 9.26 0.00
30 66788 18.81 22.22 0.00
31 61124 22.45 20.31 0.00
32 65050 25.03 21.64 0.00
34 59954 25.41 19.98 0.00
37 68618 21.81 22.83 0.00
38 33054 5.42 11.04 0.00
39 58133 23.34 19.38 0.00
