0 84713 11.40 28.28 0.00
1 2854 15.46 0.92 0.00
3 24946 4.61 8.32 0.00
4 63961 6.18 21.33 0.00
6 32764 6.50 10.99 0.00
7 35751 5.11 11.97 0.00
10 28573 7.39 9.59 0.00
11 83007 20.77 27.65 0.00
13 30952 5.21 10.38 0.00
19 84727 12.78 28.26 0.00
20 33337 3.76 11.17 0.00
23 29541 14.12 9.80 0.00
25 30717 11.77 10.22 0.00
27 58090 19.05 19.35 0.00
28 61031 13.13 20.37 0.00
31 31397 19.76 10.42 0.00
33 28310 11.03 9.47 0.00
40 15808 20.81 5.21 0.00
53 7966 16.64 2.60 0.00
182 45671 7.19 15.21 0.00
210 4964 16.46 1.64 0.00
212 66025 2.53 22.07 0.00
213 8855 15.50 2.96 0.00
