0 71487 8.72 23.87 0.00
1 51552 25.21 17.12 0.00
2 42239 23.96 14.09 0.00
3 69657 5.70 23.24 0.00
5 72785 18.53 24.23 0.00
6 41460 6.01 13.86 0.00
8 32504 10.47 10.81 0.00
9 10332 13.30 3.47 0.00
11 65628 22.83 21.85 0.00
12 21373 7.35 7.14 0.00
13 73917 11.79 24.63 0.00
14 12974 7.44 4.33 0.00
15 67592 9.28 22.57 0.00
16 71802 10.26 23.95 0.00
17 9117 11.71 3.09 0.00
18 49125 22.51 16.34 0.00
19 66780 18.09 22.27 0.00
20 11846 14.69 3.96 0.00
22 12788 18.86 4.26 0.00
23 21062 6.29 7.07 0.00
24 60225 22.58 20.09 0.00
25 67648 14.88 22.52 0.00
26 66839 23.93 22.24 0.00
27 68319 21.99 22.75 0.00
31 72736 13.70 24.25 0.00
32 42388 8.86 14.18 0.00
33 65818 11.81 21.91 0.00
34 64597 9.76 21.54 0.00
35 71871 17.18 23.90 0.00
37 37893 9.31 12.65 0.00
38 10976 17.64 3.62 0.00
39 55295 9.60 18.48 0.00
