0 31265 6.51 10.49 0.00
1 28346 14.63 9.48 0.00
2 45551 25.14 15.20 0.00
3 10905 10.60 3.69 0.00
4 32304 20.40 10.77 0.00
5 54358 5.85 18.16 0.00
6 10949 14.96 3.67 0.00
7 31636 13.62 10.55 0.00
8 31618 11.83 10.55 0.00
10 32270 17.09 10.72 0.00
11 68460 6.05 22.86 0.00
12 69977 7.72 23.35 0.00
13 46860 6.06 15.67 0.00
14 21220 22.02 7.09 0.00
15 52449 24.95 17.43 0.00
16 23575 17.59 7.81 0.00
17 38616 21.64 12.82 0.00
18 27228 22.89 9.02 0.00
21 57993 9.34 19.38 0.00
23 59750 5.03 19.98 0.00
24 30225 22.53 10.07 0.00
27 73286 8.64 24.46 0.00
29 48091 9.19 16.09 0.00
30 33527 22.74 11.12 0.00
31 42060 6.10 14.00 0.00
34 56349 24.98 18.79 0.00
35 64261 6.15 21.46 0.00
