0 71954 25.49 23.99 0.00
7 33647 4.71 11.25 0.00
8 47447 4.78 15.87 0.00
9 64260 6.07 21.43 0.00
11 75244 24.49 25.09 0.00
14 2259 15.92 0.76 0.00
16 81465 16.54 27.12 0.00
19 82379 17.97 27.49 0.00
23 39509 20.92 13.16 0.00
24 13443 24.34 4.41 0.00
25 32606 20.61 10.85 0.00
26 46724 22.46 15.59 0.00
27 57205 20.57 19.04 0.00
29 53012 21.28 17.61 0.00
31 29895 19.54 10.00 0.00
33 42820 22.04 14.22 0.00
35 10733 23.31 3.56 0.00
36 57975 7.60 19.33 0.00
37 13160 26.04 4.35 0.00
40 16159 25.92 5.38 0.00
44 85554 5.45 28.56 0.00
53 81520 22.06 27.13 0.00
59 57954 5.44 19.33 0.00
100 10395 19.53 3.48 0.00
112 83117 1.70 27.73 0.00
119 70788 28.84 23.58 0.00
