1 59796 9.69 19.95 0.00
2 38345 24.53 12.73 0.00
3 73614 11.46 24.51 0.00
5 9687 8.78 3.24 0.00
6 73038 13.84 24.31 0.00
7 36103 10.37 12.07 0.00
8 32805 10.56 10.90 0.00
9 52559 5.92 17.51 0.00
10 32521 12.19 10.81 0.00
11 36961 6.15 12.32 0.00
12 72182 18.29 24.07 0.00
13 27065 6.50 9.08 0.00
14 74605 20.59 24.83 0.00
15 28604 10.49 9.54 0.00
17 70014 11.46 23.36 0.00
18 12186 18.61 4.04 0.00
19 52740 24.06 17.57 0.00
20 56759 5.93 18.95 0.00
21 43754 25.47 14.51 0.00
22 67563 6.31 22.55 0.00
23 72197 19.77 24.10 0.00
24 14179 7.92 4.77 0.00
25 66832 23.23 22.22 0.00
26 64141 24.15 21.34 0.00
27 48057 5.76 16.05 0.00
29 68271 17.16 22.77 0.00
31 12165 16.53 4.03 0.00
33 65618 21.84 21.83 0.00
34 28619 11.94 9.56 0.00
35 43859 5.95 14.66 0.00
36 67406 20.67 22.46 0.00
38 71479 7.91 23.88 0.00
39 28641 14.11 9.57 0.00
