0 69071 7.15 23.04 0.00
1 69430 13.09 23.19 0.00
4 53046 24.61 17.68 0.00
5 13084 18.43 4.36 0.00
7 32021 22.16 10.61 0.00
8 32007 20.78 10.64 0.00
9 34864 6.41 11.65 0.00
10 30235 23.56 10.03 0.00
11 10329 12.98 3.46 0.00
12 72683 8.35 24.27 0.00
13 11869 16.91 3.98 0.00
14 74232 13.23 24.77 0.00
15 35494 9.41 11.82 0.00
16 22119 21.96 7.30 0.00
17 70261 6.11 23.47 0.00
18 18225 22.59 6.09 0.00
20 39361 6.19 13.16 0.00
21 38950 25.06 12.92 0.00
22 48960 6.02 16.33 0.00
23 72151 15.16 24.08 0.00
24 10355 15.59 3.42 0.00
25 66137 13.74 22.05 0.00
26 59800 10.09 19.92 0.00
27 17170 7.04 5.72 0.00
28 61263 6.31 20.40 0.00
30 49439 23.96 16.46 0.00
31 12817 21.74 4.25 0.00
32 28024 12.48 9.38 0.00
33 49302 10.24 16.44 0.00
34 31900 10.04 10.66 0.00
35 9415 11.55 3.16 0.00
36 67957 15.79 22.60 0.00
37 27183 18.31 9.09 0.00
38 66358 5.85 22.17 0.00
39 29211 11.12 9.75 0.00
