0 19722 22.21 6.59 0.00
1 29535 13.52 9.81 0.00
3 45524 22.43 15.19 0.00
4 44339 23.94 14.72 0.00
5 14781 8.20 4.99 0.00
7 48238 23.82 16.00 0.00
8 35637 23.75 11.83 0.00
11 66662 6.29 22.21 0.00
13 29165 6.58 9.77 0.00
15 27447 14.70 9.12 0.00
16 9672 7.30 3.29 0.00
18 13271 7.12 4.50 0.00
20 73364 16.41 24.40 0.00
22 72145 14.51 24.05 0.00
24 22862 6.20 7.63 0.00
27 71191 9.14 23.74 0.00
28 40720 22.01 13.52 0.00
29 68504 10.40 22.88 0.00
30 32530 13.01 10.90 0.00
31 41761 6.15 13.96 0.00
33 65508 10.80 21.83 0.00
34 47650 25.02 15.88 0.00
36 55899 9.95 18.60 0.00
38 32926 22.63 10.97 0.00
