0 44617 21.80 14.81 0.00
1 28601 10.17 9.58 0.00
2 60996 9.61 20.37 0.00
3 53327 22.79 17.73 0.00
6 73711 21.10 24.55 0.00
7 65010 21.08 21.70 0.00
8 62040 24.01 20.62 0.00
9 62463 6.40 20.83 0.00
11 10334 13.48 3.40 0.00
13 31118 21.87 10.31 0.00
15 46152 25.28 15.38 0.00
16 35016 21.67 11.63 0.00
17 58852 5.22 19.68 0.00
18 9996 9.69 3.39 0.00
19 31338 13.88 10.43 0.00
20 66962 6.27 22.32 0.00
21 63406 10.63 21.14 0.00
22 29030 23.09 9.68 0.00
24 10910 11.04 3.67 0.00
25 32256 15.67 10.76 0.00
26 37603 10.34 12.56 0.00
27 10963 16.40 3.67 0.00
28 34263 6.38 11.45 0.00
29 57387 8.78 19.14 0.00
30 66703 10.35 22.25 0.00
31 23021 22.17 7.63 0.00
32 68633 23.40 22.87 0.00
33 30785 18.53 10.26 0.00
34 51549 24.96 17.11 0.00
37 68614 21.42 22.81 0.00
38 36529 22.91 12.14 0.00
39 65349 24.94 21.71 0.00
