0 82986 18.61 27.62 0.00
11 81169 16.95 27.07 0.00
16 77195 9.57 25.75 0.00
19 82297 9.71 27.42 0.00
23 57489 18.95 19.16 0.00
24 16163 26.37 5.38 0.00
25 56904 20.40 18.94 0.00
26 26312 21.27 8.75 0.00
27 55024 12.49 18.34 0.00
28 44212 11.21 14.78 0.00
29 56544 14.41 18.86 0.00
30 16176 27.61 5.38 0.00
33 26894 19.42 8.90 0.00
35 10153 25.36 3.40 0.00
36 38772 7.27 12.96 0.00
37 15227 22.71 5.06 0.00
40 11368 26.84 3.76 0.00
53 68676 27.67 22.81 0.00
59 77784 8.48 25.94 0.00
73 76870 7.04 25.69 0.00
100 13758 25.87 4.52 0.00
105 16558 5.84 5.57 0.00
109 436 13.66 0.13 0.00
