0 82400 20.05 27.43 0.00
4 64792 29.28 21.50 0.00
6 31858 5.84 10.64 0.00
7 28268 6.86 9.43 0.00
8 10880 8.04 3.62 0.00
9 29447 4.77 9.80 0.00
10 30686 8.63 10.27 0.00
11 82321 12.11 27.43 0.00
12 6097 9.73 2.06 0.00
13 27384 8.45 9.14 0.00
19 83539 13.90 27.84 0.00
23 30796 19.63 10.25 0.00
25 32520 12.08 10.86 0.00
27 30209 20.96 10.01 0.00
28 29621 22.16 9.80 0.00
29 30184 18.50 10.02 0.00
33 60773 17.38 20.23 0.00
37 14957 25.73 5.00 0.00
40 11937 23.78 3.95 0.00
43 4064 16.50 1.40 0.00
59 9968 6.81 3.34 0.00
170 7961 16.10 2.67 0.00
175 15039 3.97 5.03 0.00
182 760 16.04 0.24 0.00
194 74992 29.21 24.94 0.00
