1 29522 12.23 9.88 0.00
2 63834 23.45 21.21 0.00
3 44027 22.74 14.69 0.00
4 47938 23.84 16.00 0.00
5 16578 7.85 5.51 0.00
6 57827 22.73 19.23 0.00
7 52439 23.95 17.41 0.00
8 39539 23.98 13.16 0.00
9 71325 22.52 23.78 0.00
10 70735 23.53 23.58 0.00
11 69361 6.16 23.15 0.00
12 71315 21.55 23.76 0.00
13 33364 6.45 11.17 0.00
14 73707 20.76 24.60 0.00
15 27434 13.48 9.14 0.00
16 12671 7.13 4.26 0.00
17 71295 19.60 23.73 0.00
18 16866 6.67 5.62 0.00
19 67091 19.18 22.34 0.00
20 73077 17.78 24.37 0.00
21 68319 21.92 22.70 0.00
22 71858 15.85 23.99 0.00
23 62612 21.28 20.84 0.00
24 26762 6.28 8.99 0.00
25 65315 21.58 21.75 0.00
26 65603 20.38 21.90 0.00
27 71204 10.42 23.73 0.00
28 43116 21.69 14.34 0.00
29 68214 11.48 22.76 0.00
31 45959 5.98 15.34 0.00
32 67729 22.99 22.57 0.00
33 63098 9.82 21.05 0.00
34 45250 25.05 15.06 0.00
35 59616 21.60 19.86 0.00
36 51699 9.99 17.23 0.00
37 62649 24.99 20.80 0.00
39 67142 24.21 22.34 0.00
