0 80026 22.68 26.61 0.00
6 32482 8.24 10.82 0.00
7 25883 8.39 8.65 0.00
8 15061 6.15 5.00 0.00
10 27972 7.20 9.38 0.00
11 82950 15.03 27.64 0.00
12 12679 7.97 4.25 0.00
13 29191 9.12 9.74 0.00
19 83569 16.93 27.88 0.00
21 9087 8.70 3.00 0.00
23 29871 17.10 9.96 0.00
24 16173 27.33 5.38 0.00
25 40913 11.30 13.70 0.00
26 43324 12.41 14.44 0.00
27 29585 18.58 9.86 0.00
29 29856 15.67 9.90 0.00
31 45417 11.72 15.19 0.00
33 60744 14.40 20.29 0.00
35 16192 29.21 5.31 0.00
37 13782 28.22 4.54 0.00
40 11911 21.12 3.99 0.00
59 6080 8.08 2.03 0.00
146 72972 7.20 24.37 0.00
170 5838 13.86 1.99 0.00
182 790 19.09 0.30 0.00
189 71683 28.37 23.82 0.00
43 1061 16.13 0.34 0.00
