0 40865 6.51 13.65 0.00
2 31011 11.20 10.37 0.00
3 16277 7.73 5.43 0.00
4 48400 10.06 16.12 0.00
7 41500 10.08 13.86 0.00
8 60096 9.69 20.06 0.00
10 66111 11.20 22.01 0.00
11 37419 21.98 12.45 0.00
13 68924 22.43 22.94 0.00
15 68805 10.57 22.97 0.00
16 72110 11.09 24.06 0.00
19 30724 12.45 10.30 0.00
21 29021 22.14 9.60 0.00
22 21223 22.37 7.02 0.00
23 44758 5.81 14.95 0.00
24 73107 20.75 24.39 0.00
25 31637 13.76 10.57 0.00
26 31957 15.72 10.62 0.00
27 34110 21.04 11.36 0.00
29 30546 24.64 10.16 0.00
31 62925 22.53 20.92 0.00
32 28038 13.86 9.39 0.00
33 31114 21.42 10.30 0.00
34 46288 8.83 15.43 0.00
35 70568 6.81 23.57 0.00
36 35638 23.81 11.85 0.00
37 35209 10.97 11.70 0.00
39 27411 11.12 9.14 0.00
