0 12163 16.38 4.04 0.00
1 58893 9.34 19.64 0.00
2 65509 10.92 21.86 0.00
3 13977 17.73 4.61 0.00
5 12373 7.35 4.19 0.00
6 37123 22.33 12.36 0.00
7 65925 22.57 21.95 0.00
8 47938 23.83 15.93 0.00
10 65911 21.19 21.99 0.00
11 38459 5.92 12.88 0.00
12 54520 22.10 18.12 0.00
13 33050 5.02 11.09 0.00
14 59325 22.56 19.70 0.00
16 12149 14.98 4.02 0.00
17 73109 20.98 24.35 0.00
18 50459 5.94 16.87 0.00
19 31311 11.16 10.40 0.00
21 69489 18.99 23.12 0.00
23 42821 22.12 14.28 0.00
24 34561 6.20 11.53 0.00
25 31346 14.64 10.40 0.00
26 30125 12.59 10.04 0.00
27 30359 5.90 10.17 0.00
31 9098 9.86 3.10 0.00
32 54854 25.41 18.21 0.00
33 30191 19.12 10.04 0.00
34 35651 25.16 11.85 0.00
35 13586 8.64 4.55 0.00
36 65195 9.54 21.75 0.00
37 58751 25.10 19.53 0.00
39 42848 24.83 14.22 0.00
