0 57228 22.89 19.03 0.00
1 68346 24.63 22.74 0.00
2 43298 9.89 14.49 0.00
3 73079 17.97 24.33 0.00
4 54397 9.72 18.19 0.00
6 58716 21.62 19.57 0.00
7 65532 13.28 21.89 0.00
8 65562 16.26 21.83 0.00
9 23165 6.54 7.78 0.00
10 65848 14.80 21.91 0.00
11 26622 22.27 8.85 0.00
12 58860 6.09 19.62 0.00
14 64865 6.53 21.61 0.00
15 55009 10.90 18.30 0.00
16 71000 20.03 23.63 0.00
17 50759 5.92 16.98 0.00
18 68461 6.18 22.83 0.00
19 32549 14.91 10.85 0.00
20 20237 13.76 6.72 0.00
21 27540 24.01 9.15 0.00
22 10616 11.70 3.59 0.00
23 72104 10.48 24.01 0.00
24 65753 5.32 21.95 0.00
25 31992 19.22 10.65 0.00
26 31678 17.88 10.50 0.00
27 13099 19.92 4.39 0.00
28 13882 8.29 4.60 0.00
30 49593 9.36 16.57 0.00
32 28919 11.98 9.65 0.00
33 33541 24.17 11.10 0.00
34 49004 10.45 16.38 0.00
36 32264 16.47 10.79 0.00
37 27434 13.41 9.18 0.00
38 19569 6.98 6.55 0.00
39 41788 8.87 13.94 0.00
