6 32446 4.70 10.86 0.00
7 36644 4.42 12.27 0.00
8 44147 4.78 14.76 0.00
9 61853 5.36 20.70 0.00
10 27671 7.19 9.28 0.00
12 13271 7.14 4.48 0.00
13 28550 5.10 9.53 0.00
14 4059 15.96 1.37 0.00
16 81150 15.08 27.05 0.00
19 82364 16.48 27.48 0.00
21 8179 7.98 2.73 0.00
23 43409 20.96 14.46 0.00
24 14035 23.51 4.63 0.00
25 36508 20.81 12.12 0.00
26 42823 22.38 14.26 0.00
28 28029 12.95 9.30 0.00
30 15599 29.99 5.17 0.00
31 30806 20.64 10.23 0.00
33 39220 22.07 13.10 0.00
35 10432 23.21 3.47 0.00
36 53475 7.51 17.85 0.00
37 14049 24.97 4.67 0.00
40 14667 26.80 4.88 0.00
44 89752 5.29 29.94 0.00
59 59761 6.14 19.95 0.00
100 11006 20.68 3.62 0.00
104 11442 4.20 3.83 0.00
108 157 15.79 0.08 0.00
112 80428 2.82 26.81 0.00
