2 82989 18.96 27.63 0.00
5 70260 6.10 23.43 0.00
14 79699 19.95 26.57 0.00
20 83191 9.18 27.73 0.00
23 52617 11.72 17.57 0.00
24 14046 24.62 4.65 0.00
25 57136 13.65 19.01 0.00
26 61063 16.35 20.30 0.00
28 38616 21.61 12.83 0.00
30 15564 26.43 5.18 0.00
31 56522 12.30 18.82 0.00
33 59877 17.75 19.94 0.00
35 13776 27.61 4.50 0.00
36 29966 26.63 9.99 0.00
37 10183 28.33 3.32 0.00
40 10753 25.33 3.54 0.00
59 112 11.29 0.00 0.00
73 10692 19.25 3.55 0.00
77 2492 9.25 0.85 0.00
98 82207 0.75 27.49 0.00
101 74134 3.44 24.75 0.00
102 85213 1.36 28.42 0.00
