0 39955 5.59 13.38 0.00
1 29045 24.54 9.67 0.00
5 59158 5.81 19.74 0.00
7 65830 13.05 21.95 0.00
8 64950 15.01 21.66 0.00
9 72821 22.11 24.23 0.00
10 64313 11.35 21.44 0.00
11 71469 7.00 23.87 0.00
12 26617 21.74 8.83 0.00
13 53159 5.98 17.80 0.00
14 19120 22.05 6.32 0.00
15 64743 24.31 21.51 0.00
17 38326 22.62 12.72 0.00
18 44159 5.96 14.78 0.00
19 30461 16.17 10.20 0.00
20 68028 22.82 22.62 0.00
22 63522 22.28 21.12 0.00
23 12503 20.32 4.20 0.00
24 68460 6.08 22.88 0.00
25 31698 19.81 10.55 0.00
26 42841 24.15 14.22 0.00
27 72453 15.40 24.18 0.00
28 50324 22.48 16.73 0.00
31 49257 5.78 16.49 0.00
32 69486 18.67 23.14 0.00
33 57840 24.00 19.24 0.00
34 68617 21.74 22.82 0.00
35 70896 9.67 23.70 0.00
36 30477 17.75 10.13 0.00
37 69126 12.64 23.08 0.00
38 45825 22.58 15.30 0.00
39 68600 20.01 22.81 0.00
