0 9739 13.94 3.30 0.00
2 34597 9.73 11.51 0.00
3 28722 22.23 9.58 0.00
5 43260 6.10 14.47 0.00
6 31428 22.83 10.50 0.00
8 66759 15.96 22.30 0.00
9 73702 20.29 24.58 0.00
11 73031 13.17 24.36 0.00
12 56322 22.25 18.73 0.00
14 60519 21.91 20.14 0.00
15 32489 8.90 10.88 0.00
16 24362 6.24 8.17 0.00
17 63228 22.89 21.03 0.00
18 39057 5.72 13.06 0.00
19 31007 10.76 10.31 0.00
20 73717 21.74 24.51 0.00
21 45852 25.29 15.22 0.00
22 67424 22.49 22.41 0.00
23 35324 22.47 11.72 0.00
24 42828 22.85 14.22 0.00
25 30767 16.77 10.30 0.00
26 31981 18.12 10.63 0.00
27 73077 17.75 24.39 0.00
28 72464 16.49 24.14 0.00
29 68612 21.27 22.83 0.00
30 66175 17.50 22.05 0.00
32 25719 21.97 8.57 0.00
33 31393 19.31 10.47 0.00
34 29529 12.94 9.85 0.00
35 72452 15.24 24.14 0.00
36 40743 24.40 13.53 0.00
37 27785 18.57 9.21 0.00
38 71588 18.86 23.89 0.00
39 27804 20.44 9.22 0.00
