0 81785 18.57 27.30 0.00
7 29456 5.65 9.89 0.00
8 6986 8.68 2.33 0.00
9 25247 4.76 8.42 0.00
10 30088 8.86 10.03 0.00
11 82006 10.69 27.31 0.00
12 3105 10.54 1.03 0.00
13 28871 7.19 9.62 0.00
16 66064 6.45 22.08 0.00
19 83524 12.41 27.81 0.00
21 110 11.03 0.02 0.00
23 31407 20.77 10.49 0.00
25 29525 12.60 9.85 0.00
26 53816 11.68 17.91 0.00
27 33816 21.69 11.27 0.00
28 27214 21.48 9.04 0.00
29 29896 19.61 10.00 0.00
33 60188 18.87 20.02 0.00
43 763 16.31 0.24 0.00
59 13863 6.38 4.69 0.00
104 85849 4.99 28.63 0.00
146 59474 7.46 19.87 0.00
170 8875 17.53 2.98 0.00
175 19236 3.70 6.49 0.00
182 1047 14.73 0.33 0.00
184 84313 1.34 28.10 0.00
