0 71222 12.25 23.75 0.00
1 58596 9.68 19.53 0.00
2 57542 24.23 19.11 0.00
3 72227 22.73 24.01 0.00
6 73397 19.78 24.46 0.00
8 29835 13.60 9.92 0.00
9 14780 8.01 4.92 0.00
12 57658 5.86 19.25 0.00
14 71457 5.70 23.86 0.00
16 41922 22.26 13.95 0.00
17 50159 5.96 16.80 0.00
19 64440 24.08 21.41 0.00
20 14767 6.79 4.93 0.00
21 57554 25.44 19.17 0.00
22 25566 6.68 8.59 0.00
23 71180 8.06 23.75 0.00
25 68014 21.48 22.61 0.00
26 64661 16.14 21.59 0.00
27 10597 9.76 3.59 0.00
28 37263 6.33 12.45 0.00
29 70064 16.48 23.30 0.00
33 65825 12.59 21.93 0.00
35 11594 19.45 3.81 0.00
36 67732 23.26 22.56 0.00
38 43257 5.80 14.44 0.00
