0 80817 11.75 26.95 0.00
1 75551 25.18 25.10 0.00
3 65984 28.41 21.94 0.00
4 71366 26.66 23.70 0.00
10 28879 7.91 9.66 0.00
23 55023 12.33 18.32 0.00
24 12251 25.12 4.09 0.00
25 56236 13.65 18.73 0.00
26 26840 14.05 8.93 0.00
27 33722 12.25 11.26 0.00
28 60427 12.79 20.19 0.00
29 41220 12.06 13.72 0.00
30 15824 22.49 5.22 0.00
31 57157 15.71 19.05 0.00
33 26823 12.35 9.00 0.00
35 11067 26.72 3.65 0.00
37 14076 27.69 4.67 0.00
40 15547 24.79 5.18 0.00
53 61499 29.97 20.44 0.00
100 18279 27.92 6.01 0.00
