0 11252 15.26 3.74 0.00
1 42247 24.71 14.10 0.00
2 30747 14.78 10.24 0.00
3 23325 22.57 7.79 0.00
4 44500 10.05 14.88 0.00
5 13276 7.66 4.50 0.00
6 33525 22.55 11.11 0.00
7 65213 11.37 21.72 0.00
9 38922 22.23 12.99 0.00
10 56801 10.18 18.98 0.00
11 24665 6.59 8.24 0.00
13 10602 10.28 3.54 0.00
14 60523 22.36 20.20 0.00
16 11271 17.20 3.79 0.00
18 11232 13.22 3.74 0.00
19 30763 16.34 10.25 0.00
20 73005 10.50 24.30 0.00
21 27135 13.54 9.07 0.00
22 72991 9.12 24.37 0.00
24 19926 12.65 6.60 0.00
25 30516 21.61 10.17 0.00
26 29934 23.46 9.97 0.00
27 38456 5.67 12.88 0.00
29 27474 17.49 9.14 0.00
30 37903 10.38 12.68 0.00
31 9416 11.62 3.15 0.00
32 68204 10.45 22.78 0.00
33 44636 23.63 14.88 0.00
35 20769 6.93 6.90 0.00
36 32301 20.14 10.72 0.00
37 58888 8.87 19.65 0.00
