1 66248 24.88 22.07 0.00
2 44202 10.20 14.79 0.00
3 69360 6.03 23.12 0.00
4 64304 10.48 21.47 0.00
5 54823 22.33 18.27 0.00
6 61258 5.80 20.44 0.00
7 53501 10.19 17.83 0.00
9 51655 5.59 17.20 0.00
10 32275 17.54 10.73 0.00
11 63668 6.82 21.21 0.00
12 45061 6.20 15.03 0.00
13 36521 22.19 12.17 0.00
14 29162 6.28 9.79 0.00
15 69503 20.31 23.15 0.00
16 39827 22.73 13.28 0.00
17 18075 7.55 6.06 0.00
18 43720 22.09 14.51 0.00
19 29013 21.40 9.62 0.00
20 16265 6.60 5.46 0.00
21 28612 11.21 9.57 0.00
23 23545 14.57 7.80 0.00
24 71204 10.43 23.79 0.00
25 31923 12.33 10.68 0.00
26 31687 18.74 10.60 0.00
27 36959 5.91 12.38 0.00
29 28692 19.22 9.57 0.00
30 61138 23.89 20.36 0.00
31 28724 22.48 9.59 0.00
32 28898 9.89 9.65 0.00
33 32608 20.84 10.88 0.00
34 56190 9.09 18.74 0.00
36 32621 22.17 10.90 0.00
37 52290 9.09 17.43 0.00
38 23322 22.24 7.76 0.00
39 31588 8.90 10.53 0.00
