0 11177 7.78 3.72 0.00
2 80789 9.00 26.91 0.00
3 49238 3.89 16.47 0.00
4 33339 3.94 11.19 0.00
6 30689 8.99 10.27 0.00
7 27954 5.45 9.34 0.00
10 31853 5.38 10.66 0.00
13 40250 5.10 13.44 0.00
14 72078 7.88 24.04 0.00
19 97 9.79 0.04 0.00
20 63063 6.39 21.09 0.00
25 29523 12.34 9.81 0.00
26 31609 10.95 10.53 0.00
28 41319 21.99 13.75 0.00
31 32825 12.54 10.93 0.00
33 60731 13.16 20.23 0.00
43 36051 5.20 12.07 0.00
59 84150 15.02 28.01 0.00
183 55227 2.74 18.44 0.00
185 12961 6.18 4.39 0.00
187 2502 10.29 0.82 0.00
192 1350 15.09 0.45 0.00
199 78341 4.14 26.13 0.00
200 75631 3.17 25.27 0.00
