1 13570 7.08 4.59 0.00
2 84722 12.28 28.22 0.00
6 29161 6.16 9.78 0.00
7 28882 8.21 9.65 0.00
10 25868 6.90 8.61 0.00
13 29771 7.12 9.94 0.00
23 56564 16.43 18.84 0.00
25 47612 21.27 15.85 0.00
26 29223 12.30 9.79 0.00
27 56540 14.09 18.82 0.00
28 60751 15.16 20.22 0.00
29 57478 17.80 19.17 0.00
30 15210 21.02 5.06 0.00
31 39513 21.37 13.17 0.00
33 32210 11.02 10.71 0.00
53 20451 5.19 6.88 0.00
114 73857 5.79 24.65 0.00
148 60029 2.91 20.08 0.00
151 2744 4.47 0.99 0.00
161 84603 0.39 28.25 0.00
163 81914 1.50 27.31 0.00
167 86115 1.56 28.72 0.00
