0 84743 14.34 28.27 0.00
1 4352 15.21 1.50 0.00
3 31843 4.35 10.70 0.00
4 69370 7.00 23.11 0.00
6 30376 7.67 10.14 0.00
7 32161 6.20 10.76 0.00
10 30053 5.30 10.01 0.00
11 80335 23.52 26.72 0.00
13 34252 5.20 11.47 0.00
19 83856 15.70 27.95 0.00
20 42338 3.82 14.15 0.00
25 27439 13.98 9.20 0.00
27 56862 16.23 19.00 0.00
28 60459 15.91 20.19 0.00
29 52410 21.04 17.45 0.00
33 35813 11.38 11.91 0.00
53 2863 16.31 0.94 0.00
59 74047 24.75 24.62 0.00
131 65374 27.48 21.75 0.00
182 54367 6.73 18.16 0.00
185 76875 7.55 25.62 0.00
210 7383 18.31 2.42 0.00
213 8871 17.12 2.99 0.00
218 4275 7.52 1.44 0.00
227 7542 4.27 2.57 0.00
