0 52259 5.92 17.47 0.00
1 69458 15.89 23.13 0.00
2 42699 9.94 14.23 0.00
3 47460 6.02 15.85 0.00
4 65507 10.77 21.88 0.00
5 70917 11.70 23.60 0.00
6 23161 6.12 7.77 0.00
7 66816 21.67 22.24 0.00
8 67136 23.60 22.34 0.00
9 20915 21.50 6.91 0.00
10 67103 20.30 22.31 0.00
11 75208 20.82 25.02 0.00
12 12433 13.33 4.15 0.00
14 10320 12.09 3.44 0.00
15 30717 11.75 10.22 0.00
16 56750 5.06 18.93 0.00
17 12796 19.69 4.23 0.00
18 69824 22.50 23.20 0.00
19 32206 10.64 10.76 0.00
20 70582 8.21 23.53 0.00
22 71795 9.59 23.94 0.00
23 19272 7.21 6.46 0.00
24 72800 20.09 24.26 0.00
25 32890 19.02 10.93 0.00
26 31064 16.49 10.39 0.00
27 71012 21.21 23.65 0.00
29 62639 23.95 20.90 0.00
30 46902 10.23 15.66 0.00
31 67562 6.24 22.54 0.00
32 27806 20.63 9.24 0.00
33 31434 23.47 10.44 0.00
34 27455 15.55 9.11 0.00
35 72368 6.89 24.11 0.00
36 28011 11.20 9.31 0.00
37 28121 22.20 9.30 0.00
38 32921 22.17 10.94 0.00
39 27169 16.96 9.08 0.00
