1 68781 8.10 22.92 0.00
6 27063 6.31 9.05 0.00
7 28873 7.32 9.62 0.00
8 83501 10.18 27.82 0.00
10 27351 5.11 9.16 0.00
11 10875 7.59 3.68 0.00
13 30663 6.34 10.26 0.00
16 36944 4.43 12.37 0.00
21 49246 4.62 16.48 0.00
23 28375 17.50 9.46 0.00
24 16112 21.28 5.37 0.00
25 29247 14.74 9.79 0.00
26 25658 15.82 8.58 0.00
27 53310 21.03 17.74 0.00
28 59305 20.57 19.79 0.00
29 47013 21.36 15.61 0.00
31 30761 16.16 10.25 0.00
33 50814 11.41 16.96 0.00
37 12213 21.39 4.08 0.00
43 65087 28.74 21.65 0.00
53 44156 5.61 14.79 0.00
170 48080 8.00 16.01 0.00
185 54276 27.61 18.01 0.00
192 8892 19.30 2.92 0.00
201 24336 3.62 8.12 0.00
206 18937 3.71 6.30 0.00
217 86702 0.29 28.95 0.00
220 82527 2.75 27.52 0.00
222 76519 1.92 25.50 0.00
223 74456 5.64 24.85 0.00
224 78029 2.98 26.06 0.00
