0 69268 26.86 23.02 0.00
1 72272 27.20 24.07 0.00
9 55250 5.09 18.45 0.00
11 82708 20.86 27.51 0.00
16 82630 13.04 27.55 0.00
17 6989 9.00 2.32 0.00
19 81525 22.54 27.20 0.00
24 15221 22.19 5.04 0.00
25 55318 11.90 18.41 0.00
28 54823 22.31 18.23 0.00
30 12273 27.32 4.01 0.00
31 56530 13.06 18.83 0.00
33 54108 10.82 18.02 0.00
35 15863 26.35 5.24 0.00
37 14649 24.99 4.80 0.00
40 10742 24.29 3.51 0.00
104 59467 6.72 19.84 0.00
132 89746 4.66 29.98 0.00
138 85856 5.64 28.67 0.00
170 3087 8.76 1.01 0.00
182 1148 24.90 0.33 0.00
184 79831 3.13 26.63 0.00
188 75284 28.50 25.00 0.00
146 89471 7.14 29.83 0.00
