6 27980 8.03 9.38 0.00
7 28554 5.49 9.52 0.00
8 82041 14.17 27.36 0.00
9 78985 8.60 26.30 0.00
10 31558 5.81 10.59 0.00
11 18643 4.34 6.26 0.00
13 28267 6.79 9.46 0.00
19 12966 6.64 4.31 0.00
20 2258 15.90 0.73 0.00
24 12544 24.46 4.15 0.00
26 36218 21.81 12.06 0.00
27 28356 15.66 9.48 0.00
28 27118 11.87 9.05 0.00
29 33424 12.40 11.15 0.00
31 56236 13.64 18.73 0.00
33 31712 21.21 10.59 0.00
35 12212 21.23 4.03 0.00
53 58560 6.01 19.54 0.00
59 79696 19.63 26.56 0.00
100 74757 5.77 24.99 0.00
104 63676 7.63 21.28 0.00
131 5828 12.82 2.00 0.00
132 18058 5.87 6.08 0.00
138 15035 3.59 5.09 0.00
145 83110 1.02 27.71 0.00
