1 57240 24.07 19.04 0.00
2 37299 9.93 12.42 0.00
3 40723 22.33 13.56 0.00
4 63401 10.19 21.11 0.00
5 11830 13.06 3.97 0.00
6 48821 22.13 16.23 0.00
7 65580 18.00 21.89 0.00
8 65894 19.48 22.00 0.00
10 65843 14.36 21.94 0.00
11 10286 8.66 3.41 0.00
12 66520 22.06 22.11 0.00
13 12758 15.86 4.29 0.00
14 70385 18.55 23.40 0.00
15 68510 11.05 22.87 0.00
17 70921 12.16 23.66 0.00
19 33098 9.87 11.00 0.00
20 65161 6.11 21.76 0.00
22 61560 6.01 20.51 0.00
23 73683 18.33 24.58 0.00
24 9420 12.09 3.10 0.00
27 16866 6.62 5.69 0.00
28 69060 6.08 23.09 0.00
30 58905 10.55 19.67 0.00
31 12178 17.90 4.07 0.00
32 52292 9.27 17.40 0.00
34 63090 9.04 21.01 0.00
35 6679 7.95 2.24 0.00
36 31631 13.19 10.51 0.00
37 38186 8.65 12.72 0.00
38 71498 9.88 23.89 0.00
39 56196 9.67 18.76 0.00
