0 68614 21.45 22.90 0.00
1 27701 10.12 9.22 0.00
2 30822 22.22 10.22 0.00
3 73620 12.06 24.57 0.00
4 31048 14.84 10.38 0.00
5 55127 22.75 18.31 0.00
6 73880 8.09 24.66 0.00
9 12178 17.86 4.07 0.00
10 32496 9.64 10.87 0.00
11 36527 22.73 12.15 0.00
12 23463 6.39 7.83 0.00
13 45221 22.15 15.01 0.00
15 27826 22.68 9.29 0.00
16 72515 21.55 24.13 0.00
17 16576 7.60 5.60 0.00
18 72228 22.80 24.04 0.00
20 12164 16.42 4.03 0.00
21 69200 20.03 23.07 0.00
22 9424 12.43 3.14 0.00
24 39826 22.68 13.28 0.00
27 13715 21.52 4.59 0.00
29 57990 9.05 19.34 0.00
30 31615 11.52 10.54 0.00
31 65325 22.54 21.78 0.00
33 65936 23.62 21.97 0.00
34 29937 23.78 9.92 0.00
35 33820 22.05 11.22 0.00
38 13282 8.22 4.46 0.00
