1 76890 9.05 25.67 0.00
6 31561 6.18 10.57 0.00
7 25551 5.19 8.56 0.00
10 28557 5.73 9.55 0.00
13 27971 7.15 9.39 0.00
14 32448 4.89 10.86 0.00
23 33214 21.44 11.04 0.00
24 15545 24.58 5.16 0.00
26 58701 20.18 19.52 0.00
27 39815 21.51 13.29 0.00
29 28991 19.14 9.68 0.00
30 14013 21.37 4.62 0.00
31 31914 11.42 10.63 0.00
33 47020 22.01 15.63 0.00
35 13466 26.61 4.45 0.00
37 14631 23.18 4.82 0.00
43 51342 4.29 17.11 0.00
131 64867 6.72 21.63 0.00
132 75075 7.57 25.10 0.00
153 63628 2.81 21.22 0.00
165 9343 4.37 3.13 0.00
