0 47622 22.28 15.89 0.00
1 28356 15.68 9.40 0.00
2 66537 23.73 22.11 0.00
3 52122 22.25 17.31 0.00
4 50344 24.43 16.80 0.00
5 13119 21.96 4.38 0.00
6 73408 20.89 24.45 0.00
7 33199 19.95 11.00 0.00
8 30418 11.90 10.13 0.00
10 32912 21.30 10.91 0.00
11 44749 4.97 14.97 0.00
12 71232 13.28 23.73 0.00
15 68317 21.77 22.78 0.00
16 39822 22.24 13.27 0.00
18 12696 9.64 4.21 0.00
19 65252 15.24 21.76 0.00
20 52260 6.03 17.40 0.00
22 43860 6.04 14.62 0.00
23 71893 19.31 23.94 0.00
24 10025 12.50 3.38 0.00
27 9107 10.79 3.04 0.00
28 38762 6.29 12.93 0.00
29 34005 10.55 11.30 0.00
30 62336 23.64 20.77 0.00
31 29921 22.11 9.95 0.00
32 70364 16.49 23.41 0.00
34 69205 20.52 23.10 0.00
35 20622 22.30 6.88 0.00
36 69532 23.26 23.14 0.00
37 70048 14.85 23.30 0.00
38 48061 6.19 16.01 0.00
39 69179 17.94 23.08 0.00
