0 13110 21.02 4.34 0.00
1 27511 21.16 9.17 0.00
2 30832 23.22 10.25 0.00
3 32320 22.02 10.73 0.00
4 32598 19.88 10.82 0.00
5 10914 11.49 3.62 0.00
6 71834 13.41 23.95 0.00
7 33999 9.90 11.35 0.00
8 37900 10.00 12.61 0.00
9 72678 7.89 24.24 0.00
10 31613 11.39 10.55 0.00
11 22638 13.86 7.58 0.00
13 10959 15.96 3.64 0.00
16 68771 7.17 22.95 0.00
17 72464 16.42 24.13 0.00
18 28556 5.66 9.60 0.00
20 35331 23.11 11.79 0.00
21 37588 8.82 12.56 0.00
22 26628 22.89 8.89 0.00
24 23764 6.47 7.92 0.00
27 27067 6.78 9.09 0.00
28 65459 5.94 21.87 0.00
29 29195 9.57 9.72 0.00
30 33210 21.02 11.07 0.00
31 11897 19.71 3.94 0.00
32 70602 10.27 23.50 0.00
35 10344 14.49 3.50 0.00
37 67297 9.80 22.50 0.00
38 71765 6.59 23.99 0.00
39 68244 14.41 22.72 0.00
