0 61425 22.55 20.48 0.00
1 40136 23.69 13.36 0.00
2 31695 19.57 10.55 0.00
3 72470 17.04 24.15 0.00
5 22417 21.75 7.44 0.00
6 72747 14.72 24.25 0.00
9 72696 9.61 24.22 0.00
10 38947 24.73 12.96 0.00
11 38768 6.81 12.99 0.00
12 71477 7.72 23.80 0.00
13 12483 18.33 4.10 0.00
14 60660 6.02 20.20 0.00
15 47657 25.78 15.81 0.00
16 12513 21.38 4.14 0.00
17 54359 5.98 18.12 0.00
18 17920 22.00 5.93 0.00
19 47646 24.63 15.83 0.00
20 50453 5.38 16.86 0.00
21 63092 9.29 21.02 0.00
22 42956 5.64 14.38 0.00
23 30224 22.47 10.10 0.00
24 63655 5.53 21.23 0.00
25 33234 23.46 11.02 0.00
26 43446 24.70 14.43 0.00
28 23844 14.47 7.93 0.00
30 65225 12.58 21.78 0.00
31 10339 13.91 3.49 0.00
32 66692 9.20 22.29 0.00
33 58442 24.29 19.48 0.00
34 68283 18.39 22.78 0.00
35 22397 19.71 7.40 0.00
36 65333 23.36 21.78 0.00
37 69458 15.89 23.16 0.00
38 15130 13.01 5.04 0.00
39 69702 10.27 23.22 0.00
