0 27360 6.07 9.20 0.00
1 70094 19.46 23.34 0.00
2 60241 24.13 20.09 0.00
3 11833 13.32 3.93 0.00
5 71815 11.53 23.95 0.00
6 10348 14.86 3.47 0.00
7 31042 14.30 10.36 0.00
9 59624 22.49 19.80 0.00
11 73709 20.92 24.51 0.00
13 61110 21.10 20.34 0.00
15 67020 12.09 22.37 0.00
16 69361 6.12 23.11 0.00
18 72377 7.76 24.17 0.00
19 65929 22.96 21.98 0.00
20 55127 22.72 18.37 0.00
21 28624 12.43 9.54 0.00
22 46722 22.28 15.55 0.00
23 12191 19.14 4.05 0.00
24 72738 13.87 24.29 0.00
25 67065 16.51 22.34 0.00
26 65878 17.88 21.90 0.00
27 65019 21.95 21.67 0.00
28 71857 15.78 23.93 0.00
29 44647 24.75 14.87 0.00
31 72396 9.68 24.20 0.00
32 58594 9.48 19.53 0.00
33 64934 13.49 21.61 0.00
34 67299 9.96 22.44 0.00
35 72224 22.42 24.07 0.00
36 62186 8.66 20.72 0.00
37 51092 9.27 17.06 0.00
38 69429 12.91 23.19 0.00
39 63399 9.93 21.11 0.00
