2 31963 16.38 10.62 0.00
3 36525 22.52 12.10 0.00
4 33405 10.59 11.11 0.00
5 35163 6.40 11.77 0.00
6 40424 22.41 13.43 0.00
12 60822 22.20 20.29 0.00
13 29320 22.06 9.80 0.00
14 68622 22.27 22.90 0.00
15 33992 9.29 11.33 0.00
16 18372 7.24 6.15 0.00
17 70394 19.47 23.50 0.00
18 24967 6.71 8.35 0.00
19 32028 22.85 10.70 0.00
20 72425 12.60 24.16 0.00
21 34150 25.04 11.31 0.00
22 71863 16.34 24.00 0.00
23 55421 22.15 18.41 0.00
24 45661 6.10 15.24 0.00
25 38339 23.99 12.71 0.00
26 32339 23.96 10.75 0.00
28 50159 5.93 16.76 0.00
29 70076 17.63 23.38 0.00
31 30965 6.52 10.33 0.00
32 27747 14.80 9.22 0.00
33 46140 24.07 15.33 0.00
34 30100 10.08 10.09 0.00
36 65320 22.09 21.72 0.00
37 30422 12.28 10.10 0.00
38 72203 20.34 24.08 0.00
39 28332 13.25 9.46 0.00
