0 62759 5.90 21.00 0.00
1 45990 9.10 15.34 0.00
2 67434 23.41 22.40 0.00
3 33667 6.76 11.22 0.00
4 44939 23.98 14.93 0.00
7 32327 22.72 10.79 0.00
8 31415 21.59 10.41 0.00
9 69702 10.21 23.26 0.00
10 31152 25.25 10.31 0.00
12 53156 5.68 17.70 0.00
15 30536 23.69 10.13 0.00
16 28119 21.93 9.39 0.00
17 13992 19.29 4.69 0.00
18 53919 21.99 17.95 0.00
19 65284 18.45 21.76 0.00
20 38323 22.33 12.73 0.00
21 69446 14.63 23.11 0.00
22 50930 23.09 16.93 0.00
23 33656 5.63 11.26 0.00
24 58421 22.12 19.44 0.00
25 65550 15.01 21.83 0.00
26 65837 13.79 21.92 0.00
28 35018 21.85 11.64 0.00
29 68832 13.26 22.98 0.00
30 54841 24.19 18.24 0.00
31 71166 6.65 23.78 0.00
32 55753 25.39 18.50 0.00
33 58598 9.88 19.59 0.00
34 33245 24.56 11.00 0.00
36 64661 16.19 21.60 0.00
37 60851 25.11 20.28 0.00
38 28130 23.03 9.33 0.00
39 36242 24.24 12.06 0.00
