0 11871 17.19 3.91 0.00
1 27471 17.16 9.14 0.00
2 40742 24.26 13.55 0.00
3 20621 22.15 6.86 0.00
4 31421 22.19 10.43 0.00
5 14184 8.43 4.75 0.00
6 73914 11.49 24.64 0.00
7 30126 12.61 10.02 0.00
8 30711 11.16 10.26 0.00
9 70614 11.45 23.51 0.00
10 31952 15.23 10.68 0.00
11 23275 17.56 7.79 0.00
13 10023 12.37 3.33 0.00
16 60656 5.68 20.29 0.00
18 40256 5.64 13.48 0.00
20 44626 22.62 14.85 0.00
21 48993 9.37 16.30 0.00
22 34429 22.91 11.45 0.00
23 47618 21.86 15.85 0.00
24 33063 6.39 11.01 0.00
27 36962 6.21 12.34 0.00
28 71777 7.75 23.97 0.00
29 38189 8.95 12.79 0.00
30 36839 23.95 12.28 0.00
31 11257 15.75 3.73 0.00
32 70041 14.13 23.34 0.00
33 64932 13.27 21.62 0.00
35 8805 10.51 2.92 0.00
37 68827 12.75 22.95 0.00
38 71502 10.23 23.80 0.00
