0 73709 20.93 24.52 0.00
1 68881 18.13 22.93 0.00
2 57696 9.65 19.24 0.00
3 74512 11.21 24.81 0.00
4 65528 12.83 21.83 0.00
5 56016 21.61 18.67 0.00
7 67706 20.67 22.57 0.00
8 66229 22.92 22.02 0.00
9 34253 5.36 11.45 0.00
10 65917 21.74 21.96 0.00
12 36965 6.50 12.33 0.00
13 60813 21.33 20.28 0.00
14 46860 6.08 15.63 0.00
15 36692 9.24 12.29 0.00
16 60523 22.34 20.11 0.00
17 28866 6.64 9.68 0.00
18 70916 11.69 23.60 0.00
19 36404 10.45 12.19 0.00
20 11264 16.43 3.79 0.00
22 11580 18.06 3.90 0.00
23 67558 5.82 22.51 0.00
24 70904 10.40 23.68 0.00
25 29519 11.97 9.89 0.00
26 30108 10.86 10.09 0.00
27 29919 21.99 9.97 0.00
28 10948 14.82 3.67 0.00
30 66414 11.44 22.17 0.00
31 70126 22.70 23.39 0.00
32 28688 18.80 9.51 0.00
33 31683 18.30 10.59 0.00
34 32790 9.09 10.99 0.00
35 59934 23.50 19.97 0.00
36 32802 10.26 10.98 0.00
37 27501 20.11 9.12 0.00
38 8777 7.71 2.92 0.00
39 32523 12.37 10.89 0.00
