0 51652 5.29 17.28 0.00
3 23279 17.95 7.73 0.00
5 72780 18.06 24.25 0.00
6 21728 12.86 7.28 0.00
7 30209 20.95 10.01 0.00
8 32018 21.88 10.64 0.00
9 37719 21.99 12.54 0.00
10 35641 24.14 11.83 0.00
12 10626 12.62 3.54 0.00
14 13344 14.41 4.44 0.00
16 73030 13.06 24.33 0.00
17 12502 20.21 4.14 0.00
18 72450 15.07 24.11 0.00
20 32628 22.88 10.89 0.00
21 41494 9.47 13.86 0.00
22 28126 22.61 9.38 0.00
23 9109 10.98 3.05 0.00
25 64903 10.34 21.68 0.00
26 65217 11.77 21.70 0.00
27 41926 22.62 13.96 0.00
29 28138 23.89 9.32 0.00
30 40144 24.48 13.34 0.00
31 72164 16.49 24.07 0.00
32 68822 12.24 23.00 0.00
33 53194 9.48 17.79 0.00
34 68566 16.68 22.80 0.00
35 49425 22.55 16.47 0.00
36 46601 10.11 15.57 0.00
37 69400 10.03 23.19 0.00
38 70876 7.69 23.65 0.00
39 67645 14.50 22.51 0.00
