0 60353 5.37 20.18 0.00
1 68192 9.24 22.77 0.00
2 32297 19.72 10.75 0.00
3 27526 22.62 9.19 0.00
4 32511 11.15 10.90 0.00
5 45359 5.95 15.12 0.00
6 33228 22.82 11.03 0.00
7 55595 9.53 18.55 0.00
8 47801 10.16 15.96 0.00
9 71542 14.22 23.87 0.00
10 44200 10.05 14.71 0.00
11 72672 7.29 24.22 0.00
13 33817 21.71 11.30 0.00
15 41491 9.11 13.84 0.00
16 28265 6.55 9.40 0.00
18 35164 6.40 11.71 0.00
19 37444 24.42 12.49 0.00
20 73057 15.79 24.35 0.00
21 29339 23.95 9.76 0.00
23 45221 22.14 15.08 0.00
24 54359 5.99 18.17 0.00
25 48241 24.15 16.01 0.00
26 41943 24.37 13.92 0.00
27 70926 12.66 23.62 0.00
28 57961 6.17 19.34 0.00
30 39103 10.39 13.10 0.00
31 40561 6.12 13.59 0.00
32 28019 11.99 9.32 0.00
34 36992 9.29 12.33 0.00
35 71798 9.85 23.96 0.00
37 31620 12.07 10.54 0.00
38 74587 18.78 24.81 0.00
39 28606 10.62 9.53 0.00
