0 39516 21.68 13.18 0.00
1 28713 21.40 9.55 0.00
2 46444 24.43 15.44 0.00
3 63522 22.20 21.15 0.00
4 33211 21.15 11.01 0.00
5 12749 14.93 4.24 0.00
6 70723 22.39 23.53 0.00
7 32024 22.46 10.69 0.00
8 32872 17.21 10.91 0.00
9 72789 18.97 24.26 0.00
10 63545 24.54 21.11 0.00
11 42062 6.29 14.07 0.00
12 72167 16.78 24.08 0.00
14 71818 11.86 23.96 0.00
15 28131 23.12 9.38 0.00
16 10016 11.66 3.40 0.00
17 71201 10.14 23.75 0.00
18 10637 13.75 3.56 0.00
19 68035 23.58 22.66 0.00
20 72678 7.90 24.28 0.00
21 69159 15.94 23.06 0.00
22 70262 6.24 23.45 0.00
23 52121 22.11 17.34 0.00
24 40850 5.08 13.61 0.00
25 55437 23.80 18.41 0.00
26 64133 23.34 21.39 0.00
27 57357 5.73 19.12 0.00
28 24525 22.51 8.12 0.00
29 52006 10.63 17.31 0.00
30 47797 9.79 15.92 0.00
32 69478 17.89 23.13 0.00
33 65881 18.18 21.93 0.00
34 65654 25.41 21.89 0.00
35 41628 22.83 13.83 0.00
36 64935 13.55 21.69 0.00
37 67721 22.14 22.53 0.00
38 23297 19.80 7.71 0.00
39 69197 19.77 23.09 0.00
