6 37855 5.51 12.61 0.00
7 27075 7.60 9.09 0.00
8 80595 19.54 26.90 0.00
9 74048 24.88 24.69 0.00
10 27361 6.20 9.18 0.00
13 32162 6.21 10.71 0.00
14 29150 5.07 9.78 0.00
17 33350 5.04 11.19 0.00
24 13736 23.68 4.60 0.00
25 56582 18.29 18.81 0.00
26 35513 11.31 11.87 0.00
28 59862 16.28 19.92 0.00
30 17038 23.89 5.64 0.00
31 56870 17.03 18.97 0.00
33 39107 10.72 13.08 0.00
35 12253 25.39 4.05 0.00
37 11040 24.06 3.62 0.00
38 49567 6.75 16.52 0.00
73 81266 26.68 27.01 0.00
77 38373 27.39 12.76 0.00
81 23976 27.61 7.91 0.00
100 8745 4.51 2.92 0.00
