0 68477 7.74 22.85 0.00
1 31241 4.13 10.50 0.00
3 25241 4.18 8.42 0.00
4 39040 4.06 13.07 0.00
6 35455 5.52 11.89 0.00
7 35143 4.33 11.78 0.00
10 29796 9.69 9.99 0.00
11 61561 6.19 20.55 0.00
13 29183 8.40 9.79 0.00
23 43322 12.24 14.47 0.00
25 55320 12.02 18.45 0.00
26 43415 21.55 14.42 0.00
27 28955 15.51 9.64 0.00
28 26264 16.43 8.73 0.00
29 30167 16.73 10.05 0.00
31 32210 11.06 10.74 0.00
33 39523 22.34 13.12 0.00
36 56180 8.04 18.71 0.00
41 44773 7.33 14.98 0.00
52 65165 6.52 21.73 0.00
53 15969 6.99 5.38 0.00
59 71472 7.21 23.85 0.00
61 82252 5.24 27.42 0.00
89 74086 28.64 24.67 0.00
93 72294 29.48 24.01 0.00
