0 72403 10.36 24.12 0.00
1 62786 8.69 21.00 0.00
2 69784 18.45 23.22 0.00
3 55860 6.05 18.63 0.00
4 65335 23.58 21.76 0.00
5 73680 18.07 24.58 0.00
7 49448 24.84 16.47 0.00
8 41648 24.86 13.87 0.00
9 64256 5.62 21.47 0.00
10 45550 25.01 15.13 0.00
11 75212 21.25 25.00 0.00
12 33061 6.17 11.01 0.00
13 71257 15.77 23.78 0.00
14 13876 7.67 4.60 0.00
16 40423 22.39 13.48 0.00
17 12115 11.52 4.08 0.00
18 71611 21.10 23.83 0.00
19 64912 11.25 21.67 0.00
21 68011 21.15 22.66 0.00
23 36651 5.13 12.23 0.00
24 71297 19.75 23.79 0.00
25 57402 10.28 19.12 0.00
26 61299 9.93 20.41 0.00
27 60521 22.19 20.13 0.00
29 67094 19.41 22.31 0.00
30 65922 22.28 21.94 0.00
31 73044 14.41 24.33 0.00
32 41337 23.72 13.77 0.00
33 35797 9.79 11.95 0.00
35 74898 19.88 24.98 0.00
36 65200 10.07 21.73 0.00
37 45539 23.93 15.16 0.00
38 12193 19.38 4.02 0.00
