0 30966 6.68 10.31 0.00
1 65492 9.28 21.90 0.00
2 65513 11.33 21.88 0.00
3 22867 6.79 7.61 0.00
4 65884 18.41 21.95 0.00
5 68160 6.03 22.73 0.00
6 42366 6.61 14.11 0.00
7 54244 24.42 18.04 0.00
8 49740 24.02 16.56 0.00
9 45516 21.68 15.15 0.00
10 58446 24.66 19.47 0.00
11 56616 21.65 18.86 0.00
16 32155 5.57 10.78 0.00
18 74261 16.14 24.73 0.00
19 52297 9.79 17.48 0.00
20 69440 14.07 23.13 0.00
21 69530 23.07 23.17 0.00
22 70664 16.45 23.57 0.00
23 10021 12.13 3.39 0.00
24 72433 13.40 24.17 0.00
25 31005 10.56 10.38 0.00
26 36397 9.74 12.19 0.00
27 73047 14.72 24.37 0.00
28 59623 22.40 19.87 0.00
29 69202 20.22 23.02 0.00
30 64927 12.73 21.65 0.00
31 43555 5.50 14.57 0.00
32 37451 25.13 12.47 0.00
35 49853 5.33 16.70 0.00
36 48096 9.61 16.02 0.00
37 45550 25.10 15.11 0.00
38 51227 22.74 17.01 0.00
