0 73367 16.78 24.44 0.00
1 43901 10.16 14.68 0.00
2 60240 24.02 20.05 0.00
4 37444 24.49 12.45 0.00
5 71627 22.72 23.81 0.00
7 31660 16.09 10.53 0.00
8 31946 14.62 10.61 0.00
9 13717 21.72 4.54 0.00
10 31974 17.47 10.66 0.00
11 54823 22.36 18.27 0.00
12 24150 15.02 8.02 0.00
13 72815 21.54 24.27 0.00
14 24666 6.70 8.26 0.00
15 29596 19.65 9.81 0.00
16 73653 15.35 24.55 0.00
17 11198 9.90 3.77 0.00
18 73081 18.16 24.31 0.00
19 64742 24.25 21.53 0.00
20 12188 18.87 4.09 0.00
21 68896 19.61 22.96 0.00
22 11572 17.29 3.86 0.00
23 22112 21.27 7.38 0.00
24 60226 22.69 20.08 0.00
25 66815 21.59 22.21 0.00
26 65839 13.98 21.95 0.00
27 31425 22.51 10.46 0.00
28 11236 13.67 3.76 0.00
29 70025 12.59 23.32 0.00
30 46437 23.77 15.45 0.00
31 72500 20.02 24.16 0.00
32 30552 25.24 10.10 0.00
34 27523 22.36 9.12 0.00
35 46420 22.06 15.48 0.00
36 66228 22.90 22.03 0.00
37 47948 24.89 15.98 0.00
38 10317 11.79 3.42 0.00
39 29938 23.85 9.96 0.00
