1 60397 9.78 20.19 0.00
2 64599 9.96 21.59 0.00
5 14469 6.94 4.81 0.00
6 32623 22.36 10.90 0.00
7 65912 21.26 21.94 0.00
8 51839 23.95 17.30 0.00
9 73400 20.08 24.47 0.00
10 65298 19.84 21.74 0.00
11 42655 5.59 14.20 0.00
12 50320 22.04 16.72 0.00
13 31551 5.13 10.59 0.00
14 55125 22.59 18.31 0.00
17 73422 22.20 24.44 0.00
18 54659 5.93 18.24 0.00
19 31325 12.52 10.42 0.00
21 69503 20.38 23.11 0.00
23 38920 22.07 12.94 0.00
24 38458 5.87 12.83 0.00
25 31360 16.01 10.48 0.00
26 30439 14.00 10.16 0.00
27 33361 6.16 11.12 0.00
32 50652 25.26 16.85 0.00
33 30803 20.38 10.20 0.00
34 31451 25.15 10.46 0.00
35 14482 8.20 4.84 0.00
36 62789 8.92 20.92 0.00
37 54851 25.15 18.25 0.00
39 38646 24.61 12.83 0.00
