0 44016 21.64 14.63 0.00
1 29027 22.75 9.63 0.00
2 40745 24.50 13.52 0.00
3 67728 22.86 22.56 0.00
4 32595 19.51 10.82 0.00
6 72520 22.09 24.12 0.00
7 31711 21.17 10.52 0.00
9 72771 17.13 24.23 0.00
10 60246 24.60 20.05 0.00
11 37261 6.17 12.47 0.00
12 72148 14.81 24.02 0.00
13 9403 10.36 3.13 0.00
14 72099 9.94 24.08 0.00
15 28748 24.82 9.54 0.00
17 70882 8.26 23.69 0.00
19 67141 24.12 22.31 0.00
20 71161 6.16 23.74 0.00
21 68541 14.16 22.87 0.00
22 65458 5.90 21.83 0.00
23 47625 22.59 15.81 0.00
24 46249 4.92 15.43 0.00
25 49739 23.94 16.55 0.00
26 63539 23.99 21.12 0.00
27 51658 5.81 17.22 0.00
28 22721 22.11 7.53 0.00
29 48406 10.63 16.11 0.00
30 51397 9.78 17.14 0.00
31 13577 7.73 4.57 0.00
32 69760 16.04 23.21 0.00
33 65900 20.03 21.98 0.00
35 37126 22.62 12.39 0.00
36 64954 15.42 21.62 0.00
37 68318 21.81 22.79 0.00
39 69481 18.19 23.18 0.00
