1 69428 12.81 23.16 0.00
2 32630 23.06 10.88 0.00
3 16121 22.15 5.35 0.00
4 32536 13.62 10.86 0.00
5 55859 5.97 18.64 0.00
6 23324 22.42 7.70 0.00
9 71874 17.41 23.96 0.00
10 34899 9.98 11.62 0.00
11 73310 11.08 24.45 0.00
12 41018 21.89 13.63 0.00
13 40429 22.98 13.45 0.00
14 48218 21.81 16.06 0.00
17 57520 22.05 19.17 0.00
19 49445 24.53 16.48 0.00
20 72490 19.09 24.15 0.00
21 29016 21.66 9.66 0.00
22 71620 22.03 23.83 0.00
23 36818 21.85 12.20 0.00
24 63359 5.91 21.17 0.00
25 59041 24.16 19.68 0.00
26 53641 24.11 17.84 0.00
27 70662 16.21 23.54 0.00
28 68159 5.98 22.76 0.00
29 69240 24.03 23.00 0.00
30 31602 10.23 10.57 0.00
32 29792 9.22 9.92 0.00
33 65332 23.27 21.78 0.00
35 72737 13.73 24.21 0.00
36 64649 14.92 21.55 0.00
37 30410 11.09 10.18 0.00
38 75168 16.87 25.09 0.00
39 34288 8.87 11.48 0.00
