1 31594 9.45 10.54 0.00
2 65036 23.62 21.68 0.00
4 52142 24.24 17.34 0.00
5 34863 6.38 11.62 0.00
6 66966 6.61 22.38 0.00
7 30208 20.89 10.09 0.00
8 31396 19.64 10.46 0.00
9 72198 19.89 24.03 0.00
10 31723 22.31 10.59 0.00
11 28131 23.19 9.39 0.00
12 51522 22.23 17.12 0.00
13 23573 17.38 7.88 0.00
14 43126 22.70 14.37 0.00
15 41647 24.73 13.88 0.00
16 41154 5.49 13.78 0.00
17 61426 22.63 20.42 0.00
18 64256 5.60 21.49 0.00
20 63513 21.35 21.13 0.00
21 69107 10.72 23.06 0.00
22 56014 21.43 18.61 0.00
23 24518 21.84 8.15 0.00
24 56757 5.71 18.92 0.00
27 60658 5.87 20.23 0.00
29 64293 9.35 21.45 0.00
30 61139 23.94 20.38 0.00
31 13582 8.21 4.60 0.00
32 69829 22.99 23.29 0.00
33 51700 10.09 17.21 0.00
34 58753 25.32 19.56 0.00
35 12668 6.89 4.30 0.00
37 68312 21.26 22.80 0.00
39 64453 25.36 21.50 0.00
