0 26168 6.82 8.71 0.00
1 59787 8.75 19.91 0.00
2 65230 13.00 21.71 0.00
3 16573 7.35 5.57 0.00
5 62459 5.96 20.89 0.00
6 44764 6.41 14.96 0.00
7 48243 24.37 16.03 0.00
8 44041 24.19 14.67 0.00
10 52443 24.34 17.41 0.00
12 18516 21.65 6.19 0.00
13 31131 23.12 10.34 0.00
14 14620 22.00 4.83 0.00
15 28704 20.48 9.54 0.00
16 26457 5.76 8.80 0.00
17 34122 22.24 11.39 0.00
18 73943 14.35 24.61 0.00
19 58599 9.92 19.53 0.00
20 70651 15.16 23.59 0.00
23 10942 14.23 3.66 0.00
24 72116 11.65 24.09 0.00
25 35800 10.04 11.96 0.00
26 42996 9.69 14.31 0.00
27 72130 13.05 24.05 0.00
30 64644 14.47 21.57 0.00
31 40260 6.01 13.43 0.00
32 43754 25.44 14.51 0.00
33 31345 14.56 10.44 0.00
34 29349 24.93 9.75 0.00
35 43852 5.26 14.68 0.00
36 54396 9.66 18.14 0.00
37 50654 25.48 16.81 0.00
39 33551 25.19 11.14 0.00
