0 68765 6.53 22.92 0.00
3 36944 4.48 12.32 0.00
4 47452 5.21 15.86 0.00
6 33660 6.03 11.26 0.00
7 39052 5.24 13.08 0.00
10 33649 4.92 11.25 0.00
13 33037 3.80 11.09 0.00
16 84215 21.54 28.03 0.00
19 84105 10.58 28.06 0.00
20 27944 4.41 9.39 0.00
27 48117 11.74 16.09 0.00
28 44921 22.15 14.90 0.00
31 56607 20.76 18.87 0.00
59 36963 6.38 12.38 0.00
104 15503 20.36 5.16 0.00
108 78957 5.75 26.35 0.00
109 55275 7.59 18.50 0.00
110 67576 7.70 22.54 0.00
131 56972 27.20 18.98 0.00
138 9811 21.15 3.29 0.00
143 68129 2.96 22.73 0.00
154 83105 0.59 27.75 0.00
