0 68758 5.80 22.96 0.00
1 47353 25.37 15.79 0.00
2 65840 14.06 21.90 0.00
3 22731 23.14 7.53 0.00
6 23890 19.02 7.96 0.00
7 37145 24.53 12.34 0.00
8 43742 24.21 14.58 0.00
9 25120 22.06 8.39 0.00
11 37422 22.23 12.49 0.00
12 14482 8.24 4.88 0.00
13 72160 16.03 24.01 0.00
14 20822 12.30 6.97 0.00
17 9736 13.60 3.29 0.00
19 64901 10.12 21.63 0.00
20 21517 21.80 7.13 0.00
21 49302 10.28 16.43 0.00
22 12510 21.05 4.14 0.00
23 18070 7.09 6.02 0.00
25 48990 9.04 16.35 0.00
26 52597 9.77 17.55 0.00
27 28428 22.82 9.40 0.00
29 28080 18.06 9.37 0.00
33 37594 9.50 12.57 0.00
35 31723 22.36 10.57 0.00
36 31002 10.25 10.32 0.00
37 69155 15.53 23.04 0.00
38 58259 5.97 19.49 0.00
