2 35741 4.14 11.94 0.00
3 72083 8.35 24.10 0.00
4 81412 11.30 27.17 0.00
6 27370 7.10 9.18 0.00
7 27359 5.92 9.13 0.00
10 29776 7.67 9.98 0.00
13 26187 8.73 8.72 0.00
20 59455 5.58 19.89 0.00
24 16752 25.25 5.60 0.00
25 34917 11.77 11.62 0.00
26 48514 21.45 16.20 0.00
27 30786 18.62 10.26 0.00
30 14344 24.41 4.75 0.00
31 47218 11.87 15.77 0.00
33 44316 21.67 14.75 0.00
35 16165 26.52 5.34 0.00
37 13157 25.72 4.37 0.00
40 11967 26.73 3.99 0.00
59 5504 10.46 1.83 0.00
104 24565 26.52 8.11 0.00
110 49575 7.54 16.53 0.00
114 68171 7.14 22.77 0.00
132 46775 27.60 15.56 0.00
138 30577 27.79 10.19 0.00
146 12666 6.64 4.22 0.00
148 3048 4.82 1.00 0.00
156 77131 3.16 25.71 0.00
