3 6991 9.18 2.35 0.00
7 27690 9.07 9.28 0.00
16 80620 22.05 26.89 0.00
21 75854 25.49 25.22 0.00
23 52013 11.38 17.35 0.00
24 14072 27.22 4.66 0.00
25 55916 11.66 18.68 0.00
26 59595 19.55 19.85 0.00
28 41210 11.03 13.79 0.00
29 29555 15.55 9.89 0.00
30 13435 23.60 4.43 0.00
31 37323 12.39 12.48 0.00
33 26597 19.71 8.82 0.00
35 15550 25.07 5.13 0.00
37 11054 25.47 3.68 0.00
40 17373 27.33 5.76 0.00
131 24877 27.73 8.27 0.00
182 58577 7.73 19.58 0.00
187 89063 26.34 29.61 0.00
192 68370 27.08 22.76 0.00
213 11777 7.79 3.92 0.00
233 73187 28.78 24.35 0.00
