0 23581 18.18 7.83 0.00
1 68579 17.91 22.85 0.00
2 29875 17.51 9.96 0.00
3 10659 15.93 3.52 0.00
5 70892 9.21 23.62 0.00
6 11574 17.48 3.86 0.00
8 54684 8.49 18.22 0.00
9 53927 22.78 17.93 0.00
11 70730 23.01 23.57 0.00
12 24823 22.36 8.27 0.00
13 72469 16.97 24.11 0.00
14 29018 21.84 9.67 0.00
15 55295 9.56 18.43 0.00
16 62159 5.96 20.74 0.00
17 34121 22.19 11.38 0.00
18 72665 6.54 24.26 0.00
19 32302 20.27 10.72 0.00
20 44627 22.71 14.81 0.00
21 27497 19.79 9.13 0.00
22 39522 22.23 13.12 0.00
23 12493 19.32 4.15 0.00
24 56912 21.23 18.99 0.00
25 40748 24.81 13.51 0.00
26 44944 24.42 14.93 0.00
27 57224 22.41 19.09 0.00
28 61123 22.39 20.33 0.00
29 49137 23.78 16.32 0.00
30 55306 10.68 18.43 0.00
31 73421 22.19 24.43 0.00
33 48549 24.90 16.13 0.00
34 44492 9.24 14.88 0.00
35 64421 22.20 21.46 0.00
36 66831 23.11 22.21 0.00
38 49721 22.19 16.57 0.00
