0 72465 16.53 24.11 0.00
1 28106 20.66 9.31 0.00
3 47021 22.20 15.69 0.00
4 65219 11.98 21.73 0.00
5 37118 21.82 12.38 0.00
6 38929 22.94 12.90 0.00
7 65626 22.65 21.81 0.00
8 65311 21.18 21.75 0.00
9 10947 14.76 3.61 0.00
10 65273 17.30 21.78 0.00
11 12799 19.98 4.29 0.00
13 66362 6.26 22.17 0.00
16 68633 23.36 22.80 0.00
17 24368 6.86 8.20 0.00
18 57220 22.08 19.05 0.00
19 31008 10.81 10.32 0.00
20 11224 12.48 3.70 0.00
21 68828 12.87 22.92 0.00
22 11494 9.44 3.85 0.00
24 28424 22.50 9.42 0.00
25 31353 15.35 10.42 0.00
26 31636 13.61 10.51 0.00
27 10963 16.32 3.62 0.00
28 21817 21.71 7.27 0.00
29 34290 9.06 11.40 0.00
30 66159 15.91 22.10 0.00
31 53626 22.69 17.82 0.00
33 31991 19.16 10.62 0.00
35 11277 17.75 3.74 0.00
36 31716 21.67 10.60 0.00
37 69823 22.32 23.21 0.00
38 25256 5.63 8.46 0.00
