0 68085 28.56 22.61 0.00
2 73579 7.97 24.59 0.00
5 34279 7.93 11.44 0.00
6 29756 5.68 9.94 0.00
7 29737 3.76 9.92 0.00
10 27071 7.14 9.03 0.00
11 72559 25.94 24.13 0.00
13 30671 7.19 10.22 0.00
18 63660 6.05 21.30 0.00
20 46840 4.05 15.67 0.00
23 53912 21.21 17.99 0.00
25 45816 21.60 15.28 0.00
26 39713 11.31 13.22 0.00
29 55619 11.99 18.52 0.00
31 57817 21.80 19.21 0.00
33 47210 11.05 15.78 0.00
36 16689 19.00 5.51 0.00
38 81872 27.29 27.25 0.00
44 58768 26.85 19.60 0.00
59 30647 4.71 10.26 0.00
88 82508 0.88 27.58 0.00
96 75634 3.49 25.23 0.00
98 76223 2.30 25.44 0.00
14 60598 29.86 20.13 0.00
