1 21954 5.41 7.32 0.00
3 85369 16.99 28.42 0.00
4 72273 27.37 24.05 0.00
6 30069 6.93 10.01 0.00
7 33347 4.78 11.19 0.00
10 28002 10.24 9.34 0.00
13 28288 8.82 9.42 0.00
14 81768 16.89 27.28 0.00
20 84189 18.98 28.09 0.00
23 52017 11.73 17.40 0.00
25 56535 13.51 18.83 0.00
26 59229 12.94 19.79 0.00
28 27451 15.18 9.18 0.00
31 31923 12.36 10.62 0.00
33 42823 22.36 14.23 0.00
43 71947 24.75 24.00 0.00
53 22841 4.15 7.66 0.00
59 61259 5.97 20.48 0.00
185 80753 5.36 26.97 0.00
187 49578 7.86 16.59 0.00
192 73571 7.17 24.57 0.00
210 54871 27.20 18.29 0.00
213 50673 27.39 16.85 0.00
218 27878 27.80 9.27 0.00
228 6425 12.54 2.14 0.00
229 19834 3.46 6.61 0.00
231 743 14.37 0.30 0.00
