4 69270 27.09 23.06 0.00
6 38748 4.84 12.99 0.00
7 27656 5.62 9.30 0.00
9 22247 4.76 7.44 0.00
10 29477 7.74 9.84 0.00
11 81095 9.55 27.03 0.00
13 30662 6.29 10.23 0.00
16 62158 5.83 20.71 0.00
23 34710 21.01 11.56 0.00
25 29838 13.86 9.98 0.00
26 58016 11.62 19.36 0.00
27 38017 21.73 12.68 0.00
28 26900 20.09 8.91 0.00
29 31105 20.54 10.39 0.00
31 32223 12.37 10.72 0.00
33 59303 20.32 19.77 0.00
59 16858 5.89 5.62 0.00
104 89747 4.79 29.99 0.00
146 54975 7.55 18.37 0.00
170 10089 18.95 3.38 0.00
175 23733 3.39 7.96 0.00
184 86702 0.25 28.93 0.00
194 72596 29.66 24.19 0.00
196 75894 29.49 25.25 0.00
