0 73309 10.91 24.47 0.00
1 60255 25.54 20.02 0.00
3 71797 9.77 23.93 0.00
4 32800 10.06 10.94 0.00
5 70117 21.78 23.37 0.00
6 59751 5.14 19.97 0.00
7 63400 10.04 21.17 0.00
8 65223 12.34 21.71 0.00
9 11508 10.84 3.82 0.00
10 58898 9.84 19.65 0.00
11 69715 11.58 23.21 0.00
12 33664 6.45 11.24 0.00
13 74885 18.53 24.90 0.00
14 29465 6.56 9.87 0.00
15 54688 8.83 18.26 0.00
16 73322 12.28 24.48 0.00
17 13276 7.67 4.47 0.00
20 45659 5.93 15.26 0.00
22 51659 5.99 17.21 0.00
23 51349 4.93 17.17 0.00
24 46122 22.24 15.36 0.00
25 50644 24.48 16.83 0.00
26 43144 24.48 14.35 0.00
27 41622 22.23 13.88 0.00
28 12181 18.17 4.07 0.00
31 72466 16.66 24.13 0.00
32 29793 9.32 9.97 0.00
33 66541 24.13 22.16 0.00
34 39993 9.34 13.31 0.00
35 71580 18.07 23.85 0.00
37 28605 10.51 9.51 0.00
38 13055 15.53 4.35 0.00
39 33387 8.78 11.15 0.00
