2 48041 4.14 16.02 0.00
3 17144 4.44 5.77 0.00
6 36660 6.04 12.24 0.00
7 29752 5.29 9.99 0.00
8 16855 5.59 5.69 0.00
10 26183 8.38 8.79 0.00
12 24345 4.53 8.11 0.00
13 35442 4.20 11.87 0.00
17 20451 5.18 6.89 0.00
20 33653 5.33 11.29 0.00
23 58400 20.04 19.44 0.00
25 36515 21.57 12.15 0.00
28 28669 16.94 9.59 0.00
31 42810 21.08 14.26 0.00
33 50022 22.22 16.63 0.00
43 67278 7.86 22.41 0.00
53 81214 21.41 27.07 0.00
59 71666 26.69 23.85 0.00
187 19231 3.12 6.49 0.00
199 87905 0.56 29.38 0.00
203 78333 3.36 26.11 0.00
204 72357 5.73 24.15 0.00
205 76245 4.51 25.43 0.00
208 79516 1.65 26.59 0.00
219 71995 29.59 24.00 0.00
1 62398 29.80 20.80 0.00
