0 81728 12.83 27.30 0.00
1 72563 26.32 24.19 0.00
3 64796 29.65 21.51 0.00
4 68678 27.84 22.82 0.00
10 28583 8.32 9.51 0.00
11 80516 11.64 26.88 0.00
23 55932 13.27 18.63 0.00
24 12842 24.24 4.27 0.00
25 55947 14.74 18.68 0.00
26 26854 15.48 8.91 0.00
27 37321 12.11 12.48 0.00
28 60416 11.61 20.14 0.00
29 45420 12.04 15.18 0.00
30 16738 23.87 5.52 0.00
31 57472 17.20 19.19 0.00
33 27135 13.57 9.07 0.00
35 11056 25.68 3.70 0.00
37 12867 26.73 4.26 0.00
40 15557 25.77 5.18 0.00
53 61791 29.11 20.54 0.00
100 14378 27.81 4.73 0.00
