0 72417 11.73 24.13 0.00
1 66090 9.06 22.10 0.00
2 67374 17.42 22.44 0.00
3 58862 6.23 19.63 0.00
4 65325 22.55 21.77 0.00
5 74890 19.01 24.93 0.00
6 21518 21.80 7.20 0.00
7 53343 24.32 17.70 0.00
8 44650 25.02 14.87 0.00
9 60952 5.27 20.34 0.00
10 48846 24.62 16.26 0.00
11 74024 22.40 24.66 0.00
12 29159 5.94 9.70 0.00
13 72467 16.71 24.12 0.00
14 15974 7.40 5.31 0.00
15 29257 15.73 9.80 0.00
16 44322 22.20 14.78 0.00
17 11502 10.23 3.85 0.00
18 71600 20.01 23.87 0.00
19 63706 10.67 21.28 0.00
20 24523 22.33 8.18 0.00
21 69222 22.25 23.01 0.00
22 29924 22.41 9.94 0.00
24 70987 18.76 23.69 0.00
26 57397 9.78 19.16 0.00
27 56321 22.18 18.79 0.00
28 21529 23.00 7.12 0.00
29 68305 20.57 22.74 0.00
30 65312 21.29 21.74 0.00
31 73055 15.54 24.38 0.00
32 38342 24.29 12.77 0.00
33 32199 9.96 10.73 0.00
34 28379 17.98 9.41 0.00
35 74909 20.98 24.93 0.00
36 61298 9.81 20.40 0.00
37 43139 23.94 14.36 0.00
38 11580 18.06 3.85 0.00
39 30203 20.40 10.05 0.00
