0 44016 21.62 14.64 0.00
1 27213 21.38 9.04 0.00
2 31308 10.85 10.41 0.00
3 56448 4.84 18.86 0.00
5 73374 17.45 24.43 0.00
6 43545 4.52 14.59 0.00
7 65553 15.35 21.82 0.00
8 66169 16.95 22.03 0.00
9 36824 22.49 12.25 0.00
11 68327 22.74 22.78 0.00
12 8808 10.80 2.94 0.00
13 71289 18.91 23.79 0.00
14 42057 5.73 14.06 0.00
15 54248 24.87 18.04 0.00
17 11573 17.38 3.87 0.00
18 73016 11.61 24.34 0.00
19 31367 16.79 10.48 0.00
20 32622 22.24 10.85 0.00
22 19725 22.53 6.51 0.00
23 12975 7.54 4.32 0.00
24 73723 22.34 24.50 0.00
25 29899 19.98 9.95 0.00
26 33204 20.44 11.06 0.00
27 44027 22.76 14.65 0.00
29 27406 10.62 9.19 0.00
31 73033 13.37 24.32 0.00
32 65635 23.59 21.86 0.00
33 36541 24.12 12.13 0.00
34 60847 24.78 20.27 0.00
35 58424 22.49 19.47 0.00
36 30181 18.12 10.08 0.00
37 69771 17.15 23.21 0.00
38 14581 18.15 4.88 0.00
39 65049 24.90 21.65 0.00
