0 53139 3.97 17.71 0.00
3 23745 4.57 7.95 0.00
4 33048 4.82 11.01 0.00
6 29756 5.61 9.92 0.00
7 37547 4.74 12.56 0.00
9 68091 29.13 22.60 0.00
10 34560 6.03 11.53 0.00
11 78383 8.30 26.11 0.00
16 84755 15.52 28.30 0.00
19 71471 7.15 23.81 0.00
20 14163 6.31 4.76 0.00
23 57189 18.92 19.10 0.00
24 12564 26.46 4.19 0.00
26 49315 11.53 16.46 0.00
27 57446 14.61 19.16 0.00
28 59915 21.51 19.99 0.00
29 57468 16.88 19.20 0.00
30 16167 26.77 5.33 0.00
33 54416 11.70 18.20 0.00
35 12516 21.68 4.17 0.00
37 15281 28.18 5.10 0.00
40 12549 24.97 4.16 0.00
59 46253 5.33 15.43 0.00
104 15143 14.36 5.06 0.00
108 61566 6.66 20.56 0.00
109 42981 8.15 14.35 0.00
132 11631 23.18 3.82 0.00
138 4954 15.46 1.61 0.00
148 235 23.57 0.05 0.00
