8 80850 15.04 26.93 0.00
9 81511 21.15 27.19 0.00
12 69371 7.11 23.11 0.00
21 65466 6.64 21.83 0.00
23 55023 12.32 18.37 0.00
24 13462 26.25 4.47 0.00
25 56546 14.68 18.80 0.00
26 48110 11.05 16.05 0.00
28 57799 19.91 19.24 0.00
30 15840 24.00 5.29 0.00
31 57734 13.44 19.24 0.00
33 52308 10.85 17.50 0.00
35 11672 27.25 3.85 0.00
37 13107 20.79 4.34 0.00
38 61258 5.85 20.49 0.00
40 14380 28.05 4.72 0.00
44 50478 7.89 16.81 0.00
53 70284 8.47 23.45 0.00
77 51869 26.98 17.28 0.00
81 37176 27.66 12.31 0.00
105 1442 24.29 0.42 0.00
107 72656 5.62 24.26 0.00
