2 56147 4.73 18.79 0.00
6 42058 5.86 14.03 0.00
14 83847 14.76 27.95 0.00
16 1354 15.48 0.45 0.00
20 39647 4.73 13.21 0.00
23 53013 21.35 17.69 0.00
24 16478 27.85 5.49 0.00
25 29902 20.25 9.99 0.00
26 61018 11.80 20.31 0.00
27 56871 17.16 18.94 0.00
28 26297 19.71 8.75 0.00
29 56890 19.08 18.93 0.00
30 10164 26.44 3.37 0.00
31 34109 20.98 11.31 0.00
33 57821 22.19 19.25 0.00
37 12571 27.18 4.19 0.00
40 15260 26.06 5.07 0.00
43 60367 6.74 20.10 0.00
53 76134 23.46 25.31 0.00
59 77647 24.71 25.89 0.00
131 216 21.68 0.07 0.00
182 26974 27.42 8.99 0.00
183 84628 2.81 28.28 0.00
185 6110 11.00 2.04 0.00
199 87905 0.57 29.38 0.00
203 71447 4.76 23.82 0.00
204 72062 6.24 24.05 0.00
205 74451 5.14 24.86 0.00
