0 63363 6.40 21.11 0.00
1 24339 3.99 8.19 0.00
2 4890 9.08 1.65 0.00
3 18052 5.25 6.03 0.00
4 31837 3.77 10.68 0.00
6 33049 4.98 11.08 0.00
7 28253 5.31 9.45 0.00
10 29493 9.30 9.83 0.00
11 56453 5.32 18.87 0.00
13 29178 7.86 9.75 0.00
23 52321 12.10 17.48 0.00
24 9568 26.84 3.19 0.00
25 57443 14.36 19.17 0.00
26 52116 21.64 17.39 0.00
28 26888 18.89 8.90 0.00
30 15585 28.56 5.18 0.00
31 39710 11.05 13.20 0.00
33 48524 22.42 16.13 0.00
35 12877 27.76 4.25 0.00
36 65178 7.87 21.72 0.00
37 13756 25.69 4.53 0.00
38 10753 25.38 3.52 0.00
41 37574 7.42 12.55 0.00
52 57666 6.62 19.23 0.00
53 21656 5.66 7.25 0.00
59 75383 8.37 25.12 0.00
61 73555 5.52 24.54 0.00
77 573 27.36 0.15 0.00
40 11693 29.37 3.82 0.00
