0 51351 5.18 17.12 0.00
2 74038 23.87 24.67 0.00
6 30358 5.83 10.13 0.00
7 26158 5.83 8.77 0.00
10 29789 8.95 9.98 0.00
11 46242 4.28 15.44 0.00
13 28278 7.86 9.44 0.00
14 21057 5.71 7.02 0.00
16 26747 4.72 8.92 0.00
19 30644 4.50 10.29 0.00
20 77620 22.10 25.81 0.00
23 29868 16.86 9.97 0.00
24 13701 20.13 4.53 0.00
25 30450 15.10 10.17 0.00
26 57110 11.02 19.00 0.00
27 41607 20.76 13.82 0.00
28 47016 21.69 15.69 0.00
29 30808 20.87 10.26 0.00
31 31317 11.73 10.45 0.00
43 9985 8.51 3.37 0.00
59 80626 22.69 26.83 0.00
73 57962 6.24 19.33 0.00
77 55875 7.56 18.67 0.00
81 72976 7.65 24.37 0.00
100 57572 27.22 19.18 0.00
110 15933 3.36 5.39 0.00
117 74452 5.25 24.89 0.00
120 82503 0.39 27.54 0.00
122 69945 4.60 23.35 0.00
123 73840 4.04 24.64 0.00
125 78915 1.50 26.39 0.00
