3 62459 5.98 20.81 0.00
6 26471 7.10 8.86 0.00
7 30359 5.92 10.15 0.00
10 27950 5.06 9.37 0.00
13 30069 6.95 10.09 0.00
20 70569 6.97 23.60 0.00
23 47911 21.12 15.96 0.00
24 14978 27.80 4.94 0.00
25 38016 21.61 12.60 0.00
27 40622 12.24 13.57 0.00
28 51221 22.18 17.02 0.00
29 56230 13.01 18.76 0.00
30 15565 26.51 5.13 0.00
31 57781 18.14 19.24 0.00
33 60429 12.98 20.11 0.00
35 17974 27.49 5.95 0.00
37 11383 28.39 3.71 0.00
40 15290 29.08 5.00 0.00
185 51673 7.30 17.24 0.00
210 11969 26.98 3.95 0.00
213 12258 25.83 4.04 0.00
227 5784 8.46 1.93 0.00
228 6344 4.43 2.11 0.00
