3 40245 4.59 13.49 0.00
6 30973 7.33 10.36 0.00
7 27374 7.40 9.16 0.00
10 35748 4.88 11.92 0.00
13 29763 6.31 9.95 0.00
20 51038 3.89 17.02 0.00
23 30497 19.70 10.15 0.00
24 17663 26.39 5.82 0.00
26 27205 20.51 9.06 0.00
27 56835 13.58 18.93 0.00
28 59880 18.07 19.99 0.00
29 57199 19.94 19.09 0.00
30 13799 29.99 4.55 0.00
31 44610 21.05 14.89 0.00
33 44514 11.47 14.80 0.00
35 14086 28.66 4.68 0.00
37 11625 22.57 3.88 0.00
40 14658 25.88 4.86 0.00
182 63063 6.32 21.03 0.00
210 10107 20.76 3.34 0.00
213 10092 19.28 3.31 0.00
218 2799 9.93 0.95 0.00
227 15935 3.58 5.32 0.00
