0 25129 22.92 8.33 0.00
1 42550 25.09 14.17 0.00
2 54099 9.93 18.09 0.00
3 31253 5.33 10.48 0.00
4 66137 13.70 22.09 0.00
5 72395 9.58 24.17 0.00
6 21357 5.76 7.19 0.00
12 12798 19.89 4.24 0.00
13 71206 10.67 23.75 0.00
14 63650 5.07 21.30 0.00
16 56460 6.04 18.86 0.00
17 24516 21.68 8.18 0.00
18 60958 5.89 20.39 0.00
19 38203 10.34 12.76 0.00
21 48390 9.05 16.11 0.00
22 42226 22.70 14.04 0.00
23 10952 15.28 3.66 0.00
24 73335 13.52 24.43 0.00
25 29217 11.79 9.72 0.00
26 32820 12.01 10.90 0.00
28 70346 14.60 23.41 0.00
29 27784 18.43 9.24 0.00
31 64863 6.40 21.61 0.00
33 32562 16.28 10.81 0.00
36 31294 9.49 10.44 0.00
37 70618 11.83 23.50 0.00
38 28118 21.84 9.40 0.00
