0 30335 3.58 10.20 0.00
3 8489 8.91 2.81 0.00
4 14166 6.64 4.74 0.00
6 32146 4.70 10.72 0.00
7 27660 6.09 9.24 0.00
10 30956 5.67 10.38 0.00
11 58547 4.73 19.59 0.00
13 28548 4.88 9.52 0.00
16 81089 8.92 27.07 0.00
19 50741 4.14 16.96 0.00
23 43108 20.85 14.35 0.00
25 32317 21.74 10.75 0.00
27 58110 21.02 19.37 0.00
28 59557 15.72 19.82 0.00
29 47908 20.84 15.96 0.00
30 15806 20.67 5.28 0.00
33 31912 11.29 10.69 0.00
35 12252 25.25 4.03 0.00
37 13418 21.84 4.48 0.00
53 17173 7.34 5.71 0.00
59 67574 7.50 22.53 0.00
104 21086 8.62 7.03 0.00
108 51975 7.60 17.35 0.00
109 63076 7.65 21.07 0.00
131 17072 27.30 5.65 0.00
138 2785 8.53 0.94 0.00
143 28525 2.54 9.51 0.00
146 827 22.77 0.25 0.00
