0 78537 23.70 26.11 0.00
1 78693 9.33 26.30 0.00
2 57950 5.05 19.32 0.00
3 76579 8.00 25.59 0.00
5 50777 7.75 16.92 0.00
6 29187 8.80 9.79 0.00
7 26480 8.01 8.85 0.00
10 35152 5.22 11.77 0.00
11 81809 20.98 27.23 0.00
13 40854 5.41 13.69 0.00
18 46266 6.60 15.44 0.00
20 31844 4.45 10.62 0.00
23 36212 21.21 12.05 0.00
25 29308 20.85 9.75 0.00
26 28635 13.54 9.50 0.00
27 58086 18.68 19.37 0.00
31 40123 22.32 13.37 0.00
33 29808 10.89 9.97 0.00
38 63879 27.95 21.26 0.00
59 34537 3.75 11.55 0.00
88 73840 4.01 24.66 0.00
90 80424 2.46 26.83 0.00
96 77716 1.60 25.91 0.00
98 83701 0.12 27.93 0.00
