0 79125 22.53 26.38 0.00
6 39340 4.06 13.16 0.00
7 42336 3.65 14.15 0.00
8 39352 5.28 13.17 0.00
9 54344 4.49 18.17 0.00
10 29451 5.14 9.83 0.00
11 81513 21.34 27.19 0.00
12 6990 9.04 2.35 0.00
13 36043 4.35 12.06 0.00
14 1056 15.62 0.38 0.00
16 80521 12.17 26.89 0.00
19 82334 13.49 27.49 0.00
21 1598 9.90 0.51 0.00
23 52411 21.17 17.41 0.00
25 45208 20.82 15.06 0.00
27 57164 16.41 19.08 0.00
28 31612 11.21 10.57 0.00
29 57788 18.82 19.25 0.00
36 44774 7.41 14.93 0.00
53 76147 24.78 25.39 0.00
59 67271 7.11 22.50 0.00
104 20136 3.66 6.74 0.00
105 15941 4.17 5.33 0.00
108 132 13.22 0.04 0.00
112 75050 5.09 25.01 0.00
124 75591 29.12 25.13 0.00
109 169 16.99 0.07 0.00
