6 36658 5.88 12.22 0.00
7 27361 6.20 9.18 0.00
8 80609 20.93 26.81 0.00
9 71661 26.11 23.84 0.00
10 29451 5.10 9.82 0.00
12 81695 9.54 27.25 0.00
13 33358 5.89 11.17 0.00
14 33047 4.76 11.00 0.00
17 36648 4.80 12.30 0.00
21 76882 8.21 25.64 0.00
25 56295 19.55 18.71 0.00
26 31614 11.47 10.52 0.00
27 50820 12.01 16.95 0.00
31 57482 18.28 19.12 0.00
33 34606 10.65 11.52 0.00
38 46567 6.75 15.51 0.00
44 67578 7.83 22.56 0.00
53 61561 6.17 20.51 0.00
73 76766 26.66 25.56 0.00
85 89728 2.89 29.98 0.00
107 82211 1.10 27.48 0.00
