1 50193 9.37 16.75 0.00
3 71240 14.08 23.75 0.00
4 32540 14.03 10.84 0.00
5 9114 11.47 3.03 0.00
6 70964 16.47 23.63 0.00
7 45104 10.42 15.06 0.00
8 40303 10.38 13.41 0.00
9 42662 6.21 14.26 0.00
10 31601 10.10 10.58 0.00
11 28265 6.57 9.50 0.00
12 73656 15.69 24.58 0.00
13 33354 5.40 11.10 0.00
14 69222 22.22 23.08 0.00
15 28931 13.18 9.61 0.00
17 71189 8.95 23.75 0.00
19 43141 24.14 14.36 0.00
20 46858 5.83 15.65 0.00
21 52753 25.40 17.51 0.00
22 59460 6.02 19.87 0.00
23 74574 17.42 24.85 0.00
24 12093 9.31 4.05 0.00
25 60540 24.05 20.13 0.00
26 56641 24.11 18.86 0.00
27 38462 6.29 12.85 0.00
28 23861 16.10 7.99 0.00
29 67341 14.14 22.43 0.00
30 31921 12.14 10.60 0.00
33 63839 23.95 21.29 0.00
34 28944 14.50 9.62 0.00
35 34565 6.59 11.50 0.00
36 67136 23.65 22.35 0.00
38 66661 6.10 22.24 0.00
