0 59325 22.56 19.75 0.00
3 72488 18.88 24.20 0.00
4 66245 24.51 22.05 0.00
5 35620 22.06 11.89 0.00
7 38944 24.44 12.92 0.00
8 35039 23.97 11.66 0.00
9 17826 12.66 5.97 0.00
10 48244 24.43 16.09 0.00
11 26618 21.86 8.87 0.00
12 28433 23.32 9.47 0.00
13 44622 22.22 14.89 0.00
14 61561 6.13 20.56 0.00
15 33701 10.18 11.23 0.00
16 62926 22.68 20.94 0.00
17 38762 6.30 12.93 0.00
18 55123 22.39 18.31 0.00
20 15980 8.07 5.30 0.00
21 61745 24.59 20.53 0.00
22 12672 7.29 4.26 0.00
23 41932 23.23 13.98 0.00
24 30223 22.34 10.09 0.00
25 63701 10.15 21.29 0.00
26 43598 9.89 14.60 0.00
28 23167 6.74 7.79 0.00
29 70735 23.53 23.51 0.00
30 66531 23.11 22.19 0.00
31 49723 22.36 16.60 0.00
32 28644 14.40 9.52 0.00
33 28006 10.60 9.33 0.00
34 30113 11.39 10.03 0.00
35 14014 21.48 4.63 0.00
36 65513 11.38 21.82 0.00
37 27203 20.30 9.03 0.00
38 32763 6.32 10.92 0.00
39 30430 13.04 10.15 0.00
