0 10001 10.15 3.40 0.00
4 31606 10.64 10.50 0.00
5 23166 6.70 7.78 0.00
7 51999 9.99 17.31 0.00
8 57098 9.88 19.10 0.00
9 52417 21.77 17.48 0.00
10 41203 10.32 13.75 0.00
11 40258 5.89 13.42 0.00
12 70353 15.33 23.45 0.00
13 15673 7.36 5.30 0.00
14 47327 22.74 15.79 0.00
15 68313 21.34 22.72 0.00
16 9120 12.07 3.08 0.00
17 67124 22.40 22.34 0.00
18 23549 14.98 7.88 0.00
20 73045 14.54 24.39 0.00
21 28595 9.51 9.60 0.00
22 73633 13.31 24.57 0.00
23 71505 10.52 23.89 0.00
24 23266 16.61 7.77 0.00
25 33250 25.05 11.02 0.00
26 40750 25.04 13.59 0.00
27 54353 5.37 18.16 0.00
28 73957 15.74 24.69 0.00
29 27730 13.02 9.28 0.00
30 32231 13.18 10.80 0.00
31 12984 8.40 4.38 0.00
32 66745 14.54 22.25 0.00
33 59940 24.00 19.96 0.00
34 67695 19.55 22.52 0.00
35 36362 6.25 12.10 0.00
37 68203 10.38 22.75 0.00
38 72808 20.88 24.25 0.00
39 67973 17.33 22.67 0.00
