0 59754 5.42 19.97 0.00
1 28691 19.10 9.54 0.00
2 32000 20.05 10.67 0.00
3 29465 6.54 9.87 0.00
5 72379 7.97 24.19 0.00
6 19569 6.93 6.52 0.00
7 57397 9.76 19.14 0.00
8 61599 9.98 20.55 0.00
9 58423 22.32 19.44 0.00
10 49900 10.02 16.70 0.00
12 13392 19.21 4.44 0.00
13 70565 6.58 23.58 0.00
15 50042 24.30 16.64 0.00
16 55257 5.77 18.49 0.00
17 19425 22.56 6.47 0.00
18 63358 5.88 21.16 0.00
19 32012 21.26 10.62 0.00
20 48224 22.43 16.05 0.00
21 55887 8.72 18.70 0.00
22 43121 22.17 14.38 0.00
24 71823 12.32 24.00 0.00
25 35943 24.32 11.91 0.00
26 60838 23.87 20.26 0.00
28 32626 22.61 10.86 0.00
29 36994 9.44 12.37 0.00
31 67258 5.81 22.49 0.00
32 69537 23.76 23.16 0.00
33 66218 21.84 22.07 0.00
34 59650 25.10 19.80 0.00
35 71264 16.41 23.79 0.00
36 31139 23.90 10.34 0.00
37 68286 18.67 22.72 0.00
38 29021 22.16 9.67 0.00
39 67148 24.85 22.34 0.00
