0 13865 6.54 4.61 0.00
2 6468 16.83 2.13 0.00
6 36047 4.79 12.09 0.00
7 27965 6.57 9.39 0.00
8 82709 20.98 27.58 0.00
9 83848 14.81 27.96 0.00
10 28280 8.00 9.46 0.00
11 36334 3.47 12.11 0.00
12 70172 27.24 23.32 0.00
13 39640 4.08 13.22 0.00
16 64261 6.14 21.41 0.00
19 27942 4.25 9.38 0.00
25 29246 14.65 9.71 0.00
28 47212 11.24 15.75 0.00
31 40024 12.41 13.34 0.00
53 39056 5.60 13.06 0.00
59 79927 12.77 26.67 0.00
104 41181 8.13 13.77 0.00
105 57063 6.35 19.04 0.00
108 77778 7.87 25.99 0.00
114 83666 26.64 27.86 0.00
132 3686 8.64 1.22 0.00
138 19550 5.05 6.53 0.00
143 8741 4.10 2.98 0.00
145 72060 6.08 24.05 0.00
109 87373 7.32 29.19 0.00
