6 26175 7.57 8.76 0.00
7 29156 5.66 9.75 0.00
10 28268 6.83 9.45 0.00
13 32761 6.18 10.93 0.00
14 80827 12.74 26.95 0.00
17 80559 15.91 26.90 0.00
24 13713 21.33 4.58 0.00
26 55723 22.36 18.50 0.00
27 30497 19.76 10.13 0.00
28 27186 18.67 9.06 0.00
29 30211 21.16 10.06 0.00
30 15874 27.50 5.28 0.00
33 50021 22.10 16.66 0.00
35 11017 21.80 3.60 0.00
37 10757 25.70 3.59 0.00
40 11995 29.53 3.94 0.00
53 6701 10.12 2.26 0.00
73 14643 24.36 4.85 0.00
81 3995 9.53 1.32 0.00
84 26425 2.52 8.83 0.00
85 24635 3.55 8.21 0.00
100 563 26.40 0.16 0.00
