0 1055 15.53 0.38 0.00
6 28870 7.01 9.69 0.00
7 26155 5.54 8.73 0.00
8 61866 6.62 20.61 0.00
10 33058 5.80 11.08 0.00
12 79899 9.98 26.67 0.00
13 29457 5.74 9.85 0.00
16 11769 6.91 3.95 0.00
17 83262 16.23 27.71 0.00
21 85335 13.51 28.40 0.00
23 56585 18.55 18.87 0.00
25 56897 19.78 18.98 0.00
26 60471 17.16 20.13 0.00
27 54716 11.70 18.27 0.00
28 32321 22.19 10.76 0.00
29 57173 17.34 19.01 0.00
30 16739 23.99 5.54 0.00
31 42812 21.27 14.22 0.00
33 60485 18.51 20.17 0.00
37 13448 24.88 4.40 0.00
53 80220 12.01 26.78 0.00
110 66868 26.85 22.22 0.00
131 17456 5.63 5.81 0.00
132 673 7.37 0.29 0.00
142 78638 3.82 26.22 0.00
105 88273 7.31 29.42 0.00
138 115 11.54 0.07 0.00
