3 11479 7.97 3.81 0.00
7 29191 9.19 9.71 0.00
16 75242 24.24 25.09 0.00
21 71370 27.01 23.76 0.00
23 44217 11.74 14.79 0.00
24 15876 27.67 5.29 0.00
25 48415 11.55 16.16 0.00
26 58419 21.95 19.42 0.00
28 46905 10.51 15.67 0.00
29 30484 18.41 10.13 0.00
30 13106 20.61 4.35 0.00
31 29828 12.87 10.00 0.00
33 26869 16.92 8.97 0.00
35 14321 22.10 4.76 0.00
37 11984 28.42 3.91 0.00
40 16146 24.63 5.30 0.00
182 49577 7.77 16.54 0.00
192 76772 27.27 25.53 0.00
210 4617 11.79 1.52 0.00
237 71999 29.98 24.00 0.00
