6 32753 5.39 10.99 0.00
7 34244 4.42 11.46 0.00
8 73444 24.45 24.41 0.00
9 64789 28.95 21.51 0.00
10 37250 5.01 12.48 0.00
12 83539 14.00 27.89 0.00
13 29770 7.04 9.94 0.00
14 40851 5.13 13.64 0.00
17 45354 5.48 15.17 0.00
21 82613 11.39 27.60 0.00
23 57505 20.54 19.15 0.00
25 50007 20.78 16.66 0.00
26 28344 14.41 9.40 0.00
27 57143 14.37 19.01 0.00
28 59226 12.67 19.77 0.00
29 57158 15.84 19.05 0.00
31 53909 20.92 17.95 0.00
33 27428 12.88 9.17 0.00
38 59166 6.70 19.73 0.00
44 80777 7.73 26.92 0.00
53 49244 4.41 16.40 0.00
73 64767 26.71 21.51 0.00
84 82826 2.68 27.64 0.00
85 78929 2.95 26.33 0.00
100 1279 7.91 0.47 0.00
