1 78693 9.33 26.30 0.00
2 57950 5.05 19.32 0.00
3 76579 8.00 25.59 0.00
4 84409 10.90 28.13 0.00
5 50777 7.75 16.92 0.00
6 29187 8.80 9.79 0.00
7 26480 8.01 8.85 0.00
10 35152 5.22 11.77 0.00
11 81809 20.98 27.23 0.00
13 40854 5.41 13.69 0.00
18 46266 6.60 15.44 0.00
20 31844 4.45 10.62 0.00
26 28635 13.54 9.50 0.00
27 58086 18.68 19.37 0.00
28 60421 12.18 20.20 0.00
29 57772 17.24 19.20 0.00
33 29808 10.89 9.97 0.00
36 15135 13.53 5.03 0.00
59 34537 3.75 11.55 0.00
81 167 16.72 0.04 0.00
88 73840 4.01 24.66 0.00
53 1656 15.69 0.58 0.00
