0 66284 28.42 22.05 0.00
1 76458 25.88 25.44 0.00
6 29456 5.69 9.87 0.00
7 26150 5.06 8.70 0.00
8 36942 4.24 12.38 0.00
9 63064 6.45 21.07 0.00
10 28266 6.62 9.43 0.00
11 78534 23.42 26.12 0.00
12 32747 4.70 10.98 0.00
13 33958 5.82 11.36 0.00
14 159 15.97 0.02 0.00
16 82959 15.99 27.63 0.00
17 12971 7.15 4.32 0.00
19 75545 24.57 25.11 0.00
21 29445 4.52 9.81 0.00
23 36416 11.66 12.11 0.00
24 14940 24.09 4.97 0.00
25 57737 13.75 19.29 0.00
26 31623 12.39 10.58 0.00
27 32513 11.33 10.86 0.00
28 60209 20.91 20.06 0.00
29 40023 12.33 13.35 0.00
30 11949 24.99 3.95 0.00
31 56252 15.22 18.80 0.00
33 48110 11.09 16.02 0.00
35 17940 24.04 6.00 0.00
37 13130 23.09 4.34 0.00
104 51673 7.35 17.22 0.00
138 77160 6.07 25.77 0.00
170 8473 7.31 2.88 0.00
