0 72380 8.03 24.16 0.00
2 61599 9.97 20.55 0.00
3 52562 6.22 17.51 0.00
6 43561 6.19 14.56 0.00
7 65813 11.37 21.97 0.00
9 34561 6.10 11.55 0.00
10 31915 11.55 10.69 0.00
11 70295 9.54 23.44 0.00
12 26166 6.67 8.77 0.00
14 12674 7.48 4.20 0.00
15 69141 14.12 23.05 0.00
17 11212 11.28 3.75 0.00
19 30188 18.87 10.06 0.00
20 10298 9.80 3.42 0.00
21 28366 16.62 9.46 0.00
22 10346 14.60 3.43 0.00
23 9731 13.17 3.26 0.00
24 72156 15.69 24.07 0.00
25 36702 10.28 12.22 0.00
26 31029 12.98 10.35 0.00
27 48651 5.14 16.27 0.00
28 21523 22.38 7.16 0.00
29 29334 23.46 9.72 0.00
30 41340 24.07 13.74 0.00
31 46718 21.81 15.60 0.00
32 28048 14.87 9.31 0.00
33 31958 15.83 10.66 0.00
34 40291 9.14 13.41 0.00
35 14011 21.18 4.61 0.00
36 32275 17.50 10.71 0.00
37 35788 8.83 11.93 0.00
38 38021 22.18 12.67 0.00
39 27432 13.29 9.19 0.00
