0 33819 21.98 11.24 0.00
1 29209 10.95 9.75 0.00
3 37722 22.26 12.60 0.00
5 10976 17.68 3.67 0.00
7 34440 24.01 11.41 0.00
8 32267 16.71 10.76 0.00
9 72363 6.34 24.14 0.00
10 39240 24.00 13.09 0.00
11 33363 6.37 11.12 0.00
12 72177 17.77 24.06 0.00
13 57068 6.89 19.08 0.00
14 71852 15.21 23.95 0.00
16 29622 22.22 9.82 0.00
17 72382 8.25 24.12 0.00
18 18971 7.16 6.31 0.00
19 65209 10.91 21.79 0.00
20 65161 6.16 21.72 0.00
21 63987 8.74 21.35 0.00
22 56757 5.73 18.93 0.00
24 8780 8.08 2.94 0.00
25 52900 10.03 17.68 0.00
26 59196 9.69 19.79 0.00
27 6671 7.14 2.23 0.00
28 52558 5.85 17.59 0.00
29 45086 8.63 15.00 0.00
31 15818 21.84 5.25 0.00
33 40597 9.70 13.58 0.00
35 11305 20.59 3.79 0.00
38 60657 5.78 20.27 0.00
