0 41765 6.60 13.96 0.00
1 70074 17.47 23.38 0.00
2 31317 11.70 10.42 0.00
3 18073 7.35 6.02 0.00
4 46301 10.15 15.42 0.00
5 73626 12.63 24.52 0.00
6 11782 8.22 3.93 0.00
7 40301 10.15 13.41 0.00
8 58896 9.67 19.63 0.00
9 11592 19.29 3.90 0.00
10 65506 10.68 21.84 0.00
12 12139 13.95 4.04 0.00
13 66824 22.46 22.25 0.00
15 69406 10.64 23.16 0.00
16 72414 11.42 24.17 0.00
17 12768 16.87 4.24 0.00
18 73338 13.87 24.50 0.00
19 31030 13.00 10.39 0.00
23 43556 5.70 14.55 0.00
24 73413 21.39 24.45 0.00
25 31644 14.43 10.60 0.00
28 69117 11.73 23.02 0.00
30 65563 16.36 21.81 0.00
31 60824 22.50 20.21 0.00
32 28035 13.53 9.36 0.00
34 48088 8.82 16.05 0.00
35 69364 6.45 23.14 0.00
36 37739 23.95 12.55 0.00
37 35503 10.37 11.86 0.00
38 70328 12.83 23.42 0.00
39 28004 10.46 9.34 0.00
