0 85021 12.12 28.35 0.00
2 22543 4.38 7.51 0.00
3 62166 6.67 20.74 0.00
4 72387 8.75 24.11 0.00
6 30652 5.30 10.29 0.00
7 35446 4.66 11.81 0.00
10 31864 6.45 10.64 0.00
11 83015 21.50 27.69 0.00
13 26181 8.14 8.76 0.00
16 70780 28.03 23.50 0.00
19 84496 19.67 28.18 0.00
20 46546 4.62 15.53 0.00
23 35821 12.13 11.96 0.00
25 48116 11.70 16.01 0.00
26 57799 20.00 19.29 0.00
27 29543 14.35 9.86 0.00
29 29225 12.53 9.76 0.00
31 56835 13.55 18.94 0.00
33 57515 21.56 19.19 0.00
53 1956 15.66 0.67 0.00
59 15076 7.65 5.06 0.00
110 42375 7.56 14.18 0.00
114 79274 7.44 26.42 0.00
131 82470 27.05 27.48 0.00
132 33576 27.62 11.19 0.00
146 10843 4.37 3.62 0.00
148 1586 8.69 0.54 0.00
