0 1578512666 967.711487 539.774048
0 1524823287 1087.188354 329.326294
0 1478234209 315.851440 773.234436
0 1707269176 775.081177 552.360840
0 1438989626 971.418701 479.874451
0 1524801259 1102.717773 379.430878
0 1438992629 928.929993 505.125641
0 1478227200 308.709320 895.395630
0 1524854327 1040.429443 382.437378
0 1478249229 322.259888 982.650452
0 1524807266 1238.956543 388.999634
0 1524863340 1148.767456 333.358704
0 1524831297 1224.725342 373.541931
0 1478229202 351.955688 891.171753
0 1568509654 903.063049 506.709534
0 1524790246 1154.339233 339.940552
0 1578523681 744.021240 504.643799
0 1478207175 240.832275 960.008240
0 1524861337 1030.326904 331.745575
0 1478210178 190.175613 879.963135
0 1524862338 1197.623291 391.071075
0 1478186149 276.264893 871.792297
0 1524797254 1211.231323 358.884888
0 1578518674 803.102600 550.529907
0 1438985621 771.477966 514.766785
0 1524857331 1072.861938 336.645416
0 1478203170 176.606506 908.298218
0 1438994632 944.885193 554.537659
0 1578520676 950.578430 492.259918
0 1478237213 545.361084 733.081543
0 1568511657 917.229126 556.385437
0 1775370079 994.573730 538.018799
0 1478195160 248.736588 757.675171
0 1568510655 972.372925 552.701172
0 1478257240 504.862518 757.149963
0 1578521677 864.275879 573.809875
0 1524794250 1038.612183 345.041046
0 1524812272 1077.008179 372.792511
0 1769859072 886.152161 545.103210
0 1578525683 958.857666 515.220276
0 1770636073 835.600159 575.769470
0 1524846317 1173.336426 339.103271
0 1524833300 1097.410889 371.825775
0 1568511656 743.363037 493.265259
0 1438985620 824.567383 511.515991
0 1478185148 238.117798 779.849487
0 1707993177 780.526794 609.178467
0 1478189152 541.780701 754.008240
0 1524791247 1135.260010 340.781403
0 1524830296 1160.052368 346.689270
0 2088218948 826.623718 523.492126
0 1524827292 1091.960449 335.818451
0 1606348170 772.637939 526.869202
0 1524855329 1134.885010 394.215179
0 1478183145 581.172119 730.112366
0 1438990627 889.403198 558.244507
0 1524840309 1053.681274 337.475952
0 1478222194 456.381653 805.813660
0 1709860179 1016.195984 592.314209
0 1478188151 479.404266 878.723755
0 1438988624 828.751343 535.882812
0 1478243222 511.331696 931.977356
0 1524843313 1161.889038 326.148041
0 1524844315 1217.889893 366.117249
0 1524858333 1124.696289 327.730469
0 1524811271 1155.897217 393.162170
0 1524859334 1105.981934 328.526703
0 1478216186 467.654297 760.316284
0 1524851324 1019.028625 345.904144
0 1524814275 1087.233398 388.273438
0 1578514668 806.743408 577.741394
0 1478184146 500.243958 779.205566
0 1524829294 1140.743164 347.555634
0 1478176143 525.678894 848.120178
0 1524860336 1092.558960 396.336365
0 1478222193 386.625275 915.610535
0 1438997636 877.047913 508.302490
0 1478194158 534.111145 798.835327
0 1478201168 253.278351 929.021606
0 1478187150 266.988434 799.588440
0 1478205172 265.072571 899.657654
0 1524838306 1184.430664 375.486847
0 1568514660 747.669556 567.713928
0 1524865342 1049.825806 398.477905
0 2085418945 899.890808 600.636841
0 1524808268 1082.051758 380.428406
0 1478200167 328.281586 841.494812
0 1478194159 298.137451 924.510010
0 1568501643 804.890259 563.890930
0 1478239216 575.525208 772.627136
0 1524820283 1056.511353 373.763672
0 1438989625 838.052979 590.053955
0 1568505649 801.377014 537.632690
0 1478255237 286.830994 754.516724
0 1524804262 1071.243652 397.404572
0 1568506650 808.665710 592.108582
0 1478217187 399.345001 745.187988
0 1568505648 867.252319 588.012451
0 1568497640 746.133789 541.164062
0 1578511665 746.888000 554.203064
0 1478258241 297.019257 820.120605
0 1524796253 1158.061890 368.952026
0 1478206173 286.984070 955.225708
0 1524826291 1149.747559 385.199127
0 1578529688 929.249207 598.536072
0 1478233207 215.320480 827.455261
0 1708834178 830.953857 548.709961
0 1478189153 437.298157 882.836243
0 1568499641 963.209045 527.287781
0 1478245224 226.991562 803.083496
0 1524852325 1170.390869 384.183929
0 1478219190 554.960327 927.456238
0 1578525682 921.090881 569.927429
0 1478232206 473.509796 906.872375
0 1524818280 1092.243408 364.420319
0 1524850322 1211.388794 382.167725
0 1438996635 776.368896 565.796448
0 1524832299 1112.298584 363.487335
0 1478242220 245.162521 849.165222
0 1524789245 1180.368408 325.361816
0 1438999639 921.718628 482.792694
0 1478196161 346.005737 792.683533
0 1478252234 436.271240 742.126404
0 1524803261 1077.523682 343.326080
0 1478211179 415.023346 972.739014
0 1578523680 977.201843 566.093079
0 1578530689 899.810486 495.303619
0 1568508653 846.131287 487.230988
0 1524826290 1231.744995 381.166656
0 1524847319 1171.924438 360.713470
0 1524810270 1035.920044 374.739349
0 1524835302 1117.720459 370.863464
0 1524821284 1143.331665 326.937592
0 1524799257 1132.263306 362.558502
0 1478233208 450.331696 830.231750
0 1608354172 840.598633 604.879761
0 1524835303 1066.198120 389.307922
0 1478251232 324.628235 751.382874
0 1524812273 1108.169678 387.243835
0 1706512175 975.750061 490.750793
0 1438986622 1010.494507 577.997375
0 1478211180 318.744049 867.760559
0 1524823286 1129.912720 334.175110
0 1478223195 430.152557 763.507629
0 1478244223 369.310974 837.708557
0 1438987623 896.265747 585.983887
0 1478193157 402.596008 859.802124
0 1478198164 256.341492 823.772522
0 1524862339 1101.869995 349.299774
0 1478236212 572.501892 795.388733
0 1478240217 538.034668 775.903259
0 1478214183 221.040100 903.958313
0 1578521678 848.468140 498.381805
0 1524844314 1190.937622 383.173492
0 1524848320 1047.328857 359.028595
0 1524806265 1137.937134 369.905579
0 1524787243 1191.621826 359.797150
0 1478241219 485.004456 851.980591
0 1524799256 1123.288086 378.438019
0 1478190154 566.006348 844.292664
0 1478226198 443.978333 855.874451
0 1478208176 332.700378 950.488220
0 1478214184 509.276062 736.073364
0 2084722944 892.772217 571.862610
0 1578522679 906.425415 518.500183
0 1524825289 1186.236938 331.736237
0 1774531078 874.211731 496.838379
0 1525674169 932.717529 516.855469
0 1478197162 179.690094 997.883423
0 1524815276 1129.007446 386.219086
0 1768901071 1004.997375 564.193604
0 1578526684 913.502197 543.316162
0 1478182144 233.410416 875.859619
0 1524853326 1218.338623 390.032928
0 1478218189 578.412292 750.890930
0 1578513667 858.636536 546.901184
0 1438983618 833.235352 561.997131
0 1478224196 495.405762 802.310181
0 1478247227 162.300903 938.171387
0 1524792248 1015.070801 339.147797
0 1524795252 1167.541992 332.545746
0 1524808267 1087.209717 357.206696
0 1478191155 521.140381 874.647339
0 1524856330 1204.743164 351.837402
0 1478236211 362.131805 748.273376
0 1478258242 131.226486 1003.061523
0 1478212181 529.997375 822.880005
0 1478185147 462.149414 782.534424
0 1568502645 798.099487 513.136719
0 1568508652 861.405823 560.115112
0 1438984619 779.088928 594.176514
0 1659977623 870.948975 539.583862
0 1478209177 203.063553 853.050293
0 1438982617 883.012939 532.414246
0 1524805264 1042.914673 351.944977
0 1771287074 770.356445 503.064911
0 2087111947 949.233582 568.004272
0 1524817279 1176.809692 392.114136
0 1524795251 1178.095093 368.002808
0 1478230204 409.992889 833.954285
0 1478230203 194.238800 964.836548
0 1524847318 1096.852783 342.474182
0 1578516671 745.405396 528.572754
0 1568513659 909.903076 530.695312
0 1578529687 796.541809 501.494995
0 1524819282 1164.143799 376.466003
0 1478253235 490.331726 826.540466
0 1524836304 1126.735840 355.401031
0 1478243221 208.001434 933.575195
0 1568501644 749.320679 596.257812
0 1438998637 820.654297 488.726929
0 1524816278 1031.529663 367.244781
0 1705773174 984.847168 513.594482
0 1524845316 1192.251953 338.269592
0 1524842312 1198.418701 344.967896
0 1568507651 946.637085 481.329559
0 1438999638 953.741638 581.965393
0 1478252233 472.913849 739.088257
0 1438993630 999.693848 550.875793
0 1478237214 467.297119 936.540466
0 1524857332 1049.361450 330.935730
0 1478248228 417.034973 809.346008
0 1478225197 558.834106 898.291138
0 1524859335 1165.912109 353.611328
0 1524832298 1152.138428 361.633942
0 1478200166 550.873657 958.223999
0 1478250231 354.254730 769.966370
0 1478245225 422.850891 941.146301
0 1438995633 980.223755 501.984802
0 1524804263 1082.304810 350.177612
0 1524839308 1146.367432 354.504211
0 1524849321 1061.289185 381.430573
0 1568512658 954.649780 503.550751
0 1568514661 850.883057 509.904602
0 1478231205 277.140350 776.528687
0 1773608077 940.688171 541.539795
0 1438977615 773.838257 539.393066
0 1524834301 1058.110474 344.181702
0 1607644171 777.703918 579.725830
0 1524800258 1179.277222 345.826721
0 1568504647 982.207581 579.975098
0 1568500642 855.962830 534.143372
0 1478256239 377.361816 812.907715
0 1524815277 1027.253906 359.945679
0 1568503646 744.701660 516.406372
0 1478220191 377.987305 945.795349
0 1478207174 286.900299 845.313599
0 1524841311 1068.315063 330.129333
0 1478213182 430.265198 911.221619
0 1524813274 1067.313843 358.115631
0 1568516663 925.094971 583.968262
0 1578517672 987.400024 594.374878
0 1578527685 748.479858 581.722839
0 1478240218 385.034058 789.273132
0 1478215185 516.364319 902.562439
0 1524838307 1023.088318 352.834534
0 1478197163 337.357880 816.499146
0 1478221192 392.353882 766.724182
0 1524819281 1185.370483 352.722412
0 2086284946 879.979919 520.154419
0 1524824288 1113.772583 395.273224
0 1524802260 1011.211060 332.558899
0 1478226199 360.852844 863.763977
0 1578518673 870.341187 602.751465
0 1438981616 989.627747 525.598999
0 1478238215 562.511292 870.606567
0 1609135173 822.578613 499.933990
0 1524837305 1034.417725 338.310059
0 1524793249 1072.097290 365.357513
0 1568515662 795.034729 490.231262
0 1568516664 896.662292 484.263947
0 1438991628 871.466919 485.743378
0 1478249230 569.332581 819.250000
0 1438996634 936.634644 528.986511
0 1578519675 810.661133 607.022095
0 1524829295 1110.977173 334.995026
0 1524864341 1062.653198 351.059326
0 1478255238 460.739807 967.854431
0 1438993631 769.271362 491.743988
0 1524788244 1051.859497 366.299011
0 1772785076 958.418335 596.448792
0 1524828293 1143.763184 377.449738
0 1478203171 368.865509 977.670776
0 1524798255 1198.037598 367.057892
0 1478199165 394.816925 886.985413
0 1578528686 853.379883 521.818420
0 1478192156 342.584534 920.039856
0 1478228201 306.658508 796.121887
0 1772037075 925.265625 493.777496
0 1578515670 799.710205 525.175720
0 1524851323 1107.016846 356.301849
0 1478218188 275.199951 987.678528
0 1478202169 423.747375 785.890198
0 1478254236 227.678879 992.756042
0 1478246226 506.021179 963.016357
0 1524809269 1116.098022 341.625977
0 1524822285 1204.624268 374.512146
0 1524841310 1045.062866 390.347290
0 1478235210 147.197159 969.711304
0 1578515669 750.193604 611.349060
0 1524854328 1121.349243 348.425812
0 0 1652.561523 957.663025
0 1 1193.810181 492.797485
0 2 593.121216 376.931702
0 3 1300.721924 965.467957
0 4 399.538452 397.362885
0 5 1350.417725 467.893036
0 6 1256.639160 383.241821
0 7 248.999832 689.096863
0 8 351.543182 677.956421
0 9 504.711121 361.162445
0 10 203.284409 632.739075
0 11 370.592743 612.437439
0 12 468.565857 581.012817
0 13 445.909149 786.863098
0 14 428.858307 637.935791
0 15 282.925995 626.484436
0 16 1462.451416 579.963196
0 17 448.652832 485.192780
0 18 1137.335205 311.105499
0 19 894.398621 364.149048
0 20 592.243774 341.970703
0 21 861.552856 346.354889
0 22 517.021423 394.647247
0 23 389.772003 968.722900
0 24 1226.300293 335.637909
0 25 1088.918701 399.005951
0 26 1064.010132 358.647369
0 27 1188.373657 320.311951
0 28 634.227661 346.792328
0 29 982.223511 336.304810
0 30 530.361755 375.723236
0 31 1504.137329 707.388855
0 32 340.522705 398.656952
0 33 1148.360474 528.636475
0 34 269.875610 525.409973
0 35 1509.397827 665.724304
0 36 952.504089 357.364960
0 37 399.413208 369.501556
0 38 518.393677 337.258636
0 39 301.489014 477.898071
