0 1578512666 920.143250 566.258423
0 1524823287 401.774841 466.824310
0 1478234209 1388.772339 943.423401
0 1707269176 924.000732 667.368286
0 1438989626 786.067627 556.323059
0 1524801259 562.056396 473.652039
0 1438992629 837.724182 580.766907
0 1478227200 1572.938965 908.937805
0 1524854327 546.085205 503.908478
0 1478249229 1670.000854 878.759644
0 1524807266 633.568604 420.153259
0 1524863340 445.843384 439.461182
0 1524831297 589.955933 420.798004
0 1478229202 1555.714355 882.053833
0 1568509654 836.717896 594.190369
0 1524790246 468.474854 439.115936
0 1578523681 798.085144 687.036743
0 1478207175 1671.334473 934.809387
0 1524861337 378.321716 496.423035
0 1478210178 1587.944336 1000.053467
0 1524862338 626.078857 436.711578
0 1478186149 1550.812866 938.483459
0 1524797254 546.233704 421.444336
0 1578518674 923.384521 651.217285
0 1438985621 831.078369 669.419373
0 1524857331 418.277008 475.993835
0 1478203170 1630.436279 998.679382
0 1438994632 948.183716 578.611328
0 1578520676 811.459900 568.338684
0 1478237213 1284.817993 792.331665
0 1568511657 949.195557 591.951843
0 1775370079 919.668518 553.814148
0 1478195160 1373.871582 1006.976257
0 1568510655 947.207581 565.740417
0 1478257240 1330.093262 813.755859
0 1578521677 980.397034 619.545959
0 1524794250 427.998840 495.585907
0 1524812272 532.641296 483.824738
0 1769859072 921.673523 606.368164
0 1578525683 865.887024 567.296936
0 1770636073 982.087524 634.435791
0 1524846317 474.545197 430.646942
0 1524833300 538.175232 474.041016
0 1568511656 766.300659 687.753845
0 1438985620 833.465210 637.579773
0 1478185148 1416.902466 1005.584717
0 1707993177 1047.123413 664.650574
0 1478189152 1319.984741 791.418457
0 1524791247 462.225708 447.834412
0 1524830296 491.077087 438.771118
0 2088218948 863.292236 636.948792
0 1524827292 425.482635 466.444550
0 1606348170 862.108032 668.734436
0 1524855329 613.995605 463.424957
0 1478183145 1275.951660 770.961304
0 1438990627 950.244995 605.788086
0 1524840309 410.845703 485.842316
0 1478222194 1414.154053 835.168396
0 1709860179 1025.809326 551.820801
0 1478188151 1508.905151 808.994080
0 1438988624 893.067810 636.318909
0 1478243222 1564.137573 785.078552
0 1524843313 429.909576 431.317200
0 1524844315 568.108459 421.120972
0 1524858333 416.257172 448.547028
0 1524811271 618.143188 454.255463
0 1524859334 409.124420 457.548859
0 1478216186 1340.691528 837.175720
0 1524851324 420.489746 506.062103
0 1524814275 581.122559 483.021606
0 1578514668 983.844543 649.911072
0 1478184146 1366.006226 812.799500
0 1524829294 485.164734 447.478790
0 1478176143 1459.930054 787.784485
0 1524860336 605.312683 482.620880
0 1478222193 1576.598022 855.452393
0 1438997636 835.674072 608.114319
0 1478194158 1390.101196 789.597717
0 1478201168 1631.256104 936.031189
0 1478187150 1444.207764 972.336426
0 1478205172 1591.082397 937.255859
0 1524838306 581.194336 437.396301
0 1568514660 956.136963 683.470947
0 1524865342 596.071411 503.051331
0 2085418945 1035.676392 604.053467
0 1524808268 556.898743 483.422882
0 1478200167 1494.361816 911.266235
0 1478194159 1612.091187 907.777588
0 1568501643 953.641113 650.563599
0 1478239216 1344.645020 769.221008
0 1524820283 526.931763 493.918701
0 1438989625 1011.658997 633.810242
0 1568505649 893.074829 651.872131
0 1478255237 1360.588745 974.960938
0 1524804262 600.765198 492.674469
0 1568506650 1013.995300 649.259705
0 1478217187 1324.804077 888.709534
0 1568505648 1009.410889 618.944763
0 1568497640 893.089722 684.893372
0 1578511665 924.642151 684.181519
0 1478258241 1469.985962 940.947510
0 1524796253 553.801514 446.414764
0 1478206173 1651.152954 906.620117
0 1524826291 595.042175 454.619476
0 1578529688 1033.074951 590.282471
0 1478233207 1502.639038 1002.812134
0 1708834178 922.792175 635.690125
0 1478189153 1523.756104 832.173462
0 1568499641 893.036438 566.777222
0 1478245224 1459.824829 1004.196655
0 1524852325 599.409790 445.707733
0 1478219190 1549.076782 764.041870
0 1578525682 977.200806 591.394531
0 1478232206 1544.442627 808.047729
0 1524818280 514.261353 474.430511
0 1524850322 607.771423 428.646393
0 1438996635 954.863953 666.687073
0 1524832299 519.993591 464.930664
0 1478242220 1527.417236 969.724854
0 1524789245 436.446503 423.067352
0 1438999639 782.228516 581.849854
0 1478196161 1415.419067 913.605469
0 1478252234 1314.062012 862.817993
0 1524803261 442.322540 475.602203
0 1478211179 1632.654053 829.197754
0 1578523680 974.229370 565.223206
0 1578530689 808.483643 594.752258
0 1568508653 775.921814 623.782837
0 1524826290 611.775940 420.475403
0 1524847319 536.193848 438.082794
0 1524810270 521.038330 504.337952
0 1524835302 543.541748 464.553467
0 1524821284 423.182617 439.806915
0 1524799257 525.554871 455.714325
0 1478233208 1450.766846 834.167969
0 1608354172 1041.179565 633.185730
0 1524835303 576.188782 493.088654
0 1478251232 1348.019653 944.665771
0 1524812273 585.904907 473.263611
0 1706512175 812.870544 555.819763
0 1438986622 999.335388 552.317993
0 1478211180 1533.696045 910.100647
0 1524823286 439.256531 448.190491
0 1478223195 1351.816284 861.758789
0 1478244223 1479.092529 884.262329
0 1438987623 1007.246338 604.630676
0 1478193157 1502.001099 857.545288
0 1478198164 1485.863403 971.029114
0 1524862339 472.802002 465.686584
0 1478236212 1378.888184 768.353516
0 1478240217 1355.079102 790.507202
0 1478214183 1610.220093 967.125977
0 1578521678 805.281067 623.174500
0 1524844314 603.651062 437.053711
0 1524848320 477.535309 494.751099
0 1524806265 548.748108 455.348877
0 1524787243 541.285522 429.644806
0 1478241219 1473.293091 809.942444
0 1524799256 567.057983 464.176788
0 1478190154 1447.168457 766.623657
0 1478226198 1487.300781 833.169617
0 1478208176 1631.991211 879.855225
0 1478214184 1294.104248 814.714233
0 2084722944 978.769226 605.208923
0 1578522679 864.906067 593.629333
0 1524825289 458.459229 422.741943
0 1774531078 806.912292 608.698242
0 1525674169 865.405396 580.226685
0 1478197162 1733.668823 963.251404
0 1524815276 590.542603 463.800629
0 1768901071 972.820679 552.815979
0 1578526684 921.144775 592.510071
0 1478182144 1568.869263 968.423889
0 1524853326 629.877014 428.314453
0 1478218189 1310.333008 770.090271
0 1578513667 922.222229 620.751404
0 1438983618 952.465393 635.062378
0 1478224196 1401.843750 811.845154
0 1478247227 1672.821655 997.308594
0 1524792248 395.262054 506.494720
0 1524795252 452.241608 430.981873
0 1524808267 490.314667 474.820557
0 1478191155 1494.737061 786.880676
0 1524856330 524.331360 421.768127
0 1478236211 1336.108154 915.955688
0 1478258242 1757.274292 994.577576
0 1478212181 1425.051514 788.690186
0 1478185147 1377.462402 836.170959
0 1568502645 832.295410 653.185303
0 1568508652 951.334167 620.148132
0 1438984619 1016.425232 665.328125
0 1659977623 907.507568 613.788391
0 1478209177 1545.345337 1001.431030
0 1438982617 893.054565 606.949219
0 1524805264 452.784607 495.168213
0 1771287074 799.992920 670.105530
0 2087111947 975.688477 578.074646
0 1524817279 622.169189 445.354889
0 1524795251 558.708618 437.739349
0 1478230204 1464.579102 858.595215
0 1478230203 1692.619507 964.539795
0 1524847318 449.158356 466.065308
0 1578516671 861.479553 685.606567
0 1568513659 893.048340 593.069336
0 1578529687 801.825317 653.843567
0 1524819282 576.620605 446.061005
0 1478253235 1437.605957 810.892761
0 1524836304 502.330750 456.080261
0 1478243221 1651.469971 965.831299
0 1568501644 1018.954468 682.053711
0 1438998637 773.656494 638.845032
0 1524816278 495.955353 504.768066
0 1705773174 866.352051 554.815369
0 1524845316 480.444214 422.416931
0 1524842312 502.401581 422.092316
0 1568507651 784.182007 568.860779
0 1438999638 1003.149353 577.538757
0 1478252233 1303.841064 838.182678
0 1438993630 946.265076 553.314636
0 1478237214 1579.905884 807.103333
0 1524857332 386.384491 486.247498
0 1478248228 1427.074585 859.647339
0 1478225197 1515.175293 764.900696
0 1524859335 513.650024 438.426758
0 1524832298 530.952576 446.768982
0 1478200166 1582.910522 763.184631
0 1478250231 1375.809814 914.779236
0 1478245225 1596.432495 830.187561
0 1438995633 839.631958 555.317200
0 1524804263 466.335083 475.211090
0 1524839308 508.073669 447.123657
0 1524849321 551.577698 493.503357
0 1568512658 838.694946 567.817383
0 1568514661 834.590576 622.567139
0 1478231205 1402.449707 973.647095
0 1773608077 920.635071 579.148987
0 1438977615 893.082092 668.050720
0 1524834301 435.272797 485.437653
0 1607644171 985.672058 666.007019
0 1524800258 496.820312 430.312469
0 1568504647 1001.208923 564.706787
0 1568500642 893.061035 621.355591
0 1478256239 1440.651489 885.370300
0 1524815277 470.836365 505.198792
0 1568503646 829.811401 686.320984
0 1478220191 1613.773682 854.409485
0 1478207174 1510.447632 939.714050
0 1524841311 394.198395 476.386047
0 1478213182 1560.133301 831.179443
0 1524813274 484.024902 484.630066
0 1568516663 1005.160583 590.838013
0 1578517672 1028.146240 564.191162
0 1578527685 987.574341 682.761719
0 1478240218 1402.123291 886.480896
0 1478215185 1529.472900 785.978699
0 1524838307 445.681213 505.630157
0 1478197163 1454.936401 912.434448
0 1478221192 1363.507446 887.593872
0 1524819281 519.067017 429.978394
0 2086284946 864.388184 607.531311
0 1524824288 609.720703 472.875702
0 1524802260 369.997955 506.927917
0 1478226199 1517.446899 883.156860
0 1578518673 1038.375977 618.344543
0 1438981616 893.030823 554.314392
0 1478238215 1481.205933 765.761292
0 1609135173 803.586670 638.211853
0 1524837305 403.177856 496.004211
0 1524793249 508.349976 484.227112
0 1568515662 771.301575 654.502991
0 1568516664 780.203369 595.315063
0 1438991628 778.102539 609.283203
0 1478249230 1413.062500 767.487671
0 1438996634 893.042297 579.687378
0 1578519675 1044.093140 648.609436
0 1524829295 432.472626 457.180969
0 1524864341 459.665833 485.033600
0 1478255238 1615.294922 806.161011
0 1438993631 768.851562 670.792969
0 1524788244 502.251038 494.334625
0 1772785076 1030.566528 577.003723
0 1524828293 571.910522 454.983948
0 1478203171 1650.867798 853.368774
0 1524798255 563.475586 429.311554
0 1478199165 1539.340698 856.497681
0 1578528686 863.850586 621.960876
0 1478192156 1593.895752 880.953308
0 1478228201 1429.427612 942.184021
0 1772037075 809.998596 581.307922
0 1578515670 862.711853 652.528076
0 1524851323 496.413818 465.308380
0 1478218188 1690.124634 905.465271
0 1478202169 1389.486938 860.701904
0 1478254236 1711.317993 933.590454
0 1478246226 1598.731445 784.180298
0 1524809269 455.789703 456.813599
0 1524822285 585.637634 428.978790
0 1524841310 571.096313 503.479584
0 1478235210 1715.100830 995.941406
0 1578515669 1050.277344 681.347046
0 1524854328 479.075745 456.446686
0 0 1515.694336 500.198151
0 1 844.159546 454.170410
0 2 518.027710 563.957886
0 3 1489.684937 828.244629
0 4 379.789062 845.933655
0 5 941.022461 390.312286
0 6 1161.098999 829.535706
0 7 370.401550 796.118774
0 8 290.883728 973.598572
0 9 580.018188 912.417480
0 10 316.451782 758.433594
0 11 330.394257 593.882751
0 12 748.889343 806.737549
0 13 598.654053 390.878571
0 14 509.462341 862.275391
0 15 960.378357 450.756592
0 16 997.283264 382.740570
0 17 644.233093 792.968445
0 18 865.260315 383.686371
0 19 544.130554 458.929840
0 20 301.518036 910.651672
0 21 814.255066 1016.005432
0 22 275.031860 862.671204
0 23 362.167236 620.526672
0 24 711.036011 386.935669
0 25 538.298096 522.486450
0 26 550.268555 493.538910
0 27 366.913574 680.301697
0 28 602.934998 843.301941
0 29 401.097046 722.719788
0 30 1251.048828 870.905090
0 31 495.423615 417.757446
0 32 951.978699 989.537537
0 33 987.626953 430.559967
0 34 1337.915894 810.770081
0 35 285.274292 714.127197
0 36 1150.159790 535.925049
0 37 1245.972656 970.643494
0 38 693.615845 863.512085
0 39 1150.829834 1028.619751
