0 1578512666 923.871521 493.045044
0 1524823287 1354.057251 428.590363
0 1478234209 466.451843 438.655975
0 1707269176 817.802734 451.429321
0 1438989626 1011.441650 469.257507
0 1524801259 1268.176147 459.170166
0 1438992629 951.759583 469.000092
0 1478227200 378.151978 472.539185
0 1524854327 1215.549438 442.871857
0 1478249229 323.844849 497.683502
0 1524807266 1362.165894 507.006683
0 1524863340 1399.577393 449.107025
0 1524831297 1382.238403 494.494812
0 1478229202 389.177643 478.714386
0 1568509654 936.145264 463.190063
0 1524790246 1390.593506 454.360260
0 1578523681 862.286743 425.462982
0 1478207175 324.610870 478.472290
0 1524861337 1302.366455 413.969391
0 1478210178 366.811310 449.121643
0 1524862338 1322.281128 494.305206
0 1478186149 388.006958 460.676331
0 1524797254 1401.465576 482.509766
0 1578518674 832.137756 457.053619
0 1438985621 862.123596 435.646729
0 1524857331 1327.339355 428.420441
0 1478203170 346.292236 454.695312
0 1438994632 892.585999 492.946106
0 1578520676 981.643066 469.128967
0 1478237213 555.373657 467.290680
0 1568511657 876.848633 486.656738
0 1775370079 940.187622 499.446594
0 1478195160 463.250580 422.925354
0 1568510655 908.625916 499.356323
0 1478257240 524.261475 467.156494
0 1578521677 830.568115 480.369324
0 1524794250 1283.434326 423.286346
0 1524812272 1260.774048 448.360992
0 1769859072 876.732788 474.550354
0 1578525683 953.378662 480.829773
0 1770636073 815.674622 474.304047
0 1524846317 1409.546997 459.856354
0 1524833300 1278.533691 453.786865
0 1568511656 876.216675 420.600952
0 1438985620 890.950745 446.373260
0 1478185148 444.742035 427.952911
0 1707993177 754.261414 474.056305
0 1478189152 536.474915 473.177826
0 1524791247 1371.965942 448.958649
0 1524830296 1381.427612 459.719879
0 2088218948 876.514465 451.729767
0 1524827292 1344.945312 433.462250
0 1606348170 847.648376 440.801331
0 1524855329 1265.167969 476.117188
0 1478183145 567.860962 473.304443
0 1438990627 861.405334 480.484924
0 1524840309 1310.023315 423.461670
0 1478222194 473.425507 472.923492
0 1709860179 877.226196 526.122314
0 1478188151 423.555847 497.968719
0 1438988624 861.778381 457.197510
0 1478243222 391.744446 518.262878
0 1524843313 1427.114746 449.255066
0 1524844315 1391.954224 488.438568
0 1524858333 1389.970215 438.748505
0 1524811271 1283.857056 482.068817
0 1524859334 1371.863647 433.626984
0 1478216186 512.273193 461.246216
0 1524851324 1266.596558 418.403717
0 1524814275 1239.667969 459.031769
0 1578514668 801.054626 468.350189
0 1478184146 504.996582 473.050842
0 1524829294 1362.692627 454.217499
0 1478176143 456.588776 498.063232
0 1524860336 1228.788818 464.532074
0 1478222193 379.043945 491.321777
0 1438997636 920.810547 457.484039
0 1478194158 497.418701 485.344238
0 1478201168 346.205994 472.410339
0 1478187150 436.557648 438.487732
0 1478205172 367.333008 466.479736
0 1524838306 1342.829102 482.289948
0 1568514660 788.323975 451.278503
0 1524865342 1193.683716 453.352692
0 2085418945 813.369202 499.083832
0 1524808268 1250.327515 453.642548
0 1478200167 419.208405 460.819427
0 1478194159 356.942566 478.593536
0 1568501643 816.759521 462.642548
0 1478239216 529.559082 485.455414
0 1524820283 1243.318726 443.028168
0 1438989625 799.640625 480.253357
0 1568505649 847.199463 451.579742
0 1478255237 474.062775 428.132355
0 1524804262 1211.081177 458.893036
0 1568506650 785.012573 474.180359
0 1478217187 507.661560 444.313141
0 1568505648 814.545410 486.441223
0 1568497640 818.806641 440.639038
0 1578511665 803.721008 445.904419
0 1478258241 428.052856 449.435028
0 1524796253 1333.720825 470.647339
0 1478206173 335.258606 484.783325
0 1524826291 1294.455078 476.235321
0 1578529688 828.866516 505.645721
0 1478233207 406.580109 438.319031
0 1708834178 846.732971 462.779999
0 1478189153 411.873260 491.425598
0 1568499641 938.785522 486.870972
0 1478245224 425.855804 433.083069
0 1524852325 1313.385254 482.179535
0 1478219190 403.737701 525.371399
0 1578525682 861.207275 492.846832
0 1478232206 402.024719 504.556458
0 1524818280 1288.684570 448.511017
0 1524850322 1352.303345 494.400146
0 1438996635 802.413696 456.909332
0 1524832299 1306.663086 453.930786
0 1478242220 397.475586 449.278564
0 1524789245 1446.168945 454.644623
0 1438999639 979.513062 457.768982
0 1478196161 458.543457 449.591034
0 1478252234 519.266113 449.901764
0 1524803261 1317.956665 433.297058
0 1478211179 346.016968 511.221497
0 1578523680 893.037720 505.809509
0 1578530689 950.202881 457.626709
0 1568508653 933.703003 441.285645
0 1524826290 1372.311157 500.682770
0 1524847319 1362.527466 470.771576
0 1524810270 1226.160156 437.785919
0 1524835302 1296.605713 459.308136
0 1524821284 1408.384521 443.957123
0 1524799257 1324.957520 459.445770
0 1478233208 453.360016 478.955048
0 1608354172 783.255371 486.332977
0 1524835303 1222.044312 453.497803
0 1478251232 485.065277 433.431030
0 1524812273 1257.605347 464.664215
0 1706512175 997.796631 475.038666
0 1438986622 893.508667 519.223694
0 1478211180 398.902374 466.615875
0 1524823286 1381.056641 443.803314
0 1478223195 500.503906 455.443878
0 1478244223 430.379517 466.751617
0 1438987623 829.734802 492.747284
0 1478193157 421.316711 478.834869
0 1478198164 417.219940 443.827026
0 1524862339 1326.182129 443.494476
0 1478236212 509.764130 491.735229
0 1478240217 517.161255 479.194244
0 1478214183 356.714905 460.532837
0 1578521678 919.867554 446.528687
0 1524844314 1332.664673 488.233459
0 1524848320 1263.766357 432.965424
0 1524806265 1314.998535 464.927460
0 1524787243 1381.820923 476.587738
0 1478241219 444.602722 491.529144
0 1524799256 1286.341919 464.796021
0 1478190154 468.812500 504.726898
0 1478226198 432.847595 485.120911
0 1478208176 346.114380 491.217621
0 1478214184 543.116150 461.387634
0 2084722944 845.742981 486.549164
0 1578522679 921.790710 468.870880
0 1524825289 1437.589478 459.992493
0 1774531078 934.900757 452.028503
0 1525674169 937.439087 474.795227
0 1478197162 292.182159 478.350739
0 1524815276 1275.864746 470.397827
0 1768901071 909.421509 512.481689
0 1578526684 892.152527 480.600220
0 1478182144 377.311768 454.845886
0 1524853326 1342.035767 500.596161
0 1478218189 548.919983 479.313293
0 1578513667 861.595520 468.611267
0 1438983618 831.368469 468.480896
0 1478224196 485.308044 479.074799
0 1478247227 325.331909 460.388885
0 1524792248 1276.232300 413.785095
0 1524795252 1418.418823 454.502625
0 1524808267 1298.634766 443.339478
0 1478191155 435.470428 504.641815
0 1524856330 1410.778809 476.704559
0 1478236211 496.263092 438.823761
0 1478258242 282.029144 472.151459
0 1478212181 477.232941 491.632324
0 1478185147 493.058624 467.021912
0 1568502645 876.411499 440.963196
0 1568508652 846.247925 474.427368
0 1438984619 770.653625 468.219055
0 1659977623 876.676575 468.676300
0 1478209177 386.902893 443.664062
0 1438982617 891.736145 468.741272
0 1524805264 1273.695068 428.079315
0 1771287074 876.312256 430.594177
0 2087111947 876.969299 499.265778
0 1524817279 1302.891602 488.130463
0 1524795251 1352.781250 476.470581
0 1478230204 441.761353 472.795776
0 1478230203 314.165222 472.281067
0 1524847318 1335.655396 438.429352
0 1578516671 833.590149 435.479034
0 1568513659 907.129761 474.672943
0 1578529687 890.580017 435.813934
0 1524819282 1323.659424 476.353119
0 1478253235 465.181702 485.232758
0 1524836304 1334.715942 454.074310
0 1478243221 335.670990 466.343201
0 1568501644 756.556396 462.366455
0 1438998637 918.959656 435.980713
0 1524816278 1236.564331 432.798950
0 1705773174 969.617615 486.977661
0 1524845316 1428.835083 465.449493
0 1524842312 1419.899902 471.019012
0 1568507651 995.333496 463.461487
0 1438999638 861.000916 505.727753
0 1478252233 531.082336 455.592285
0 1438993630 924.977173 505.890991
0 1478237214 379.992584 511.297485
0 1524857332 1319.315796 418.763519
0 1478248228 461.764801 466.886993
0 1478225197 425.938385 518.328430
0 1524859335 1372.074219 465.189178
0 1524832298 1343.575928 465.058472
0 1478200166 381.003418 532.583740
0 1478250231 477.598907 444.151550
0 1478245225 368.474854 504.470825
0 1438995633 983.858398 480.944031
0 1524804263 1308.390137 438.269135
0 1524839308 1353.231201 459.583008
0 1524849321 1232.787964 448.210571
0 1568512658 967.661255 474.917114
0 1568514661 905.748169 451.879333
0 1478231205 455.501312 433.257263
0 1773608077 907.862671 486.764038
0 1438977615 832.877747 446.061127
0 1524834301 1300.552002 428.250092
0 1607644171 786.700745 462.504700
0 1524800258 1400.493896 465.319519
0 1568504647 877.094971 512.409363
0 1568500642 876.621521 462.917084
0 1478256239 450.319702 460.962067
0 1524815277 1246.767944 427.908081
0 1568503646 848.080688 430.421387
0 1478220191 357.184357 497.778870
0 1478207174 408.242310 454.996033
0 1524841311 1336.543701 423.636536
0 1478213182 390.421143 497.873932
0 1524813274 1281.052734 438.108490
0 1568516663 845.217163 499.174957
0 1578517672 860.785706 519.161011
0 1578527685 772.605835 456.764648
0 1478240218 469.838043 455.295013
0 1478215185 413.861481 511.373260
0 1524838307 1256.776855 423.110535
0 1478197163 439.084290 455.145752
0 1478221192 488.947723 449.746613
0 1524819281 1391.253784 470.895477
0 2086284946 906.425476 463.053741
0 1524824288 1246.814819 470.272552
0 1524802260 1285.689209 409.252136
0 1478226199 410.003632 472.667664
0 1578518673 798.168274 492.647430
0 1438981616 955.064087 493.143677
0 1478238215 447.624054 511.448761
0 1609135173 905.096252 441.124664
0 1524837305 1292.989746 418.583862
0 1524793249 1271.013794 443.184021
0 1568515662 904.468384 430.766479
0 1568516664 963.972717 452.177277
0 1438991628 948.705078 446.683685
0 1478249230 489.520447 498.157440
0 1438996634 922.810181 480.715149
0 1578519675 768.622314 480.137054
0 1524829295 1362.848633 438.589142
0 1524864341 1290.896973 433.131470
0 1478255238 357.441681 518.197266
0 1438993631 890.222778 425.640625
0 1524788244 1253.642944 437.947388
0 1772785076 844.668945 512.336853
0 1524828293 1304.833252 470.522736
0 1478203171 334.820312 504.384949
0 1524798255 1372.189209 482.400024
0 1478199165 400.416016 485.008698
0 1578528686 891.335876 457.340973
0 1478192156 367.886536 484.896179
0 1478228201 447.451813 443.989502
0 1772037075 965.781128 463.325958
0 1578515670 861.954285 446.217407
0 1524851323 1316.519897 448.660645
0 1478218188 313.084076 491.113129
0 1478202169 481.341125 461.104340
0 1478254236 302.531860 484.670105
0 1478246226 369.101349 525.316467
0 1524809269 1353.655884 443.649109
0 1524822285 1362.352173 488.336151
0 1524841310 1204.726196 448.059753
0 1478235210 303.915924 466.206238
0 1578515669 740.165039 468.087585
0 1524854328 1344.280273 448.809814
0 0 718.509399 354.988861
0 1 474.411011 382.224823
0 2 520.274841 385.936554
0 3 930.944336 304.098236
0 4 674.496155 464.450104
0 5 362.380005 503.963898
0 6 983.601013 315.860413
0 7 617.651611 446.104950
0 8 808.830261 522.609009
0 9 1127.772095 358.206635
0 10 705.261353 325.641876
0 11 1027.593384 649.443726
0 12 1186.319580 378.193329
0 13 459.116730 646.650085
0 14 1365.132446 422.807190
0 15 514.105408 364.661957
0 16 387.559967 577.647034
0 17 1383.260254 449.931213
0 18 354.389832 537.272461
0 19 782.765686 303.332825
0 20 1363.051758 469.038940
0 21 1183.878540 394.639679
0 22 1314.084106 497.404266
0 23 652.880310 370.130249
0 24 1334.033691 531.983826
0 25 606.536926 359.332428
0 26 772.311096 317.580902
0 27 1205.898315 559.710938
0 28 483.747833 464.343384
0 29 1005.880066 511.305023
0 30 1165.379639 444.731293
0 31 621.400452 733.933228
0 32 1137.994995 373.811401
0 33 862.739380 313.755829
0 34 888.660583 305.064117
0 35 492.432465 406.418884
0 36 963.721497 346.334686
0 37 920.041321 317.004303
0 38 604.405457 518.987671
0 39 1075.600098 355.885651
