0 1578512666 972.375977 434.755341
0 1524823287 1402.895386 349.157135
0 1478234209 515.347168 401.992981
0 1707269176 863.716797 398.106354
0 1438989626 1058.543213 406.778809
0 1524801259 1317.154419 384.317688
0 1438992629 998.688354 409.352844
0 1478227200 431.635895 439.711151
0 1524854327 1262.836792 370.390961
0 1478249229 380.755707 467.048126
0 1524807266 1415.324219 428.161926
0 1524863340 1450.446777 367.747406
0 1524831297 1435.115723 414.562195
0 1478229202 442.916229 445.313385
0 1568509654 982.674622 404.266663
0 1524790246 1441.544556 373.514038
0 1578523681 906.292908 369.951324
0 1478207175 379.890289 448.043335
0 1524861337 1349.414917 336.868591
0 1478210178 418.620636 417.049622
0 1524862338 1374.064575 417.226379
0 1478186149 440.290161 427.509613
0 1524797254 1454.104736 401.513824
0 1578518674 878.389465 403.055237
0 1438985621 906.827026 380.176361
0 1524857331 1375.644043 350.298248
0 1478203170 399.045776 423.525696
0 1438994632 941.123657 436.119141
0 1578520676 1028.639282 408.064819
0 1478237213 605.011292 426.282593
0 1568511657 924.996155 430.565643
0 1775370079 989.109436 440.399261
0 1478195160 510.943665 386.505768
0 1568510655 957.565979 441.781006
0 1478257240 574.392456 427.599304
0 1578521677 878.439270 426.448700
0 1524794250 1330.660889 347.250366
0 1524812272 1309.031738 373.745850
0 1769859072 924.059875 418.459106
0 1578525683 1001.084656 421.136353
0 1770636073 863.191162 421.086090
0 1524846317 1461.187988 378.166687
0 1524833300 1327.374878 378.373077
0 1568511656 919.879150 364.397552
0 1438985620 936.352173 389.553955
0 1478185148 493.183929 392.381378
0 1707993177 802.128845 423.721405
0 1478189152 586.872253 433.011475
0 1524791247 1422.248169 368.943512
0 1524830296 1432.468872 379.393158
0 2088218948 922.293152 395.613342
0 1524827292 1393.862549 354.548035
0 1606348170 892.733398 386.038025
0 1524855329 1315.048950 401.584778
0 1478183145 617.770691 431.677948
0 1438990627 909.174316 425.117432
0 1524840309 1357.733398 346.120300
0 1478222194 524.927002 435.684875
0 1709860179 928.043213 469.968048
0 1478188151 478.094543 462.784180
0 1438988624 907.956055 401.792572
0 1478243222 448.664032 484.281342
0 1524843313 1478.603271 366.553070
0 1524844315 1444.707397 407.971191
0 1524858333 1440.093506 357.704407
0 1524811271 1334.352051 406.700897
0 1524859334 1421.334717 353.394073
0 1478216186 562.144653 422.287750
0 1524851324 1313.264893 343.130005
0 1524814275 1288.215820 385.553497
0 1578514668 848.227051 415.823303
0 1478184146 555.924377 434.347107
0 1524829294 1413.066650 374.726044
0 1478176143 510.432526 461.367615
0 1524860336 1277.499023 391.632507
0 1478222193 434.054230 458.246765
0 1438997636 966.952637 399.273132
0 1478194158 549.453552 446.892365
0 1478201168 400.438934 441.057556
0 1478187150 486.009705 403.233307
0 1478205172 420.567963 434.214417
0 1524838306 1394.323120 404.103241
0 1568514660 834.361389 399.355713
0 1524865342 1241.294189 382.036652
0 2085418945 862.622742 445.939972
0 1524808268 1298.724731 379.592468
0 1478200167 470.825714 426.201050
0 1478194159 411.428833 446.677246
0 1568501643 863.458984 409.375427
0 1478239216 581.029663 445.519562
0 1524820283 1291.010620 369.199860
0 1438989625 847.654968 427.782135
0 1568505649 893.027344 396.858917
0 1478255237 521.978333 391.171844
0 1524804262 1259.233032 386.791229
0 1568506650 832.684326 422.402710
0 1478217187 556.278381 405.675690
0 1568505648 862.912659 433.264709
0 1568497640 863.964966 387.254303
0 1578511665 849.307068 393.246185
0 1478258241 478.562286 414.498535
0 1524796253 1384.425293 392.764526
0 1478206173 390.796387 453.789948
0 1524826291 1344.794922 400.300995
0 1578529688 878.493164 451.768982
0 1478233207 456.627747 404.475525
0 1708834178 893.332520 408.095245
0 1478189153 466.139008 456.846649
0 1568499641 986.879089 427.875275
0 1478245224 475.081940 398.370148
0 1524852325 1364.361206 405.401031
0 1478219190 460.953064 490.756683
0 1578525682 909.820312 437.485168
0 1478232206 457.583374 470.278442
0 1524818280 1337.399414 372.542572
0 1524850322 1404.614624 415.893188
0 1438996635 848.777344 404.319824
0 1524832299 1355.981934 377.155579
0 1478242220 448.614594 415.773071
0 1524789245 1498.372070 371.095428
0 1438999639 1025.767944 396.761414
0 1478196161 508.463684 413.225891
0 1478252234 568.128479 410.686584
0 1524803261 1366.350464 355.703705
0 1478211179 403.485718 479.399750
0 1578523680 942.439148 448.956970
0 1578530689 996.382935 398.016296
0 1568508653 978.780579 382.400177
0 1524826290 1425.323364 421.290985
0 1524847319 1413.775391 391.502350
0 1524810270 1273.303101 364.733002
0 1524835302 1346.048828 383.083710
0 1524821284 1459.180054 362.090088
0 1524799257 1374.899414 381.851685
0 1478233208 505.738159 442.592224
0 1608354172 831.795471 434.617554
0 1524835303 1270.031250 380.813599
0 1478251232 533.208923 395.920715
0 1524812273 1306.731812 390.379761
0 1706512175 1045.219971 413.230103
0 1438986622 943.809875 462.333710
0 1478211180 451.430695 432.887207
0 1524823286 1431.255493 363.270660
0 1478223195 550.122253 417.073975
0 1478244223 482.244415 431.562073
0 1438987623 878.465698 438.853424
0 1478193157 474.352631 443.951691
0 1478198164 467.495697 409.441650
0 1524862339 1375.282104 365.637054
0 1478236212 562.075928 452.660126
0 1478240217 568.356995 439.879913
0 1478214183 409.706512 428.820190
0 1578521678 965.279480 388.326935
0 1524844314 1384.297607 410.597534
0 1524848320 1311.206177 358.020050
0 1524806265 1365.062622 387.880096
0 1524787243 1433.753418 396.461731
0 1478241219 498.170746 455.448853
0 1524799256 1335.919678 389.128967
0 1478190154 522.938782 467.404449
0 1478226198 486.146393 449.644623
0 1478208176 401.916260 459.649200
0 1478214184 592.488770 420.987396
0 2084722944 893.979492 431.914093
0 1578522679 968.690552 410.642883
0 1524825289 1489.863525 376.942078
0 1774531078 980.691040 393.127930
0 1525674169 984.735840 415.840454
0 1478197162 348.300446 449.411652
0 1524815276 1325.588379 395.294769
0 1768901071 959.235962 454.864258
0 1578526684 939.860107 423.788269
0 1478182144 429.355377 422.231323
0 1524853326 1394.495361 422.641388
0 1478218189 599.590515 438.527039
0 1578513667 908.553345 413.229034
0 1438983618 878.413940 414.525116
0 1478224196 537.072876 441.234985
0 1478247227 379.074615 430.132874
0 1524792248 1322.805298 337.972595
0 1524795252 1469.979614 372.303833
0 1524808267 1347.233154 366.822906
0 1478191155 490.288635 468.840240
0 1524856330 1463.313599 395.185974
0 1478236211 544.640381 400.754547
0 1478258242 337.894287 443.756836
0 1478212181 530.149658 454.053345
0 1478185147 543.725159 428.918152
0 1568502645 921.458740 384.823608
0 1568508652 893.649658 419.771545
0 1438984619 817.992615 417.123505
0 1659977623 923.605408 412.581726
0 1478209177 437.810883 410.700806
0 1438982617 938.645508 411.934906
0 1524805264 1321.023560 352.585358
0 1771287074 920.654602 374.425323
0 2087111947 925.970459 443.165070
0 1524817279 1354.020264 411.913818
0 1524795251 1404.146973 397.739502
0 1478230204 493.879791 437.024841
0 1478230203 369.191772 442.406128
0 1524847318 1384.659668 360.040375
0 1578516671 878.343384 381.376648
0 1568513659 954.421875 417.148743
0 1578529687 935.268433 378.977814
0 1524819282 1374.494263 399.019226
0 1478253235 517.825867 448.267365
0 1524836304 1384.545776 375.939911
0 1478243221 389.656158 435.543732
0 1568501644 803.572205 411.941803
0 1438998637 963.667603 377.781067
0 1524816278 1283.573853 359.180756
0 1705773174 1017.745605 426.533356
0 1524845316 1481.187622 382.903778
0 1524842312 1472.339233 388.983856
0 1568507651 1042.005249 401.724152
0 1438999638 910.492859 450.361816
0 1478252233 580.196655 415.789612
0 1438993630 974.332336 447.554504
0 1478237214 436.623108 477.936829
0 1524857332 1366.943115 340.896179
0 1478248228 513.009216 430.239044
0 1478225197 482.071655 482.800537
0 1524859335 1423.214111 385.388123
0 1524832298 1394.160645 386.633148
0 1478200166 439.357178 498.892609
0 1478250231 526.729309 406.929108
0 1478245225 424.822876 471.719086
0 1438995633 1031.623535 419.813538
0 1524804263 1356.881836 361.210968
0 1524839308 1403.705933 380.621460
0 1524849321 1280.621704 374.950928
0 1568512658 1015.001770 414.534210
0 1568514661 951.514343 394.369690
0 1478231205 504.167175 397.144501
0 1773608077 955.962585 429.219391
0 1438977615 878.365967 392.013580
0 1524834301 1348.353516 351.440979
0 1607644171 833.538940 410.657623
0 1524800258 1452.223145 384.144989
0 1568504647 926.985291 456.288086
0 1568500642 923.159607 406.817078
0 1478256239 501.313202 424.894592
0 1524815277 1293.654175 353.731384
0 1568503646 892.450134 375.610046
0 1478220191 413.256287 465.624420
0 1478207174 459.617676 420.938965
0 1524841311 1384.767456 344.991791
0 1478213182 445.702454 464.203125
0 1524813274 1329.063110 362.383270
0 1568516663 894.322754 444.551392
0 1578517672 911.193665 463.779419
0 1578527685 819.119385 405.586365
0 1478240218 520.000977 418.360291
0 1478215185 469.704010 476.476349
0 1524838307 1303.549561 348.382080
0 1478197163 489.832886 419.648621
0 1478221192 538.319092 411.955261
0 1524819281 1443.080078 390.242126
0 2086284946 952.940247 405.540863
0 1524824288 1296.101196 396.562866
0 1524802260 1332.175171 332.907349
0 1478226199 462.782837 438.366913
0 1578518673 847.059814 440.223907
0 1438981616 1003.577393 433.393768
0 1478238215 502.728607 475.018372
0 1609135173 950.141113 383.610962
0 1524837305 1340.123047 342.012299
0 1524793249 1319.142700 368.010498
0 1568515662 948.817627 373.242310
0 1568516664 1009.823242 391.888062
0 1438991628 994.163330 387.101746
0 1478249230 542.716675 459.953430
0 1438996634 970.496887 422.461243
0 1578519675 816.821167 429.117706
0 1524829295 1412.396973 358.871521
0 1524864341 1338.798462 356.861053
0 1478255238 415.198761 485.764740
0 1438993631 934.223633 368.781799
0 1524788244 1301.203613 363.557220
0 1772785076 894.680298 457.714294
0 1524828293 1355.029663 394.028687
0 1478203171 392.007080 473.162170
0 1524798255 1424.237427 402.807526
0 1478199165 454.415100 451.024139
0 1578528686 937.477051 400.531860
0 1478192156 422.631836 452.405945
0 1478228201 497.135193 408.184418
0 1772037075 1012.363037 402.994415
0 1578515670 907.380981 390.782837
0 1524851323 1365.724487 371.341095
0 1478218188 369.725067 461.053955
0 1478202169 531.752808 423.590118
0 1478254236 358.908752 455.176300
0 1478246226 427.153381 492.260986
0 1524809269 1403.289429 364.452972
0 1524822285 1414.526611 409.283325
0 1524841310 1252.169067 376.157837
0 1478235210 358.695007 436.875214
0 1578515669 787.710571 418.425751
0 1524854328 1394.007446 370.141388
0 0 1407.546753 349.250732
0 1 763.729919 260.830780
0 2 593.339294 334.209595
0 3 1433.716675 391.274414
0 4 653.064148 401.462830
0 5 1108.562256 273.206207
0 6 1164.385620 543.433838
0 7 775.123779 444.425995
0 8 1010.232239 471.379120
0 9 476.907684 559.197327
0 10 699.022217 411.223083
0 11 937.174988 239.422577
0 12 856.488892 660.076355
0 13 1329.843750 315.445557
0 14 748.526062 710.838989
0 15 1282.152222 355.019989
0 16 1374.902100 332.001373
0 17 508.101532 596.028687
0 18 808.483215 284.907318
0 19 965.252380 268.090515
0 20 465.417816 525.500061
0 21 651.757385 430.699097
0 22 375.129486 463.725098
0 23 901.252502 688.403564
0 24 899.856689 254.413651
0 25 1065.765503 284.471405
0 26 836.820801 249.348816
0 27 970.281372 244.984909
0 28 386.094147 424.585815
0 29 543.040527 331.318604
0 30 574.834778 359.673309
0 31 1255.604980 307.862579
0 32 1055.709229 497.692535
0 33 1152.112427 316.284149
0 34 1235.464233 373.140289
0 35 1134.065308 286.088074
0 36 598.007996 376.743164
0 37 991.673218 512.262268
0 38 367.524170 490.519348
0 39 1161.512207 419.317566
