0 1578512666 996.784424 507.936737
0 1524823287 1785.051514 673.419189
0 1478234209 763.926208 292.856384
0 1707269176 996.609863 413.839264
0 1438989626 1144.015991 519.199097
0 1524801259 1518.734985 657.294128
0 1438992629 1081.854004 490.641693
0 1478227200 655.013062 304.995453
0 1524854327 1487.319214 596.892151
0 1478249229 586.500732 315.886322
0 1524807266 1514.321411 806.130920
0 1524863340 1801.321411 746.185974
0 1524831297 1595.360229 804.619446
0 1478229202 650.513245 313.650391
0 1568509654 1080.375610 476.312012
0 1524790246 1762.105591 746.983521
0 1578523681 1097.839600 398.842529
0 1478207175 617.780029 298.039642
0 1524861337 1736.327759 610.330688
0 1478210178 688.165527 279.604095
0 1524862338 1490.231079 752.512451
0 1478186149 680.246948 295.824158
0 1524797254 1676.809082 803.100342
0 1578518674 996.632446 425.996857
0 1438985621 1073.680542 411.421143
0 1524857331 1732.251343 652.322754
0 1478203170 667.834167 280.335541
0 1438994632 968.492676 493.914001
0 1578520676 1112.357178 504.654907
0 1478237213 767.217896 346.096893
0 1568511657 968.946533 479.579102
0 1775370079 996.812866 523.307495
0 1478195160 790.220154 275.932587
0 1568510655 968.022766 508.753479
0 1478257240 747.941406 337.241211
0 1578521677 942.985291 453.132996
0 1524794250 1667.689941 612.017761
0 1524812272 1542.466797 635.491699
0 1769859072 996.704529 464.910461
0 1578525683 1054.465210 506.298828
0 1770636073 943.829041 440.164185
0 1524846317 1780.480835 773.250549
0 1524833300 1554.124878 656.470154
0 1568511656 1123.254150 398.035645
0 1438985620 1076.228271 436.113708
0 1478185148 769.755920 276.668823
0 1707993177 894.430420 417.045166
0 1478189152 744.475586 346.864807
0 1524791247 1744.570679 721.917603
0 1524830296 1722.984741 747.779114
0 2088218948 1049.659546 436.926544
0 1524827292 1748.385010 674.247620
0 1606348170 1047.948608 412.228516
0 1524855329 1458.014893 680.808228
0 1478183145 763.974426 355.990479
0 1438990627 969.385315 465.723419
0 1524840309 1716.794189 631.317444
0 1478222194 707.153198 329.397552
0 1709860179 880.029968 526.566895
0 1478188151 636.270020 341.045654
0 1438988624 1023.135315 437.738007
0 1478243222 586.198303 352.209015
0 1524843313 1860.939575 771.680542
0 1524844315 1636.033081 803.860901
0 1524858333 1821.256226 720.297791
0 1524811271 1468.277466 703.649658
0 1524859334 1802.748291 696.333374
0 1478216186 751.312683 327.880096
0 1524851324 1654.168701 592.689331
0 1524814275 1473.261230 637.148804
0 1578514668 944.646057 427.607941
0 1478184146 725.543274 338.004303
0 1524829294 1706.363892 722.724670
0 1478176143 653.835205 349.925262
0 1524860336 1438.770264 637.974731
0 1478222193 624.243042 323.287476
0 1438997636 1078.946777 462.463043
0 1478194158 699.089783 348.397217
0 1478201168 638.574585 297.302124
0 1478187150 746.181946 285.398651
0 1478205172 659.396912 296.563629
0 1524838306 1567.442139 750.942261
0 1568514660 971.375977 402.857513
0 1524865342 1421.062012 598.561096
0 2085418945 887.710449 468.153961
0 1524808268 1507.826782 636.321167
0 1478200167 697.280640 303.507599
0 1478194159 633.922119 305.737915
0 1568501643 970.617798 426.803040
0 1478239216 717.881836 357.532379
0 1524820283 1531.284912 615.370483
0 1438989625 917.481934 440.970215
0 1568505649 1022.689941 425.189301
0 1478255237 787.601929 283.918915
0 1524804262 1429.735840 617.866516
0 1568506650 918.716919 428.411469
0 1478217187 779.330078 309.150879
0 1568505648 916.206421 453.941254
0 1568497640 1021.840210 401.255371
0 1578511665 996.588013 402.057068
0 1478258241 722.030640 294.342224
0 1524796253 1592.283081 725.134338
0 1478206173 612.859558 306.479309
0 1524826291 1505.099365 702.844238
0 1578529688 885.887939 482.014374
0 1478233207 728.907593 278.138397
0 1708834178 996.655640 438.548065
0 1478189153 641.146790 331.665741
0 1568499641 1025.598389 507.118530
0 1478245224 749.318420 277.404053
0 1524852325 1516.675903 726.731384
0 1478219190 580.413574 362.131073
0 1578525682 941.211731 480.392273
0 1478232206 614.031128 341.803314
0 1524818280 1589.592896 655.644348
0 1524850322 1541.480713 777.914246
0 1438996635 971.002808 414.642700
0 1524832299 1602.545288 677.542725
0 1478242220 704.871216 286.874451
0 1524789245 1882.246216 799.268677
0 1438999639 1138.840698 488.996735
0 1478196161 739.662598 302.015686
0 1478252234 776.424316 318.014374
0 1524803261 1696.468262 653.155945
0 1478211179 575.418091 333.924408
0 1578523680 939.313416 509.568726
0 1578530689 1108.355957 475.491638
0 1568508653 1131.719116 447.436523
0 1524826290 1554.789673 805.376160
0 1524847319 1645.025879 749.364502
0 1524810270 1520.550903 596.055054
0 1524835302 1566.290527 678.361877
0 1524821284 1840.632446 745.386536
0 1524799257 1616.074585 700.416748
0 1478233208 685.120056 330.154694
0 1608354172 891.178833 441.774933
0 1524835303 1463.514038 617.036255
0 1478251232 784.915955 292.111938
0 1524812273 1483.422729 658.116394
0 1706512175 1114.465698 520.023804
0 1438986622 909.144714 525.754272
0 1478211180 676.132568 304.252014
0 1524823286 1782.868042 721.108704
0 1478223195 754.593323 318.770844
0 1478244223 693.334473 312.154633
0 1438987623 914.888367 467.345184
0 1478193157 667.572571 321.786102
0 1478198164 725.512939 286.137024
0 1524862339 1675.300293 675.898926
0 1478236212 694.886353 358.301666
0 1478240217 721.766235 347.631561
0 1478214183 663.669189 288.346344
0 1578521678 1104.619019 448.254486
0 1524844314 1528.790161 751.728333
0 1524848320 1599.343018 613.697632
0 1524806265 1578.997681 701.227783
0 1524787243 1660.538086 775.591003
0 1478241219 658.540527 340.286926
0 1524799256 1530.117554 679.179138
0 1478190154 648.996460 359.836792
0 1478226198 663.117920 330.910767
0 1478208176 607.809021 315.141998
0 1478214184 770.371582 336.477081
0 2084722944 942.113281 466.535004
0 1578522679 1052.444702 477.130920
0 1524825289 1840.949707 800.038940
0 1774531078 1106.456055 461.644409
0 1525674169 1053.437500 491.461975
0 1478197162 602.069214 290.546967
0 1524815276 1494.025757 679.994568
0 1768901071 938.313293 524.940186
0 1578526684 996.730286 478.764496
0 1478182144 684.256592 287.610870
0 1524853326 1501.989990 778.684814
0 1478218189 740.911194 356.761993
0 1578513667 996.679688 451.512360
0 1438983618 970.220276 439.356812
0 1478224196 703.177124 338.766235
0 1478247227 647.529236 281.066040
0 1524792248 1687.747070 591.843506
0 1524795252 1820.660278 772.466553
0 1524808267 1625.139282 654.816650
0 1478191155 631.256958 350.687592
0 1524856330 1717.688232 802.337891
0 1478236211 782.159607 300.519745
0 1478258242 606.998474 282.524170
0 1478212181 676.446106 349.161804
0 1478185147 729.217407 328.639374
0 1568502645 1074.934082 423.570251
0 1568508652 969.809631 452.323364
0 1438984619 919.913269 416.245605
0 1659977623 1010.255920 457.749298
0 1478209177 708.523315 278.871704
0 1438982617 1024.071167 464.096069
0 1524805264 1633.480225 612.858582
0 1771287074 1099.454468 410.612488
0 2087111947 940.278992 494.728424
0 1524817279 1479.005249 727.527039
0 1524795251 1606.187256 750.154358
0 1478230204 689.282410 321.033875
0 1478230203 622.575562 289.814392
0 1524847318 1711.801270 675.074158
0 1578516671 1047.132812 400.452362
0 1568513659 1024.562866 477.948425
0 1578529687 1101.120972 422.758728
0 1524819282 1554.434937 725.933777
0 1478253235 680.842896 339.527130
0 1524836304 1653.236938 699.603821
0 1478243221 643.108887 289.080872
0 1568501644 921.072754 404.454529
0 1438998637 1129.499756 434.483978
0 1524816278 1553.851440 595.216248
0 1705773174 1055.530029 521.668701
0 1524845316 1799.758179 800.807190
0 1524842312 1758.671143 801.573486
0 1568507651 1141.382568 503.830688
0 1438999638 912.115662 495.541382
0 1478252233 773.439209 327.119751
0 1438993630 967.536072 524.124573
0 1478237214 591.823853 342.559845
0 1524857332 1751.887085 630.477173
0 1478248228 711.022461 320.280548
0 1478225197 603.241028 361.367462
0 1524859335 1683.958130 748.572754
0 1524832298 1630.220337 724.332947
0 1478200166 557.619446 362.893616
0 1478250231 760.896729 301.268188
0 1478245225 597.296875 333.172546
0 1438995633 1084.970459 520.847046
0 1524804263 1660.764404 653.987244
0 1524839308 1668.247192 723.529785
0 1524849321 1497.363770 616.204285
0 1568512658 1083.384766 505.477631
0 1568514661 1077.565063 449.071014
0 1478231205 766.878235 284.659271
0 1773608077 996.756836 493.098145
0 1438977615 1022.258362 413.034515
0 1524834301 1681.777588 632.155945
0 1607644171 945.437378 415.444824
0 1524800258 1740.400879 774.032593
0 1568504647 910.656250 510.382446
0 1568500642 1023.595520 450.699982
0 1478256239 714.789185 311.405243
0 1524815277 1587.221191 594.375671
0 1568503646 1072.465942 399.648102
0 1478220191 602.623352 324.036621
0 1478207174 701.124878 295.083679
0 1524841311 1768.113647 651.487732
0 1478213182 619.206421 332.419708
0 1524813274 1611.971558 633.827393
0 1568516663 913.525513 481.204041
0 1578517672 882.051208 511.194763
0 1578527685 946.204346 403.656677
0 1478240218 736.273254 310.654816
0 1478215185 608.711426 351.448853
0 1524838307 1620.660156 593.533386
0 1478197163 718.457275 302.762146
0 1478221192 757.786865 309.903381
0 1524819281 1700.420166 774.812805
0 2086284946 1051.485229 463.280273
0 1524824288 1448.188232 658.936768
0 1524802260 1721.395508 590.995972
0 1478226199 671.909180 312.903046
0 1578518673 889.473083 454.748138
0 1438981616 1026.144165 522.488892
0 1478238215 626.101990 360.602661
0 1609135173 1102.841553 435.299530
0 1524837305 1701.972290 611.175049
0 1524793249 1577.181641 634.660461
0 1568515662 1127.351196 421.945831
0 1568516664 1136.385742 474.669830
0 1438991628 1134.013306 460.824371
0 1478249230 671.924561 359.069794
0 1438996634 1025.071777 492.280792
0 1578519675 892.830444 429.213715
0 1524829295 1765.240601 697.153809
0 1524864341 1646.836914 632.992554
0 1478255238 569.648315 343.315369
0 1438993631 1125.270386 409.802521
0 1524788244 1565.277954 614.534912
0 1772785076 884.002625 496.352905
0 1524828293 1542.005981 702.036926
0 1478203171 581.033508 324.784729
0 1524798255 1620.754395 776.367371
0 1478199165 645.892761 322.537323
0 1578528686 1050.557373 449.886200
0 1478192156 629.146545 314.396729
0 1478228201 742.964417 293.599792
0 1772037075 1110.321777 489.819946
0 1578515670 1048.790405 424.380463
0 1524851323 1638.881714 676.721741
0 1478218188 591.825439 307.219757
0 1478202169 732.792786 319.526215
0 1478254236 597.013184 298.776154
0 1478246226 563.717651 352.968079
0 1524809269 1727.819702 697.972351
0 1524822285 1581.068848 777.141785
0 1524841310 1454.156494 597.727478
0 1478235210 627.250671 281.795563
0 1578515669 895.981201 405.251160
0 1524854328 1690.485352 698.789062
0 0 581.004089 279.330811
0 1 750.702209 256.425476
0 2 810.316650 283.654480
0 3 893.123657 274.822815
0 4 808.542236 342.948029
0 5 368.476440 477.767059
0 6 1460.860229 413.386688
0 7 880.126465 593.742432
0 8 965.804810 577.745300
0 9 1718.258057 697.431824
0 10 793.313110 565.020813
0 11 487.464874 486.989471
0 12 1463.196777 352.538147
0 13 462.954376 366.358917
0 14 1465.351074 309.431366
0 15 1348.583008 274.171082
0 16 1651.900513 646.774292
0 17 1530.719971 415.250153
0 18 467.952118 774.787109
0 19 1056.007568 239.523880
0 20 795.867737 263.773621
0 21 753.683899 617.399658
0 22 684.690308 269.495789
0 23 1264.790283 257.361298
0 24 366.576233 766.991333
0 25 1262.108643 227.938263
0 26 1199.142090 230.514465
0 27 434.543396 709.723572
0 28 1399.985229 747.560913
0 29 662.519043 527.722473
0 30 809.174683 319.097687
0 31 525.171448 296.542847
0 32 1543.431641 591.495972
0 33 1331.620850 313.309998
0 34 1490.507446 383.048767
0 35 433.005890 398.950531
0 36 1139.101074 234.571320
0 37 1428.411865 576.048584
0 38 1649.290161 740.649841
0 39 1480.062500 462.067719
