0 1578512666 994.582458 353.791138
0 1524823287 467.955627 437.056732
0 1478234209 1502.095947 394.519501
0 1707269176 1106.060181 390.964172
0 1438989626 902.755066 377.933105
0 1524801259 621.910095 395.998260
0 1438992629 964.052002 376.515533
0 1478227200 1534.135498 357.593964
0 1524854327 658.255188 413.437286
0 1478249229 1543.493164 335.498260
0 1524807266 592.028259 353.012665
0 1524863340 457.882599 411.744202
0 1524831297 555.578491 364.171234
0 1478229202 1513.367065 352.453003
0 1568509654 979.299683 381.939087
0 1524790246 478.661072 405.212646
0 1578523681 1062.019653 424.012543
0 1478207175 1575.223389 351.006165
0 1524861337 501.338440 456.975372
0 1478210178 1589.054077 379.995178
0 1524862338 613.587708 362.799591
0 1478186149 1545.099487 368.930969
0 1524797254 517.787842 375.740204
0 1578518674 1089.137695 385.321228
0 1438985621 1060.507935 410.824524
0 1524857331 500.523895 436.341614
0 1478203170 1599.073242 373.668213
0 1438994632 1024.175537 353.091400
0 1578520676 933.381470 377.224854
0 1478237213 1366.842407 367.200348
0 1568511657 1039.457397 358.082397
0 1775370079 979.896118 348.893829
0 1478195160 1535.824219 413.608917
0 1568510655 1009.190918 348.197571
0 1478257240 1398.142944 366.476471
0 1578521677 1085.296387 362.465851
0 1524794250 544.763489 442.112366
0 1524812272 614.434204 408.211426
0 1769859072 1040.424805 369.077606
0 1578525683 964.550720 365.290161
0 1770636073 1101.518433 367.656555
0 1524846317 468.437073 399.505402
0 1524833300 602.658508 402.396637
0 1568511656 1045.890137 431.189178
0 1438985620 1026.988281 398.901764
0 1478185148 1546.909668 406.608704
0 1707993177 1162.787598 366.231445
0 1478189152 1378.624634 361.211121
0 1524791247 489.099762 411.039734
0 1524830296 499.042175 398.806030
0 2088218948 1042.477661 392.408142
0 1524827292 489.517090 429.992401
0 1606348170 1075.995483 404.072083
0 1524855329 647.547729 378.215881
0 1478183145 1347.657227 361.931427
0 1438990627 1055.045654 363.173431
0 1524840309 511.774414 442.831421
0 1478222194 1440.693970 359.767395
0 1709860179 1036.765137 327.485840
0 1478188151 1453.512207 337.636932
0 1438988624 1057.666992 386.040375
0 1478243222 1455.236572 322.267090
0 1524843313 426.711823 412.447601
0 1524844315 536.855408 369.902985
0 1524858333 446.892059 424.488647
0 1524811271 636.002991 372.975098
0 1524859334 457.309875 430.704651
0 1478216186 1418.067627 371.851532
0 1524851324 556.644775 448.744690
0 1524814275 652.739502 395.293762
0 1578514668 1118.072388 372.953552
0 1478184146 1409.636841 360.489746
0 1524829294 509.591919 404.510223
0 1478176143 1423.602051 338.347839
0 1524860336 671.345947 389.019104
0 1478222193 1503.330811 341.761963
0 1438997636 994.864868 387.475555
0 1478194158 1401.531616 349.566864
0 1478201168 1565.373291 356.867371
0 1478187150 1535.226440 393.776764
0 1478205172 1555.333618 362.841217
0 1524838306 576.812378 374.359589
0 1568514660 1137.922607 390.240540
0 1524865342 696.138367 400.273682
0 2085418945 1097.318481 346.102936
0 1524808268 633.772461 401.690033
0 1478200167 1513.270996 369.662720
0 1478194159 1544.272949 351.730103
0 1568501643 1103.744019 379.078003
0 1478239216 1371.123535 350.282013
0 1524820283 626.460510 414.150055
0 1438989625 1115.590210 361.757263
0 1568505649 1074.245239 391.686707
0 1478255237 1513.060791 407.357239
0 1524804262 683.614014 394.588226
0 1568506650 1132.131104 366.944519
0 1478217187 1447.703857 389.407867
0 1568505648 1099.378174 356.673126
0 1568497640 1108.472412 403.343994
0 1578511665 1123.343384 396.727386
0 1478258241 1524.023193 381.472046
0 1524796253 568.759521 385.657288
0 1478206173 1554.221191 345.975769
0 1524826291 617.626770 378.911835
0 1578529688 1081.741455 341.313812
0 1478233207 1568.407837 393.032867
0 1708834178 1072.564697 379.794830
0 1478189153 1473.067505 342.477509
0 1568499641 979.704895 359.487701
0 1478245224 1557.768555 399.751465
0 1524852325 606.386902 373.667816
0 1478219190 1436.564941 317.794891
0 1578525682 1053.809570 352.390747
0 1478232206 1463.984375 332.182343
0 1524818280 583.030518 408.920105
0 1524850322 584.563110 363.485870
0 1438996635 1120.654907 384.600983
0 1524832299 571.590576 403.102173
0 1478242220 1556.514038 380.734161
0 1524789245 416.935760 406.614471
0 1438999639 932.247864 388.906464
0 1478196161 1491.581299 382.208801
0 1478252234 1426.844116 383.679016
0 1524803261 521.773865 429.279083
0 1478211179 1503.696899 326.119171
0 1578523680 1023.537598 342.704254
0 1578530689 963.533264 388.191528
0 1568508653 978.860901 406.249695
0 1524826290 573.966553 358.542023
0 1524847319 538.656982 386.353455
0 1524810270 638.745605 420.216431
0 1524835302 591.125793 396.701752
0 1524821284 436.695038 418.404327
0 1524799257 560.386414 397.404205
0 1478233208 1451.687988 353.895752
0 1608354172 1129.401855 355.967010
0 1524835303 664.932373 400.982361
0 1478251232 1490.796875 401.242798
0 1524812273 640.795959 389.721436
0 1706512175 918.761841 371.907471
0 1438986622 1022.923157 332.696625
0 1478211180 1523.803467 363.570404
0 1524823286 468.203796 417.697937
0 1478223195 1438.411621 377.339630
0 1478244223 1492.319458 364.298523
0 1438987623 1083.485229 351.689026
0 1478193157 1482.505371 353.174896
0 1478198164 1545.976685 387.190247
0 1524862339 531.363586 416.281982
0 1478236212 1382.532593 344.618195
0 1478240217 1390.185547 355.334320
0 1478214183 1576.974854 368.198151
0 1578521678 994.966736 399.624329
0 1524844314 595.367859 368.526855
0 1524848320 586.436218 427.849091
0 1524806265 579.828491 391.123138
0 1524787243 528.118042 380.993774
0 1478241219 1442.846680 343.192078
0 1524799256 610.290100 390.422791
0 1478190154 1404.731812 333.597870
0 1478226198 1462.477295 348.133453
0 1478208176 1533.636719 341.045410
0 1478214184 1386.426758 372.578949
0 2084722944 1069.396729 357.378265
0 1578522679 994.767029 375.805206
0 1524825289 437.876495 400.203796
0 1774531078 979.084717 393.847839
0 1525674169 979.506226 370.494537
0 1478197162 1606.218384 350.281189
0 1524815276 629.094116 384.261932
0 1768901071 1008.835388 337.999817
0 1578526684 1024.837891 363.880035
0 1478182144 1566.844849 374.404694
0 1524853326 602.704041 357.858978
0 1478218189 1359.500488 356.052063
0 1578513667 1056.330444 374.381439
0 1438983618 1087.179077 373.667999
0 1478224196 1420.914795 354.615540
0 1478247227 1608.897583 367.464233
0 1524792248 535.039795 456.251953
0 1524795252 447.775696 405.914062
0 1524808267 563.014893 415.572388
0 1478191155 1434.337646 332.890564
0 1524856330 498.366333 381.685791
0 1478236211 1469.016479 395.261108
0 1478258242 1627.984619 355.411041
0 1478212181 1412.668579 343.905640
0 1478185147 1429.489136 365.751556
0 1568502645 1043.567993 404.799072
0 1568508652 1070.949707 368.367615
0 1438984619 1149.010742 372.238068
0 1659977623 1040.922852 374.737762
0 1478209177 1578.834229 386.448792
0 1438982617 1025.526489 375.093842
0 1524805264 565.812195 434.908051
0 1771287074 1044.704468 417.714722
0 2087111947 1038.526245 347.500305
0 1524817279 624.685181 367.837372
0 1524795251 557.911987 380.300781
0 1478230204 1471.796021 359.043976
0 1478230203 1596.656250 356.139740
0 1524847318 510.648865 423.068909
0 1578516671 1093.301147 410.094299
0 1568513659 1009.943726 369.786591
0 1578529687 1027.765137 411.553650
0 1524819282 587.748230 379.606812
0 1478253235 1431.982788 348.850677
0 1524836304 540.568359 403.806732
0 1478243221 1586.910156 362.110962
0 1568501644 1166.239990 377.641174
0 1438998637 995.072815 412.281647
0 1524816278 618.842041 427.132477
0 1705773174 949.891541 360.188873
0 1524845316 458.421204 393.914368
0 1524842312 478.580841 387.742798
0 1568507651 917.349731 383.363342
0 1438999638 1052.619629 342.009521
0 1478252233 1406.422974 378.070648
0 1438993630 994.495361 343.398041
0 1478237214 1474.268677 326.825653
0 1524857332 489.961853 450.187286
0 1478248228 1460.881348 365.025574
0 1478225197 1426.142334 322.969025
0 1524859335 519.037170 392.520782
0 1524832298 549.410828 391.822449
0 1478200166 1446.805542 312.711151
0 1478250231 1480.411621 388.669800
0 1478245225 1493.672119 331.473145
0 1438995633 934.471252 365.993744
0 1524804263 542.599976 422.357422
0 1524839308 529.691895 398.105621
0 1524849321 645.884827 407.501740
0 1568512658 949.112305 371.201508
0 1568514661 1010.757629 393.128510
0 1478231205 1524.256714 400.497711
0 1773608077 1009.560120 358.785553
0 1438977615 1091.176514 397.453247
0 1524834301 533.142639 435.625397
0 1607644171 1134.969116 378.360138
0 1524800258 488.707306 393.218079
0 1568504647 1037.629517 337.308563
0 1568500642 1041.430908 380.510651
0 1478256239 1481.489624 370.393433
0 1524815277 598.532532 434.189575
0 1568503646 1077.820068 416.982391
0 1478220191 1513.457520 336.212158
0 1478207174 1534.664551 375.140076
0 1524841311 478.837006 443.549377
0 1478213182 1483.463989 336.925018
0 1524813274 574.599731 421.644836
0 1568516663 1067.901978 346.802124
0 1578517672 1051.473145 332.007812
0 1578527685 1152.218750 383.879700
0 1478240218 1470.447998 376.607544
0 1478215185 1444.880737 327.531219
0 1524838307 577.804443 441.392151
0 1478197163 1502.532349 375.874359
0 1478221192 1459.188354 382.944489
0 1524819281 508.597473 387.048615
0 2086284946 1010.342529 381.225342
0 1524824288 659.326416 383.562775
0 1524802260 512.975342 463.918854
0 1478226199 1502.943237 358.319489
0 1578518673 1113.202148 350.986389
0 1438981616 965.030579 354.489868
0 1478238215 1415.532959 328.235809
0 1609135173 1011.189880 405.524933
0 1524837305 523.276794 449.466553
0 1524793249 594.713806 414.861786
0 1568515662 1011.640320 418.445923
0 1568516664 947.459045 394.566071
0 1438991628 962.993225 400.345856
0 1478249230 1393.733521 339.057770
0 1438996634 994.672974 364.585602
0 1578519675 1145.927002 361.047668
0 1524829295 478.746246 423.779327
0 1524864341 554.080200 428.564636
0 1478255238 1484.370117 321.564270
0 1438993631 1028.575317 424.746918
0 1524788244 606.648193 420.931152
0 1772785076 1066.462524 336.616333
0 1524828293 598.905212 384.960114
0 1478203171 1523.400757 330.762939
0 1524798255 547.279419 375.050385
0 1478199165 1493.015137 347.415253
0 1578528686 1026.242798 386.758484
0 1478192156 1523.596313 346.696014
0 1478228201 1513.169189 387.930603
0 1772037075 948.302063 382.651703
0 1578515670 1059.058228 398.178070
0 1524851323 551.673584 409.627716
0 1478218188 1563.985352 340.327820
0 1478202169 1449.755249 371.122986
0 1478254236 1584.889526 345.254456
0 1478246226 1465.409790 317.095703
0 1524809269 499.760010 416.990509
0 1524822285 566.091248 369.215393
0 1524841310 677.382385 406.790955
0 1478235210 1618.532959 361.379639
0 1578515669 1179.993896 371.521515
0 1524854328 520.363342 410.334229
0 0 1504.166748 319.939545
0 1 1151.383301 278.245056
0 2 1223.910156 571.063782
0 3 1312.028564 437.240509
0 4 1417.162720 438.978119
0 5 1113.857788 203.086731
0 6 1141.695190 526.271545
0 7 1387.022217 461.492523
0 8 1466.050537 389.737762
0 9 999.158386 621.697388
0 10 1063.688965 617.966553
0 11 579.911682 327.170471
0 12 944.587830 594.142334
0 13 970.959106 222.129349
0 14 844.235107 550.519592
0 15 1211.791260 283.467865
0 16 1121.766602 185.036621
0 17 823.147339 508.115662
0 18 1091.927368 194.623398
0 19 1003.223877 526.376404
0 20 716.859802 487.141418
0 21 949.316345 550.658447
0 22 674.479858 452.350983
0 23 1084.519653 501.014099
0 24 1003.972656 204.174149
0 25 1141.156494 565.672729
0 26 1061.011475 545.354004
0 27 555.948181 376.475739
0 28 1355.380859 399.236877
0 29 630.574829 380.788086
0 30 1081.721191 276.388031
0 31 851.363342 251.648987
0 32 1008.768311 572.779602
0 33 686.049622 385.583038
0 34 1401.011841 491.171021
0 35 1161.803345 499.539154
0 36 756.172058 340.555267
0 37 1179.901489 615.319641
0 38 1455.422607 367.223816
0 39 1076.349365 587.069275
