0 1578512666 979.468140 411.581329
0 1707269176 836.296082 519.309875
0 1438989626 878.333130 344.971771
0 1438992629 886.883850 391.529755
0 1568509654 867.182983 405.078461
0 1578523681 711.537231 481.989166
0 1578518674 858.659302 502.482849
0 1438985621 759.635986 479.040649
0 1438994632 986.434814 437.474609
0 1578520676 882.508728 367.707611
0 1568511657 967.385559 452.269104
0 1775370079 997.624756 397.919617
0 1568510655 1004.936401 423.105621
0 1578521677 954.294861 496.351593
0 1769859072 921.758484 455.004486
0 1578525683 930.034729 389.212921
0 1770636073 933.636475 512.927002
0 1568511656 687.479980 469.049622
0 1438985620 804.570618 448.138184
0 1707993177 946.854980 577.386108
0 2088218948 829.292053 460.547882
0 1606348170 784.632202 492.171112
0 1438990627 947.763611 467.508240
0 1709860179 1101.904907 444.204590
0 1438988624 854.541809 473.222839
0 1578514668 912.320679 530.029968
0 1438997636 846.914001 419.017822
0 1568514660 840.089111 551.132690
0 2085418945 1029.192993 506.661041
0 1568501643 885.192383 516.103638
0 1438989625 961.178711 526.752747
0 1568505649 832.702087 489.157715
0 1568506650 940.064392 544.272217
0 1568505648 981.634705 509.779602
0 1568497640 786.941162 522.546265
0 1578511665 813.214233 536.677612
0 1578529688 1048.204590 490.330963
0 1708834178 880.337097 486.171600
0 1568499641 954.505920 400.286041
0 1578525682 993.756958 464.688812
0 1438996635 863.001282 533.338074
0 1438999639 840.001038 369.892334
0 1578523680 1030.926147 434.865875
0 1578530689 843.374573 393.865845
0 1568508653 778.382324 409.951996
0 1608354172 989.343018 540.890686
0 1706512175 901.283264 355.158264
0 1438986622 1075.037354 432.279419
0 1438987623 1001.462524 493.327667
0 1578521678 801.973999 421.539032
0 2084722944 974.325623 480.279724
0 1578522679 891.473206 416.518005
0 1774531078 822.969727 407.504974
0 1525674169 911.026855 402.672241
0 1768901071 1048.712280 420.594971
0 1578526684 941.558777 440.105927
0 1578513667 901.360413 470.352814
0 1438983618 906.695740 499.403229
0 1568502645 782.441895 463.356598
0 1568508652 927.543030 483.212402
0 1438984619 918.259216 562.364868
0 1659977623 898.794434 456.381195
0 1438982617 896.292786 442.760071
0 1771287074 735.173096 466.190369
0 2087111947 1012.615601 449.557526
0 1578516671 761.249939 508.727844
0 1568513659 916.260010 428.191406
0 1578529687 758.104065 450.862762
0 1568501644 895.728760 581.059326
0 1438998637 756.648071 424.081909
0 1705773174 948.519409 376.124146
0 1568507651 859.426880 357.263153
0 1438999638 1039.345947 461.894165
0 1438993630 1022.913330 409.144012
0 1438995633 924.674438 365.540466
0 1568512658 906.040283 378.355530
0 1568514661 826.052063 433.365051
0 2079485312 898.794678 456.328674
0 1773608077 960.787109 425.637665
0 1438977615 810.179443 505.590942
0 1607644171 890.315308 547.686096
0 1568504647 1057.453613 446.869476
0 1568500642 875.729065 457.763947
0 1568503646 736.121399 495.212097
0 1568516663 1020.690674 477.373260
0 1578517672 1084.535645 459.123993
0 1578527685 867.586670 565.922607
0 2086284946 871.349976 430.767090
0 1578518673 1009.582092 523.506042
0 1438981616 972.831543 386.915100
0 1609135173 780.361267 435.985504
0 1568515662 734.272522 438.628784
0 1568516664 820.033813 382.873444
0 1438991628 799.502319 396.221405
0 1438996634 935.656311 414.039246
0 1578519675 968.444824 558.841309
0 1438993631 711.226624 453.611420
0 1772785076 1066.643555 474.492584
0 1578528686 850.631775 445.437378
0 1772037075 863.213196 380.605225
0 1578515670 807.302246 476.118652
0 1578515669 924.538513 596.555054
0 0 894.276978 332.973816
0 1 1092.473877 443.665741
0 2 1022.050232 352.320374
0 3 1127.200439 342.411621
0 4 799.610413 502.750519
0 5 1035.934814 729.893494
0 6 669.983276 379.565765
0 7 584.274536 424.292511
0 8 1110.915649 534.395569
0 9 762.844421 714.333008
