0 1578512666 1013.955566 346.778412
0 1524823287 1383.546387 664.183716
0 1478234209 1095.101807 172.445953
0 1707269176 1114.449707 292.782135
0 1438989626 1094.862793 387.074524
0 1524801259 1193.814087 563.664673
0 1438992629 1085.615356 356.409088
0 1478227200 1014.389648 162.023453
0 1524854327 1245.552734 523.210571
0 1478249229 963.621033 157.874649
0 1524807266 1022.785828 630.190430
0 1524863340 1296.343384 703.865967
0 1524831297 1076.081055 655.719421
0 1478229202 1002.997742 166.705933
0 1568509654 1100.415894 347.944092
0 1524790246 1264.260620 689.384644
0 1578523681 1202.154419 305.922852
0 1478207175 999.230469 151.707214
0 1524861337 1432.767090 614.482056
0 1478210178 1060.971680 151.206863
0 1524862338 1064.740967 599.326538
0 1478186149 1039.090332 160.329651
0 1524797254 1132.624878 682.804443
0 1578518674 1100.947876 300.036804
0 1438985621 1169.930176 308.186462
0 1524857331 1368.329346 634.129272
0 1478203170 1047.531982 148.400803
0 1438994632 1011.160034 332.876404
0 1578520676 1090.139160 371.410400
0 1478237213 1040.468872 206.697647
0 1568511657 1026.137085 324.986603
0 1775370079 998.375122 355.149933
0 1478195160 1131.249146 165.880051
0 1568510655 995.870117 340.930939
0 1478257240 1037.789673 197.813095
0 1578521677 1037.601440 304.477875
0 1524794250 1370.374390 590.577637
0 1524812272 1238.486694 560.404114
0 1769859072 1058.785767 322.690826
0 1578525683 1051.255127 358.838226
0 1770636073 1051.734985 297.174683
0 1524846317 1244.561890 707.726990
0 1524833300 1220.903320 574.602539
0 1568511656 1221.688477 311.236023
0 1438985620 1142.985229 323.597260
0 1478185148 1116.767456 162.856445
0 1707993177 1045.208984 273.557220
0 1478189152 1025.751465 203.141418
0 1524791247 1283.338989 671.620117
0 1524830296 1233.154663 675.344177
0 2088218948 1124.014648 318.104126
0 1524827292 1351.169434 650.752930
0 1606348170 1151.078979 302.952393
0 1524855329 1123.318970 556.234131
0 1478183145 1028.251953 212.190704
0 1438990627 1040.811035 317.256531
0 1524840309 1384.973389 618.005310
0 1478222194 1020.989441 185.907974
0 1709860179 928.055237 331.883392
0 1478188151 967.730591 181.201950
0 1438988624 1105.415039 312.718384
0 1478243222 929.038086 179.772018
0 1524843313 1310.206177 738.240417
0 1524844315 1103.928589 669.058716
0 1524858333 1348.067505 700.009155
0 1524811271 1104.341064 570.195129
0 1524859334 1366.090454 681.810181
0 1478216186 1049.629639 192.572571
0 1524851324 1386.278687 575.768494
0 1524814275 1185.298096 539.489380
0 1578514668 1065.593384 290.013672
0 1478184146 1023.331970 194.385147
0 1524829294 1252.429565 658.063660
0 1478176143 969.187744 189.473602
0 1524860336 1159.741577 529.440125
0 1478222193 978.088196 168.415100
0 1438997636 1114.904663 339.657501
0 1478194158 997.019470 196.198715
0 1478201168 1012.321472 154.539017
0 1478187150 1091.726074 164.575699
0 1478205172 1025.606689 157.412857
0 1524838306 1117.656982 623.211548
0 1568514660 1109.938965 280.840668
0 1524865342 1194.253662 504.051575
0 2085418945 988.936401 301.573090
0 1524808268 1211.537231 549.807129
0 1478200167 1041.603149 168.017014
0 1478194159 1001.085693 159.093353
0 1568501643 1083.102783 294.977661
0 1478239216 999.006470 204.987335
0 1524820283 1255.584229 546.598083
0 1438989625 1034.514771 292.188354
0 1568505649 1119.137939 305.193848
0 1478255237 1120.534668 170.697617
0 1524804262 1177.226929 516.577148
0 1568506650 1048.410034 285.142120
0 1478217187 1087.341431 185.622314
0 1568505648 1020.346191 299.373138
0 1568497640 1145.775635 290.588074
0 1578511665 1127.688965 285.668579
0 1478258241 1066.671265 166.295898
0 1524796253 1165.020752 619.727295
0 1478206173 987.977600 156.206390
0 1524826291 1130.226807 581.233276
0 1578529688 974.169617 308.924896
0 1478233207 1088.453003 156.944641
0 1708834178 1087.175293 307.436859
0 1478189153 979.672485 176.293411
0 1568499641 1032.413452 352.746277
0 1478245224 1102.503662 159.878326
0 1524852325 1110.810181 595.951233
0 1478219190 916.685242 184.710983
0 1578525682 1008.475830 319.527924
0 1478232206 954.362061 178.032242
0 1524818280 1248.746826 585.844971
0 1524850322 1070.245361 626.699280
0 1438996635 1096.651367 287.840393
0 1524832299 1230.807983 600.823547
0 1478242220 1063.778076 158.636703
0 1524789245 1290.305786 758.335266
0 1438999639 1125.214600 368.924988
0 1478196161 1069.655273 174.195251
0 1478252234 1075.912598 190.761017
0 1524803261 1337.130859 621.532104
0 1478211179 940.209412 167.110275
0 1578523680 978.145874 335.200287
0 1578530689 1119.950684 353.981720
0 1568508653 1168.320068 343.148926
0 1524826290 1049.045166 642.768921
0 1524847319 1173.699707 648.507751
0 1524810270 1272.215454 533.168457
0 1524835302 1202.812988 589.210388
0 1524821284 1329.449341 718.809204
0 1524799257 1212.336670 616.246643
0 1478233208 1007.003174 182.653320
0 1608354172 1017.615417 287.294952
0 1524835303 1202.666870 526.323914
0 1478251232 1109.647949 175.592575
0 1524812273 1167.448853 553.019043
0 1706512175 1074.736328 380.415344
0 1438986622 945.108459 337.525757
0 1478211180 1027.893921 164.997681
0 1524823286 1315.203247 685.595337
0 1478223195 1061.276245 187.417664
0 1478244223 1030.252441 172.818573
0 1438987623 1005.896301 306.700592
0 1478193157 1004.969238 174.555527
0 1478198164 1077.646973 161.583878
0 1524862339 1289.239258 625.062500
0 1478236212 984.735718 201.472351
0 1478240217 1011.270203 199.642197
0 1478214183 1036.652832 152.872498
0 1578521678 1148.506104 337.287262
0 1524844314 1090.824707 611.100098
0 1524848320 1311.404785 567.984619
0 1524806265 1184.193359 604.245667
0 1524787243 1153.481201 665.389832
0 1478241219 981.306824 184.420898
0 1524799256 1175.587036 577.916321
0 1478190154 956.870544 194.608948
0 1478226198 993.232483 179.448837
0 1478208176 976.551819 160.774719
0 1478214184 1052.481201 201.296509
0 2084722944 1023.184692 311.927460
0 1578522679 1081.279053 342.029449
0 1524825289 1256.722656 742.248535
0 1774531078 1134.380371 345.545624
0 1525674169 1066.427002 350.344330
0 1478197162 997.429749 144.537491
0 1524815276 1149.098877 566.928345
0 1768901071 962.505676 343.281952
0 1578526684 1044.151001 330.554169
0 1478182144 1050.114990 155.733261
0 1524853326 1044.070679 614.532410
0 1478218189 1013.509949 208.559631
0 1578513667 1073.124146 314.986664
0 1438983618 1069.285400 302.256592
0 1478224196 1009.102356 191.011322
0 1478247227 1034.287231 145.635452
0 1524792248 1416.804199 587.169067
0 1524795252 1276.860229 722.740234
0 1524808267 1277.376343 597.404846
0 1478191155 955.596497 186.189468
0 1524856330 1162.209106 696.975647
0 1478236211 1098.584961 180.566833
0 1478258242 1008.365845 140.223297
0 1478212181 982.993713 192.809631
0 1478185147 1035.196533 189.213974
0 1568502645 1156.595337 315.813171
0 1568508652 1055.190918 309.681396
0 1438984619 1062.040039 278.230438
0 1659977623 1075.101440 321.543579
0 1478209177 1074.610352 154.054504
0 1438982617 1077.118896 328.233582
0 1524805264 1340.479492 579.123962
0 1771287074 1189.153198 313.523773
0 2087111947 993.465942 327.283936
0 1524817279 1084.822754 584.553528
0 1524795251 1145.270508 635.675476
0 1478230204 1018.720581 177.696686
0 1478230203 1010.314392 147.275528
0 1524847318 1319.747803 637.718262
0 1578516671 1164.208740 295.601807
0 1568513659 1062.527954 336.233978
0 1578529687 1175.883789 321.281555
0 1524819282 1137.532227 607.671143
0 1478253235 995.095825 187.690292
0 1524836304 1241.298828 628.596558
0 1478243221 1023.387451 150.053589
0 1568501644 1075.412231 271.449554
0 1438998637 1182.083740 334.918701
0 1524816278 1299.589844 543.392151
0 1705773174 1035.752930 367.516998
0 1524845316 1224.212036 726.675720
0 1524842312 1192.723267 711.592285
0 1568507651 1110.207275 377.898895
0 1438999638 976.118225 321.800934
0 1478252233 1064.294189 195.985046
0 1438993630 980.257629 349.155457
0 1478237214 941.196594 174.910690
0 1524857332 1416.860718 630.543945
0 1478248228 1032.685425 180.886673
0 1478225197 929.872070 187.958984
0 1524859335 1202.981567 661.724792
0 1524832298 1193.309204 632.134277
0 1478200166 903.700378 181.512695
0 1478250231 1084.007812 177.356323
0 1478245225 953.165527 170.125183
0 1438995633 1055.037476 373.897675
0 1524804263 1306.825806 609.295776
0 1524839308 1222.432983 644.907532
0 1524849321 1228.776855 536.327515
0 1568512658 1070.492676 365.058258
0 1568514661 1129.091309 331.543671
0 1478231205 1106.020264 167.613281
0 1773608077 1029.210938 338.581635
0 1438977615 1132.588867 297.818542
0 1524834301 1353.998901 605.825500
0 1607644171 1079.184570 282.990662
0 1524800258 1213.262695 693.178101
0 1568504647 960.772034 329.582855
0 1568500642 1091.411499 320.396698
0 1478256239 1044.194702 175.945526
0 1524815277 1327.704468 553.892334
0 1568503646 1182.998169 300.712433
0 1478220191 964.949097 165.413773
0 1478207174 1052.776978 163.290298
0 1524841311 1400.461426 647.103333
0 1478213182 966.318420 173.185883
0 1524813274 1294.635620 582.482849
0 1568516663 991.156555 314.175049
0 1578517672 943.738281 324.075470
0 1578527685 1092.516357 276.101807
0 1478240218 1058.353638 179.121002
0 1478215185 942.214844 182.955978
0 1524838307 1356.590088 564.680420
0 1478197163 1055.521973 171.082535
0 1478221192 1072.734009 182.346237
0 1524819281 1182.916748 679.072388
0 2086284946 1095.821411 333.888000
0 1524824288 1141.778809 542.654236
0 1524802260 1448.202759 598.895630
0 1478226199 1016.521667 169.739075
0 1578518673 1003.415588 294.364471
0 1438981616 1016.869568 361.269135
0 1478238215 943.265503 191.257904
0 1609135173 1162.337646 329.200989
0 1524837305 1401.124512 602.358826
0 1524793249 1266.175903 571.291992
0 1568515662 1195.560425 326.860016
0 1568516664 1139.895508 360.146149
0 1438991628 1154.260742 351.556152
0 1478249230 970.692200 198.013336
0 1438996634 1047.629395 344.403076
0 1578519675 1031.543945 280.360474
0 1524829295 1333.469482 667.899902
0 1524864341 1323.898438 593.989502
0 1478255238 928.229675 171.836182
0 1438993631 1208.759155 318.967468
0 1524788244 1283.116821 557.146729
0 1772785076 959.106628 316.424164
0 1524828293 1156.833984 592.579163
0 1478203171 952.005127 162.457001
0 1524798255 1124.915771 652.111694
0 1478199165 991.426758 171.462006
0 1578528686 1110.063599 325.914581
0 1478192156 989.675903 163.718155
0 1478228201 1080.777954 169.347458
0 1772037075 1105.207031 362.601288
0 1578515670 1137.683716 310.451660
0 1524851323 1259.605103 612.769409
0 1478218188 975.061096 153.361649
0 1478202169 1046.868896 184.126587
0 1478254236 986.329407 148.916412
0 1478246226 916.061462 176.636383
0 1524809269 1301.825684 654.406372
0 1524822285 1097.182495 639.220459
0 1524841310 1219.574097 513.508179
0 1478235210 1021.233215 142.909912
0 1578515669 1058.617798 266.881531
0 1524854328 1271.115601 641.311035
0 0 1623.416748 305.217194
0 1 1050.752686 403.743164
0 2 1536.505859 236.756836
0 3 1388.038452 511.422272
0 4 1319.821289 171.405548
0 5 1463.054688 231.387344
0 6 1256.814575 599.269531
0 7 1043.905762 193.662369
0 8 1018.797485 209.618820
0 9 828.443237 160.229614
0 10 1078.249756 181.595200
0 11 1233.600830 189.259247
0 12 944.588379 180.209305
0 13 1593.076416 242.956070
0 14 664.376770 402.262817
0 15 950.741150 216.554031
0 16 1607.313354 330.001160
0 17 515.208740 287.562286
0 18 1642.074463 284.531647
0 19 1525.079590 256.303192
0 20 740.689636 191.633667
0 21 1589.482300 263.859680
0 22 674.755981 204.153854
0 23 1074.238892 134.532944
0 24 1317.448486 196.456039
0 25 1453.894165 319.078156
0 26 1242.470337 460.698212
0 27 1030.781128 142.612274
0 28 572.673706 245.321472
0 29 1486.302368 364.693237
0 30 1443.472290 203.352585
0 31 1640.184326 261.226257
0 32 1084.755493 147.813858
0 33 942.882812 394.374146
0 34 993.091492 188.533646
0 35 1147.744873 170.816742
0 36 1476.072021 293.555847
0 37 1253.924438 151.400711
0 38 557.186035 270.456970
0 39 1067.066406 162.101807
