0 1578512666 928.784607 603.323792
0 1524823287 1264.036133 963.787964
0 1478234209 1029.146851 442.912598
0 1707269176 1034.095337 559.796875
0 1438989626 1003.727539 650.844604
0 1524801259 1082.042603 840.406921
0 1438992629 998.304321 619.512817
0 1478227200 952.784180 425.427612
0 1524854327 1138.436157 802.910461
0 1478249229 904.383118 416.675323
0 1524807266 899.243591 895.627319
0 1524863340 1171.373047 999.187195
0 1524831297 950.638733 927.778381
0 1478229202 941.222717 428.738678
0 1568509654 1013.896851 612.520020
0 1524790246 1139.988159 980.664307
0 1578523681 1118.099609 580.756592
0 1478207175 939.485291 414.304657
0 1524861337 1317.833496 915.027710
0 1478210178 998.855530 419.737579
0 1524862338 946.509644 866.476501
0 1478186149 976.756104 426.196503
0 1524797254 1005.418518 962.046753
0 1578518674 1020.070251 565.593750
0 1438985621 1086.480103 579.968323
0 1524857331 1251.270996 930.284119
0 1478203170 986.297363 415.829803
0 1438994632 927.843628 589.354980
0 1578520676 1000.951782 634.808533
0 1478237213 972.443359 470.104767
0 1568511657 943.626526 582.999634
0 1775370079 912.264526 610.151855
0 1478195160 1064.537842 440.176239
0 1568510655 911.682434 595.862610
0 1478257240 970.940063 461.419281
0 1578521677 957.504028 563.996277
0 1524794250 1257.161621 884.316772
0 1524812272 1127.448853 840.976379
0 1769859072 976.027771 583.797363
0 1578525683 964.092163 618.727600
0 1770636073 972.270935 558.200317
0 1524846317 1117.788330 998.918579
0 1524833300 1108.192993 854.295349
0 1568511656 1136.557495 587.749268
0 1438985620 1058.472168 592.529236
0 1478185148 1051.001343 435.963989
0 1707993177 968.815979 534.660217
0 1478189152 958.640564 465.329865
0 1524791247 1161.353149 963.096619
0 1524830296 1109.631592 962.748413
0 2088218948 1040.533569 585.385315
0 1524827292 1232.399780 946.558350
0 1606348170 1068.672974 573.111450
0 1524855329 1011.622253 826.319031
0 1478183145 959.937805 474.168793
0 1438990627 959.044250 576.791443
0 1524840309 1269.471802 914.587891
0 1478222194 956.178406 448.554321
0 1709860179 845.824158 580.591980
0 1478188151 905.293762 439.028351
0 1438988624 1022.954651 578.384644
0 1478243222 868.007080 433.976746
0 1524843313 1182.150513 1038.006470
0 1524844315 977.584961 944.635010
0 1524858333 1224.685181 999.454407
0 1524811271 990.638367 839.260620
0 1524859334 1244.735840 981.281189
0 1478216186 983.012146 457.580994
0 1524851324 1274.380493 870.158264
0 1524814275 1076.178467 814.402588
0 1578514668 986.710754 552.532715
0 1478184146 957.388184 456.796936
0 1524829294 1131.214722 945.794617
0 1478176143 905.617981 446.987610
0 1524860336 1051.599731 801.663330
0 1478222193 916.972961 427.965088
0 1438997636 1029.113525 605.695740
0 1478194158 931.702026 456.010956
0 1478201168 951.724854 418.209900
0 1478187150 1026.804199 435.196350
0 1478205172 964.146973 422.173401
0 1524838306 997.539734 896.593567
0 1568514660 1031.073608 547.787354
0 1524865342 1089.127075 778.518677
0 2085418945 910.082825 556.594360
0 1524808268 1101.451660 827.501770
0 1478200167 978.242920 433.655762
0 1478194159 940.340027 421.405731
0 1568501643 1003.228455 558.999756
0 1478239216 932.502991 464.540588
0 1524820283 1146.080078 828.089478
0 1438989625 956.027710 551.731567
0 1568505649 1037.245850 572.318420
0 1478255237 1053.743896 443.684021
0 1524804262 1070.655396 789.910950
0 1568506650 970.508057 546.188965
0 1478217187 1020.176575 454.592621
0 1568505648 941.222534 557.398499
0 1568497640 1064.872192 560.591675
0 1578511665 1047.810791 554.128052
0 1478258241 1002.551514 434.426971
0 1524796253 1046.346924 897.073364
0 1478206173 928.080444 417.443451
0 1524826291 1015.566528 853.193542
0 1578529688 894.565613 562.389343
0 1478233207 1024.537354 427.729095
0 1708834178 1005.724731 571.523010
0 1478189153 917.483032 435.537476
0 1568499641 946.250549 610.943787
0 1478245224 1037.669312 431.815430
0 1524852325 993.978516 867.009521
0 1478219190 855.344116 437.461823
0 1578525682 926.943481 575.991150
0 1478232206 892.773865 434.757996
0 1524818280 1135.116455 868.594421
0 1524850322 948.505798 896.111572
0 1438996635 1017.305054 553.331543
0 1524832299 1115.370483 882.822083
0 1478242220 1000.673706 426.963654
0 1524789245 1159.566162 1058.476318
0 1438999639 1035.853638 635.584412
0 1478196161 1004.492004 442.139374
0 1478252234 1008.573975 458.363159
0 1524803261 1220.884766 914.145935
0 1478211179 880.541016 423.110413
0 1578523680 894.932922 588.555237
0 1578530689 1032.406006 620.295593
0 1568508653 1081.112305 614.086182
0 1524826290 924.538025 911.450623
0 1524847319 1051.807617 928.621582
0 1524810270 1164.116577 815.613831
0 1524835302 1088.280640 868.068481
0 1524821284 1203.839478 1018.348328
0 1524799257 1094.929077 897.550903
0 1478233208 943.077515 444.147247
0 1608354172 940.094604 545.386353
0 1524835303 1095.107666 802.288147
0 1478251232 1042.755981 447.254822
0 1524812273 1056.632690 826.911682
0 1706512175 984.620483 642.343750
0 1438986622 861.919739 587.752991
0 1478211180 965.417053 429.510498
0 1524823286 1192.493164 980.973572
0 1478223195 994.862793 453.813080
0 1478244223 966.729126 437.090912
0 1438987623 926.081543 563.193970
0 1478193157 942.134705 436.315094
0 1478198164 1013.640198 431.048859
0 1524862339 1172.070557 913.701965
0 1478236212 919.120239 459.843933
0 1478240217 945.061829 460.632568
0 1478214183 975.316406 418.974609
0 1578521678 1062.345703 606.481445
0 1524844314 971.638306 881.307007
0 1524848320 1200.009766 855.387573
0 1524806265 1067.677490 882.319397
0 1524787243 1029.044312 945.023438
0 1478241219 918.010315 443.365784
0 1524799256 1061.981567 853.745667
0 1478190154 892.997375 450.676178
0 1478226198 930.180603 439.808838
0 1478208176 916.479309 420.636292
0 1478214184 984.713623 466.117218
0 2084722944 942.398804 569.925049
0 1578522679 995.776306 604.907654
0 1524825289 1126.563232 1037.830811
0 1774531078 1047.558228 613.304321
0 1525674169 980.127869 611.733154
0 1478197162 938.657043 407.424683
0 1524815276 1036.439697 839.835022
0 1768901071 878.351135 595.063538
0 1578526684 960.652527 590.152161
0 1478182144 987.900574 422.939362
0 1524853326 923.289368 880.797363
0 1478218189 946.106995 469.314880
0 1578513667 991.047852 577.589294
0 1438983618 988.833496 564.796143
0 1478224196 944.052673 452.248383
0 1478247227 973.921997 411.978912
0 1524792248 1304.000732 884.810547
0 1524795252 1149.413574 1018.125000
0 1524808267 1162.847900 883.322632
0 1478191155 892.883728 442.582428
0 1524856330 1034.183838 980.041321
0 1478236211 1031.568726 450.890472
0 1478258242 949.704285 404.442993
0 1478212181 918.555725 451.463226
0 1478185147 969.488281 453.031677
0 1568502645 1072.639038 586.175659
0 1568508652 974.109192 570.725159
0 1438984619 984.674255 540.766602
0 1659977623 992.191223 584.195251
0 1478209177 1011.600830 423.703583
0 1438982617 993.359863 590.947021
0 1524805264 1228.165039 869.639282
0 1771287074 1104.646973 586.963684
0 2087111947 911.125854 582.199524
0 1524817279 968.946289 852.638977
0 1524795251 1024.250000 912.357544
0 1478230204 955.009094 440.587494
0 1478230203 950.698730 411.218506
0 1524847318 1201.760132 929.871460
0 1578516671 1082.267456 567.181763
0 1568513659 978.031982 597.453308
0 1578529687 1090.877930 593.316650
0 1524819282 1019.767212 881.814331
0 1478253235 930.928345 447.771912
0 1524836304 1123.027832 913.255920
0 1478243221 962.917236 415.068054
0 1568501644 998.536255 535.460693
0 1438998637 1095.473267 607.264587
0 1524816278 1190.519409 828.674561
0 1705773174 947.654724 625.897278
0 1524845316 1094.703491 1017.900452
0 1524842312 1063.928467 998.648621
0 1568507651 1019.995850 643.116943
0 1438999638 894.745300 575.188477
0 1478252233 996.755127 462.204041
0 1438993630 895.129028 602.528137
0 1478237214 880.446289 430.553253
0 1524857332 1300.547852 930.694824
0 1478248228 968.085449 444.926910
0 1478225197 867.697510 441.797211
0 1524859335 1080.253662 945.409973
0 1524832298 1073.754883 912.807800
0 1478200166 843.182373 433.193665
0 1478250231 1017.924500 446.480682
0 1478245225 892.667664 427.189697
0 1438995633 965.934204 634.029968
0 1524804263 1191.424316 898.499512
0 1524839308 1102.030151 929.040161
0 1524849321 1120.239624 815.009521
0 1568512658 982.321716 626.680664
0 1568514661 1043.967651 599.034058
0 1478231205 1040.170654 439.407562
0 1773608077 944.909241 596.659180
0 1438977615 1051.214844 566.388916
0 1524834301 1239.340332 898.970520
0 1607644171 1000.834351 546.989319
0 1524800258 1087.218994 980.353577
0 1568504647 878.525208 581.396973
0 1568500642 1008.330017 584.592529
0 1478256239 979.779541 441.364349
0 1524815277 1217.675537 842.107910
0 1568503646 1100.006470 573.902100
0 1478220191 904.676880 423.884552
0 1478207174 989.556091 430.280579
0 1524841311 1282.627319 946.937500
0 1478213182 904.980164 431.331604
0 1524813274 1181.744141 869.117981
0 1568516663 910.593140 569.122437
0 1578517672 862.449036 574.383362
0 1578527685 1014.651855 541.565918
0 1478240218 993.034424 445.704742
0 1478215185 880.348328 438.246002
0 1524838307 1245.617676 855.930054
0 1478197163 991.266418 437.864929
0 1478221192 1006.498352 450.113617
0 1524819281 1057.653931 962.398438
0 2086284946 1011.051392 598.244873
0 1524824288 1031.932129 813.793152
0 1524802260 1334.517212 899.906189
0 1478226199 953.878296 432.882843
0 1578518673 925.255310 550.928101
0 1438981616 929.769043 617.939819
0 1478238215 880.247009 446.201447
0 1609135173 1076.781494 599.820740
0 1524837305 1287.037598 899.439392
0 1524793249 1154.201904 854.842651
0 1568515662 1109.493286 600.604980
0 1568516664 1051.315918 628.239624
0 1438991628 1066.397583 621.075806
0 1478249230 905.953430 455.223083
0 1438996634 962.333435 604.116943
0 1578519675 954.611328 539.965027
0 1524829295 1212.820801 963.443176
0 1524864341 1210.111084 883.820801
0 1478255238 868.306519 426.412567
0 1438993631 1123.184204 594.101685
0 1524788244 1172.659424 841.543335
0 1772785076 878.691772 568.317444
0 1524828293 1041.235107 867.540222
0 1478203171 892.564819 419.865143
0 1524798255 1001.344421 928.200989
0 1478199165 929.457520 432.108124
0 1578528686 1025.966309 591.739319
0 1478192156 928.757812 424.656982
0 1478228201 1015.746948 438.637146
0 1772037075 1016.875183 627.461426
0 1578515670 1054.765381 579.177673
0 1524851323 1143.287598 898.026306
0 1478218188 916.001282 413.539551
0 1478202169 981.368286 449.334900
0 1478254236 927.424316 410.456421
0 1478246226 855.855591 429.773163
0 1524809269 1181.929565 946.177429
0 1524822285 974.511597 911.905212
0 1524841310 1113.448853 790.549988
0 1478235210 961.725525 408.183716
0 1578515669 982.718567 529.468262
0 1524854328 1152.013794 929.456787
0 0 1261.269775 507.830597
0 1 736.415222 501.759094
0 2 1094.398315 746.687927
0 3 1384.455566 533.270081
0 4 1363.538452 599.960327
0 5 938.175964 401.787445
0 6 1492.385132 649.530945
0 7 1449.406982 551.164978
0 8 1335.759277 496.993683
0 9 777.017334 762.731018
0 10 1389.139160 579.117493
0 11 706.523926 416.455963
0 12 1261.700195 780.239685
0 13 1108.304932 453.738068
0 14 1177.461426 822.372986
0 15 1349.334473 480.897125
0 16 1139.111572 470.057434
0 17 664.479004 756.334412
0 18 565.496582 444.346161
0 19 721.118530 533.739685
0 20 854.724487 803.603088
0 21 1045.215820 719.334106
0 22 989.396118 399.768036
0 23 1314.509521 729.729248
0 24 632.394104 436.686371
0 25 788.873962 515.015137
0 26 842.498413 617.052124
0 27 789.119995 398.696381
0 28 481.857483 566.996155
0 29 846.030701 665.928833
0 30 1233.506348 700.736389
0 31 1031.232666 428.844971
0 32 1461.665771 587.963806
0 33 871.337708 484.508392
0 34 1402.074707 500.320007
0 35 979.166443 410.168182
0 36 1324.890137 635.974304
0 37 1425.739746 613.070068
0 38 1060.600098 423.839111
0 39 1512.971680 561.382568
