0 1578512666 931.342529 546.932434
0 1524823287 1261.444946 901.317200
0 1478234209 1031.790283 387.073456
0 1707269176 1036.370483 503.909454
0 1438989626 1005.879456 594.202515
0 1524801259 1082.864502 780.777344
0 1438992629 1000.548828 563.156128
0 1478227200 955.327576 369.351868
0 1524854327 1138.849243 744.239258
0 1478249229 906.825256 360.452301
0 1524807266 902.308350 834.151184
0 1524863340 1169.946411 935.333923
0 1524831297 952.980286 865.545288
0 1478229202 943.743591 372.652466
0 1568509654 1016.088745 556.257568
0 1524790246 1139.209229 917.329834
0 1578523681 1120.051025 524.956543
0 1478207175 942.003357 358.145233
0 1524861337 1315.024170 854.124390
0 1478210178 1001.501892 363.734711
0 1524862338 948.927979 805.874573
0 1478186149 979.345459 370.176392
0 1524797254 1006.875793 898.936523
0 1578518674 1022.363892 509.647034
0 1438985621 1088.530273 524.099365
0 1524857331 1249.219482 868.775513
0 1478203170 988.922058 359.779724
0 1438994632 930.400391 533.059082
0 1578520676 1003.152588 578.320618
0 1478237213 974.974365 414.208466
0 1568511657 946.126892 526.780640
0 1775370079 914.896851 553.669189
0 1478195160 1067.247559 384.404877
0 1568510655 914.304321 539.485107
0 1478257240 973.479736 405.503662
0 1578521677 959.969299 507.912842
0 1524794250 1255.506836 824.072449
0 1524812272 1127.738403 781.450317
0 1769859072 978.417908 527.648804
0 1578525683 966.493042 562.296753
0 1770636073 974.702454 502.177582
0 1524846317 1117.262207 934.928833
0 1524833300 1108.632202 794.407898
0 1568511656 1138.407959 531.950256
0 1438985620 1060.556885 536.517334
0 1478185148 1053.704590 380.147034
0 1707993177 971.279968 478.714478
0 1478189152 961.168579 409.394867
0 1524791247 1160.356812 900.371887
0 1524830296 1109.444824 899.895691
0 2088218948 1042.705566 529.377258
0 1524827292 1230.461914 884.524536
0 1606348170 1070.806885 517.239014
0 1524855329 1013.306152 766.826721
0 1478183145 962.460266 418.250427
0 1438990627 961.496521 520.644653
0 1524840309 1267.330566 853.569153
0 1478222194 958.714783 392.573273
0 1709860179 848.659912 524.160156
0 1478188151 907.763184 382.904449
0 1438988624 1025.204590 522.377197
0 1478243222 870.414673 377.752502
0 1524843313 1180.235718 972.846680
0 1524844315 979.506226 881.979553
0 1524858333 1222.367188 935.737000
0 1524811271 992.539124 779.422668
0 1524859334 1242.266724 918.209412
0 1478216186 985.566650 401.683350
0 1524851324 1272.662354 810.315613
0 1524814275 1077.186890 755.333374
0 1578514668 989.115356 496.566986
0 1478184146 959.920776 400.840851
0 1524829294 1130.797363 883.513794
0 1478176143 908.096802 390.890808
0 1524860336 1052.922852 742.797668
0 1478222193 919.450378 371.822754
0 1438997636 1031.261719 549.522034
0 1478194158 934.212524 399.996368
0 1478201168 954.269287 362.097198
0 1478187150 1029.467285 379.323517
0 1478205172 966.715271 366.107117
0 1524838306 999.247986 835.349060
0 1568514660 1033.393311 491.941498
0 1524865342 1090.173828 720.203430
0 2085418945 912.673035 500.435516
0 1524808268 1102.116211 768.212830
0 1478200167 980.825256 377.670776
0 1478194159 942.859741 365.284058
0 1568501643 1005.581482 503.044769
0 1478239216 935.015991 408.546265
0 1524820283 1146.241699 768.901550
0 1438989625 958.504028 495.698547
0 1568505649 1039.471924 516.377380
0 1478255237 1056.421997 387.901428
0 1524804262 1071.830566 731.329346
0 1568506650 972.956787 490.210144
0 1478217187 1022.774597 398.769318
0 1568505648 943.733154 501.307800
0 1568497640 1067.069946 504.771637
0 1578511665 1050.073364 498.296295
0 1478258241 1005.174194 378.498108
0 1524796253 1047.386597 835.943848
0 1478206173 930.573792 361.275665
0 1524826291 1017.137573 793.093323
0 1578529688 897.204834 506.168335
0 1478233207 1027.218018 371.819794
0 1708834178 1008.043457 515.513184
0 1478189153 919.966858 379.427246
0 1568499641 948.735046 554.534729
0 1478245224 1040.362793 375.952484
0 1524852325 995.789307 806.517395
0 1478219190 857.743286 381.223083
0 1578525682 929.498169 519.774475
0 1478232206 895.219666 378.590881
0 1524818280 1135.138306 808.429016
0 1524850322 950.889038 834.751465
0 1438996635 1019.638367 497.432892
0 1524832299 1115.557007 822.246399
0 1478242220 1003.308777 370.999023
0 1524789245 1157.910400 992.510742
0 1438999639 1037.877808 579.171997
0 1478196161 1007.100891 386.243561
0 1478252234 1011.150635 402.523773
0 1524803261 1219.418213 853.011353
0 1478211179 882.945740 366.867065
0 1578523680 897.609680 532.187866
0 1578530689 1034.495117 564.012695
0 1568508653 1083.015747 557.969543
0 1524826290 927.259766 849.609924
0 1524847319 1052.655884 866.632141
0 1524810270 1164.170410 756.742676
0 1524835302 1088.893188 807.794617
0 1524821284 1201.705200 953.936279
0 1524799257 1095.306641 836.535950
0 1478233208 945.599548 388.123657
0 1608354172 942.608521 489.340729
0 1524835303 1095.973755 743.519897
0 1478251232 1045.404907 391.459900
0 1524812273 1057.804688 767.521240
0 1706512175 986.892029 585.743530
0 1438986622 864.717468 531.313904
0 1478211180 967.981323 373.480286
0 1524823286 1190.864624 917.770752
0 1478223195 997.435425 397.931976
0 1478244223 969.288574 381.094177
0 1438987623 928.633484 507.041870
0 1478193157 944.656372 380.261688
0 1478198164 1016.290771 375.130310
0 1524862339 1171.285400 852.450989
0 1478236212 921.622742 403.810516
0 1478240217 947.583008 404.658112
0 1478214183 977.911926 362.916840
0 1578521678 1064.359131 550.379822
0 1524844314 973.718933 820.395691
0 1524848320 1199.337646 795.711121
0 1524806265 1068.489380 821.632263
0 1524787243 1030.178101 882.493408
0 1478241219 920.500427 387.284637
0 1524799256 1062.984253 793.752075
0 1478190154 895.468201 394.562408
0 1478226198 932.685059 383.742157
0 1478208176 918.950317 364.459198
0 1478214184 987.256592 410.241394
0 2084722944 944.904907 513.776978
0 1578522679 998.060059 548.661560
0 1524825289 1125.651367 972.524475
0 1774531078 1049.605347 557.114929
0 1525674169 982.465576 555.397522
0 1478197162 941.173279 351.225403
0 1524815276 1037.798462 780.101440
0 1768901071 881.102661 538.613647
0 1578526684 963.089905 533.927673
0 1478182144 990.517273 366.928314
0 1524853326 926.013306 819.773254
0 1478218189 948.626709 413.358978
0 1578513667 993.398560 521.512207
0 1438983618 991.212646 508.781219
0 1478224196 946.574463 396.251251
0 1478247227 976.522766 355.881378
0 1524792248 1301.743408 824.675781
0 1524795252 1148.224365 953.571960
0 1524808267 1162.414917 822.857788
0 1478191155 895.341858 386.443665
0 1524856330 1035.130127 916.441528
0 1478236211 1034.190796 395.081940
0 1478258242 952.249512 348.249969
0 1478212181 921.052124 395.407837
0 1478185147 972.035522 397.092621
0 1568502645 1074.703125 530.237488
0 1568508652 976.521240 514.646423
0 1438984619 987.101685 484.838654
0 1659977623 994.526489 528.081909
0 1478209177 1014.265808 367.747650
0 1438982617 995.678894 534.793518
0 1524805264 1227.021606 809.689514
0 1771287074 1106.603882 531.095154
0 2087111947 913.737183 525.909790
0 1524817279 971.091064 792.431763
0 1524795251 1025.548462 850.754211
0 1478230204 957.548523 384.577911
0 1478230203 953.243835 355.066620
0 1524847318 1200.422852 868.243408
0 1578516671 1084.391846 511.371063
0 1568513659 980.397461 541.219788
0 1578529687 1092.846802 537.375244
0 1524819282 1021.210571 821.015381
0 1478253235 933.436035 391.733032
0 1524836304 1122.930420 851.888062
0 1478243221 965.488708 358.963379
0 1568501644 1000.948242 479.580414
0 1438998637 1097.353027 551.234863
0 1524816278 1190.182617 769.587402
0 1705773174 950.128723 569.365234
0 1524845316 1094.469849 953.205750
0 1524842312 1064.312500 934.521729
0 1568507651 1022.078796 586.593262
0 1438999638 897.402954 518.901672
0 1478252233 999.313293 406.347168
0 1438993630 897.825623 546.063782
0 1478237214 882.865479 374.342377
0 1524857332 1297.789062 869.305115
0 1478248228 970.639343 388.960663
0 1478225197 870.123535 385.600677
0 1524859335 1080.607910 883.004822
0 1524832298 1074.352051 851.322449
0 1478200166 845.551758 376.912231
0 1478250231 1020.541748 390.628784
0 1478245225 895.101440 370.991119
0 1438995633 968.312744 577.466309
0 1524804263 1190.496094 837.712219
0 1524839308 1102.142700 867.171753
0 1524849321 1120.768555 756.039490
0 1568512658 984.628174 570.223572
0 1568514661 1046.080322 542.943787
0 1478231205 1042.842896 383.580078
0 1773608077 947.402405 540.353821
0 1438977615 1053.423462 510.510315
0 1524834301 1237.768799 838.296326
0 1607644171 1003.218262 491.077057
0 1524800258 1087.298218 916.886841
0 1568504647 881.248352 525.036316
0 1568500642 1010.610596 528.514343
0 1478256239 982.353760 385.411713
0 1524815277 1216.914917 782.787720
0 1568503646 1102.048950 518.098083
0 1478220191 907.127869 367.697235
0 1478207174 992.163635 374.306244
0 1524841311 1279.940430 885.026306
0 1478213182 907.440369 375.177368
0 1524813274 1181.180664 809.060669
0 1568516663 913.193970 512.905029
0 1578517672 865.210449 518.026184
0 1578527685 1017.021118 485.703979
0 1478240218 995.619995 389.795715
0 1478215185 882.782654 382.064728
0 1524838307 1244.397461 796.358521
0 1478197163 993.863647 381.924713
0 1478221192 1009.091919 394.247711
0 1524819281 1058.285034 899.417297
0 2086284946 1013.289856 542.083130
0 1524824288 1033.424072 754.624390
0 1524802260 1331.676758 839.456726
0 1478226199 956.420044 376.841583
0 1578518673 927.803955 494.827606
0 1438981616 932.327393 561.434631
0 1478238215 882.697021 390.046570
0 1609135173 1078.768921 543.801758
0 1524837305 1284.828491 838.877808
0 1524793249 1154.082886 795.060913
0 1568515662 1111.356445 544.657043
0 1568516664 1053.291138 571.932007
0 1438991628 1068.332642 564.866577
0 1478249230 908.441833 399.149811
0 1438996634 964.753906 547.798401
0 1578519675 957.097229 483.970917
0 1524829295 1211.022949 900.845642
0 1524864341 1209.064453 823.466492
0 1478255238 870.696472 370.157593
0 1438993631 1125.037842 538.230530
0 1524788244 1172.421509 782.120422
0 1772785076 881.387878 512.030457
0 1524828293 1042.444092 807.157471
0 1478203171 894.986938 363.632416
0 1524798255 1002.935608 866.090027
0 1478199165 931.958496 376.010406
0 1578528686 1028.167725 535.656738
0 1478192156 931.255127 368.525482
0 1478228201 1018.381592 382.753357
0 1772037075 1019.015442 571.079163
0 1578515670 1056.915039 523.239563
0 1524851323 1143.009277 837.125427
0 1478218188 918.465820 357.325287
0 1478202169 983.933350 393.411499
0 1478254236 929.913574 354.250092
0 1478246226 858.233704 373.505463
0 1524809269 1180.748169 884.020325
0 1524822285 976.518188 850.183411
0 1524841310 1114.192383 732.063782
0 1478235210 964.299805 352.038544
0 1578515669 985.166382 473.567841
0 1524854328 1151.397827 867.708862
0 0 525.542053 523.429138
0 1 1051.932129 695.383850
0 2 1180.413330 655.683289
0 3 456.109558 478.713867
0 4 1375.925903 541.312866
0 5 967.099487 802.084839
0 6 663.983093 606.023010
0 7 1307.396362 427.245941
0 8 1253.949097 415.019287
0 9 1196.166626 434.902069
0 10 1364.796631 439.977112
0 11 1297.778076 464.680664
0 12 888.976746 337.397247
0 13 1087.944580 378.107300
0 14 852.069153 333.291107
0 15 941.639771 392.185394
0 16 480.654144 542.544495
0 17 1039.835815 379.125427
0 18 1432.163452 648.752380
0 19 941.015869 622.032654
0 20 1326.296631 637.851257
0 21 1501.532593 518.758972
0 22 1423.330444 603.738281
0 23 601.611084 382.917114
0 24 1323.280762 689.855713
0 25 691.885193 492.866486
0 26 742.816956 531.256531
0 27 1370.733643 667.005249
0 28 1379.304199 482.791901
0 29 1440.927002 554.967529
0 30 1210.595337 625.960205
0 31 604.707886 616.901123
0 32 1188.261963 380.548218
0 33 879.749329 428.820496
0 34 1051.915039 351.203094
0 35 653.490112 663.439392
0 36 874.371277 598.398987
0 37 1273.043457 403.457581
0 38 1292.218384 443.278442
0 39 1093.700195 352.861725
