0 1578512666 919.448730 369.189941
0 1707269176 1081.626099 453.018250
0 1438989626 790.012207 415.264038
0 1438992629 878.106567 415.341095
0 1568509654 900.397278 427.645294
0 1578523681 1024.188110 522.652466
0 1578518674 1056.838257 440.205597
0 1438985621 1020.074951 493.705841
0 1438994632 961.010193 369.312500
0 1578520676 834.146240 415.302673
0 1568511657 983.063721 380.477142
0 1775370079 898.277222 358.246521
0 1568510655 939.430847 358.388000
0 1578521677 1047.847412 391.971680
0 1769859072 985.823486 403.498535
0 1578525683 877.914490 391.642426
0 1770636073 1071.327026 403.619293
0 1568511656 1001.927979 537.843140
0 1438985620 970.480042 466.330139
0 1707993177 1156.174316 403.739166
0 2088218948 991.768433 453.092102
0 1606348170 1041.174927 479.757996
0 1438990627 1005.607422 391.889862
0 1709860179 975.522217 317.565552
0 1438988624 1012.474365 440.216309
0 1578514668 1095.339233 415.531128
0 1438997636 923.210571 440.237946
0 1568514660 1126.282593 452.981537
0 2085418945 1061.984619 358.809326
0 1568501643 1076.347900 427.702209
0 1438989625 1089.926758 392.053192
0 1568505649 1036.788452 453.055115
0 1568506650 1113.832153 403.679352
0 1568505648 1066.544678 380.681610
0 1568497640 1087.181641 479.664642
0 1578511665 1107.005371 466.136597
0 1578529688 1039.682861 348.171112
0 1708834178 1032.621338 427.688049
0 1568499641 898.950012 380.271088
0 1578525682 1002.416748 369.434662
0 1438996635 1101.025024 440.194885
0 1438999639 833.224915 440.259735
0 1578523680 958.915649 347.854889
0 1578530689 878.308533 440.248840
0 1568508653 901.997925 480.040344
0 1608354172 1108.050171 380.783295
0 1706512175 812.816650 403.254150
0 1438986622 956.915588 327.364685
0 1438987623 1043.669189 369.556305
0 1578521678 924.595520 466.395142
0 2084722944 1024.882812 380.579559
0 1578522679 921.894348 415.379395
0 1774531078 901.176941 453.166626
0 1525674169 899.655884 403.376801
0 1768901071 937.850769 337.405151
0 1578526684 963.205933 391.807678
0 1578513667 1008.955994 415.455566
0 1438983618 1052.231934 415.493439
0 1568502645 994.976257 479.851685
0 1568508652 1028.657715 403.559052
0 1438984619 1138.278809 415.568695
0 1659977623 987.254456 415.436615
0 1438982617 965.510437 415.417572
0 1771287074 998.357849 508.061646
0 2087111947 980.432739 358.528961
0 1578516671 1066.787720 493.581818
0 1568513659 942.823181 403.437805
0 1578529687 973.164368 493.830475
0 1568501644 1163.285278 427.730316
0 1438998637 926.054749 493.955597
0 1705773174 856.653625 380.167480
0 1568507651 811.367249 427.616516
0 1438999638 999.372803 348.013306
0 1438993630 918.310669 347.695953
0 1438995633 835.022705 391.559357
0 1568512658 856.320679 403.315582
0 1568514661 946.565002 453.129303
0 2079485312 987.257446 415.385010
0 1773608077 941.086426 380.374298
0 1438977615 1061.683838 466.200836
0 1607644171 1119.902344 427.716278
0 1568504647 977.921570 337.580688
0 1568500642 988.721436 427.673859
0 1568503646 1045.798584 507.905029
0 1568516663 1021.283691 358.669434
0 1578517672 996.465942 327.555969
0 1578527685 1145.035522 440.184235
0 2086284946 944.647095 427.659637
0 1578518673 1084.768433 369.677551
0 1438981616 877.731445 369.066864
0 1609135173 948.584290 479.945801
0 1568515662 950.713318 508.218903
0 1568516664 855.603210 453.204102
0 1438991628 878.520996 466.460480
0 1438996634 920.641907 391.725220
0 1578519675 1131.846436 392.134399
0 1438993631 975.996338 522.843445
0 1772785076 1017.848145 337.755615
0 1578528686 967.932129 440.227112
0 1772037075 855.971008 427.630951
0 1578515670 1016.175720 466.265350
0 1578515669 1181.051758 415.606140
0 0 1060.615723 262.884644
0 1 874.668091 334.603455
0 2 996.996460 268.042297
0 3 905.011169 261.611084
0 4 1165.093140 292.768890
0 5 1386.084473 322.383972
0 6 1319.266846 329.284729
0 7 1253.102539 316.667206
0 8 1458.221436 387.490723
0 9 1071.180054 482.173523
