0 1578512666 903.586853 664.081482
0 1707269176 758.321167 593.070618
0 1438989626 1020.162415 615.983704
0 1438992629 939.784363 618.398865
0 1568509654 918.293335 608.625977
0 1578523681 817.957520 545.133057
0 1578518674 777.639465 602.514038
0 1438985621 817.884521 562.966003
0 1438994632 860.641174 665.494568
0 1578520676 980.077271 617.188110
0 1568511657 838.833130 654.559448
0 1775370079 926.418701 675.242493
0 1568510655 882.997131 676.704346
0 1578521677 775.302856 645.217224
0 1769859072 838.359619 632.196167
0 1578525683 942.954163 639.946960
0 1770636073 754.983276 634.758545
0 1568511656 836.324585 536.078918
0 1438985620 856.701721 580.617737
0 1707993177 670.715881 637.348267
0 2088218948 837.484131 590.846497
0 1606348170 798.567383 572.729248
0 1438990627 817.552979 643.889099
0 1709860179 840.421997 729.604126
0 1438988624 817.727234 601.362366
0 1578514668 735.145203 624.547729
0 1438997636 897.293457 599.076477
0 1568514660 718.439392 594.191101
0 2085418945 751.269592 681.139038
0 1568501643 756.695557 613.373657
0 1438989625 732.824890 646.552612
0 1568505649 798.002319 591.955811
0 1568506650 712.961914 636.049927
0 1568505648 753.177307 657.314026
0 1568497640 759.866638 573.769287
0 1578511665 739.437866 583.839783
0 1578529688 772.699890 692.788940
0 1708834178 797.407898 612.177551
0 1568499641 923.563538 651.834595
0 1578525682 817.458679 666.915344
0 1438996635 737.346619 603.671631
0 1438999639 976.057800 596.813721
0 1578523680 861.765564 689.720581
0 1578530689 936.775085 597.942200
0 1568508653 913.538025 569.639587
0 1608354172 709.997620 658.702698
0 1706512175 1002.495117 627.151855
0 1438986622 862.955566 715.359802
0 1438987623 774.037476 668.343933
0 1578521678 895.403503 579.554382
0 2084722944 796.121826 655.932983
0 1578522679 899.281982 619.615845
0 1774531078 915.856140 588.644714
0 1525674169 920.858948 629.660706
0 1768901071 884.777832 701.565186
0 1578526684 859.577087 642.567993
0 1578513667 817.642395 622.068909
0 1438983618 776.501892 623.305054
0 1568502645 837.078674 571.694336
0 1568508652 796.781982 633.473999
0 1438984619 693.570862 625.796875
0 1659977623 838.132141 621.453247
0 1438982617 858.568542 620.839172
0 1771287074 836.692627 553.459961
0 2087111947 839.333069 678.174316
0 1578516671 779.748596 563.968384
0 1568513659 879.718018 630.925171
0 1578529687 855.836121 561.968384
0 1568501644 674.635193 615.784546
0 1438998637 893.604797 560.975708
0 1705773174 965.586426 650.483154
0 1568507651 997.856506 606.288452
0 1438999638 817.359009 691.250427
0 1438993630 905.921814 688.199341
0 1438995633 984.310791 638.646790
0 1568512658 961.784119 628.403015
0 1568514661 876.768250 589.742859
0 2079485312 838.130920 621.403870
0 1773608077 881.313049 653.193298
0 1438977615 778.720337 582.760437
0 1607644171 715.771851 614.575989
0 1568504647 839.861877 703.148926
0 1568500642 837.910583 610.987610
0 1568503646 799.105408 554.426331
0 1568516663 795.424622 679.652466
0 1578517672 817.253479 717.009277
0 1578527685 696.846985 604.835144
0 2086284946 878.205200 609.803772
0 1578518673 730.375488 669.780518
0 1438981616 946.297729 662.676208
0 1609135173 875.401733 570.664490
0 1568515662 874.100525 552.498169
0 1568516664 954.749207 587.551941
0 1438991628 933.914490 578.496216
0 1438996634 901.376831 641.253967
0 1578519675 690.117065 647.895142
0 1438993631 855.011475 544.201172
0 1772785076 794.687195 704.741760
0 1578528686 857.611389 600.216492
0 1772037075 958.176575 607.454224
0 1578515670 817.807800 581.686401
0 1578515669 651.776978 627.052673
0 0 1102.131714 507.288574
0 1 948.906433 561.411499
0 2 801.401611 719.829956
0 3 1028.434937 569.764709
0 4 765.364990 450.513916
0 5 436.218994 616.349609
0 6 434.969727 565.132935
0 7 706.561768 472.606049
0 8 658.406433 667.892273
0 9 381.730743 597.779175
