0 1578512666 961.954773 524.717285
0 1524823287 1819.802368 670.355042
0 1478234209 641.495178 274.979370
0 1707269176 936.184692 411.562836
0 1438989626 1126.124390 530.046448
0 1524801259 1555.653076 669.827942
0 1438992629 1050.795288 499.280396
0 1478227200 516.933289 292.929657
0 1524854327 1505.790771 601.442139
0 1478249229 437.652039 308.474579
0 1524807266 1597.334106 846.225708
0 1524863340 1858.467407 752.429993
0 1524831297 1677.785522 837.331787
0 1478229202 513.705566 303.639404
0 1568509654 1045.208374 482.226746
0 1524790246 1821.467773 756.331970
0 1578523681 1042.782471 389.563324
0 1478207175 470.907379 285.573975
0 1524861337 1753.605103 601.750122
0 1478210178 549.863770 261.112091
0 1524862338 1556.335693 784.292786
0 1478186149 544.523865 281.001953
0 1524797254 1757.248779 828.547180
0 1578518674 939.492981 426.089355
0 1438985621 1020.041443 405.405273
0 1524857331 1762.893799 649.789978
0 1478203170 526.087280 262.555725
0 1438994632 926.605652 509.279785
0 1578520676 1087.845215 514.412354
0 1478237213 658.724243 339.149933
0 1568511657 923.223511 491.891235
0 1775370079 966.200439 543.359680
0 1478195160 667.552612 253.966507
0 1568510655 930.115112 527.323547
0 1478257240 634.100342 329.093048
0 1578521677 887.044373 461.228149
0 1524794250 1688.194580 607.825806
0 1524812272 1572.632446 642.813416
0 1769859072 950.124329 472.770752
0 1578525683 1025.191528 519.540955
0 1770636073 884.512817 445.531860
0 1524846317 1847.410889 785.240540
0 1524833300 1590.656128 666.443542
0 1568511656 1069.957153 387.596283
0 1438985620 1029.592529 434.559875
0 1478185148 644.172729 255.386032
0 1707993177 822.753113 419.892090
0 1478189152 632.486633 340.902100
0 1524791247 1796.712402 728.747192
0 1524830296 1784.252808 760.256653
0 2088218948 1000.822449 436.735657
0 1524827292 1785.221924 673.769043
0 1606348170 992.203552 407.449402
0 1524855329 1501.700928 701.760193
0 1478183145 657.467773 351.273163
0 1438990627 919.962036 475.122955
0 1524840309 1741.499878 626.814209
0 1478222194 584.467651 320.966827
0 1709860179 835.504761 554.239807
0 1478188151 503.437683 337.709503
0 1438988624 971.930115 438.920715
0 1478243222 446.024689 353.354279
0 1524844315 1717.639648 832.925964
0 1524858333 1868.958008 721.298401
0 1524811271 1519.081055 728.014954
0 1524859334 1843.833008 695.259644
0 1478216186 635.666565 317.632141
0 1524851324 1669.112549 586.562744
0 1524814275 1503.838379 649.331238
0 1578514668 882.067139 430.368103
0 1478184146 608.161743 330.803558
0 1524829294 1760.281738 732.503357
0 1478176143 526.542419 347.977203
0 1524860336 1469.168579 652.616028
0 1478222193 484.745911 316.312714
0 1438997636 1039.819092 465.776001
0 1478194158 579.714478 344.426300
0 1478201168 495.531647 284.044678
0 1478187150 619.069031 266.508545
0 1478205172 520.070312 282.520691
0 1524838306 1633.202515 776.186401
0 1568514660 905.256836 399.518158
0 1524865342 1439.302490 607.499573
0 2085418945 828.671082 482.242157
0 1524808268 1538.325806 646.063721
0 1478200167 566.459473 289.817871
0 1478194159 492.038940 294.493774
0 1568501643 910.840271 428.224243
0 1478239216 604.076538 354.884705
0 1524820283 1555.356934 620.164307
0 1438989625 855.124207 447.754425
0 1568505649 968.026184 423.963348
0 1478255237 666.554932 263.592834
0 1524804262 1453.923096 629.585938
0 1568506650 853.173035 432.520996
0 1478217187 663.390808 294.123016
0 1568505648 857.144104 463.524017
0 1568497640 960.600098 395.512085
0 1578511665 932.984497 397.511078
0 1478258241 593.177124 277.980255
0 1524796253 1649.736450 743.901062
0 1478206173 467.056610 296.063446
0 1524826291 1555.978027 724.293518
0 1578529688 830.285767 499.254425
0 1478233207 597.176880 258.239441
0 1708834178 942.914917 441.115051
0 1478189153 506.962097 326.014893
0 1568499641 993.646545 522.123108
0 1478245224 620.714233 256.810364
0 1524852325 1574.977051 751.609131
0 1478219190 441.423767 365.887146
0 1578525682 892.383850 494.334595
0 1478232206 477.011475 339.452148
0 1524818280 1625.472046 663.077148
0 1524850322 1615.760620 810.244568
0 1438996635 908.002075 413.632263
0 1524832299 1645.010742 687.611633
0 1478242220 571.258606 269.444214
0 1438999639 1112.048828 494.348419
0 1478196161 615.638916 286.727875
0 1478252234 662.274902 304.890045
0 1524803261 1728.811523 653.085327
0 1478211179 428.595612 331.119019
0 1578523680 898.126709 529.942017
0 1578530689 1075.365723 479.837463
0 1568508653 1092.761475 445.432220
0 1524826290 1637.684570 841.765015
0 1524847319 1709.169678 768.174927
0 1524810270 1538.784058 598.436279
0 1524835302 1609.477783 691.119690
0 1524821284 1895.253662 748.550476
0 1524799257 1665.431519 713.253723
0 1478233208 558.727234 322.643311
0 1608354172 825.609558 449.986572
0 1524835303 1487.908936 626.429138
0 1478251232 665.529541 273.486725
0 1524812273 1520.461426 673.230591
0 1706512175 1094.440063 532.684082
0 1438986622 868.412781 551.500305
0 1478211180 541.739990 291.371002
0 1524823286 1832.937256 725.012268
0 1478223195 637.187256 306.504242
0 1478244223 563.956299 300.444672
0 1438987623 859.236328 479.858551
0 1478193157 535.927795 313.019562
0 1478198164 595.204590 267.973877
0 1524862339 1715.497314 680.652710
0 1478236212 577.227539 356.700897
0 1478240217 606.150208 342.660889
0 1478214183 523.120483 272.399963
0 1578521678 1063.751587 447.659729
0 1524844314 1594.882568 780.227600
0 1524848320 1622.115234 613.963501
0 1524806265 1629.151367 716.913025
0 1524787243 1732.627197 797.630127
0 1478241219 529.765198 335.973358
0 1524799256 1573.749512 694.647034
0 1478190154 523.219543 360.354187
0 1478226198 532.892334 324.326019
0 1478208176 463.094177 306.857056
0 1478214184 659.943115 327.388885
0 2084722944 889.666382 477.485504
0 1578522679 1014.916443 484.626678
0 1524825289 1913.282349 811.297668
0 1774531078 1069.456177 463.464783
0 1525674169 1019.959595 501.763184
0 1478197162 450.291260 276.871796
0 1524815276 1537.824463 698.193787
0 1768901071 901.164001 548.773865
0 1578526684 953.924927 489.458893
0 1478182144 547.230713 270.919525
0 1524853326 1576.332520 814.500366
0 1478218189 630.823120 353.075470
0 1578513667 946.456604 456.666199
0 1438983618 913.776123 443.318756
0 1478224196 582.126709 332.520416
0 1478247227 502.230255 264.004211
0 1524792248 1701.289795 583.631165
0 1524795252 1885.219116 781.159607
0 1524808267 1660.102173 659.728760
0 1478191155 499.805084 349.762726
0 1524856330 1796.615479 824.195190
0 1478236211 664.475281 283.659485
0 1478258242 454.273010 266.915955
0 1478212181 553.178711 346.198395
0 1478185147 610.113892 319.296448
0 1568502645 1024.736816 419.737854
0 1568508652 916.814941 458.942200
0 1438984619 851.287048 417.796844
0 1659977623 963.175293 463.494446
0 1478209177 573.560181 259.673340
0 1438982617 980.153931 470.428925
0 1524805264 1655.239136 610.886780
0 1771287074 1047.765625 403.369507
0 2087111947 895.202087 511.808289
0 1524817279 1537.273193 755.496521
0 1524795251 1671.297485 772.168884
0 1478230204 561.379944 311.381866
0 1478230203 474.651184 275.376038
0 1524847318 1750.454102 677.201538
0 1578516671 988.104614 393.521210
0 1568513659 984.488892 487.037354
0 1578529687 1052.915771 417.638245
0 1524819282 1612.464233 747.744019
0 1478253235 555.994751 334.243652
0 1524836304 1701.509399 709.614807
0 1478243221 498.927368 273.885437
0 1568501644 849.463074 403.556824
0 1438998637 1086.769653 430.235748
0 1524816278 1571.611572 595.445557
0 1705773174 1030.622803 537.996704
0 1524845316 1874.630005 815.570740
0 1524842312 1835.741821 819.869812
0 1568507651 1118.955811 511.865784
0 1438999638 863.654053 514.348450
0 1478252233 661.126160 315.973907
0 1438993630 933.759521 546.060303
0 1478237214 450.486145 341.201355
0 1524857332 1774.749878 623.664001
0 1478248228 586.740234 309.750153
0 1478225197 468.794312 364.035706
0 1524859335 1746.820679 764.204224
0 1524832298 1686.795532 740.080139
0 1478200166 413.947083 367.745758
0 1478250231 640.099731 285.191010
0 1478245225 454.814331 329.411377
0 1438995633 1062.606567 535.334167
0 1524804263 1694.548340 656.398254
0 1524839308 1723.643433 736.281006
0 1524849321 1521.719727 623.288635
0 1568512658 1056.590698 516.970764
0 1568514661 1034.616943 449.896820
0 1478231205 642.852356 265.048218
0 1773608077 957.865723 506.762787
0 1438977615 964.251587 409.501892
0 1524834301 1708.077026 629.980835
0 1607644171 879.703125 415.710266
0 1524800258 1809.377686 789.345825
0 1568504647 865.988403 532.572754
0 1568500642 975.970337 454.399994
0 1478256239 588.947510 298.855804
0 1524815277 1604.274658 592.469788
0 1568503646 1015.498474 391.538269
0 1478220191 459.015198 317.968323
0 1478207174 568.892639 279.488495
0 1524841311 1796.796021 646.511963
0 1478213182 480.936340 327.709991
0 1524813274 1640.708252 636.363647
0 1568516663 861.404907 496.788971
0 1578517672 833.699036 535.215820
0 1578527685 877.416626 401.533386
0 1478240218 613.850098 297.272583
0 1478215185 472.966003 351.555115
0 1524838307 1636.774658 589.508911
0 1478197163 591.092346 288.270203
0 1478221192 638.664307 295.695038
0 1524819281 1771.117065 793.475647
0 2086284946 1010.052002 468.097382
0 1524824288 1485.079590 676.651611
0 1524802260 1733.307373 580.714233
0 1478226199 538.875793 302.039185
0 1578518673 827.113342 465.829926
0 1438981616 998.487854 540.671875
0 1478238215 496.059387 362.191406
0 1609135173 1058.241333 432.393219
0 1524837305 1720.982788 604.780212
0 1524793249 1606.759399 639.580078
0 1568515662 1080.978027 415.547333
0 1568516664 1105.389404 477.458771
0 1438991628 1098.964233 461.163666
0 1478249230 550.275391 358.524048
0 1438996634 988.983398 504.257294
0 1578519675 824.157043 434.682983
0 1524829295 1808.546997 698.818726
0 1524864341 1674.480347 633.164001
0 1478255238 423.861053 342.957123
0 1438993631 1075.376953 401.342010
0 1524788244 1588.821655 617.055969
0 1772785076 831.960632 516.900269
0 1524828293 1592.667480 720.592896
0 1478203171 433.190582 319.629913
0 1524798255 1693.905884 801.809692
0 1478199165 510.383331 314.663147
0 1578528686 1005.356812 452.143555
0 1478192156 488.445221 305.245361
0 1478228201 617.377869 276.477234
0 1772037075 1081.491455 496.808838
0 1578515670 996.440491 421.846191
0 1524851323 1680.350098 684.122681
0 1478218188 441.985718 297.638672
0 1478202169 612.009155 308.124268
0 1478254236 446.197144 287.108673
0 1478246226 418.980530 355.160309
0 1524809269 1773.065552 702.397461
0 1524822285 1654.951050 806.014404
0 1524841310 1472.630737 604.463196
0 1478235210 478.292297 265.457611
0 1578515669 821.395508 405.588501
0 1524854328 1737.386841 705.996094
0 6 567.392822 759.982788
0 7 557.421082 931.716431
0 8 1700.978394 391.751343
0 9 1864.836426 603.240417
0 10 662.129761 895.021667
0 11 193.789948 1068.931030
0 12 1525.175293 227.213272
0 13 562.620178 838.379944
0 14 852.836121 33.934700
0 16 1113.937500 1003.500488
0 17 1207.860107 126.151512
0 19 68.950134 900.229736
0 20 57.214249 459.615814
0 21 1320.774658 154.844086
0 22 188.239410 123.674561
0 23 818.808899 520.082336
0 24 393.961700 231.138931
0 25 935.770264 536.754944
0 26 771.372253 259.889343
0 27 621.477478 425.226715
0 28 571.864258 568.543518
0 29 720.539246 533.081604
0 30 463.031372 212.933243
0 31 1208.982422 449.691010
0 33 696.971863 277.184906
0 35 352.616211 298.427765
0 37 468.561981 185.908051
0 39 179.915451 170.610626
0 40 416.214325 207.622345
0 43 922.869324 38.375351
0 46 277.229828 96.993614
0 53 1459.875732 798.057556
0 55 224.031479 126.979507
0 59 1510.516724 260.826752
0 104 1539.472656 681.312012
0 105 1240.742554 742.480713
0 110 1676.672852 145.339584
0 114 1172.449341 141.201843
0 131 69.637268 567.215393
0 132 218.538757 937.567932
0 146 410.309906 123.771187
0 147 1278.738647 48.231476
0 148 813.531372 102.204788
0 149 1256.332642 83.761421
