0 1578512666 909.637390 375.233795
0 1524823287 1648.385010 623.306458
0 1478234209 700.933899 123.038803
0 1707269176 922.952576 278.423798
0 1438989626 1055.318726 403.268005
0 1524801259 1398.897339 580.833435
0 1438992629 997.561768 367.224487
0 1478227200 585.670837 122.155434
0 1524854327 1378.917236 518.185120
0 1478249229 512.333252 125.078232
0 1524807266 1369.781006 724.757629
0 1524863340 1650.335693 694.786072
0 1524831297 1446.797729 731.026978
0 1478229202 579.875122 130.819199
0 1568509654 998.201172 352.418701
0 1524790246 1613.572754 691.780151
0 1578523681 1027.296265 274.870361
0 1478207175 547.430908 109.972366
0 1524861337 1614.039551 557.195129
0 1478210178 623.607666 99.257057
0 1524862338 1355.713745 670.696655
0 1478186149 613.257080 115.575600
0 1524797254 1523.733276 737.289795
0 1578518674 921.223022 290.998657
0 1438985621 1001.112549 285.004242
0 1524857331 1602.596191 597.618469
0 1478203170 602.209106 97.433060
0 1438994632 883.092224 357.651337
0 1578520676 1025.965942 384.950287
0 1478237213 697.338257 179.868607
0 1568511657 885.575378 342.988312
0 1775370079 907.477783 390.935394
0 1478195160 730.507019 108.368950
0 1568510655 880.526428 372.802246
0 1478257240 678.504578 168.115417
0 1578521677 863.006042 312.743317
0 1524794250 1548.766113 551.798035
0 1524812272 1425.323486 561.904114
0 1769859072 915.705566 331.114288
0 1578525683 967.824646 380.093964
0 1770636073 865.683716 299.443390
0 1524846317 1626.004883 718.633789
0 1524833300 1432.886475 583.634155
0 1568511656 1052.940186 277.031525
0 1438985620 1000.001587 310.728333
0 1478185148 709.139526 106.547623
0 1707993177 818.609802 269.638855
0 1478189152 673.654907 177.861862
0 1524791247 1601.654663 666.037354
0 1524830296 1576.791382 688.772827
0 2088218948 973.157715 308.472992
0 1524827292 1613.820068 620.463440
0 1606348170 975.068420 282.811554
0 1524855329 1336.711304 597.670837
0 1478183145 692.680969 189.908005
0 1438990627 887.979736 328.790039
0 1524840309 1591.800781 575.646118
0 1478222194 637.087891 154.709717
0 1709860179 788.990540 381.051392
0 1478188151 561.559570 158.198181
0 1438988624 946.303955 306.216827
0 1478243222 507.658264 163.796402
0 1524843313 1701.090942 724.759827
0 1524844315 1485.275635 734.159180
0 1524858333 1673.648560 671.936035
0 1524811271 1342.788330 621.024658
0 1524859334 1660.760864 647.128784
0 1478216186 683.226562 158.625473
0 1524851324 1539.356079 531.472290
0 1524814275 1358.626465 556.398560
0 1578514668 868.280396 286.545898
0 1478184146 655.130432 166.133209
0 1524829294 1565.631348 663.085815
0 1478176143 578.845459 169.828323
0 1524860336 1325.255127 553.643921
0 1478222193 551.128052 137.771713
0 1438997636 998.820312 338.081818
0 1478194158 626.265503 173.846390
0 1478201168 569.379517 111.840691
0 1478187150 683.449158 112.848244
0 1478205172 591.321533 113.708435
0 1524838306 1429.480347 676.728088
0 1568514660 898.942688 264.053131
0 1524865342 1314.643188 512.862061
0 2085418945 804.739441 321.812012
0 1524808268 1391.982544 559.151917
0 1478200167 630.092651 125.933960
0 1478194159 563.449829 120.265289
0 1568501643 894.756470 288.772675
0 1478239216 644.656006 185.842102
0 1524820283 1418.044312 540.989319
0 1438989625 838.790710 297.183929
0 1568505649 947.680054 293.223877
0 1478255237 726.719238 116.534019
0 1524804262 1319.849487 532.870178
0 1568506650 841.794861 284.318298
0 1478217187 714.773132 142.285370
0 1568505648 835.692810 310.451080
0 1568497640 950.311035 268.382263
0 1578511665 924.631348 266.218079
0 1478258241 657.108521 119.308296
0 1524796253 1457.454346 654.222534
0 1478206173 541.222229 118.374588
0 1524826291 1378.186890 623.930725
0 1578529688 800.992554 335.906036
0 1478233207 666.386047 102.903404
0 1708834178 919.440369 303.959869
0 1478189153 567.825562 148.831467
0 1568499641 938.736816 377.664368
0 1478245224 687.765869 104.725800
0 1524852325 1385.247314 648.306396
0 1478219190 500.392975 173.628448
0 1578525682 857.391846 340.628479
0 1478232206 538.148315 156.212860
0 1524818280 1466.859985 586.433655
0 1524850322 1400.283447 700.217834
0 1438996635 896.880798 276.228699
0 1524832299 1475.396973 609.077881
0 1478242220 640.153687 109.160301
0 1524789245 1715.719238 752.917908
0 1438999639 1054.729736 372.005493
0 1478196161 674.487732 129.710251
0 1478252234 710.584229 151.315079
0 1524803261 1568.685669 594.824219
0 1478211179 498.498047 142.947693
0 1578523680 851.403992 370.369751
0 1578530689 1026.330688 354.774048
0 1568508653 1053.914917 328.765320
0 1524826290 1408.299561 727.893188
0 1524847319 1503.172974 682.753479
0 1524810270 1411.033203 520.844849
0 1524835302 1440.750122 606.228210
0 1524821284 1687.080078 697.790405
0 1524799257 1484.280029 632.640503
0 1478233208 614.007690 152.750931
0 1608354172 811.887817 294.923584
0 1524835303 1352.595703 535.577820
0 1478251232 722.836792 124.903206
0 1524812273 1364.892334 578.031372
0 1706512175 1025.774292 400.803497
0 1438986622 818.630249 383.523895
0 1478211180 607.885071 124.044991
0 1524823286 1637.660522 668.987366
0 1478223195 687.825928 149.382111
0 1478244223 624.868591 134.643600
0 1438987623 832.496704 324.138885
0 1478193157 596.722229 141.644241
0 1478198164 661.804565 111.004539
0 1524862339 1544.641235 614.773376
0 1478236212 620.631775 183.808151
0 1478240217 649.963989 175.854431
0 1478214183 596.832642 105.470184
0 1578521678 1026.672607 326.479004
0 1524844314 1392.606323 673.713135
0 1524848320 1483.434448 546.396118
0 1524806265 1448.932861 629.738647
0 1524787243 1513.231201 709.432922
0 1478241219 584.963440 160.182907
0 1524799256 1406.087036 603.377014
0 1478190154 572.559814 179.738281
0 1478226198 590.920288 150.791504
0 1478208176 534.854065 126.992470
0 1478214184 701.871277 170.096939
0 2084722944 860.243469 326.464874
0 1578522679 970.060852 350.062469
0 1524825289 1677.362427 749.795593
0 1774531078 1026.504395 340.402557
0 1525674169 968.961060 364.832581
0 1478197162 531.803284 99.930946
0 1524815276 1371.407471 600.524597
0 1768901071 848.258057 385.995422
0 1578526684 913.747986 345.347260
0 1478182144 618.496277 107.315506
0 1524853326 1362.595337 697.142944
0 1478218189 668.672363 187.875381
0 1578513667 917.602112 317.325317
0 1438983618 892.567017 301.702026
0 1478224196 631.748901 164.150421
0 1478247227 580.804443 95.608589
0 1524792248 1571.401611 534.126282
0 1524795252 1663.557617 721.697632
0 1524808267 1500.817627 589.231750
0 1478191155 555.124023 167.818344
0 1524856330 1562.170776 740.418701
0 1478236211 718.856018 133.484268
0 1478258242 537.976257 91.957985
0 1478212181 602.559326 171.837708
0 1478185147 660.160828 156.667908
0 1568502645 1000.565430 297.671875
0 1568508652 890.309143 315.034760
0 1438984619 844.709412 271.836273
0 1659977623 930.411255 325.318909
0 1478209177 644.999939 101.080513
0 1438982617 943.420959 333.437683
0 1524805264 1516.107544 549.097656
0 1771287074 1027.147461 287.196198
0 2087111947 854.446899 355.255676
0 1524817279 1349.117065 645.346130
0 1524795251 1466.335938 679.741516
0 1478230204 619.508667 143.579605
0 1478230203 553.486145 101.777924
0 1524847318 1579.238892 617.619080
0 1578516671 975.981812 270.545715
0 1568513659 941.909790 347.705322
0 1578529687 1026.993896 299.894653
0 1524819282 1421.359619 651.265137
0 1478253235 608.359924 162.166977
0 1524836304 1519.610352 635.540955
0 1478243221 575.162537 103.624336
0 1568501644 847.538330 259.720947
0 1438998637 1053.660034 315.236572
0 1524816278 1443.135010 523.503479
0 1705773174 966.649902 395.871429
0 1524845316 1638.985352 746.671570
0 1524842312 1600.588135 743.545959
0 1568507651 1055.019409 387.376984
0 1438999638 825.790527 352.859131
0 1478252233 706.285095 160.582428
0 1438993630 877.873901 388.465881
0 1478237214 514.729553 154.226913
0 1524857332 1625.050903 578.390686
0 1478248228 642.288147 145.514343
0 1478225197 524.456482 175.665741
0 1524859335 1539.991333 685.763855
0 1524832298 1493.531006 657.178406
0 1478200166 476.321655 171.590515
0 1478250231 696.675171 131.597534
0 1478245225 521.614502 144.909546
0 1438995633 996.218140 398.337952
0 1524804263 1534.759521 592.028625
0 1524839308 1529.589966 660.132874
0 1524849321 1385.327393 538.284180
0 1568512658 996.901123 382.522583
0 1568514661 999.420227 324.191864
0 1478231205 705.087402 114.691399
0 1773608077 911.726318 360.046021
0 1438977615 949.015137 280.618042
0 1524834301 1558.535767 572.900208
0 1607644171 870.799683 274.032898
0 1524800258 1588.432983 715.568359
0 1568504647 822.269958 367.936340
0 1568500642 944.884949 319.614990
0 1478256239 647.355042 136.554901
0 1524815277 1475.222778 526.160950
0 1568503646 1001.643555 272.708405
0 1478220191 528.320374 135.834534
0 1478207174 635.186035 117.442238
0 1524841311 1636.490967 600.411499
0 1478213182 544.723633 146.870819
0 1524813274 1491.959961 567.404663
0 1568516663 829.197571 338.267700
0 1578517672 793.124390 365.501923
0 1578527685 873.244995 261.887421
0 1478240218 669.834595 138.465637
0 1478215185 531.394958 165.807709
0 1524838307 1507.296387 528.817200
0 1478197163 652.293579 127.822418
0 1478221192 692.307312 140.375809
0 1524819281 1550.841797 712.501465
0 2086284946 971.125854 335.760162
0 1524824288 1330.871582 575.228027
0 1524802260 1603.433350 536.779053
0 1478226199 602.375305 132.731705
0 1578518673 808.369446 308.157990
0 1438981616 937.069824 393.403900
0 1478238215 548.512085 177.702347
0 1609135173 1026.835815 312.982849
0 1524837305 1581.410156 554.497192
0 1524793249 1458.649292 564.654968
0 1568515662 1053.412842 302.116669
0 1568516664 1054.449341 357.128448
0 1438991628 1054.177856 342.722412
0 1478249230 596.599731 181.773529
0 1438996634 940.349304 362.439789
0 1578519675 815.299683 282.089905
0 1524829295 1625.498901 644.233948
0 1524864341 1525.255371 570.153015
0 1478255238 491.303345 152.240295
0 1438993631 1053.172974 289.387390
0 1524788244 1450.746582 543.693359
0 1772785076 797.122864 350.461639
0 1524828293 1413.568359 626.835388
0 1478203171 505.505615 133.896729
0 1524798255 1475.601318 706.362793
0 1478199165 573.928650 139.708252
0 1578528686 972.157654 321.903870
0 1478192156 557.368042 128.906143
0 1478228201 679.024475 121.173820
0 1772037075 1026.151367 369.615479
0 1578515670 974.127502 295.448273
0 1524851323 1510.027344 611.926270
0 1478218188 518.987793 116.483299
0 1478202169 665.060547 147.448517
0 1478254236 525.475769 108.103546
0 1478246226 483.913879 161.784470
0 1524809269 1590.219727 641.337646
0 1524822285 1437.951904 703.291077
0 1524841310 1346.787231 515.524170
0 1478235210 559.393433 93.783524
0 1578515669 821.822632 257.553711
0 1524854328 1554.923462 638.440002
0 0 305.341736 232.813324
0 1 1261.249878 483.562408
0 2 1354.581543 478.523895
0 3 370.728882 202.329559
0 4 1330.416016 289.471375
0 5 120.796806 514.322876
0 6 766.400085 109.551552
0 7 1274.145630 173.038223
0 8 1056.326782 107.216988
0 9 1403.098755 206.808014
0 10 1273.559692 200.659622
0 11 823.578857 643.426941
0 12 1030.726196 137.888535
0 13 520.926208 644.978271
0 14 1102.619019 134.201035
0 15 707.824707 63.254967
0 16 267.200348 270.664276
0 17 1381.539062 164.886719
0 18 1146.053467 650.786621
0 19 643.889893 334.682556
0 20 1399.065430 241.017822
0 21 1335.276245 195.148163
0 22 1435.058716 322.475464
0 23 857.731934 122.678978
0 24 717.118286 619.197144
0 25 690.191833 238.779297
0 26 648.165894 289.960541
0 27 587.054260 592.687805
0 28 1471.409180 387.292816
0 29 1408.464966 351.405640
0 30 1317.001465 374.670349
0 31 44.679241 432.940491
0 32 1036.764038 84.698021
0 33 718.248413 141.134033
0 34 766.302368 63.261684
0 35 171.180847 459.085693
0 36 1320.861572 518.007019
0 37 1096.208252 91.413254
0 38 1429.255127 286.936859
0 39 864.541565 80.069893
