0 1578512666 917.739868 646.605713
0 1524823287 368.441589 688.278015
0 1478234209 1415.889282 727.927551
0 1707269176 1024.615234 692.921204
0 1438989626 822.685974 663.398682
0 1524801259 535.222351 658.819397
0 1438992629 884.369812 666.928040
0 1478227200 1448.548950 693.483154
0 1524854327 569.102112 679.572144
0 1478249229 1458.377441 672.319702
0 1524807266 513.006653 612.960815
0 1524863340 363.598145 661.418701
0 1524831297 473.752808 621.166626
0 1478229202 1428.537964 686.733521
0 1568509654 898.948914 673.623779
0 1524790246 386.443909 656.449280
0 1578523681 976.875366 722.977783
0 1478207175 1488.652588 690.175476
0 1524861337 398.723633 711.649353
0 1478210178 1501.305786 720.164368
0 1524862338 533.033936 624.563232
0 1478186149 1458.834351 705.646240
0 1524797254 432.827698 629.721802
0 1578518674 1008.341797 685.869019
0 1438985621 976.866882 709.409180
0 1524857331 402.314148 690.209839
0 1478203170 1511.212891 714.619568
0 1438994632 947.288086 648.298706
0 1578520676 853.531372 665.163574
0 1478237213 1284.641357 689.829956
0 1568511657 961.908630 654.519165
0 1775370079 903.716919 640.528687
0 1478195160 1448.245972 749.860718
0 1568510655 932.965515 642.205139
0 1478257240 1315.383057 691.588867
0 1578521677 1006.996399 662.597168
0 1524794250 446.836578 699.789978
0 1524812272 525.247803 670.653381
0 1769859072 961.596802 665.611572
0 1578525683 886.317871 655.687439
0 1770636073 1022.560364 669.100891
0 1524846317 377.153595 649.782104
0 1524833300 514.315308 663.757263
0 1568511656 959.813416 729.032593
0 1438985620 944.650024 694.612976
0 1478185148 1459.355347 743.643066
0 1707993177 1083.496826 672.588745
0 1478189152 1296.561890 684.783936
0 1524791247 395.943268 663.266541
0 1524830296 408.781891 651.590454
0 2088218948 960.931213 689.281677
0 1524827292 392.297119 682.760681
0 1606348170 993.148132 703.787109
0 1524855329 564.673157 642.892883
0 1478183145 1266.144287 683.042908
0 1438990627 976.836670 660.870300
0 1524840309 412.570007 697.836609
0 1478222194 1357.376953 688.264771
0 1709860179 962.770752 623.861511
0 1478188151 1370.948242 667.308594
0 1438988624 976.851074 684.068542
0 1478243222 1373.347412 652.280396
0 1524843313 331.245422 659.570496
0 1524844315 453.505798 625.399170
0 1524858333 349.415405 673.593811
0 1524811271 553.904663 636.654358
0 1524859334 358.817749 680.850464
0 1478216186 1334.612671 698.541382
0 1524851324 457.751953 707.623352
0 1524814275 566.814392 660.625549
0 1578514668 1038.458496 675.744324
0 1478184146 1326.972900 686.524597
0 1524829294 418.422913 658.276917
0 1478176143 1341.792847 665.637512
0 1524860336 586.912659 655.776917
0 1478222193 1419.196899 675.337646
0 1438997636 913.848083 680.466492
0 1478194158 1319.652222 675.009705
0 1478201168 1478.926147 695.221863
0 1478187150 1448.354004 729.781433
0 1478205172 1468.989136 700.377563
0 1524838306 493.379517 633.188843
0 1568514660 1056.446167 694.740356
0 1524865342 610.140869 669.233704
0 2085418945 1020.673828 647.232239
0 1524808268 546.264526 665.583191
0 1478200167 1427.789429 703.870605
0 1478194159 1458.598633 688.454651
0 1568501643 1023.565308 680.751160
0 1478239216 1289.875854 673.304199
0 1524820283 536.428955 677.706360
0 1438989625 1037.149414 664.323669
0 1568505649 992.776917 691.101624
0 1478255237 1426.134888 741.747620
0 1524804262 598.399109 662.431335
0 1568506650 1053.031982 670.845032
0 1478217187 1362.776123 718.499573
0 1568505648 1021.597351 657.937927
0 1568497640 1025.712891 705.646729
0 1578511665 1041.253784 700.131714
0 1478258241 1437.842651 716.537415
0 1524796253 482.929108 643.959167
0 1478206173 1468.437256 683.531738
0 1524826291 534.093079 641.142578
0 1578529688 1005.760132 641.212769
0 1478233207 1480.810913 731.634888
0 1708834178 992.421814 678.969910
0 1478189153 1389.750122 673.650513
0 1568499641 902.194092 651.098816
0 1478245224 1470.207397 737.569397
0 1524852325 523.645447 634.921753
0 1478219190 1355.444824 646.396667
0 1578525682 976.829895 649.991394
0 1478232206 1381.382812 662.749084
0 1524818280 492.933014 668.807312
0 1524850322 503.396576 622.865112
0 1438996635 1039.825317 687.669006
0 1524832299 482.358582 661.930908
0 1478242220 1469.577881 718.351135
0 1524789245 322.463684 652.792847
0 1438999639 850.816223 676.862854
0 1478196161 1406.100098 714.723328
0 1478252234 1342.592773 711.093811
0 1524803261 425.768311 684.670410
0 1478211179 1420.166748 659.919373
0 1578523680 947.880737 637.894287
0 1578530689 882.335754 678.664856
0 1568508653 895.407349 698.205688
0 1524826290 493.582184 617.021423
0 1524847319 452.000488 642.189514
0 1524810270 547.867371 684.921631
0 1524835302 503.623108 657.012756
0 1524821284 340.227051 666.502380
0 1524799257 472.016663 655.205750
0 1478233208 1368.396973 683.290039
0 1608354172 1051.432007 659.646790
0 1524835303 578.206360 667.408691
0 1478251232 1404.531006 733.820557
0 1524812273 555.670105 653.989990
0 1706512175 839.588501 658.628174
0 1438986622 948.449768 627.903442
0 1478211180 1438.281616 698.620667
0 1524823286 372.946777 668.370789
0 1478223195 1354.263550 705.646301
0 1478244223 1407.567383 696.863281
0 1438987623 1006.365479 651.683716
0 1478193157 1398.470703 685.011963
0 1478198164 1459.085938 724.001587
0 1524862339 438.362976 672.106384
0 1478236212 1301.371826 668.586670
0 1478240217 1308.229614 679.844971
0 1478214183 1489.872192 707.421387
0 1578521678 912.433716 692.772461
0 1524844314 513.415466 628.830627
0 1524848320 492.686401 688.488464
0 1524806265 493.163635 650.414978
0 1524787243 442.312073 635.889343
0 1478241219 1360.296997 671.962891
0 1524799256 524.420410 652.202698
0 1478190154 1323.661499 659.439636
0 1478226198 1379.185669 678.419617
0 1478208176 1448.637573 677.024536
0 1478214184 1303.539551 696.764221
0 2084722944 991.756348 656.228699
0 1578522679 915.201416 668.692078
0 1524825289 345.518005 647.973450
0 1774531078 897.217651 685.640320
0 1525674169 900.606140 662.120605
0 1478197162 1518.700073 691.895996
0 1524815276 544.765564 647.497192
0 1768901071 933.839783 632.026978
0 1578526684 946.670410 659.143066
0 1478182144 1479.837402 712.825806
0 1524853326 522.918091 618.702820
0 1478218189 1278.135986 678.121887
0 1578513667 976.843750 672.218994
0 1438983618 1007.654541 673.981873
0 1478224196 1338.316650 681.567627
0 1478247227 1520.903076 709.196228
0 1524792248 433.833191 713.648987
0 1524795252 354.457550 654.621277
0 1524808267 471.059387 673.973511
0 1478191155 1352.525146 661.094543
0 1524856330 411.704742 634.137451
0 1478236211 1383.416870 726.073242
0 1478258242 1539.660522 698.698181
0 1478212181 1330.837524 670.274963
0 1478185147 1346.118164 693.347412
0 1568502645 960.575623 701.927124
0 1568508652 992.081909 667.356384
0 1438984619 1069.255493 677.506409
0 1659977623 961.435791 671.337402
0 1478209177 1491.174316 725.834717
0 1438982617 946.026001 670.455688
0 1524805264 470.034241 694.071960
0 1771287074 960.203369 715.163269
0 2087111947 962.207764 643.881165
0 1524817279 543.360535 630.545776
0 1524795251 472.912537 637.640808
0 1478230204 1387.774414 690.004639
0 1478230203 1509.296753 696.960205
0 1524847318 415.597870 677.371582
0 1578516671 1009.811462 711.289734
0 1568513659 931.104858 663.866272
0 1578529687 943.914429 707.528259
0 1524819282 503.506226 639.391846
0 1478253235 1349.422241 676.714905
0 1524836304 450.394409 660.104126
0 1478243221 1499.689697 702.134155
0 1568501644 1085.831177 684.312378
0 1438998637 910.954041 705.646851
0 1524816278 526.133179 690.396851
0 1705773174 872.327026 649.388123
0 1524845316 368.065460 643.260071
0 1524842312 390.122406 638.649109
0 1568507651 836.598328 670.057617
0 1438999638 976.823486 639.553711
0 1478252233 1322.852051 703.850464
0 1438993630 918.931824 636.234497
0 1478237214 1391.606934 658.281433
0 1524857332 388.386078 703.670898
0 1478248228 1376.846069 695.105530
0 1478225197 1345.061768 650.657593
0 1524859335 430.628723 646.838257
0 1524832298 461.899689 648.626831
0 1478200166 1365.624878 642.219177
0 1478250231 1394.886963 720.333984
0 1478245225 1410.234253 664.403320
0 1438995633 856.131714 653.959045
0 1524804263 448.677155 679.259766
0 1524839308 440.402863 653.398254
0 1524849321 557.554932 672.499023
0 1568512658 870.100708 660.374573
0 1568514661 929.078125 687.461182
0 1478231205 1437.373169 735.695190
0 1773608077 932.054626 652.809143
0 1438977615 1009.059998 698.292542
0 1524834301 436.178375 692.141174
0 1607644171 1054.701782 682.531982
0 1524800258 399.350616 645.049377
0 1568504647 962.494934 633.670410
0 1568500642 961.271240 677.188232
0 1478256239 1396.737427 702.094604
0 1524815277 503.881805 696.002380
0 1568503646 993.536682 717.065186
0 1478220191 1429.240479 670.649658
0 1478207174 1448.454712 711.031494
0 1524841311 378.294891 695.882751
0 1478213182 1400.097534 668.979309
0 1524813274 481.748474 681.147522
0 1568516663 991.444031 645.556885
0 1578517672 976.817200 629.530884
0 1578527685 1071.301514 689.468628
0 1478240218 1385.667847 707.441833
0 1478215185 1363.041260 656.643066
0 1524838307 481.094635 701.742920
0 1478197163 1417.064819 709.236877
0 1478221192 1374.350098 712.908752
0 1524819281 421.064941 640.419495
0 2086284946 930.113586 675.406189
0 1524824288 575.673340 649.265625
0 1524802260 409.316803 719.825073
0 1478226199 1418.165161 691.744141
0 1578518673 1035.894531 653.375610
0 1438981616 888.185303 644.912292
0 1478238215 1334.469482 655.004395
0 1609135173 927.995361 700.066589
0 1524837305 423.073364 705.647400
0 1524793249 503.748047 675.840149
0 1568515662 926.862000 713.260925
0 1568516664 865.349792 683.819092
0 1438991628 880.209839 690.931641
0 1478249230 1312.631226 663.966064
0 1438996634 916.497437 657.415405
0 1578519675 1067.295898 666.049744
0 1524829295 382.510620 675.482910
0 1524864341 459.231445 686.579651
0 1478255238 1401.627197 653.902832
0 1438993631 943.143982 721.054077
0 1524788244 514.811829 683.034790
0 1772785076 991.144165 635.313538
0 1524828293 513.850830 645.728394
0 1478203171 1439.079712 666.057129
0 1524798255 463.106934 631.455505
0 1478199165 1408.942627 680.124023
0 1578528686 945.353210 682.267761
0 1478192156 1438.693237 681.828064
0 1478228201 1426.990234 722.167969
0 1772037075 867.777161 671.840881
0 1578515670 976.858887 696.452942
0 1524851323 460.610718 666.960815
0 1478218188 1478.071655 678.710999
0 1478202169 1365.678467 700.318237
0 1478254236 1498.174927 685.235046
0 1478246226 1383.450073 648.003906
0 1524809269 405.658783 670.238831
0 1524822285 483.463898 627.115112
0 1524841310 589.854553 674.344238
0 1478235210 1530.383423 703.890381
0 1578515669 1100.045532 679.268127
0 1524854328 428.280792 665.113892
0 0 1241.563599 549.825806
0 1 682.516724 619.438538
0 2 906.731750 555.298584
0 3 1367.601196 681.735718
0 4 662.387207 603.743225
0 5 770.209595 537.319519
0 6 1360.244507 704.915039
0 7 718.582275 594.105652
0 8 741.340393 746.907471
0 9 740.424011 850.402710
0 10 667.500488 678.452148
0 11 528.086914 702.442383
0 12 1089.222900 810.933533
0 13 452.514343 589.465271
0 14 1009.958008 833.289917
0 15 927.726868 543.505066
0 16 938.365967 505.909241
0 17 1016.247498 874.450562
0 18 801.845703 526.188660
0 19 967.198425 556.738953
0 20 801.012024 888.351379
0 21 1342.280273 819.683533
0 22 927.664551 889.649536
0 23 1317.305542 712.645691
0 24 1293.556152 746.218323
0 25 1139.606201 614.302856
0 26 1174.511108 632.112488
0 27 663.007446 789.701111
0 28 635.646729 761.610779
0 29 871.940796 849.070129
0 30 805.744080 772.271423
0 31 489.775330 659.187012
0 32 1400.479980 674.358032
0 33 1220.473022 645.227783
0 34 1062.095825 578.159424
0 35 599.878845 735.889771
0 36 1389.578979 759.909119
0 37 1258.141846 638.006897
0 38 728.731873 808.938721
0 39 1335.107422 657.179810
