0 1578512666 1017.020996 603.134583
0 1524823287 1110.115112 389.020538
0 1478234209 399.943420 882.966797
0 1707269176 828.352051 630.695068
0 1438989626 1013.687988 544.421753
0 1524801259 1131.397339 436.276672
0 1438992629 974.687561 572.411743
0 1478227200 405.248688 1004.112488
0 1524854327 1070.327148 444.220184
0 1524807266 1267.176758 434.544189
0 1524863340 1171.296143 387.923523
0 1524831297 1251.197998 420.693970
0 1478229202 447.468048 996.643433
0 1568509654 949.348572 576.015137
0 1524790246 1177.586304 393.840820
0 1578523681 792.469360 586.645142
0 1478207175 344.807251 1073.329590
0 1524861337 1054.415649 395.969116
0 1478210178 287.010864 997.838379
0 1524862338 1226.546753 439.899017
0 1478186149 370.906494 983.219482
0 1524797254 1236.062744 407.574921
0 1578518674 855.762512 626.691040
0 1438985621 820.606689 594.323364
0 1524857331 1096.871460 397.260132
0 1478203170 276.438141 1026.900513
0 1438994632 996.179138 619.372009
0 1578520676 994.561279 558.148743
0 1478237213 621.684692 825.756348
0 1568511657 969.061890 623.370850
0 1775370079 1043.375244 599.284851
0 1478195160 332.491608 872.822083
0 1568510655 1023.142578 615.395813
0 1478257240 584.315857 852.575317
0 1578521677 918.759338 644.595825
0 1524794250 1064.133179 408.155090
0 1524812272 1105.246582 431.919342
0 1769859072 937.070740 614.813660
0 1578525683 1005.406616 579.871582
0 1770636073 890.671631 648.778259
0 1524846317 1196.230713 391.488434
0 1524833300 1125.253418 429.333527
0 1568511656 790.563110 575.624878
0 1438985620 872.517212 586.941284
0 1478185148 324.262573 895.441833
0 1707993177 840.087952 685.805908
0 1478189152 620.386475 846.629517
0 1524791247 1158.866943 396.202576
0 1524830296 1184.038818 399.910858
0 2088218948 875.896057 598.450256
0 1524827292 1115.588623 394.912079
0 1606348170 823.098328 606.024231
0 1524855329 1164.927734 448.020111
0 1478183145 656.682617 820.060486
0 1438990627 941.789673 627.392578
0 1524840309 1078.079590 399.617615
0 1478222194 541.634094 904.277039
0 1709860179 1071.190918 650.688965
0 1478188151 572.036011 974.606079
0 1438988624 879.394287 610.365723
0 1478243222 609.291504 1025.016968
0 1524843313 1183.368408 379.882111
0 1524844315 1243.529053 414.046722
0 1524858333 1146.885010 384.433441
0 1524811271 1185.558105 445.301117
0 1524859334 1128.536133 386.722504
0 1478216186 547.981201 858.564636
0 1524851324 1044.955688 410.574707
0 1524814275 1117.174805 446.101959
0 1578514668 862.418945 652.985107
0 1478184146 582.093506 874.660400
0 1524829294 1165.090454 402.315552
0 1478176143 614.531494 940.767456
0 1524860336 1123.391968 453.494293
0 1478222193 484.207642 1018.234497
0 1438997636 923.874573 579.637817
0 1478194158 617.601074 891.414551
0 1478201168 353.986694 1041.636719
0 1478187150 354.569916 912.662476
0 1478205172 362.673553 1011.644531
0 1524838306 1211.605957 425.843781
0 1568514660 803.056458 647.850830
0 1524865342 1081.485474 459.017365
0 2085418945 957.036621 668.035156
0 1524808268 1111.128662 438.913055
0 1478200167 419.072052 949.312500
0 1478194159 397.767822 1033.768799
0 1568501643 859.029663 639.596680
0 1478239216 655.686340 862.368591
0 1524820283 1085.154419 434.516174
0 1438989625 894.716492 662.555542
0 1568505649 852.611084 614.242371
0 1478255237 369.562286 866.788879
0 1524804262 1102.485352 456.249664
0 1568506650 865.937439 666.883850
0 1478217187 479.171722 848.950134
0 1568505648 923.324280 658.252930
0 1568497640 798.595459 622.060730
0 1578511665 800.785522 634.721985
0 1478258241 386.145905 930.603943
0 1524796253 1184.766235 421.641663
0 1478206173 389.864746 1065.098999
0 1524826291 1178.519775 438.070648
0 1578529688 985.833191 663.659424
0 1478233207 306.568939 944.077698
0 1708834178 883.018250 622.709534
0 1478189153 530.857361 981.890991
0 1568499641 1011.112732 591.300537
0 1478245224 315.631714 919.166138
0 1524852325 1198.790527 435.416779
0 1478219190 652.040100 1017.208252
0 1578525682 974.445679 636.303894
0 1478232206 569.182373 1002.963501
0 1524818280 1119.273438 422.575958
0 1524850322 1239.068726 430.143494
0 1438996635 831.123962 643.711792
0 1524832299 1138.942261 420.049622
0 1478242220 338.044495 963.226807
0 1524789245 1201.503784 377.619720
0 1438999639 964.994324 551.231323
0 1478196161 431.560852 899.803040
0 1478252234 515.183655 843.089233
0 1524803261 1102.255981 403.345154
0 1478211179 518.228210 1072.847046
0 1578523680 1029.489258 628.107666
0 1578530689 944.830261 565.161133
0 1568508653 891.010559 561.577698
0 1524826290 1259.077637 427.523926
0 1524847319 1197.457031 412.533630
0 1524810270 1064.976196 437.124176
0 1524835302 1145.175171 426.758698
0 1524821284 1165.162354 382.153351
0 1524799257 1158.528687 417.533813
0 1478233208 538.221863 928.851685
0 1608354172 898.917969 676.866516
0 1524835303 1096.546753 448.802582
0 1478251232 406.363922 860.799438
0 1524812273 1137.712402 443.413147
0 1706512175 1019.233337 554.669800
0 1438986622 1063.847534 637.118286
0 1478211180 412.340210 975.999512
0 1524823286 1152.800415 390.243805
0 1478223195 511.379578 864.597961
0 1478244223 459.103729 942.438110
0 1438987623 951.762329 653.975830
0 1478193157 494.200012 961.735352
0 1478198164 346.513153 937.314453
0 1524862339 1126.961914 407.154297
0 1478236212 655.152100 885.056519
0 1478240217 619.026794 868.491638
0 1478214183 319.738251 1019.240234
0 1578521678 894.576843 572.247192
0 1524844314 1218.973267 432.774414
0 1524848320 1074.365356 420.986542
0 1524806265 1165.012573 424.194733
0 1524787243 1216.799927 410.049133
0 1478241219 574.743469 947.700562
0 1524799256 1151.578857 433.651611
0 1478190154 654.002136 933.889587
0 1478226198 534.634338 954.689636
0 1478208176 434.524597 1056.941162
0 1478214184 586.437439 831.492737
0 2084722944 946.683533 640.437805
0 1578522679 954.022461 587.242798
0 1524825289 1208.068970 383.310303
0 1774531078 919.769409 568.694946
0 1525674169 979.783752 583.547241
0 1524815276 1158.160645 440.736053
0 1768901071 1056.773438 624.044983
0 1578526684 963.870056 610.898804
0 1478182144 329.131500 990.498779
0 1524853326 1246.906372 437.215729
0 1478218189 656.195923 840.726807
0 1578513667 910.120544 618.750488
0 1438983618 886.774902 635.505310
0 1478224196 579.762756 897.821228
0 1478247227 265.277344 1057.578979
0 1524792248 1040.269897 404.360870
0 1524795252 1189.718750 385.612366
0 1524808267 1113.451416 415.996613
0 1478191155 612.876221 967.380981
0 1524856330 1228.790771 401.271729
0 1478236211 442.899475 854.853333
0 1478212181 616.104492 915.477356
0 1478185147 544.883362 880.875427
0 1568502645 846.631592 590.622437
0 1568508652 914.361145 631.437317
0 1438984619 836.985718 671.238159
0 1659977623 921.433960 610.631042
0 1478209177 297.040894 970.268127
0 1438982617 932.517517 602.676514
0 1524805264 1069.182495 414.486969
0 1771287074 818.198975 583.017090
0 2087111947 1002.047058 632.193970
0 1524817279 1206.097534 442.594116
0 1524795251 1204.436401 419.099335
0 1478230204 498.819061 935.618103
0 1524847318 1121.202393 400.954712
0 1578516671 796.481934 609.842468
0 1568513659 958.859985 598.863647
0 1578529687 843.792664 579.408142
0 1524819282 1191.682617 428.435242
0 1478253235 577.315796 922.138306
0 1524836304 1152.214966 411.047852
0 1478243221 309.824860 1049.573242
0 1568501644 807.859680 675.618713
0 1438998637 866.093811 565.062195
0 1524816278 1059.769165 430.219025
0 1705773174 1030.892090 576.215637
0 1524845316 1214.800903 389.145447
0 1524842312 1221.705933 395.130615
0 1568507651 989.403442 547.817871
0 1438999638 1008.135315 645.497375
0 1478252233 550.937988 837.270203
0 1438993630 1049.953735 611.442139
0 1478237214 566.170532 1032.893799
0 1524857332 1073.055420 393.643799
0 1478248228 503.211487 910.782715
0 1478225197 652.729187 987.949097
0 1524859335 1190.660156 406.139679
0 1524832298 1178.033447 415.028503
0 1478200166 651.312195 1048.121460
0 1478250231 437.363770 876.798523
0 1478245225 522.672363 1040.839478
0 1438995633 1024.964844 565.261841
0 1524804263 1107.780884 409.588531
0 1524839308 1171.477051 408.588745
0 1524849321 1090.772095 441.560883
0 1568512658 999.892700 568.827332
0 1568514661 898.264465 583.279785
0 1478231205 362.244080 889.181152
0 1773608077 990.519653 607.005859
0 1438977615 825.678589 618.140625
0 1524834301 1083.233154 405.745239
0 1607644171 833.999878 657.216919
0 1524800258 1202.910400 397.515900
0 1568504647 1036.073364 641.295532
0 1568500642 906.029297 606.510498
0 1478256239 464.491516 917.338684
0 1524815277 1054.700195 423.497131
0 1568503646 794.441162 598.044373
0 1478220191 478.792114 1048.854858
0 1478207174 378.720215 956.241821
0 1524841311 1091.621704 391.327637
0 1478213182 526.875793 1010.566467
0 1524813274 1093.948975 418.486389
0 1568516663 980.032227 649.724060
0 1578517672 1042.908813 654.986572
0 1578527685 805.412903 661.473572
0 1478240218 469.620239 893.446228
0 1478215185 611.132019 995.424683
0 1524838307 1049.764160 416.951294
0 1478197163 425.470856 923.945557
0 1478221192 474.508148 870.675781
0 1524819281 1209.764526 403.700714
0 2086284946 928.121460 590.958374
0 1524824288 1144.205933 450.751129
0 1524802260 1035.702148 398.303619
0 1478226199 453.436646 968.838440
0 1578518673 928.065430 672.437439
0 1438981616 1037.025269 587.549866
0 1478238215 653.382202 960.215027
0 1609135173 869.251587 575.818237
0 1524837305 1059.212524 401.984497
0 1524793249 1099.522095 425.112946
0 1568515662 841.047668 568.564819
0 1568516664 940.459839 554.662415
0 1438991628 915.798889 558.111145
0 1478249230 654.591370 908.868347
0 1438996634 985.057983 595.071716
0 1578519675 869.592712 681.322571
0 1524829295 1134.231323 392.573303
0 1524864341 1088.521118 412.032745
0 1478255238 562.986877 1064.531372
0 1438993631 815.871094 572.085632
0 1524788244 1079.687500 427.660583
0 1772785076 1014.456726 659.309937
0 1524828293 1171.673828 431.037811
0 1524798255 1224.023926 416.567688
0 1478199165 489.336212 989.236511
0 1578528686 902.079712 594.694153
0 1478192156 441.173187 1025.968262
0 1478228201 393.211853 906.208313
0 1772037075 969.760559 561.645813
0 1578515670 849.569336 602.226868
0 1524851323 1132.873291 413.517090
0 1478202169 507.393372 887.137146
0 1478246226 607.346497 1056.289917
0 1524809269 1140.072510 398.573853
0 1524822285 1231.444092 423.263397
0 1524841310 1075.828125 451.515106
0 1578515669 810.402100 690.316833
0 1524854328 1146.065063 404.729980
0 0 513.443665 723.090271
0 1 258.330811 842.051941
0 2 1212.762085 558.650513
0 3 1442.033447 502.002502
0 4 1099.899658 412.527008
0 5 934.454590 402.614044
0 6 1546.604248 608.416443
0 7 664.777100 471.716064
0 8 712.698425 451.707855
0 9 499.552460 601.350037
0 10 901.168457 443.315460
0 11 532.577271 455.727814
0 12 1054.141113 1035.100708
0 13 881.102173 413.206512
0 14 1362.145996 452.047302
0 15 494.096436 498.154724
0 16 1231.174316 380.141357
0 18 1176.767334 370.397430
0 19 1139.162598 668.765259
0 20 497.815186 646.123474
0 21 1137.245361 441.988892
0 22 424.626221 773.514526
0 23 1496.904541 984.981445
0 24 725.352966 423.618256
0 25 903.970764 731.074585
0 26 859.190735 693.212463
0 27 510.759644 537.968933
0 28 1001.849426 408.294586
0 29 1024.371338 751.726135
0 30 954.610657 430.128601
0 31 1105.454712 374.080383
0 32 608.134338 459.545624
0 33 571.601868 749.095276
0 34 504.165100 474.999847
0 35 461.186523 490.320038
0 36 1052.410400 704.517761
0 37 840.109375 428.783020
0 38 473.618530 996.678223
0 39 554.445557 469.431763
