0 1578512666 990.036499 432.706604
0 1524823287 802.183838 309.576752
0 1478234209 891.703369 688.230713
0 1707269176 894.285767 481.309509
0 1438989626 922.188660 405.998260
0 1524801259 877.004272 332.452362
0 1438992629 927.836365 426.187439
0 1478227200 1034.166016 724.172485
0 1524854327 842.179138 345.869507
0 1478249229 1133.582764 741.385559
0 1524807266 967.197388 312.754547
0 1524863340 846.989807 300.492340
0 1524831297 941.430969 307.630371
0 1478229202 1052.393555 709.863892
0 1568509654 914.577576 432.509552
0 1524790246 858.867310 302.931152
0 1578523681 812.376953 468.527802
0 1478207175 1069.544922 761.202148
0 1524861337 767.413452 321.654358
0 1478210178 949.341370 758.585876
0 1524862338 946.605774 320.946594
0 1478186149 989.299194 728.276001
0 1524797254 916.346252 302.641785
0 1578518674 908.908508 473.887085
0 1438985621 843.781799 466.266663
0 1524857331 802.603943 316.127991
0 1478203170 975.716736 770.054993
0 1438994632 994.303345 443.686310
0 1578520676 924.959534 415.903442
0 1478237213 978.560486 607.511658
0 1568511657 981.308655 450.428192
0 1775370079 1002.550415 426.354614
0 1478195160 827.582275 705.639832
0 1568510655 1007.015869 437.090759
0 1478257240 983.888855 626.558838
0 1578521677 972.020325 469.287842
0 1524794250 791.293518 327.077637
0 1524812272 852.734741 333.973785
0 1769859072 950.825500 452.610046
0 1578525683 956.944458 424.162079
0 1770636073 958.195007 476.623352
0 1524846317 869.488770 299.135712
0 1524833300 864.169861 329.636322
0 1568511656 796.398010 463.663391
0 1438985620 873.040344 452.315491
0 1478185148 850.672424 715.680420
0 1707993177 966.207397 502.731659
0 1478189152 1000.747742 615.280334
0 1524791247 848.070312 306.789307
0 1524830296 870.902405 305.402313
0 2088218948 889.459412 457.002411
0 1524827292 813.978271 312.121216
0 1606348170 860.307190 471.188812
0 1524855329 914.356384 333.776459
0 1478183145 995.070435 596.781006
0 1438990627 968.022522 457.321350
0 1524840309 791.036621 320.202789
0 1478222194 1013.026794 655.291016
0 1709860179 1071.969360 443.939056
0 1478188151 1103.714844 669.576660
0 1438988624 906.176147 461.774292
0 1478243222 1171.560547 675.088745
0 1524843313 845.940613 294.377686
0 1524844315 928.805115 305.119476
0 1524858333 824.419067 301.853271
0 1524811271 925.294128 329.425079
0 1524859334 813.392822 305.683258
0 1478216186 966.534790 638.168701
0 1524851324 779.345886 331.346924
0 1524814275 878.652344 339.758545
0 1578514668 944.045593 484.130798
0 1478184146 1006.724976 634.757080
0 1524829294 860.133240 309.306854
0 1478176143 1094.833374 648.223450
0 1524860336 891.891785 342.713593
0 1478222193 1096.200317 705.897095
0 1438997636 901.031677 438.968536
0 1478194158 1046.685669 631.364990
0 1478201168 1042.070435 749.928894
0 1478187150 895.097839 711.696655
0 1478205172 1015.331482 738.957458
0 1524838306 920.683350 315.623932
0 1568514660 896.854248 494.244904
0 1524865342 868.605896 351.977509
0 2085418945 1021.527344 471.979523
0 1524808268 865.601318 336.845581
0 1478200167 983.116577 703.803894
0 1478194159 1060.712524 734.764587
0 1568501643 926.312988 478.961121
0 1478239216 1039.699219 612.029480
0 1524820283 841.096924 338.388123
0 1438989625 976.186890 481.759247
0 1568505649 891.822998 468.906067
0 1478255237 848.521973 692.030151
0 1524804262 880.354309 347.303589
0 1568506650 962.115662 489.398895
0 1478217187 907.584961 653.642151
0 1568505648 989.932800 474.296204
0 1568497640 862.112427 483.668579
0 1578511665 879.318848 488.906677
0 1478258241 939.245056 707.737915
0 1524796253 897.310425 317.065765
0 1478206173 1087.977051 745.643188
0 1524826291 912.166199 326.639771
0 1578529688 1034.569092 464.729706
0 1478233207 898.694885 736.562622
0 1708834178 923.198608 466.633423
0 1478189153 1087.141846 682.586548
0 1568499641 973.348511 428.397705
0 1478245224 874.368469 725.984436
0 1524852325 922.952942 322.417328
0 1478219190 1186.745117 662.271118
0 1578525682 998.742493 455.109497
0 1478232206 1129.479736 678.826294
0 1524818280 851.514038 326.859467
0 1524850322 943.978882 314.186859
0 1438996635 911.756653 486.513275
0 1524832299 862.782654 322.650116
0 1478242220 944.143127 732.405945
0 1524789245 856.444458 290.729126
0 1438999639 896.274231 417.878021
0 1478196161 934.621948 684.454529
0 1478252234 926.112854 641.599976
0 1524803261 814.581543 318.756012
0 1478211179 1167.057373 712.018372
0 1578523680 1024.294312 441.552124
0 1578530689 898.607361 428.221222
0 1568508653 855.311829 436.656006
0 1524826290 954.227295 310.175201
0 1524847319 895.458130 310.444397
0 1524810270 829.250916 342.881409
0 1524835302 875.407532 325.373779
0 1524821284 835.266907 298.085266
0 1524799257 873.859680 318.512360
0 1478233208 1037.126709 664.166748
0 1608354172 994.520325 486.992645
0 1524835303 867.079163 344.288788
0 1478251232 868.816345 678.839783
0 1524812273 890.020996 335.308350
0 1706512175 937.728760 409.934753
0 1438986622 1054.157104 439.427032
0 1478211180 1008.309509 713.855835
0 1524823286 836.166565 304.304993
0 1478223195 948.663391 650.124573
0 1478244223 1001.685425 690.176514
0 1438987623 1003.364624 467.003662
0 1478193157 1044.544434 686.369934
0 1478198164 919.299744 721.915833
0 1524862339 838.048462 317.314026
0 1478236212 1062.788452 619.918457
0 1478240217 1023.450073 623.229309
0 1478214183 995.859497 754.243042
0 1578521678 871.111450 441.073608
0 1524844314 933.555603 318.266998
0 1524848320 815.845154 332.653351
0 1524806265 886.452698 321.184174
0 1524787243 905.988770 306.510742
0 1478241219 1078.579346 660.552979
0 1524799256 888.208862 328.135468
0 1478190154 1110.608643 636.257263
0 1478226198 1061.824219 673.262451
0 1478208176 1105.799683 730.598755
0 1478214184 961.578125 618.549316
0 2084722944 985.532715 462.118439
0 1578522679 930.825439 436.872437
0 1524825289 868.116089 293.050262
0 1774531078 885.006958 434.578430
0 1525674169 944.024536 430.449310
0 1478197162 1078.939819 789.323608
0 1524815276 901.190552 330.936096
0 1768901071 1036.655151 434.993683
0 1578526684 964.183289 445.829681
0 1478182144 969.653870 743.177856
0 1524853326 956.989319 316.815704
0 1478218189 1017.132324 604.319031
0 1578513667 937.167358 459.542938
0 1438983618 940.535278 471.582306
0 1478224196 1030.105591 643.150757
0 1478247227 1002.833069 781.846313
0 1524792248 767.302856 328.563416
0 1524795252 857.638245 296.741272
0 1524808267 839.033081 324.121002
0 1478191155 1119.786377 656.960571
0 1524856330 904.051025 300.196655
0 1478236211 888.494812 666.049744
0 1478258242 1059.416626 806.451233
0 1478212181 1070.473511 639.694031
0 1478185147 989.502869 646.627502
0 1568502645 858.574829 459.213013
0 1568508652 954.434875 464.370911
0 1438984619 947.707642 497.221436
0 1659977623 935.534119 453.704559
0 1478209177 923.676819 747.425842
0 1438982617 933.933350 447.982269
0 1524805264 803.483704 329.846008
0 1771287074 827.554626 461.433319
0 2087111947 1011.659912 448.255768
0 1524817279 936.042297 325.149109
0 1524795251 907.985352 313.016632
0 1478230204 1019.680054 676.970581
0 1478230203 1050.471191 777.302734
0 1524847318 825.932007 314.700073
0 1578516671 845.225830 478.527893
0 1568513659 947.358154 441.311798
0 1578529687 842.395630 454.496216
0 1524819282 910.043579 319.723175
0 1478253235 1054.050049 651.746948
0 1524836304 861.437744 315.876831
0 1478243221 1022.788330 765.613708
0 1568501644 932.950378 505.233521
0 1438998637 841.063843 443.187622
0 1524816278 816.507324 339.936035
0 1705773174 969.593933 418.006470
0 1524845316 879.939026 295.401489
0 1524842312 891.916382 297.783417
0 1568507651 909.365051 411.876862
0 1438999638 1029.328247 452.907379
0 1478252233 944.102844 629.907349
0 1438993630 1019.455505 430.636841
0 1478237214 1155.897461 688.310303
0 1524857332 779.198975 317.560608
0 1478248228 995.426331 667.802124
0 1478225197 1160.750244 653.389404
0 1524859335 883.098267 307.906525
0 1524832298 884.749939 314.444397
0 1478200166 1213.386719 671.373840
0 1478250231 911.273376 675.138489
0 1478245225 1139.732910 701.955078
0 1438995633 953.528381 413.936920
0 1524804263 826.723450 321.420105
0 1524839308 872.358765 311.858337
0 1524849321 853.994751 341.317291
0 1568512658 940.817139 419.997955
0 1568514661 887.189270 445.568970
0 1478231205 871.513000 701.738037
0 1773608077 977.250488 439.196777
0 1438977615 877.138977 476.202209
0 1524834301 803.036987 322.881287
0 1607644171 929.560730 491.816284
0 1524800258 881.495300 301.561707
0 1568504647 1041.879761 446.092743
0 1568500642 920.209351 454.801453
0 1478256239 977.280029 680.701172
0 1524815277 803.944458 337.032410
0 1568503646 828.650146 473.481812
0 1478220191 1123.042236 716.044006
0 1478207174 963.945801 717.873047
0 1524841311 790.787476 313.535309
0 1478213182 1113.103027 692.147766
0 1524813274 827.539551 328.350220
0 1568516663 1016.493042 459.875916
0 1578517672 1059.780518 450.714783
0 1578527685 914.728149 499.686218
0 1478240218 953.475952 671.459290
0 1478215185 1145.354492 665.912964
0 1524838307 791.558594 334.169617
0 1478197163 958.562134 694.006653
0 1478221192 930.251282 662.442322
0 1524819281 893.660950 304.019806
0 2086284946 917.338013 443.435852
0 1524824288 903.223999 338.205261
0 1524802260 755.425842 325.818298
0 1478226199 1026.715210 699.894348
0 1578518673 1008.181335 479.398499
0 1438981616 985.932312 422.145111
0 1478238215 1135.378784 644.720581
0 1609135173 856.911072 447.711304
0 1524837305 779.271301 324.347290
0 1524793249 840.048767 331.142273
0 1568515662 826.502563 449.862823
0 1568516664 882.907593 424.005524
0 1438991628 869.256592 430.263458
0 1478249230 1086.418579 627.992249
0 1438996634 960.493469 434.785126
0 1578519675 980.532959 494.768158
0 1524829295 825.164246 308.180756
0 1524864341 815.203491 325.596832
0 1478255238 1182.993408 698.037781
0 1438993631 811.617554 456.686401
0 1524788244 828.381592 335.500458
0 1772785076 1047.316772 457.643250
0 1524828293 899.220337 323.893066
0 1478203171 1150.595947 726.459900
0 1524798255 918.482178 309.035095
0 1478199165 1070.043091 696.009033
0 1578528686 903.552673 450.144226
0 1478192156 1078.746094 720.095215
0 1478228201 915.172119 697.860413
0 1772037075 911.921936 421.997620
0 1578515670 875.047913 464.015503
0 1524851323 850.330811 319.963806
0 1478218188 1115.989502 756.820129
0 1478202169 971.761230 658.856140
0 1478254236 1097.785889 772.789978
0 1478246226 1198.428711 684.496460
0 1524809269 837.093384 310.711761
0 1524822285 931.144348 311.593567
0 1524841310 855.296082 348.901245
0 1478235210 1030.721802 793.973572
0 1578515669 951.531311 510.890076
0 1524854328 849.183472 313.276886
0 0 1193.954956 323.706085
0 1 421.461060 448.066650
0 2 479.757538 458.586060
0 3 1229.485962 490.951263
0 4 613.462280 571.318848
0 5 679.282715 349.408203
0 6 1430.256104 482.675903
0 7 1003.196045 536.190491
0 8 942.293823 560.395813
0 9 692.862549 533.076904
0 10 859.235840 602.538635
0 11 418.146545 468.326416
0 12 1388.627197 565.752930
0 13 482.453949 437.391418
0 14 1301.073242 593.658936
0 15 693.196472 362.871338
0 16 793.266052 299.226776
0 17 1099.367920 682.848938
0 18 748.449341 318.825073
0 19 592.269165 414.894745
0 20 720.317017 560.065308
0 21 1196.419434 383.012085
0 22 812.009155 580.585083
0 23 1441.294189 538.658752
0 24 558.693420 388.047150
0 25 785.474976 349.198059
0 26 747.036194 362.167969
0 27 610.342041 511.626892
0 28 516.436096 404.571960
0 29 763.779724 673.322510
0 30 816.700867 636.216431
0 31 710.411011 334.132080
0 32 848.399902 308.409912
0 33 872.037964 325.059540
0 34 747.043579 342.581360
0 35 522.883606 481.638123
0 36 973.287476 332.526123
0 37 900.175110 312.572968
0 38 808.591187 308.085968
0 39 795.473938 331.384491
