0 1578512666 955.194275 520.490356
0 1524823287 785.988525 379.303192
0 1478234209 821.539856 767.177551
0 1707269176 853.316895 558.890747
0 1438989626 891.488403 486.940155
0 1524801259 856.844360 409.633911
0 1438992629 894.326355 507.541504
0 1478227200 959.948242 818.452820
0 1524854327 820.485474 419.187866
0 1478249229 1057.614380 846.206360
0 1524807266 948.659363 399.736084
0 1524863340 831.595703 375.098816
0 1524831297 923.916077 392.009644
0 1478229202 980.211426 805.722351
0 1568509654 880.283447 512.434143
0 1524790246 842.998657 378.738098
0 1578523681 773.444275 537.611572
0 1478207175 990.558838 859.944763
0 1524861337 749.817566 387.512238
0 1478210178 869.702026 844.967957
0 1524862338 927.229553 405.620392
0 1478186149 914.220764 818.046204
0 1524797254 899.826660 384.487335
0 1578518674 868.919434 553.009705
0 1438985621 805.089233 538.632080
0 1524857331 785.475281 385.780457
0 1478203170 894.726074 859.429016
0 1438994632 957.956726 531.837402
0 1578520676 892.880127 497.042786
0 1478237213 920.052185 694.288208
0 1568511657 944.145386 537.186462
0 1775370079 968.458435 515.490662
0 1478195160 754.370789 778.319336
0 1568510655 971.455872 526.609192
0 1478257240 922.779602 714.086670
0 1578521677 932.363831 554.989807
0 1524794250 772.712097 395.353699
0 1524812272 832.607422 408.585541
0 1769859072 913.556824 536.184631
0 1578525683 923.504761 508.566223
0 1770636073 917.612732 560.862915
0 1524846317 854.022766 376.131989
0 1524833300 844.532532 405.518982
0 1568511656 758.200500 531.096436
0 1438985620 836.208801 527.789917
0 1478185148 776.218079 790.944641
0 1707993177 922.032593 587.755615
0 1478189152 941.207214 704.423096
0 1524791247 831.785706 381.388824
0 1524830296 854.552795 382.425598
0 2088218948 851.900757 534.165283
0 1524827292 797.304688 383.040710
0 1606348170 820.867493 545.260010
0 1524855329 893.615295 414.850403
0 1478183145 938.041931 685.164124
0 1438990627 930.011047 542.660645
0 1524840309 773.437500 388.568420
0 1478222194 948.071472 746.188904
0 1709860179 1034.968018 540.161133
0 1478188151 1037.070312 770.000427
0 1438988624 867.879089 540.656982
0 1478243222 1104.287964 782.550964
0 1524843313 831.411255 368.994507
0 1524844315 911.791260 388.223480
0 1524858333 809.083679 374.061737
0 1524811271 905.023071 411.717957
0 1524859334 797.634460 376.660126
0 1478216186 903.782654 724.048767
0 1524851324 760.257629 398.297943
0 1524814275 857.464233 416.994598
0 1578514668 902.500732 566.879761
0 1478184146 944.545471 724.735046
0 1524829294 843.364502 385.125824
0 1478176143 1030.986938 747.434265
0 1524860336 870.162170 421.290253
0 1478222193 1024.741455 806.167358
0 1438997636 865.923523 517.437134
0 1478194158 985.028198 725.416626
0 1478201168 964.408630 845.592102
0 1478187150 821.613403 791.446655
0 1478205172 938.972229 831.631165
0 1524838306 902.343872 397.678131
0 1568514660 854.071899 572.071716
0 1524865342 845.818665 427.974640
0 2085418945 981.216064 562.813843
0 1524808268 844.947266 412.760101
0 1478200167 911.377258 792.439392
0 1478194159 985.224121 831.990051
0 1568501643 885.552124 559.879517
0 1478239216 980.627380 705.154480
0 1524820283 820.462830 411.708496
0 1438989625 934.818665 567.853394
0 1568505649 852.593872 546.266785
0 1478255237 777.476501 766.600403
0 1524804262 858.104858 424.601044
0 1568506650 919.774231 574.014221
0 1478217187 842.428467 733.657776
0 1568505648 949.500244 561.841064
0 1568497640 820.905762 557.896606
0 1578511665 837.330505 564.916504
0 1478258241 866.665161 791.944885
0 1524796253 879.049316 396.643066
0 1478206173 1011.196838 845.900452
0 1524826291 892.424500 407.605042
0 1578529688 995.132996 556.948853
0 1478233207 821.691528 817.223145
0 1708834178 884.151672 547.268311
0 1478189153 1018.740234 781.516418
0 1568499641 939.213013 514.476929
0 1478245224 798.650391 803.908020
0 1524852325 903.662292 404.586853
0 1478219190 1121.113403 771.101135
0 1578525682 960.833618 543.654663
0 1478232206 1061.670898 782.035583
0 1524818280 832.392151 401.461365
0 1524850322 925.547058 398.709106
0 1438996635 870.005127 565.900818
0 1524832299 844.130920 398.506592
0 1478242220 868.136597 817.636230
0 1524789245 842.299072 366.523499
0 1438999639 864.118713 496.007324
0 1478196161 865.279419 767.750366
0 1478252234 862.736755 723.357727
0 1524803261 796.964478 389.620483
0 1478211179 1095.030762 819.654297
0 1578523680 988.005188 532.836365
0 1578530689 865.003418 506.511719
0 1568508653 820.761719 510.370819
0 1524826290 936.204346 395.846832
0 1524847319 878.127197 389.949371
0 1524810270 808.092712 414.889465
0 1524835302 856.244141 402.507385
0 1524821284 820.341003 371.506866
0 1524799257 855.662720 395.603882
0 1478233208 971.041931 757.671875
0 1608354172 952.353455 574.977478
0 1524835303 845.375732 420.241272
0 1478251232 799.831116 755.262512
0 1524812273 869.331177 413.807373
0 1706512175 906.370728 492.460449
0 1438986622 1017.900452 533.830261
0 1478211180 935.341309 805.273926
0 1524823286 820.359741 377.701080
0 1478223195 884.189697 734.323486
0 1478244223 931.923889 780.466492
0 1438987623 963.832153 555.971924
0 1478193157 975.492432 780.993408
0 1478198164 844.564758 804.366821
0 1524862339 820.399048 390.668396
0 1478236212 1002.669067 715.501221
0 1478240217 962.859863 714.796387
0 1478214183 917.245178 845.281250
0 1578521678 835.864990 516.409180
0 1524844314 914.701355 401.622040
0 1524848320 796.251343 403.415985
0 1524806265 867.747864 399.549194
0 1524787243 889.070068 387.194916
0 1478241219 1013.079407 758.263489
0 1524799256 868.526855 406.564148
0 1478190154 1048.340210 736.940186
0 1478226198 994.590820 769.444031
0 1478208176 1031.114624 832.346191
0 1478214184 901.521484 703.686768
0 2084722944 946.766724 549.255371
0 1578522679 895.830505 518.460022
0 1524825289 853.508362 370.023773
0 1774531078 850.597168 511.405060
0 1525674169 909.821655 513.458069
0 1478197162 996.247437 889.754517
0 1524815276 880.982727 410.678101
0 1768901071 1001.131531 527.610107
0 1578526684 927.754028 530.833313
0 1478182144 892.354431 831.269348
0 1524853326 938.038940 402.652283
0 1478218189 959.090698 695.044800
0 1578513667 899.026672 541.661438
0 1438983618 900.726746 554.002441
0 1478224196 966.837708 735.640930
0 1478247227 920.468201 874.305115
0 1524792248 748.714722 394.294281
0 1524795252 842.643616 372.540070
0 1524808267 820.419617 397.459839
0 1478191155 1054.817261 758.850830
0 1524856330 888.019104 380.800262
0 1478236211 821.470520 744.287354
0 1478258242 974.234131 905.375854
0 1478212181 1007.730652 736.292847
0 1478185147 925.658386 734.984497
0 1568502645 820.830750 533.147705
0 1568508652 915.542175 548.264465
0 1438984619 904.353455 580.329224
0 1659977623 898.202942 535.681763
0 1478209177 845.366516 830.904663
0 1438982617 897.395935 529.824097
0 1524805264 784.399536 399.356689
0 1771287074 789.597778 532.124756
0 2087111947 974.575989 538.183105
0 1524817279 916.226074 408.641815
0 1524795251 890.153625 393.787598
0 1478230204 951.801392 768.883606
0 1478230203 969.160767 874.506409
0 1524847318 808.773804 386.828796
0 1578516671 804.788818 551.008240
0 1568513659 911.651550 524.592163
0 1578529687 805.377197 526.764893
0 1524819282 891.271179 400.587646
0 1478253235 989.675537 746.813782
0 1524836304 843.741760 391.712219
0 1478243221 942.837219 859.687927
0 1568501644 888.542053 586.804260
0 1438998637 805.653687 515.375916
0 1524816278 795.877258 410.652527
0 1705773174 936.889832 503.780945
0 1524845316 864.862915 373.569397
0 1524842312 876.365479 377.161255
0 1568507651 877.950439 491.425079
0 1438999638 991.495422 544.643494
0 1478252233 882.425110 713.372131
0 1438993630 984.653320 521.497864
0 1478237214 1086.904541 794.380554
0 1524857332 762.085449 384.728027
0 1478248228 928.701660 757.076050
0 1478225197 1096.258789 759.433960
0 1524859335 866.261353 386.162354
0 1524832298 866.993042 392.751953
0 1478200166 1146.594727 783.062622
0 1478250231 843.099609 755.871460
0 1478245225 1068.935059 806.608948
0 1438995633 921.502441 498.073273
0 1524804263 808.611572 393.513245
0 1524839308 855.099243 388.913208
0 1524849321 832.829712 415.944214
0 1568512658 908.062683 502.755707
0 1568514661 851.235779 522.554443
0 1478231205 799.258301 778.862122
0 1773608077 941.629578 525.603210
0 1438977615 836.940613 552.011658
0 1524834301 784.945862 392.461670
0 1607644171 887.014160 573.045715
0 1524800258 865.551575 379.771118
0 1568504647 1004.849854 539.174683
0 1568500642 882.809021 535.177612
0 1478256239 908.698792 768.319092
0 1524815277 783.835388 406.475830
0 1568503646 788.971069 544.247742
0 1478220191 1050.349121 819.256836
0 1478207174 890.127075 804.822144
0 1524841311 774.140564 381.992096
0 1478213182 1043.513428 793.900635
0 1524813274 808.444092 400.411133
0 1568516663 977.826599 550.241028
0 1578517672 1021.997925 545.627075
0 1578527685 871.139221 579.366272
0 1478240218 886.055359 756.475891
0 1478215185 1079.243408 770.552795
0 1524838307 771.963318 402.358032
0 1478197163 888.031128 779.935730
0 1478221192 863.972107 744.925720
0 1524819281 877.233032 383.458435
0 2086284946 881.520691 523.575928
0 1524824288 881.996948 418.040619
0 1524802260 737.331360 390.345978
0 1478226199 955.753479 792.930054
0 1578518673 966.960388 568.821655
0 1438981616 952.539673 509.585907
0 1478238215 1072.008301 748.050415
0 1609135173 820.795532 521.527771
0 1524837305 761.185974 391.405945
0 1524793249 820.440918 404.469604
0 1568515662 790.198914 520.495789
0 1568516664 849.983459 500.690094
0 1438991628 835.534668 505.476776
0 1478249230 1025.233765 726.093567
0 1438996634 925.587036 519.477722
0 1578519675 937.382141 581.286865
0 1524829295 808.931152 380.347992
0 1524864341 796.613647 396.408875
0 1478255238 1112.796143 807.047302
0 1438993631 774.385437 525.734558
0 1524788244 808.271240 407.532806
0 1772785076 1008.723206 551.221497
0 1524828293 880.000671 403.549194
0 1478203171 1076.647705 832.699524
0 1524798255 901.065979 390.981476
0 1478199165 999.797607 793.417175
0 1578528686 866.881287 528.809631
0 1478192156 1005.322937 818.856445
0 1478228201 843.810486 779.400940
0 1772037075 879.094299 501.725433
0 1578515670 836.567078 539.647217
0 1524851323 832.183716 394.560638
0 1478218188 1037.895386 860.199585
0 1478202169 906.171326 745.559570
0 1478254236 1017.453247 874.705994
0 1478246226 1129.974609 794.856812
0 1524809269 820.379089 384.085297
0 1524822285 913.223816 394.819214
0 1524841310 833.059448 423.549164
0 1478235210 946.959839 889.614380
0 1578515669 906.290405 594.389832
0 1524854328 831.981628 387.873016
0 0 916.905945 740.689636
0 1 721.853882 756.130554
0 2 911.005188 628.503784
0 3 646.075806 591.752747
0 4 1015.761597 571.591553
0 5 1324.360840 698.229309
0 6 660.977173 419.045441
0 7 1019.357544 448.116486
0 8 966.529541 439.315125
0 9 925.108459 369.120056
0 10 1053.644653 469.765381
0 11 1428.223267 644.031677
0 12 656.336182 406.264191
0 13 1179.538452 787.841370
0 14 591.442871 413.433014
0 15 561.465576 453.793457
0 16 789.454346 371.538757
0 17 727.752136 392.877319
0 18 1265.851196 468.838531
0 19 621.848816 649.705139
0 20 963.226318 719.360168
0 21 1195.440918 520.303955
0 22 1028.086914 708.940979
0 23 404.828461 474.195770
0 24 1320.084717 485.579193
0 25 439.210114 566.337402
0 26 488.646484 590.293152
0 27 1460.811035 553.964661
0 28 1061.925659 409.020599
0 29 1130.999268 574.648193
0 30 978.897827 592.419067
0 31 991.875000 776.291382
0 32 908.740051 404.597992
0 33 476.138153 484.115356
0 34 703.054504 403.866943
0 35 1239.847168 764.063477
0 36 547.133423 613.674805
0 37 951.683472 419.199585
0 38 966.800415 381.549683
0 39 782.730042 390.483948
