0 1578512666 1006.372620 641.998718
0 1524823287 860.773193 493.142090
0 1478234209 785.821350 958.122498
0 1707269176 883.220642 695.270752
0 1438989626 944.752075 607.164734
0 1524801259 927.735901 521.039246
0 1438992629 942.370300 631.169556
0 1478227200 930.450806 1021.186584
0 1524854327 886.353027 534.901855
0 1478249229 1039.705078 1056.086670
0 1524807266 1029.476685 501.902893
0 1524863340 909.985901 484.487244
0 1524831297 1004.500671 495.324188
0 1478229202 958.079956 1003.199036
0 1568509654 925.642700 637.996033
0 1524790246 921.117188 487.539215
0 1578523681 802.503174 675.428772
0 1478207175 954.870667 1077.184814
0 1524861337 820.649719 505.362732
0 1478210178 816.653687 1060.159424
0 1524862338 1004.693726 510.453979
0 1478186149 876.834290 1022.223450
0 1524797254 980.385681 488.972321
0 1578518674 902.029907 687.134399
0 1438985621 836.370361 674.427429
0 1524857331 858.458069 500.384644
0 1478203170 841.352234 1079.192749
0 1438994632 1006.543335 655.379333
0 1578520676 943.586792 618.909180
0 1478237213 919.747131 859.180664
0 1568511657 989.719177 662.807007
0 1775370079 1022.465271 635.037537
0 1478195160 706.624146 975.367920
0 1568510655 1023.000610 648.113770
0 1478257240 917.233826 884.511292
0 1578521677 971.878296 685.099182
0 1524794250 842.411194 512.141785
0 1524812272 902.126404 521.909363
0 1769859072 955.944214 663.812622
0 1578525683 974.260010 630.189270
0 1770636073 953.845825 693.228577
0 1524846317 933.520630 483.662048
0 1524833300 915.662415 517.439636
0 1568511656 788.063843 668.810974
0 1438985620 873.255737 659.374756
0 1478185148 727.001099 991.070862
0 1707993177 951.532166 725.661987
0 1478189152 941.156494 871.110962
0 1524791247 908.517700 491.477661
0 1524830296 932.440186 490.643707
0 2088218948 888.593750 665.817810
0 1524827292 871.647522 496.315430
0 1606348170 851.600647 681.203247
0 1524855329 965.929993 523.829041
0 1478183145 942.908264 846.554016
0 1438990627 972.515747 670.402100
0 1524840309 845.055176 504.519714
0 1478222194 937.302551 925.137085
0 1709860179 1091.445679 659.778198
0 1478188151 1035.476562 952.811401
0 1438988624 904.307373 672.418762
0 1478243222 1113.066772 966.907532
0 1524843313 911.407043 477.720215
0 1524844315 992.338379 492.120636
0 1524858333 886.483459 485.311371
0 1524811271 979.070312 519.295105
0 1524859334 873.728943 489.196045
0 1478216186 892.573120 898.325134
0 1524851324 828.531921 516.480286
0 1524814275 926.454041 529.321960
0 1578514668 935.387207 701.550110
0 1478184146 939.291687 897.252502
0 1524829294 919.821655 494.641052
0 1478176143 1034.255493 922.990112
0 1524860336 938.963440 533.133606
0 1478222193 1010.969116 1002.149292
0 1438997636 908.555664 644.969116
0 1478194158 986.138306 896.176941
0 1478201168 927.815430 1058.129761
0 1478187150 778.242371 990.028625
0 1478205172 901.823792 1039.823730
0 1524838306 979.750427 503.615112
0 1568514660 880.332947 711.099426
0 1524865342 911.041809 542.767639
0 2085418945 1024.763916 691.177979
0 1524808268 914.177185 525.581238
0 1478200167 881.190063 987.934570
0 1478194159 956.535950 1038.794556
0 1568501643 918.496704 694.250671
0 1478239216 986.539429 870.034363
0 1524820283 888.359497 526.455322
0 1438989625 971.209229 700.522461
0 1568505649 885.970947 680.194336
0 1478255237 736.325989 959.175537
0 1524804262 925.125183 537.908386
0 1568506650 952.717896 709.039795
0 1478217187 819.854858 913.638428
0 1568505648 989.268127 692.204346
0 1568497640 848.017273 696.288635
0 1578511665 863.967712 703.598938
0 1478258241 829.638428 988.983215
0 1524796253 954.941467 504.469391
0 1478206173 983.668762 1057.109863
0 1524826291 966.509399 515.706055
0 1578529688 1042.012939 683.055664
0 1478233207 770.104492 1024.287476
0 1708834178 920.410706 679.183350
0 1478189153 1010.546631 969.041565
0 1568499641 990.130127 636.025574
0 1478245224 748.146423 1007.366089
0 1524852325 979.416260 511.318695
0 1478219190 1136.367188 950.665039
0 1578525682 1006.722229 669.390747
0 1478232206 1061.730103 967.976135
0 1524818280 903.807434 513.905151
0 1524850322 1004.595581 502.759644
0 1438996635 899.640076 702.575623
0 1524832299 917.096558 509.578400
0 1478242220 823.385803 1023.257080
0 1524789245 923.585144 474.011047
0 1438999639 912.438965 619.877747
0 1478196161 835.460999 957.066467
0 1478252234 845.982117 899.394836
0 1524803261 869.495789 503.675476
0 1478211179 1092.315918 1018.056335
0 1578523680 1040.028198 654.375671
0 1578530689 910.539978 632.148071
0 1568508653 861.397827 639.958984
0 1524826290 1016.878174 498.584442
0 1524847319 955.681030 497.015808
0 1524810270 874.355591 531.079529
0 1524835302 928.973267 513.044312
0 1524821284 899.041321 481.486511
0 1524799257 930.168335 505.322418
0 1478233208 960.853760 939.254333
0 1608354172 989.025635 708.006775
0 1524835303 912.638000 534.018433
0 1478251232 765.068359 943.506165
0 1524812273 940.033997 524.705750
0 1706512175 959.605164 612.492004
0 1438986622 1073.578491 653.369934
0 1478211180 905.353821 1004.245667
0 1524823286 897.406677 488.368195
0 1478223195 867.139587 912.571777
0 1478244223 908.636292 971.162903
0 1438987623 1006.909668 684.078491
0 1478193157 959.515503 970.103821
0 1478198164 800.387817 1006.329102
0 1524862339 893.971375 502.829987
0 1478236212 1009.440308 882.358643
0 1478240217 963.274963 883.436401
0 1478214183 872.143982 1059.146240
0 1578521678 876.074097 645.955444
0 1524844314 992.109924 507.003815
0 1524848320 864.966370 519.168030
0 1524806265 942.064453 508.721466
0 1524787243 968.131958 492.961975
0 1478241219 1010.152710 938.183716
0 1524799256 941.067078 516.573486
0 1478190154 1057.598633 908.275330
0 1478226198 985.252869 953.879822
0 1478208176 1011.423706 1037.762207
0 1478214184 895.893738 872.184692
0 2084722944 989.499084 677.155273
0 1578522679 941.099182 643.980896
0 1524825289 934.566650 476.903595
0 1774531078 893.490051 638.978394
0 1525674169 957.856079 637.011658
0 1524815276 953.383911 520.167786
0 1768901071 1056.135864 647.113953
0 1578526684 973.123962 656.381165
0 1478182144 847.286438 1040.849487
0 1524853326 1017.187622 506.143066
0 1478218189 964.373718 858.105774
0 1578513667 938.377563 671.411377
0 1438983618 936.918335 686.117798
0 1478224196 962.104004 910.429565
0 1524792248 817.588562 512.993774
0 1524795252 922.371094 480.666168
0 1524808267 892.165100 510.434113
0 1478191155 1059.593994 937.109985
0 1524856330 968.637329 485.877777
0 1478236211 792.897034 928.334900
0 1478212181 1009.784790 909.353882
0 1478185147 914.555847 911.502136
0 1568502645 855.017822 666.817566
0 1568508652 954.919983 678.170349
0 1438984619 933.778503 717.763489
0 1659977623 939.081665 664.314636
0 1478209177 792.923096 1041.872070
0 1438982617 939.769653 657.380981
0 1524805264 853.586914 515.623169
0 1771287074 821.507935 667.815247
0 2087111947 1023.561035 661.799438
0 1524817279 991.989807 514.837341
0 1524795251 967.609375 500.286316
0 1478230204 935.176147 954.945190
0 1524847318 882.711914 499.544250
0 1578516671 832.466125 689.161316
0 1568513659 956.921875 650.107544
0 1578529687 840.095703 660.368774
0 1524819282 967.068909 507.863251
0 1478253235 985.710327 924.065125
0 1524836304 918.482178 501.983337
0 1478243221 898.017090 1078.190430
0 1568501644 914.374512 726.701233
0 1438998637 843.654236 646.939941
0 1524816278 862.580688 527.328064
0 1705773174 990.322266 623.509033
0 1524845316 945.732727 479.844696
0 1524842312 957.087952 482.835693
0 1568507651 928.759949 613.456543
0 1438999638 1040.997192 668.377319
0 1478252233 871.316528 885.583313
0 1438993630 1039.102905 641.004883
0 1478237214 1088.965820 983.708191
0 1524857332 834.238647 501.223877
0 1478248228 911.696289 940.321899
0 1478225197 1109.178467 936.033203
0 1524859335 943.959656 493.802094
0 1524832298 943.028137 501.135437
0 1478200166 1164.557373 965.835754
0 1478250231 813.804321 942.447754
0 1478245225 1064.022095 1001.096252
0 1438995633 974.791504 617.938721
0 1524804263 880.729675 507.024750
0 1524839308 931.323364 497.859802
0 1524849321 900.384949 530.201416
0 1568512658 958.749634 624.485291
0 1568514661 891.097412 652.093689
0 1478231205 756.902771 974.321350
0 1773608077 989.929382 649.111633
0 1438977615 867.212585 688.148804
0 1524834301 856.063965 507.874054
0 1607644171 916.487122 710.070679
0 1524800258 944.860718 486.709076
0 1568504647 1057.469727 660.789856
0 1568500642 922.235779 664.816223
0 1478256239 885.245789 956.007385
0 1524815277 851.022400 523.645630
0 1568503646 817.299438 682.210083
0 1478220191 1038.190796 1019.103088
0 1478207174 852.790100 1005.289001
0 1524841311 847.611450 497.150848
0 1478213182 1036.785034 984.769592
0 1524813274 878.678711 514.764832
0 1568516663 1024.148193 676.138184
0 1578517672 1075.340820 667.361938
0 1578527685 897.129456 718.797546
0 1478240218 862.680054 941.386353
0 1478215185 1085.847656 951.739807
0 1524838307 839.674683 520.030273
0 1478197163 857.908203 972.218872
0 1478221192 840.896423 927.271973
0 1524819281 956.396057 489.808594
0 2086284946 923.977966 651.101562
0 1524824288 952.562988 528.441162
0 1524802260 806.839294 509.569031
0 1478226199 932.897888 986.882751
0 1578518673 1007.106384 699.492737
0 1438981616 1006.209412 629.207153
0 1478238215 1082.938477 921.912048
0 1609135173 858.280090 653.083862
0 1524837305 831.433838 508.722168
0 1524793249 890.295593 518.304443
0 1568515662 825.525879 654.072205
0 1568516664 895.778870 626.432434
0 1438991628 878.768799 633.124695
0 1478249230 1033.113403 895.098450
0 1438996634 973.704773 642.990784
0 1578519675 970.506226 716.727295
0 1524829295 884.628784 492.310455
0 1524864341 867.270020 511.288574
0 1478255238 1117.239624 1000.039978
0 1438993631 807.000183 661.360840
0 1524788244 876.555298 522.778137
0 1772785076 1058.867310 675.119019
0 1524828293 954.176208 512.182129
0 1478203171 1066.487793 1036.726562
0 1524798255 980.073364 496.170593
0 1478199165 984.762634 985.827820
0 1578528686 906.480286 658.378845
0 1478192156 984.235962 1020.146423
0 1478228201 807.330627 973.271667
0 1772037075 927.235229 625.459778
0 1578515670 870.305054 673.424072
0 1524851323 905.431152 506.174194
0 1478218188 1011.913940 1076.175903
0 1478202169 889.031433 926.206055
0 1478246226 1141.305664 982.643555
0 1524809269 895.717590 495.478851
0 1524822285 992.226074 499.435974
0 1524841310 898.579590 538.797241
0 1578515669 932.086243 734.818848
0 1524854328 907.000366 498.702637
0 0 1311.608154 524.915894
0 1 910.056396 471.361053
0 2 569.581421 536.443604
0 3 785.191467 471.269745
0 4 856.412048 469.170593
0 6 1334.657715 616.701172
0 7 1288.087646 549.449463
0 8 1723.040649 981.978333
0 10 1333.647949 551.298828
0 11 1424.256226 538.617126
0 12 1911.399048 992.055176
0 13 1343.988281 536.027161
0 14 1380.064453 545.612244
0 16 1595.022095 655.535156
0 19 1556.642822 616.926758
0 20 636.780945 518.295166
0 23 729.852661 750.049683
0 25 827.081604 794.076904
0 26 718.762634 593.332397
0 27 676.800049 640.089417
0 28 793.178162 835.581543
0 29 631.511353 718.484253
0 31 1000.565063 780.948914
0 33 652.718140 623.911011
0 35 1063.361572 1078.625488
0 36 684.992737 407.392242
0 37 965.821960 1036.098999
0 43 1569.605835 589.768005
0 59 138.128250 738.495056
0 73 909.251831 440.108032
0 77 1298.163208 567.265869
0 81 1105.749268 523.774780
0 100 136.796005 659.996521
0 108 1366.017578 909.925537
0 109 1573.160645 829.743408
0 110 1663.193726 645.520569
0 112 788.961121 343.559479
0 113 811.593079 346.382019
0 114 1758.754761 836.738892
0 115 854.135986 350.980408
0 116 860.750488 356.581482
0 117 992.280579 413.470001
0 118 1713.788696 911.496277
0 120 949.887756 370.541870
0 122 1005.073730 402.502533
0 123 1002.087341 393.382812
0 125 971.423706 375.899170
0 126 958.620728 427.944733
0 127 971.141968 438.729401
0 130 964.299683 388.873260
0 133 914.325623 369.652435
0 137 0.000000 0.000000
