0 1578512666 997.052734 606.807068
0 1524823287 1467.943848 491.146057
0 1478234209 467.013611 566.296204
0 1707269176 868.182251 558.546875
0 1438989626 1091.955200 568.628418
0 1524801259 1380.634644 537.172546
0 1438992629 1023.937317 572.501770
0 1478227200 367.954681 618.002075
0 1524854327 1316.475952 519.402222
0 1478249229 306.250549 656.181763
0 1524807266 1502.608521 594.407593
0 1524863340 1525.778809 514.748840
0 1524831297 1521.333984 576.142578
0 1478229202 380.930969 625.587891
0 1568509654 1004.954590 565.853088
0 1524790246 1517.400391 522.269958
0 1578523681 913.995056 521.195923
0 1478207175 306.555908 629.879333
0 1524861337 1405.540527 475.788147
0 1478210178 353.931458 587.282166
0 1524862338 1452.929932 580.143494
0 1478186149 378.710815 601.287170
0 1524797254 1539.155396 558.759216
0 1578518674 885.453186 565.014648
0 1438985621 915.654968 534.576355
0 1524857331 1437.924927 492.774475
0 1478203170 330.673401 596.207703
0 1438994632 961.155762 608.906677
0 1578520676 1058.000854 570.562012
0 1478237213 570.929138 598.298706
0 1568511657 941.902771 601.527405
0 1775370079 1017.099854 614.314453
0 1478195160 462.287323 545.699463
0 1568510655 980.837402 616.450256
0 1478257240 535.279846 600.328796
0 1578521677 887.760437 596.344238
0 1524794250 1387.131470 489.147491
0 1524812272 1369.067139 523.452148
0 1769859072 939.471558 585.243713
0 1578525683 1028.280518 588.236328
0 1770636073 869.670654 589.244568
0 1524846317 1540.631104 528.176636
0 1524833300 1390.731445 529.347961
0 1568511656 928.815125 513.869324
0 1438985620 950.296997 546.709595
0 1478185148 441.613220 553.633362
0 1707993177 799.410767 593.271790
0 1478189152 549.820740 607.577820
0 1524791247 1494.625000 516.479004
0 1524830296 1508.828491 529.964722
0 2088218948 934.928772 554.817261
0 1524827292 1459.262085 498.111389
0 1606348170 900.194702 542.382751
0 1524855329 1382.294434 559.861938
0 1478183145 585.831665 605.513794
0 1438990627 923.064697 594.307190
0 1524840309 1416.986084 487.537140
0 1478222194 477.438446 611.726685
0 1709860179 949.932434 655.308350
0 1478188151 421.639038 649.385681
0 1438988624 919.195496 563.117432
0 1478243222 385.870026 679.649658
0 1524843313 1556.839233 513.023804
0 1524844315 1530.353516 567.344666
0 1524858333 1511.539673 501.875275
0 1524811271 1405.343750 566.480042
0 1524859334 1489.534790 496.459747
0 1478216186 521.047302 593.233521
0 1524851324 1366.826660 483.984802
0 1524814275 1348.338135 538.988464
0 1578514668 851.963074 582.294983
0 1478184146 513.689941 609.648865
0 1524829294 1485.877686 524.031311
0 1478176143 459.832520 647.136169
0 1524860336 1337.607544 547.031006
0 1478222193 369.845032 643.491638
0 1438997636 986.361328 559.340942
0 1478194158 505.980255 626.849915
0 1478201168 331.214874 620.107971
0 1478187150 432.962433 568.175964
0 1478205172 355.258911 610.580261
0 1524838306 1472.465088 562.607178
0 1568514660 834.651855 560.420471
0 1524865342 1294.708740 534.713440
0 2085418945 871.302612 622.901550
0 1524808268 1358.821899 531.130981
0 1478200167 414.469543 599.263855
0 1478194159 343.806610 627.729980
0 1568501643 868.909729 573.550781
0 1478239216 542.987549 624.700134
0 1524820283 1347.825806 517.671570
0 1438989625 852.338989 598.388000
0 1568505649 901.607666 556.679138
0 1478255237 474.921082 551.816101
0 1524804262 1315.941406 540.809998
0 1568506650 834.598389 591.254883
0 1478217187 514.378296 570.919434
0 1568505648 870.467407 605.677063
0 1568497640 867.485962 544.188416
0 1578511665 851.260254 552.209900
0 1478258241 423.923462 583.371155
0 1524796253 1458.392822 547.761353
0 1478206173 319.034027 637.709473
0 1524826291 1415.596436 557.953125
0 1578529688 890.292664 630.728149
0 1478233207 398.804596 570.061646
0 1708834178 903.084045 571.617126
0 1478189153 407.763062 641.273865
0 1568499641 1012.862061 597.405457
0 1478245224 420.458008 561.751892
0 1524852325 1438.958618 564.540466
0 1478219190 400.201111 688.642578
0 1578525682 925.137146 611.013367
0 1478232206 397.089508 659.983337
0 1524818280 1400.598755 521.700989
0 1524850322 1487.188232 578.139709
0 1438996635 851.603882 566.917847
0 1524832299 1422.543701 527.570312
0 1478242220 388.983521 585.323486
0 1524789245 1580.159424 518.763062
0 1438999639 1053.105347 555.588257
0 1478196161 458.751862 581.424988
0 1478252234 528.076172 577.551270
0 1524803261 1428.900879 499.767853
0 1478211179 332.418304 673.225220
0 1578523680 964.200073 626.344238
0 1578530689 1019.785889 557.461609
0 1568508653 997.723022 536.998779
0 1524826290 1512.088501 585.160767
0 1524847319 1491.076538 545.900085
0 1524810270 1326.995361 512.002747
0 1524835302 1412.831543 535.362244
0 1524821284 1533.970337 507.395599
0 1524799257 1444.929199 533.557556
0 1478233208 454.803253 621.325562
0 1608354172 834.569763 607.762329
0 1524835303 1326.814453 532.919495
0 1478251232 487.808929 558.055786
0 1524812273 1370.300537 545.181152
0 1706512175 1077.714355 577.319946
0 1438986622 967.395996 644.649902
0 1478211180 391.501617 608.516357
0 1524823286 1503.176880 509.095520
0 1478223195 507.113586 586.287170
0 1478244223 427.624420 606.459351
0 1438987623 888.996399 613.127197
0 1478193157 417.929626 623.453186
0 1478198164 411.234497 576.647766
0 1524862339 1441.314453 512.510620
0 1478236212 520.732300 634.666443
0 1478240217 528.177979 617.091919
0 1478214183 342.834717 603.317078
0 1578521678 983.105835 544.887512
0 1524844314 1462.817261 571.267822
0 1524848320 1367.911621 503.095398
0 1524806265 1435.380737 541.498779
0 1524787243 1514.867188 552.263062
0 1478241219 445.549866 639.063782
0 1524799256 1402.891479 543.337097
0 1478190154 474.444824 655.394897
0 1478226198 431.585693 631.171448
0 1478208176 331.795105 645.717102
0 1478214184 556.342346 591.236389
0 2084722944 906.244934 603.598816
0 1578522679 989.764038 574.447815
0 1524825289 1572.336304 526.393982
0 1774531078 1001.259827 551.110779
0 1525674169 1008.817993 581.268982
0 1478197162 269.178345 632.035950
0 1524815276 1392.715332 551.501404
0 1768901071 984.399963 634.271973
0 1578526684 958.252441 592.276855
0 1478182144 366.190247 594.210693
0 1524853326 1477.499023 587.197998
0 1478218189 564.680298 614.985718
0 1578513667 921.086243 578.358704
0 1438983618 886.580627 580.323669
0 1478224196 491.552521 619.205139
0 1478247227 306.840668 605.353760
0 1524792248 1376.258545 477.350250
0 1524795252 1548.827637 520.513855
0 1524808267 1410.244629 514.225769
0 1478191155 435.835754 657.684998
0 1524856330 1547.747437 550.378479
0 1478236211 500.958588 564.422302
0 1478258242 257.363739 624.340942
0 1478212181 483.206055 636.861328
0 1478185147 499.512970 602.365540
0 1568502645 932.803528 540.582581
0 1568508652 904.628235 587.240906
0 1438984619 817.233154 584.272705
0 1659977623 938.297302 577.378601
0 1478209177 376.635345 578.569275
0 1438982617 955.480530 576.400085
0 1524805264 1377.626221 496.045502
0 1771287074 930.767517 526.945557
0 2087111947 944.450806 618.593262
0 1524817279 1428.883545 573.239075
0 1524795251 1481.882202 554.153687
0 1478230204 441.065857 613.811523
0 1478230203 294.351440 622.220886
0 1524847318 1450.387817 505.231171
0 1578516671 883.342163 536.349670
0 1568513659 974.201294 583.253113
0 1578529687 947.870117 532.808472
0 1524819282 1448.791992 556.050354
0 1478253235 468.846527 629.006958
0 1524836304 1454.258911 525.798157
0 1478243221 318.895813 612.650940
0 1568501644 800.231506 577.436707
0 1438998637 979.988159 531.045898
0 1524816278 1337.282593 504.766479
0 1705773174 1048.164795 595.354736
0 1524845316 1564.330933 534.202576
0 1524842312 1556.136841 542.195190
0 1568507651 1072.329468 562.040955
0 1438999638 927.310425 628.532410
0 1478252233 542.061157 584.322144
0 1438993630 1000.962158 624.163574
0 1478237214 371.875336 670.867859
0 1524857332 1425.957642 480.812958
0 1478248228 463.628021 604.409058
0 1478225197 425.625763 677.256897
0 1524859335 1500.056274 537.839355
0 1524832298 1467.768799 539.666199
0 1478200166 374.061676 700.348267
0 1478250231 480.105469 572.822815
0 1478245225 358.205322 662.289795
0 1438995633 1063.122070 586.226013
0 1524804263 1419.676270 506.916595
0 1524839308 1476.927856 531.758362
0 1524849321 1337.439819 525.208679
0 1568512658 1043.322144 579.291260
0 1568514661 968.145996 552.961121
0 1478231205 454.185516 559.901062
0 1773608077 977.441711 599.463013
0 1438977615 884.374695 550.370728
0 1524834301 1407.819214 494.407623
0 1607644171 834.625671 575.490662
0 1524800258 1532.243530 536.018127
0 1568504647 947.124207 636.499084
0 1568500642 937.149292 569.689697
0 1478256239 450.111511 597.247192
0 1524815277 1347.345581 497.688110
0 1568503646 898.841187 528.687439
0 1478220191 344.848755 653.908447
0 1478207174 401.592163 592.220154
0 1524841311 1446.755249 485.931396
0 1478213182 383.311371 651.643066
0 1524813274 1388.874146 508.606964
0 1568516663 907.939392 620.743713
0 1578517672 929.592102 646.925171
0 1578527685 817.647034 568.827087
0 1478240218 472.053253 588.258484
0 1478215185 411.190491 668.518921
0 1524838307 1357.191284 490.762482
0 1478197163 436.879608 590.236145
0 1478221192 493.469238 579.485046
0 1524819281 1523.657837 544.044739
0 2086284946 971.105896 567.768311
0 1524824288 1359.720581 553.380310
0 1524802260 1385.493286 470.854431
0 1478226199 404.571442 615.903320
0 1578518673 852.732910 615.248169
0 1438981616 1032.828979 604.714600
0 1478238215 450.364563 666.178467
0 1609135173 965.312805 538.787964
0 1524837305 1396.434082 482.396606
0 1524793249 1379.081909 515.946106
0 1568515662 962.598389 525.208923
0 1568516664 1034.270630 549.266235
0 1438991628 1015.813660 543.070984
0 1478249230 497.892548 644.894531
0 1438996634 993.324158 590.253296
0 1578519675 816.799927 600.438599
0 1524829295 1481.008789 503.550751
0 1524864341 1398.450806 501.429199
0 1478255238 345.969147 682.051147
0 1438993631 945.543945 519.484497
0 1524788244 1357.980591 510.302307
0 1772785076 909.717407 638.734009
0 1524828293 1425.605835 549.628418
0 1478203171 319.182373 664.604492
0 1524798255 1505.863892 560.680115
0 1478199165 394.197144 633.343262
0 1578528686 952.831421 561.226257
0 1478192156 356.680115 635.522583
0 1478228201 445.724396 574.732239
0 1772037075 1038.695557 563.943970
0 1578515670 917.386841 548.537354
0 1524851323 1432.035522 519.955078
0 1478218188 293.612518 647.950378
0 1478202169 485.637238 595.237061
0 1478254236 281.258240 639.903809
0 1478246226 359.846313 691.089600
0 1524809269 1472.291748 510.800537
0 1524822285 1496.640381 569.303101
0 1524841310 1305.716553 526.970520
0 1478235210 282.411682 614.728577
0 1578515669 782.390198 586.256836
0 1524854328 1463.377441 518.214417
0 0 1502.354736 527.639160
0 3 659.947449 1029.735474
0 4 1409.971313 794.138916
0 6 1213.534424 823.296326
0 7 939.022949 749.264160
0 8 471.714203 345.693451
0 9 1528.310669 593.761902
0 10 1187.829346 872.260437
0 11 1367.457520 402.182068
0 12 339.688416 336.193054
0 13 1293.914185 793.618347
0 14 203.625702 357.858978
0 16 973.468994 339.775726
0 17 405.674500 341.205872
0 19 1483.437500 495.737457
0 20 938.025146 1065.935059
0 21 864.833313 335.082367
0 23 1102.921143 570.185913
0 24 149.063126 535.650757
0 25 1146.772461 548.740723
0 26 890.587769 414.069122
0 27 677.254578 495.813599
0 28 1104.842041 606.390320
0 29 676.124329 603.757690
0 30 249.986771 641.954590
0 31 893.295654 662.209717
0 33 590.135132 609.362549
0 35 237.090652 607.892883
0 37 118.447372 573.179993
0 40 216.571106 559.331238
0 43 34.286263 472.794952
0 59 583.393921 337.288483
0 131 377.970886 473.888397
0 170 1617.722534 350.583008
0 182 1334.975220 588.993713
0 185 1474.207642 356.331879
0 187 998.717529 286.321075
0 192 831.724854 330.155762
0 201 1851.050293 374.766479
0 206 1855.689453 404.890167
0 210 455.360046 1057.785156
0 212 1518.876343 816.344299
0 227 228.071014 1008.404358
0 230 1734.365234 502.732819
0 231 479.396637 384.272003
0 233 786.738098 311.386292
0 237 766.211792 324.469452
