0 1578512666 950.430542 535.705872
0 1524823287 336.184784 949.734375
0 1478234209 1485.777588 449.631195
0 1707269176 1152.926758 549.533875
0 1438989626 895.215149 602.391846
0 1524801259 520.070129 764.162720
0 1438992629 966.641113 577.662842
0 1478227200 1439.477661 404.410339
0 1524854327 630.731995 774.560669
0 1478249229 1405.865967 379.995941
0 1524807266 346.717499 703.017456
0 1524863340 236.435944 904.190247
0 1524831297 305.827972 744.032410
0 1478229202 1415.682007 403.142883
0 1568509654 996.914856 579.848083
0 1524790246 262.991180 875.020935
0 1578523681 1182.217163 608.262024
0 1478207175 1455.326782 389.889221
0 1524861337 467.467651 964.770813
0 1478210178 1516.449951 416.578186
0 1524862338 414.094971 709.042053
0 1478186149 1467.585449 413.939728
0 1524797254 260.749603 789.249146
0 1578518674 1123.520752 547.525879
0 1438985621 1150.942627 590.966125
0 1524857331 403.158081 922.702942
0 1478203170 1511.489990 408.246094
0 1438994632 982.670532 525.286377
0 1578520676 931.539917 589.815491
0 1478237213 1334.688843 450.237701
0 1568511657 1010.767822 527.171326
0 1775370079 922.127869 533.773193
0 1478195160 1543.703247 462.360443
0 1568510655 954.722778 523.411499
0 1478257240 1357.598389 442.305939
0 1578521677 1069.559082 518.855469
0 1524794250 508.663452 901.493774
0 1524812272 540.565186 790.828308
0 1769859072 1036.266357 541.567444
0 1578525683 941.349487 561.717285
0 1770636073 1097.599731 520.704163
0 1524846317 223.210861 870.734314
0 1524833300 503.072021 787.213257
0 1568511656 1182.140259 623.925659
0 1438985620 1088.793457 586.480042
0 1478185148 1537.898804 452.609863
0 1707993177 1155.246460 501.094940
0 1478189152 1332.319946 440.861298
0 1524791247 303.097534 879.342590
0 1524830296 288.101288 847.438843
0 2088218948 1090.692505 572.295593
0 1524827292 360.945831 918.015686
0 1606348170 1151.630005 576.612000
0 1524855329 516.903748 718.234802
0 1478183145 1309.115845 448.754425
0 1438990627 1039.015869 529.066406
0 1524840309 445.732452 927.430298
0 1478222194 1376.885132 425.701904
0 1709860179 940.317322 487.396027
0 1478188151 1344.910645 399.373230
0 1438988624 1092.518677 558.655518
0 1478243222 1317.637573 382.747894
0 1524843313 166.415405 930.289917
0 1524844315 283.851624 766.076233
0 1524858333 250.562958 939.927734
0 1524811271 482.398621 715.149536
0 1524859334 293.187134 944.809692
0 1478216186 1382.994873 443.757324
0 1524851324 550.813049 906.035645
0 1524814275 572.025635 745.510864
0 1578514668 1125.789429 522.562683
0 1478184146 1354.901367 433.179932
0 1524829294 327.212219 851.532593
0 1478176143 1323.553223 406.162567
0 1524860336 586.632996 724.469727
0 1478222193 1388.974976 393.974487
0 1438997636 1027.363647 582.045959
0 1478194158 1327.801270 422.976593
0 1478201168 1459.292725 397.670044
0 1478187150 1506.586792 441.723450
0 1478205172 1463.377075 405.683350
0 1524838306 376.219177 750.646423
0 1568514660 1182.558960 538.696167
0 1524865342 657.337524 730.791809
0 2085418945 1046.689453 494.175842
0 1524808268 556.688416 767.603394
0 1478200167 1447.270264 421.100647
0 1478194159 1435.752930 396.432892
0 1568501643 1124.676025 534.813049
0 1478239216 1305.262573 430.384094
0 1524820283 578.339722 794.470459
0 1438989625 1099.172729 508.955261
0 1568505649 1122.320923 560.727783
0 1478255237 1517.137451 460.819641
0 1524804262 621.862122 727.619751
0 1568506650 1126.862915 510.749969
0 1478217187 1438.199707 456.241272
0 1568505648 1071.626221 507.169891
0 1568497640 1182.430176 564.907532
0 1578511665 1182.495850 551.553162
0 1478258241 1476.396973 431.227234
0 1524796253 392.250336 776.527893
0 1478206173 1432.136230 388.686401
0 1524826291 465.431549 735.743713
0 1578529688 1019.894165 492.467987
0 1478233207 1526.837402 434.027924
0 1708834178 1094.276123 545.528809
0 1478189153 1368.399170 400.624329
0 1568499641 945.975952 548.465576
0 1478245224 1532.279907 443.170593
0 1524852325 430.398682 732.533630
0 1478219190 1295.024536 381.575012
0 1578525682 1013.919434 515.187195
0 1478232206 1342.594727 391.536926
0 1524818280 485.183319 811.471436
0 1524850322 361.064941 726.180603
0 1438996635 1153.539062 536.749329
0 1524832299 447.065399 807.697205
0 1478242220 1496.687500 423.806183
0 1524789245 124.882690 925.533020
0 1438999639 957.639221 607.076782
0 1478196161 1455.557129 438.849274
0 1478252234 1412.137451 454.729675
0 1524803261 425.413544 892.523071
0 1478211179 1360.635132 377.680359
0 1578523680 958.861267 511.557251
0 1578530689 993.102173 594.345703
0 1568508653 1052.690552 614.210449
0 1524826290 326.759003 723.037231
0 1524847319 334.434052 796.544983
0 1524810270 616.398926 798.140137
0 1524835302 465.857239 783.625000
0 1524821284 208.307281 935.088013
0 1524799257 409.236755 803.951599
0 1478233208 1373.970093 417.087585
0 1608354172 1100.690674 497.617706
0 1524835303 608.064453 748.813049
0 1478251232 1490.698853 459.286224
0 1524812273 536.242432 742.232056
0 1706512175 901.028320 587.570312
0 1438986622 936.009277 498.380096
0 1478211180 1443.315063 412.629211
0 1524823286 277.589203 908.759949
0 1478223195 1408.510254 445.215485
0 1478244223 1422.727661 419.756958
0 1438987623 1044.222168 505.393738
0 1478193157 1395.094360 410.025513
0 1478198164 1501.559448 432.624390
0 1524862339 406.377014 859.818726
0 1478236212 1303.424805 421.623108
0 1478240217 1330.025269 431.778809
0 1478214183 1487.380981 406.961914
0 1578521678 1055.393677 598.929504
0 1524844314 395.610596 729.346008
0 1524848320 545.390930 845.080078
0 1524806265 428.917664 780.063354
0 1524787243 297.453613 792.883423
0 1478241219 1347.296021 407.444580
0 1524799256 483.716858 760.747009
0 1478190154 1299.914185 404.886169
0 1478226198 1371.142700 408.732208
0 1478208176 1409.043335 387.488678
0 1478214184 1360.382935 451.727936
0 2084722944 1041.666016 517.016479
0 1578522679 1000.579590 565.912720
0 1524825289 155.157532 895.165222
0 1774531078 1024.156006 596.630859
0 1525674169 970.880920 563.809082
0 1478197162 1474.421387 383.505615
0 1524815276 500.711914 738.976440
0 1768901071 931.547424 509.756470
0 1578526684 1007.498596 539.602966
0 1478182144 1491.963501 415.256042
0 1524853326 380.291656 706.019470
0 1478218189 1307.158569 439.423370
0 1578513667 1065.191772 543.542725
0 1438983618 1095.968628 532.887146
0 1478224196 1352.287842 424.336182
0 1478247227 1506.676758 400.160309
0 1524792248 531.986206 937.007751
0 1524795252 195.626831 899.658875
0 1524808267 466.332092 837.034912
0 1478191155 1321.523193 398.127502
0 1524856330 236.433121 813.640259
0 1478236211 1464.386597 457.760132
0 1478258242 1497.464844 384.685333
0 1478212181 1325.645020 414.441833
0 1478185147 1379.891968 434.587524
0 1568502645 1119.777344 588.716553
0 1568508652 1067.415649 530.971680
0 1438984619 1154.697754 512.554016
0 1659977623 1049.430298 548.999634
0 1478209177 1521.563354 425.168091
0 1438982617 1033.411987 554.545471
0 1524805264 527.539062 872.500732
0 1771287074 1150.227173 605.908020
0 2087111947 986.318237 513.367493
0 1524817279 448.129822 712.085266
0 1524795251 355.852142 773.018494
0 1478230204 1398.294556 418.419281
0 1478230203 1478.615723 391.097076
0 1524847318 384.304626 888.093262
0 1578516671 1182.362061 578.788879
0 1568513659 1004.104858 552.507568
0 1578529687 1118.427612 603.567993
0 1524819282 411.794220 753.989075
0 1478253235 1349.753906 415.761749
0 1524836304 388.505035 829.115173
0 1478243221 1482.933594 398.912506
0 1568501644 1182.678467 514.367554
0 1438998637 1084.758545 616.617126
0 1524816278 601.306091 822.969360
0 1705773174 911.983826 559.637268
0 1524845316 183.752625 866.482422
0 1524842312 210.803894 839.348083
0 1568507651 926.333923 604.727295
0 1438999638 989.837280 501.868866
0 1478252233 1386.198853 453.225250
0 1438993630 926.923279 521.546509
0 1478237214 1340.345459 383.925629
0 1524857332 423.319946 959.714355
0 1478248228 1401.593994 427.073853
0 1478225197 1296.607178 389.120056
0 1524859335 311.881317 821.317871
0 1524832298 371.694000 800.234314
0 1478200166 1293.486450 374.242676
0 1478250231 1459.900757 448.152374
0 1478245225 1363.148560 385.108307
0 1438995633 906.613464 573.329895
0 1524804263 446.438446 864.011963
0 1524839308 350.044495 825.201416
0 1524849321 593.574768 771.069336
0 1568512658 936.541138 575.490173
0 1568514661 1057.989502 584.256531
0 1478231205 1511.776611 451.117035
0 1773608077 978.886963 537.649109
0 1438977615 1152.291016 562.811829
0 1524834301 466.865051 896.989685
0 1607644171 1154.129028 524.431091
0 1524800258 249.299789 843.377502
0 1568504647 962.854248 500.120026
0 1568500642 1062.882812 556.594727
0 1478256239 1426.414917 428.452026
0 1524815277 585.391479 849.150574
0 1568503646 1182.291016 593.228882
0 1478220191 1386.047729 386.295990
0 1478207174 1471.923462 422.450378
0 1524841311 379.560669 954.702515
0 1478213182 1365.735474 392.753113
0 1524813274 505.705719 841.041626
0 1568516663 1016.959656 503.626770
0 1578517672 966.709106 489.078156
0 1578527685 1182.619873 526.309448
0 1478240218 1430.218994 437.422119
0 1478215185 1319.552246 390.325958
0 1524838307 568.586121 876.797119
0 1478197163 1451.349121 429.836487
0 1478221192 1434.145264 446.680511
0 1524819281 274.011993 817.464233
0 2086284946 1030.446777 568.028259
0 1524824288 551.647766 721.341492
0 1524802260 512.009033 969.872375
0 1478226199 1419.151611 411.324493
0 1578518673 1073.621338 495.892395
0 1438981616 917.151550 546.461243
0 1478238215 1298.236328 396.887115
0 1609135173 1086.817017 601.241821
0 1524837305 488.673523 932.198425
0 1524793249 523.593811 815.274658
0 1568515662 1117.021606 619.038513
0 1568516664 989.132568 609.440369
0 1438991628 1020.815735 611.818176
0 1478249230 1301.642822 413.127747
0 1438996634 974.959961 550.480957
0 1578519675 1127.898804 499.351898
0 1524829295 319.091034 913.368164
0 1524864341 486.824524 868.239197
0 1478255238 1338.159668 376.529724
0 1438993631 1149.481689 621.474670
0 1524788244 562.300232 819.107178
0 1772785076 993.234436 490.768768
0 1524828293 447.625824 757.355896
0 1478203171 1383.203491 378.835724
0 1524798255 319.720215 769.534607
0 1478199165 1391.989258 401.880859
0 1578528686 1060.483887 570.155884
0 1478192156 1412.313965 395.201050
0 1478228201 1481.012817 440.283020
0 1772037075 962.230713 592.073975
0 1578515670 1121.074097 574.447693
0 1524851323 427.266357 833.059570
0 1478218188 1428.622559 381.160980
0 1478202169 1404.997559 436.001556
0 1478254236 1451.474243 382.330841
0 1478246226 1315.777100 375.383850
0 1524809269 343.533997 883.699951
0 1524822285 340.898010 747.327637
0 1524841310 644.361389 752.138977
0 1478235210 1502.003662 392.310120
0 1578515669 1182.735107 502.846954
0 1524854328 366.636200 855.659058
0 0 385.988831 613.766235
0 1 610.127747 332.519501
0 2 913.886169 268.356079
0 3 723.362244 311.866913
0 4 543.549133 366.579376
0 6 619.557983 372.915588
0 7 678.961121 362.848602
0 10 740.932800 381.814972
0 11 396.958679 542.646790
0 13 670.841492 383.615753
0 20 1129.958374 222.016251
0 22 1570.244507 268.442902
0 23 869.551880 600.120667
0 24 1558.008545 328.659180
0 25 1083.396484 639.993103
0 26 1508.733276 652.665588
0 27 943.762451 384.558380
0 28 1338.783691 391.234863
0 29 940.172852 403.556305
0 30 1772.090576 365.150024
0 31 826.542725 483.038788
0 33 1549.632935 615.366272
0 35 1725.337524 346.294556
0 36 398.902191 741.731506
0 37 1586.149780 343.521484
0 38 1506.759888 330.895264
0 39 1261.790039 243.263779
0 40 1783.053101 342.225098
0 41 640.651672 453.748047
0 43 1084.124390 231.179184
0 44 1101.929688 300.412048
0 46 1277.283447 234.467178
0 52 506.117249 546.622620
0 53 624.426758 349.523193
0 55 1760.186401 282.485718
0 59 370.208130 910.735229
0 61 247.004700 725.279175
0 73 1419.657227 281.865204
0 77 1648.014404 295.759705
0 81 1893.851685 389.281708
