0 1578512666 974.175476 526.675537
0 1478234209 1441.678101 369.516266
0 1707269176 1175.027100 518.263550
0 1438989626 949.259277 610.214966
0 1524801259 644.833984 849.031982
0 1438992629 1008.375671 572.850403
0 1478227200 1382.537231 323.224121
0 1524854327 763.145386 843.728882
0 1478249229 1342.274048 298.724792
0 1524807266 430.642670 804.979492
0 1524863340 414.678711 1056.998657
0 1524831297 407.407806 859.674255
0 1478229202 1360.336060 324.114197
0 1568509654 1038.718750 571.565674
0 1524790246 428.345367 1018.864136
0 1578523681 1226.418579 580.670227
0 1478207175 1391.338745 305.235626
0 1478210178 1456.677612 329.435638
0 1524862338 506.197418 801.631470
0 1478186149 1411.705200 331.242645
0 1524797254 381.785553 919.988953
0 1578518674 1146.381348 519.463318
0 1438985621 1190.170166 565.153687
0 1524857331 600.067200 1048.340332
0 1478203170 1449.084106 320.556122
0 1438994632 1001.223328 510.783844
0 1578520676 979.392822 591.168945
0 1478237213 1304.456787 385.711731
0 1568511657 1029.446167 509.605835
0 1775370079 945.419250 527.879883
0 1478195160 1498.070923 377.839020
0 1568510655 972.985291 511.962524
0 1478257240 1322.427856 374.353027
0 1578521677 1082.759644 493.140564
0 1524794250 698.441650 1006.345947
0 1524812272 678.760010 876.275696
0 1769859072 1060.349365 523.066467
0 1578525683 976.687866 557.731506
0 1770636073 1110.453735 491.988373
0 1524846317 383.193970 1020.956665
0 1524833300 638.304993 878.100098
0 1568511656 1232.663696 598.122009
0 1438985620 1129.642334 567.716248
0 1478185148 1489.301758 367.584656
0 1707993177 1157.181519 463.004791
0 1478189152 1298.544922 375.321716
0 1524791247 473.458008 1016.773254
0 1524830296 441.272552 982.793030
0 2088218948 1125.521606 551.453735
0 1524827292 553.781372 1050.502075
0 1606348170 1184.936523 548.947632
0 1524855329 619.326050 796.618347
0 1478183145 1280.204346 386.697845
0 1438990627 1057.653809 508.428436
0 1524840309 646.312195 1046.180420
0 1478222194 1333.616577 353.568054
0 1709860179 942.806946 471.868103
0 1478188151 1293.675781 326.786774
0 1438988624 1121.550049 535.780029
0 1478243222 1261.614014 310.414642
0 1524844315 394.917542 889.076355
0 1524811271 581.643616 798.288147
0 1478216186 1346.299683 373.384796
0 1524851324 743.322754 1004.265808
0 1524814275 689.577942 819.630615
0 1578514668 1138.133301 490.836823
0 1478184146 1316.341064 364.283417
0 1524829294 485.159729 980.773804
0 1478176143 1276.554565 336.673065
0 1524860336 694.609863 793.282349
0 1478222193 1332.242065 316.297119
0 1438997636 1069.044189 570.281860
0 1478194158 1287.232788 355.440338
0 1478201168 1397.942749 313.668671
0 1478187150 1457.327759 358.578979
0 1478205172 1404.729004 322.334412
0 1524838306 486.669220 856.121521
0 1568514660 1198.463623 502.550964
0 1524865342 769.785706 789.951050
0 2085418945 1050.104126 467.431915
0 1524808268 684.300781 847.262939
0 1478200167 1396.060913 341.322662
0 1478194159 1376.051636 314.544434
0 1568501643 1142.185303 504.900055
0 1478239216 1269.260620 366.188324
0 1524820283 719.183899 874.452637
0 1438989625 1107.004761 478.376831
0 1568505649 1150.729248 534.553650
0 1478255237 1473.908447 378.821503
0 1524804262 732.211243 791.616089
0 1568506650 1134.218018 477.248260
0 1478217187 1401.353760 381.771698
0 1568505648 1079.777344 479.506012
0 1568497640 1209.038818 532.103027
0 1578511665 1203.657349 517.064453
0 1478258241 1426.260132 349.828522
0 1524796253 516.752319 883.581848
0 1478206173 1369.740234 306.097900
0 1524826291 573.915955 824.784729
0 1578529688 1023.300476 468.540100
0 1478233207 1472.520264 347.961273
0 1708834178 1117.719727 520.663696
0 1478189153 1315.905396 325.895538
0 1568499641 975.408875 541.921997
0 1478245224 1480.788452 357.629730
0 1524852325 535.305176 826.505310
0 1478219190 1239.961670 311.279053
0 1578525682 1027.327148 495.446777
0 1478232206 1288.395508 318.051239
0 1524818280 631.441345 908.658020
0 1524850322 457.998413 829.950317
0 1438996635 1170.332031 503.725189
0 1524832299 589.914368 910.542786
0 1478242220 1441.687988 339.485168
0 1438999639 1012.371033 607.521973
0 1478196161 1410.374512 360.478729
0 1478252234 1377.146362 382.756042
0 1524803261 608.563965 1010.511536
0 1478211179 1299.603516 300.424835
0 1578523680 971.835938 497.755432
0 1578530689 1041.258911 588.539612
0 1568508653 1106.895996 603.488525
0 1524826290 419.302307 831.674683
0 1524847319 465.136108 916.205933
0 1524810270 759.576660 872.631042
0 1524835302 597.818726 879.925964
0 1524799257 548.354614 912.429016
0 1478233208 1327.545044 344.081848
0 1608354172 1103.670288 465.217224
0 1524835303 728.075317 817.915039
0 1478251232 1449.734863 379.804443
0 1524812273 651.052246 821.347412
0 1706512175 948.432373 592.484802
0 1438986622 943.426941 485.160797
0 1478211180 1389.204468 332.146729
0 1524823286 461.087189 1054.831177
0 1478223195 1370.160767 372.417023
0 1478244223 1373.232300 342.241974
0 1438987623 1052.535645 480.635773
0 1478193157 1344.173706 333.956116
0 1478198164 1449.395386 348.894653
0 1524862339 572.824280 976.740417
0 1478236212 1264.025513 356.377075
0 1478240217 1292.806152 365.235657
0 1478214183 1426.911255 321.445038
0 1578521678 1103.051880 585.913391
0 1524844314 496.666016 828.227173
0 1524848320 709.357849 936.933228
0 1524806265 557.301147 881.753235
0 1524787243 423.477356 918.096741
0 1478241219 1299.104004 335.767029
0 1524799256 605.337463 850.802368
0 1478190154 1253.995239 337.579529
0 1478226198 1321.643677 334.861389
0 1478208176 1348.133057 306.960541
0 1478214184 1328.697876 384.726044
0 2084722944 1055.050781 494.293396
0 1578522679 1036.272217 555.218262
0 1524825289 321.738556 1061.339233
0 1774531078 1072.164429 587.226074
0 1525674169 1006.488525 556.474548
0 1478197162 1406.214355 296.177277
0 1524815276 612.498291 823.065430
0 1768901071 944.068237 498.910706
0 1578526684 1031.640625 524.268799
0 1478182144 1434.196411 330.338959
0 1524853326 468.433624 803.304810
0 1478218189 1274.651123 376.290863
0 1578513667 1089.042480 521.864746
0 1438983618 1114.023315 506.075562
0 1478224196 1310.429810 354.503998
0 1478247227 1441.697144 311.918182
0 1524792248 738.679932 1041.866577
0 1524795252 368.229187 1059.167969
0 1524808267 624.216675 940.823303
0 1478191155 1271.436768 327.678375
0 1524856330 367.961151 952.531555
0 1478236211 1425.549927 380.787842
0 1478258242 1427.510376 295.328827
0 1478212181 1281.817871 345.923370
0 1478185147 1339.865356 363.331604
0 1568502645 1159.915161 566.434631
0 1568508652 1085.846069 507.251678
0 1438984619 1161.416992 476.120239
0 1659977623 1076.210571 529.975159
0 1478209177 1464.486572 338.567047
0 1438982617 1063.142578 538.234741
0 1524805264 704.047058 970.702942
0 1771287074 1195.604248 581.979919
0 2087111947 999.588867 496.600800
0 1524817279 543.934021 799.959229
0 1524795251 476.172058 885.411987
0 1478230204 1350.393677 343.161743
0 1478230203 1412.928101 304.373718
0 1524847318 563.567261 1012.596924
0 1578516671 1214.618652 547.695679
0 1568513659 1033.914429 539.463135
0 1578529687 1164.771606 583.290283
0 1524819282 526.255127 854.347168
0 1478253235 1304.686401 345.002411
0 1524836304 538.937012 944.719727
0 1478243221 1419.824463 312.793243
0 1568501644 1188.601929 474.992798
0 1438998637 1138.366333 602.145691
0 1524816278 755.825195 903.012756
0 1705773174 946.870178 558.989197
0 1524845316 338.003754 1023.051147
0 1524842312 353.388062 986.836548
0 1568507651 980.824707 608.868042
0 1438999638 998.009827 482.897125
0 1478252233 1352.927734 383.740784
0 1438993630 944.731934 513.141846
0 1478237214 1283.257080 309.550568
0 1478248228 1356.792847 352.632538
0 1478225197 1244.511963 319.806885
0 1524859335 453.518646 948.622437
0 1524832298 506.761841 914.316711
0 1478200166 1235.532104 302.977570
0 1478250231 1417.849731 370.482727
0 1478245225 1304.891357 308.686859
0 1438995633 947.636536 575.421875
0 1524804263 616.601685 974.726257
0 1524839308 496.245239 946.670288
0 1524849321 723.737915 845.495300
0 1568512658 978.014954 574.135742
0 1568514661 1099.352051 568.998718
0 1478231205 1465.495239 368.550262
0 1773608077 1002.915894 525.471863
0 1438977615 1179.892212 533.328003
0 1524834301 653.522095 1008.427856
0 1607644171 1165.798096 489.685852
0 1524800258 397.348663 984.813965
0 1568504647 970.725525 484.028656
0 1568500642 1092.354492 537.007019
0 1478256239 1379.958862 351.697479
0 1524815277 751.876648 934.990601
0 1568503646 1220.407959 563.873596
0 1478220191 1326.516724 307.823517
0 1478207174 1418.879517 340.403717
0 1478213182 1310.323364 317.173981
0 1524813274 666.804565 938.877563
0 1568516663 1025.279785 481.766174
0 1578517672 969.651978 470.758209
0 1578527685 1193.448120 488.535492
0 1478240218 1386.882080 361.429260
0 1478215185 1266.458374 318.928864
0 1524838307 747.715149 968.693787
0 1478197163 1403.114624 350.762787
0 1478221192 1394.010620 371.449646
0 1524819281 410.757294 950.576172
0 2086284946 1066.039062 553.962708
0 1524824288 656.981445 794.949707
0 1478226199 1366.693970 333.051208
0 1578518673 1076.894043 466.324280
0 1438981616 946.131592 543.152466
0 1478238215 1249.188110 328.570404
0 1609135173 1133.920898 584.601440
0 1524837305 692.516418 1044.022583
0 1524793249 672.935425 906.774780
0 1568515662 1169.817871 600.803650
0 1568516664 1043.898315 606.176697
0 1438991628 1075.406738 604.832275
0 1478249230 1258.939087 346.844727
0 1438996634 1004.669861 540.692261
0 1578519675 1130.432739 464.110718
0 1524829295 507.454712 1052.665649
0 1524864341 660.342651 972.713745
0 1478255238 1278.255127 301.275391
0 1438993631 1201.250244 599.462463
0 1524788244 714.396667 904.892944
0 1772785076 996.483093 469.648865
0 1524828293 565.811157 852.574036
0 1478203171 1320.943115 299.574646
0 1524798255 435.560547 887.243408
0 1478199165 1338.125488 325.004669
0 1578528686 1095.788696 552.707886
0 1478192156 1354.151489 315.420563
0 1478228201 1433.856445 359.528625
0 1772037075 1010.335022 589.853943
0 1578515670 1155.237427 550.200378
0 1524851323 581.594177 942.770752
0 1478218188 1363.596313 297.875244
0 1478202169 1363.379028 362.380188
0 1478254236 1384.909668 297.026123
0 1478246226 1256.897949 302.126312
0 1524809269 518.531982 1014.684204
0 1524822285 447.053436 857.897278
0 1524841310 766.544434 816.200806
0 1478235210 1434.508545 303.512177
0 1578515669 1183.916504 461.899445
0 1524854328 529.010315 978.756226
0 0 1086.303589 257.326935
0 1 708.442627 671.122070
0 2 812.491455 772.719788
0 3 1146.653320 263.772919
0 4 1335.521362 764.910522
0 5 704.033691 274.718994
0 6 1454.807129 402.846893
0 7 1729.620361 737.214600
0 8 1619.201172 495.477692
0 9 1502.992798 902.190674
0 10 1623.547852 744.009094
0 11 565.125183 452.268433
0 12 1569.196411 573.247681
0 13 537.926270 409.967743
0 14 1647.524414 633.266663
0 15 1552.697266 345.793091
0 16 1026.987793 259.330597
0 17 1697.835205 882.916016
0 18 512.864563 572.875671
0 19 858.025024 381.752899
0 20 1344.863281 873.534424
0 21 1482.306519 814.070801
0 22 1052.163940 894.540894
0 23 1480.080933 452.181702
0 24 595.180176 417.900574
0 25 1034.065308 374.680908
0 26 930.123291 370.999725
0 27 593.260437 387.362579
0 28 875.468933 905.554138
0 29 962.676758 839.386597
0 30 1079.124023 747.739746
0 31 813.413879 254.144440
0 32 1790.047974 566.895813
0 33 1256.038574 357.938507
0 34 1593.614624 384.760590
0 35 757.545105 278.079163
0 36 702.894165 765.729065
0 37 1819.745117 618.559692
0 38 1182.436646 896.990662
0 39 1632.844727 444.234924
