0 1578512666 978.100464 574.529785
0 1524823287 443.118469 669.357910
0 1478234209 1489.053467 606.935547
0 1707269176 1091.153076 610.333618
0 1438989626 886.055176 600.648987
0 1524801259 601.757507 624.130066
0 1438992629 947.800232 598.122131
0 1478227200 1517.710449 568.994446
0 1524854327 638.157104 641.421021
0 1478249229 1524.971069 546.648315
0 1524807266 572.981018 580.774109
0 1524863340 434.220306 643.305969
0 1524831297 535.722595 592.761292
0 1478229202 1496.562500 564.179382
0 1568509654 963.246338 603.376953
0 1524790246 455.744049 636.189758
0 1578523681 1047.746826 645.010376
0 1478207175 1557.978027 561.656921
0 1524861337 476.267975 689.510315
0 1478210178 1574.623779 590.660217
0 1524862338 594.414795 590.342407
0 1478186149 1529.692993 580.238281
0 1524797254 496.952026 605.234924
0 1578518674 1073.929565 604.878967
0 1438985621 1045.838867 631.475281
0 1524857331 476.462006 668.015198
0 1478203170 1583.982422 584.083496
0 1438994632 1007.772583 573.306946
0 1578520676 916.915405 599.386047
0 1478237213 1351.552124 581.598755
0 1568511657 1023.223572 578.088806
0 1775370079 963.277710 569.835449
0 1478195160 1524.609009 625.807800
0 1568510655 992.639221 568.623413
0 1478257240 1382.784058 580.320618
0 1578521677 1069.339600 581.726074
0 1524794250 521.424744 673.202881
0 1524812272 593.763000 636.826721
0 1769859072 1024.474487 589.216492
0 1578525683 948.132324 586.704224
0 1770636073 1085.788452 586.702698
0 1524846317 445.638916 630.495178
0 1524833300 581.993713 631.052429
0 1568511656 1031.611816 652.704590
0 1438985620 1011.680969 619.854614
0 1478185148 1535.065796 618.459290
0 1707993177 1147.199097 584.184937
0 1478189152 1362.902710 575.341370
0 1524791247 466.076141 642.012268
0 1524830296 476.812103 629.224243
0 2088218948 1027.141357 612.938416
0 1524827292 465.533508 661.622559
0 1606348170 1061.276611 624.272705
0 1524855329 628.279419 605.460022
0 1478183145 1332.014771 576.607727
0 1438990627 1039.002197 582.972107
0 1524840309 487.650391 674.559875
0 1478222194 1424.752197 572.805603
0 1709860179 1019.761841 547.296997
0 1478188151 1435.742920 550.331726
0 1438988624 1042.271973 606.169739
0 1478243222 1436.212891 534.926819
0 1524843313 402.390839 644.598572
0 1524844315 516.531982 598.935425
0 1524858333 422.287140 656.694031
0 1524811271 616.753052 600.314514
0 1524859334 432.581848 662.952454
0 1478216186 1403.102783 585.409363
0 1524851324 533.294189 679.891724
0 1524814275 633.057190 622.853943
0 1578514668 1102.593872 591.787231
0 1478184146 1393.815186 574.073975
0 1524829294 487.267731 634.906982
0 1478176143 1406.045410 551.557678
0 1524860336 652.085693 616.087463
0 1478222193 1485.630859 553.613220
0 1438997636 979.034180 608.747986
0 1478194158 1384.912231 563.207947
0 1478201168 1548.745605 567.722046
0 1478187150 1522.154663 605.594055
0 1478205172 1539.319336 573.914490
0 1524838306 556.806030 602.776611
0 1568514660 1123.198486 609.029602
0 1524865342 676.952515 627.188354
0 2085418945 1080.857300 564.981689
0 1524808268 613.620728 629.765381
0 1478200167 1498.006836 581.532654
0 1478194159 1527.258301 562.918640
0 1568501643 1088.412964 598.264038
0 1478239216 1354.642944 564.453308
0 1524820283 605.800232 642.732422
0 1438989625 1099.700562 580.479126
0 1568505649 1059.134033 611.636536
0 1478255237 1501.194214 619.826294
0 1524804262 664.382202 621.576782
0 1568506650 1116.481567 585.444336
0 1478217187 1434.144897 602.697815
0 1568505648 1083.271973 575.618225
0 1568497640 1094.016235 622.945801
0 1578511665 1108.766479 615.911804
0 1478258241 1509.813843 593.297424
0 1524796253 548.205872 614.475342
0 1478206173 1536.611816 556.966614
0 1524826291 597.970215 606.702698
0 1578529688 1065.116577 560.425354
0 1478233207 1555.283691 604.251404
0 1708834178 1057.083496 599.543823
0 1478189153 1455.592529 554.851196
0 1568499641 963.267761 580.555542
0 1478245224 1545.288208 611.275696
0 1524852325 586.767944 601.546021
0 1478219190 1417.330322 530.781677
0 1578525682 1037.467407 572.083130
0 1478232206 1445.708008 544.688782
0 1524818280 561.801697 638.124695
0 1524850322 565.057495 591.552307
0 1438996635 1105.613037 603.587219
0 1524832299 550.392517 632.338318
0 1478242220 1542.205444 591.979431
0 1524789245 392.773834 638.752136
0 1438999639 915.899048 611.322083
0 1478196161 1477.449341 594.614441
0 1478252234 1412.800293 597.245178
0 1524803261 498.513397 660.291687
0 1478211179 1484.625488 537.948975
0 1578523680 1006.893066 562.832764
0 1578530689 947.453735 610.035583
0 1568508653 963.223145 628.246643
0 1524826290 554.535278 586.708679
0 1524847319 517.638184 615.726318
0 1524810270 618.114441 648.774048
0 1524835302 570.483215 625.405151
0 1524821284 412.226074 650.577637
0 1524799257 539.234253 626.679138
0 1478233208 1435.243408 566.697876
0 1608354172 1113.331055 574.381470
0 1524835303 645.273621 628.477417
0 1478251232 1478.324341 613.983887
0 1524812273 621.106812 617.352905
0 1706512175 902.136414 594.232178
0 1438986622 1006.048035 552.769165
0 1478211180 1507.962158 575.197754
0 1524823286 444.421051 649.272888
0 1478223195 1423.873413 590.611328
0 1478244223 1476.629883 576.479980
0 1438987623 1067.185059 570.858398
0 1478193157 1465.890991 565.439148
0 1478198164 1532.289917 598.712036
0 1524862339 508.891754 646.659973
0 1478236212 1365.615967 558.559326
0 1478240217 1374.020508 569.212402
0 1478214183 1561.404785 578.942932
0 1578521678 979.373047 621.166626
0 1524844314 575.799438 596.497070
0 1524848320 564.557739 657.626282
0 1524806265 559.223328 619.880798
0 1524787243 507.184998 610.424805
0 1478241219 1425.577271 556.088196
0 1524799256 590.152649 618.617371
0 1478190154 1386.913086 547.119873
0 1478226198 1445.521484 560.714355
0 1478208176 1515.692261 552.374268
0 1478214184 1371.519165 586.699524
0 2084722944 1053.236206 576.854004
0 1578522679 978.709595 596.857117
0 1524825289 414.490845 631.765137
0 1774531078 963.234985 615.538879
0 1525674169 963.257202 591.726379
0 1478197162 1588.722046 560.394287
0 1524815276 609.413940 611.970459
0 1768901071 992.068054 558.347473
0 1578526684 1008.688660 584.217102
0 1478182144 1551.908081 585.391235
0 1524853326 583.588379 585.509338
0 1478218189 1343.444946 570.468201
0 1578513667 1040.602295 594.324219
0 1438983618 1071.585693 593.056213
0 1478224196 1404.619873 567.955627
0 1478247227 1593.142212 577.646484
0 1524792248 510.845032 688.127563
0 1524795252 424.246094 637.471497
0 1524808267 541.167603 645.351868
0 1478191155 1416.299561 545.904724
0 1524856330 476.970612 611.663513
0 1478236211 1455.980469 608.275940
0 1478258242 1610.890137 565.174133
0 1478212181 1395.585083 557.324219
0 1478185147 1414.040894 579.041382
0 1568502645 1028.564697 625.598450
0 1568508652 1055.119385 587.960083
0 1438984619 1133.626831 590.517212
0 1659977623 1025.119995 594.957825
0 1478209177 1565.059814 597.381287
0 1438982617 1009.643677 595.591187
0 1524805264 543.235657 665.326355
0 1771287074 1030.053345 638.840210
0 2087111947 1022.023071 567.410400
0 1524817279 605.467285 595.276428
0 1524795251 537.423035 609.185059
0 1478230204 1455.713745 571.536194
0 1478230203 1579.805664 566.448608
0 1524847318 487.452515 654.058472
0 1578516671 1078.937012 630.136658
0 1568513659 993.853821 590.471924
0 1578529687 1012.769043 632.812744
0 1524819282 567.684753 607.944397
0 1478253235 1415.205078 561.961609
0 1524836304 518.817200 633.623169
0 1478243221 1570.701782 572.630127
0 1568501644 1151.147827 595.701416
0 1438998637 979.727295 634.149048
0 1524816278 597.622437 656.291870
0 1705773174 933.324524 581.787476
0 1524845316 435.753296 624.924377
0 1524842312 456.575409 618.225281
0 1568507651 900.814026 605.927246
0 1438999638 1035.993896 561.629517
0 1478252233 1391.930176 591.913696
0 1438993630 977.813965 564.035156
0 1478237214 1455.478516 539.156067
0 1524857332 464.952271 682.631226
0 1478248228 1445.322876 577.761230
0 1478225197 1407.387085 536.122437
0 1524859335 497.438965 622.404602
0 1524832298 528.318787 621.143127
0 1478200166 1427.084839 525.542114
0 1478250231 1466.832520 601.370422
0 1478245225 1475.138794 543.471924
0 1438995633 917.889526 587.946350
0 1524804263 520.076599 652.739014
0 1524839308 508.010620 627.952209
0 1524849321 625.750854 635.527649
0 1568512658 932.684814 592.979736
0 1568514661 995.175049 614.239197
0 1478231205 1511.791870 612.630371
0 1773608077 993.234131 579.322632
0 1438977615 1076.377686 617.227234
0 1524834301 509.834351 666.671326
0 1607644171 1119.767822 596.983276
0 1524800258 466.583771 623.664978
0 1568504647 1020.870117 557.154724
0 1568500642 1025.779297 600.822510
0 1478256239 1466.346558 582.825928
0 1524815277 576.665833 663.980103
0 1568503646 1063.517822 637.489624
0 1478220191 1495.205688 547.877075
0 1478207174 1519.860107 586.697876
0 1524841311 453.905579 675.915649
0 1478213182 1465.463013 549.104858
0 1524813274 552.728210 651.418518
0 1568516663 1051.429077 566.196472
0 1578517672 1034.578247 551.585815
0 1578527685 1137.322266 602.294434
0 1478240218 1455.842773 589.307922
0 1478215185 1426.353394 540.362244
0 1524838307 555.228699 671.844666
0 1478197163 1487.838379 588.003418
0 1478221192 1445.111328 595.930359
0 1524819281 487.094696 616.976257
0 2086284946 994.500244 602.100281
0 1524824288 640.054260 610.716492
0 1524802260 487.862671 696.559021
0 1478226199 1486.699829 570.265808
0 1578518673 1096.925293 569.632690
0 1438981616 948.450867 575.751770
0 1478238215 1397.250000 541.567505
0 1609135173 995.880066 626.923157
0 1524837305 499.108093 681.262085
0 1524793249 573.470337 644.042725
0 1568515662 996.617554 640.189575
0 1568516664 931.321167 616.837585
0 1438991628 947.091858 622.477600
0 1478249230 1376.370483 552.782654
0 1438996634 978.398682 585.461182
0 1578519675 1130.085327 579.231140
0 1524829295 454.856079 655.376831
0 1524864341 531.521484 658.959534
0 1478255238 1465.060181 533.730347
0 1438993631 1013.907593 646.373047
0 1524788244 585.407471 650.096863
0 1772785076 1049.693481 555.961060
0 1524828293 578.797729 613.223389
0 1478203171 1504.591553 542.254089
0 1524798255 526.867432 604.006226
0 1478199165 1475.861328 559.466003
0 1578528686 1010.640198 607.459351
0 1478192156 1506.224731 558.216797
0 1478228201 1499.547485 600.041809
0 1772037075 932.017639 604.652588
0 1578515670 1044.015869 618.541443
0 1524851323 529.866821 639.421631
0 1478218188 1545.776978 551.134460
0 1478202169 1434.711792 584.118164
0 1478254236 1567.022583 555.715454
0 1478246226 1445.883789 529.595520
0 1524809269 476.642944 647.966919
0 1524822285 546.154358 597.716736
0 1524841310 657.765198 634.227539
0 1478235210 1602.109619 571.344788
0 1578515669 1164.684326 589.246216
0 1524854328 497.958313 640.717468
0 0 1161.736084 760.917480
0 1 1082.365845 841.222595
0 2 847.044983 515.088989
0 3 754.097107 733.278992
0 4 752.239075 561.122986
0 5 1335.683472 613.252563
0 6 1159.032715 692.335999
0 7 768.038879 655.742615
0 8 868.282593 699.655701
0 9 995.444092 425.819092
0 10 817.100220 677.682129
0 11 1429.241333 570.888550
0 12 672.378174 520.063965
0 13 1262.708740 654.155273
0 14 580.519775 548.655212
0 15 821.017883 551.293457
0 16 932.245789 799.334595
0 17 760.179871 495.256653
0 18 505.338470 580.917542
0 19 1096.445801 503.728424
0 20 1207.955811 455.335510
0 21 1556.123291 584.416260
0 22 1228.138794 431.557800
0 23 527.845886 617.509705
0 24 502.639404 564.157471
0 25 1246.897461 538.589050
0 26 1198.816162 524.579224
0 27 1493.744629 497.993927
0 28 1119.939697 424.031219
0 29 1510.241089 641.812805
0 30 780.143372 542.223572
0 31 1212.031372 717.117615
0 32 1118.671875 488.785889
0 33 1493.732056 592.069824
0 34 866.941345 527.318237
0 35 1341.458862 643.959045
0 36 1147.199097 515.237488
0 37 1171.278931 495.898041
0 38 1050.086060 422.124115
0 39 910.143433 495.720886
