0 1578512666 1015.265564 386.226746
0 1524823287 538.393860 289.779907
0 1478234209 1422.767212 762.939575
0 1707269176 1003.678528 485.025085
0 1438989626 885.899963 375.943237
0 1524801259 684.297607 295.547668
0 1438992629 932.405334 400.051056
0 1478227200 1625.399780 737.738892
0 1524854327 666.154541 324.905396
0 1478249229 1739.125122 712.075623
0 1524807266 757.729858 242.455841
0 1524863340 580.966858 263.119415
0 1524831297 716.434875 243.545486
0 1478229202 1612.935181 710.759827
0 1568509654 929.520813 413.130066
0 1524790246 601.676758 262.599884
0 1578523681 879.670593 501.915924
0 1478207175 1726.778564 767.362183
0 1524861337 514.624023 318.112488
0 1478210178 1620.643799 826.388367
0 1524862338 748.621643 258.913574
0 1478186149 1594.782837 765.441956
0 1524797254 675.412292 244.627945
0 1578518674 1005.511902 469.392334
0 1438985621 913.529541 485.639343
0 1524857331 552.397034 298.484192
0 1478203170 1666.763184 827.268616
0 1438994632 1041.129517 398.575897
0 1578520676 908.730713 387.778412
0 1478237213 1344.999146 613.934509
0 1568511657 1040.043213 411.744415
0 1775370079 1016.709961 373.911774
0 1478195160 1394.732910 822.076233
0 1568510655 1042.180664 385.834747
0 1478257240 1387.816284 636.130432
0 1578521677 1066.656738 439.152832
0 1524794250 559.283997 317.186798
0 1524812272 655.940552 305.544067
0 1769859072 1010.637695 425.686554
0 1578525683 961.774414 387.005829
0 1770636073 1065.962036 453.769104
0 1524846317 608.111084 254.314697
0 1524833300 662.117615 296.041473
0 1568511656 849.509338 502.083038
0 1438985620 920.261841 455.113159
0 1478185148 1439.301025 822.926941
0 1707993177 1125.897583 484.192291
0 1478189152 1381.731323 614.053162
0 1524791247 595.073914 271.102020
0 1524830296 622.456543 262.078583
0 2088218948 949.135620 454.846832
0 1524827292 559.827148 289.286957
0 1606348170 943.436951 485.435577
0 1524855329 734.029297 285.280518
0 1478183145 1339.961304 592.850769
0 1438990627 1038.919800 425.362152
0 1524840309 544.761963 307.935150
0 1478222194 1471.699341 659.720825
0 1709860179 1123.328735 372.255951
0 1478188151 1578.889648 637.069153
0 1438988624 978.141602 454.579224
0 1478243222 1644.756226 614.902832
0 1524843313 567.265381 255.366272
0 1524844315 695.889709 244.087601
0 1524858333 553.206421 272.123993
0 1524811271 739.024109 276.255463
0 1524859334 545.898132 280.835205
0 1478216186 1394.175781 659.203735
0 1524851324 551.515625 327.189667
0 1524814275 700.978394 304.575470
0 1578514668 1065.242188 468.912048
0 1478184146 1425.590576 636.315979
0 1524829294 616.114929 270.588440
0 1478176143 1530.749268 614.534546
0 1524860336 723.620422 304.088501
0 1478222193 1641.835693 685.392029
0 1438997636 926.538818 426.651245
0 1478194158 1455.819092 614.292542
0 1478201168 1682.490234 766.717896
0 1478187150 1474.523071 792.903015
0 1478205172 1638.492676 766.077820
0 1524838306 706.281006 259.975708
0 1568514660 1032.674194 501.068207
0 1524865342 712.612000 323.979675
0 2085418945 1124.524902 424.380157
0 1524808268 678.418518 305.060669
0 1478200167 1540.477295 736.682617
0 1478194159 1668.270264 738.272156
0 1568501643 1035.307129 469.152740
0 1478239216 1412.044434 592.967346
0 1524820283 649.589111 315.314972
0 1438989625 1095.506104 453.496552
0 1568505649 975.855591 469.630798
0 1478255237 1387.413330 791.442993
0 1524804262 718.194275 313.892944
0 1568506650 1095.317993 468.670197
0 1478217187 1367.523438 708.201050
0 1568505648 1095.687378 438.851868
0 1568497640 971.028992 501.409760
0 1578511665 1001.776855 501.239410
0 1478258241 1508.215942 764.182617
0 1524796253 679.671509 269.037018
0 1478206173 1711.416992 738.808838
0 1524826291 717.265869 276.771423
0 1578529688 1124.210693 410.689209
0 1478233207 1529.351929 824.645813
0 1708834178 1007.280701 454.310394
0 1478189153 1589.718628 660.507935
0 1568499641 988.463745 386.617096
0 1478245224 1484.172974 823.783508
0 1524852325 722.407715 267.993866
0 1478219190 1633.147461 593.324951
0 1578525682 1067.976318 411.394226
0 1478232206 1617.774536 637.260132
0 1524818280 640.016846 296.533508
0 1524850322 732.293823 251.117584
0 1438996635 1034.014771 484.818390
0 1524832299 646.314819 287.297821
0 1478242220 1562.798218 794.382629
0 1524789245 574.030029 247.303101
0 1438999639 878.734924 400.779266
0 1478196161 1456.628662 735.639648
0 1478252234 1361.503662 683.007568
0 1524803261 574.185303 297.999115
0 1478211179 1709.868286 661.309326
0 1578523680 1069.209961 385.441040
0 1578530689 902.188721 413.472717
0 1568508653 867.067383 441.222076
0 1524826290 737.048157 243.001572
0 1524847319 664.226868 261.030701
0 1524810270 643.055725 325.365662
0 1524835302 668.127441 286.796173
0 1524821284 560.326477 263.637207
0 1524799257 652.444763 278.308563
0 1478233208 1510.805908 659.981628
0 1608354172 1125.186890 453.222717
0 1524835303 695.241516 314.368713
0 1478251232 1380.455566 762.324036
0 1524812273 706.557129 295.052094
0 1706512175 911.846558 375.540314
0 1438986622 1096.506958 372.672485
0 1478211180 1582.802979 737.209045
0 1524823286 574.104553 271.613861
0 1478223195 1400.828735 683.342102
0 1478244223 1530.115112 709.896362
0 1438987623 1095.862549 424.708954
0 1478193157 1560.522339 684.700439
0 1478198164 1518.513428 793.640442
0 1524862339 602.919189 288.295868
0 1478236212 1448.385010 593.026123
0 1478240217 1418.670898 614.172546
0 1478214183 1652.262451 795.882202
0 1578521678 895.197815 440.930450
0 1524844314 727.415283 259.445557
0 1524848320 604.271118 316.254333
0 1524806265 673.976624 277.797943
0 1524787243 669.891296 252.724152
0 1478241219 1540.230713 636.879211
0 1524799256 690.017090 286.292755
0 1478190154 1521.673096 593.144653
0 1478226198 1550.144775 660.243958
0 1478208176 1696.797119 711.634277
0 1478214184 1350.258667 635.945923
0 2084722944 1067.327759 425.036255
0 1578522679 956.971619 412.785889
0 1524825289 594.173584 246.771591
0 1774531078 898.752258 426.970001
0 1525674169 959.412354 399.684631
0 1478197162 1788.741333 798.169800
0 1524815276 711.984253 285.787506
0 1768901071 1069.797119 373.087311
0 1578526684 1012.231995 412.093109
0 1478182144 1607.380249 795.129944
0 1524853326 753.234558 250.578461
0 1478218189 1375.903687 592.908875
0 1578513667 1008.988281 439.750702
0 1438983618 1036.553833 454.040375
0 1478224196 1463.583008 636.502686
0 1478247227 1713.202515 828.155029
0 1524792248 528.842041 327.641479
0 1524795252 587.654358 254.841385
0 1524808267 617.994812 297.023773
0 1478191155 1568.534912 614.656616
0 1524856330 655.002258 245.166504
0 1478236211 1373.833496 734.609802
0 1478258242 1807.054199 829.946411
0 1478212181 1493.177979 614.413208
0 1478185147 1432.823242 659.461487
0 1568502645 916.955627 470.104462
0 1568508652 1037.757324 439.452454
0 1438984619 1095.123291 484.401978
0 1659977623 995.606140 432.813538
0 1478209177 1574.841309 825.514099
0 1438982617 982.480774 426.009552
0 1524805264 581.736450 316.721436
0 1771287074 883.763062 485.842163
0 2087111947 1068.603271 398.203156
0 1524817279 743.886475 267.469604
0 1524795251 685.218323 260.504120
0 1478230204 1520.235718 684.357727
0 1478230203 1742.939819 797.402100
0 1524847318 581.335510 288.792328
0 1578516671 940.429321 501.579285
0 1568513659 984.541748 412.440277
0 1578529687 887.710144 470.339600
0 1524819282 701.002869 268.516357
0 1478253235 1501.795776 636.690369
0 1524836304 630.987610 278.817383
0 1478243221 1697.447998 796.639587
0 1568501644 1094.921021 500.723328
0 1438998637 862.907227 455.642273
0 1524816278 620.042969 325.824219
0 1705773174 964.061523 374.729401
0 1524845316 614.383301 246.238312
0 1524842312 634.659424 245.703293
0 1568507651 882.374817 388.162262
0 1438999638 1096.195435 397.828796
0 1478252233 1355.754639 658.947510
0 1438993630 1043.198364 373.500397
0 1478237214 1656.887695 637.452332
0 1524857332 522.765564 308.408234
0 1478248228 1480.192627 684.017090
0 1478225197 1595.781372 593.264465
0 1524859335 643.306396 261.555542
0 1524832298 658.413391 269.555908
0 1478200166 1670.723755 593.385681
0 1478250231 1415.100586 735.123108
0 1478245225 1669.578125 661.040588
0 1438995633 937.900208 375.135681
0 1524804263 596.051147 297.512329
0 1524839308 637.227966 270.073059
0 1524849321 672.373230 314.842712
0 1568512658 935.197021 387.392914
0 1568514661 923.454346 440.637512
0 1478231205 1430.823975 792.170593
0 1773608077 1013.773743 398.947083
0 1438977615 973.486267 485.230804
0 1524834301 566.837585 307.460388
0 1607644171 1064.495972 484.610687
0 1524800258 628.635925 253.786285
0 1568504647 1096.353760 385.045685
0 1568500642 980.348755 440.047638
0 1478256239 1489.089600 709.468567
0 1524815277 597.115601 326.281036
0 1568503646 909.976929 501.748016
0 1478220191 1682.866821 685.741089
0 1478207174 1551.358276 764.810242
0 1524841311 530.685852 298.967560
0 1478213182 1629.528809 660.773499
0 1524813274 611.228149 306.505707
0 1568516663 1096.031738 411.042511
0 1578517672 1123.613037 384.648651
0 1578527685 1063.721924 500.896179
0 1478240218 1448.317383 709.043396
0 1478215185 1606.536621 614.779358
0 1524838307 574.273315 326.736206
0 1478197163 1498.419922 736.159424
0 1478221192 1407.796143 708.620911
0 1524819281 649.229248 253.256088
0 2086284946 954.448120 426.331116
0 1524824288 728.896667 294.554718
0 1524802260 506.252075 328.091583
0 1478226199 1571.396118 710.326782
0 1578518673 1124.850098 438.549500
0 1438981616 990.331177 374.321442
0 1478238215 1558.623901 593.204407
0 1609135173 891.519348 455.378326
0 1524837305 536.913330 317.650482
0 1524793249 633.543884 306.025757
0 1568515662 858.599609 470.573700
0 1568516664 874.974487 413.813904
0 1438991628 871.087463 427.287323
0 1478249230 1484.927368 593.085205
0 1438996634 986.534973 399.316650
0 1578519675 1125.535767 468.427185
0 1524829295 567.060364 280.333344
0 1524864341 588.992859 306.983917
0 1478255238 1696.230835 637.645630
0 1438993631 854.136475 486.044037
0 1524788244 626.888550 315.785492
0 1772785076 1123.906982 397.452820
0 1524828293 695.583496 277.285583
0 1478203171 1724.150757 686.092224
0 1524798255 690.622559 252.190414
0 1478199165 1601.054932 685.045166
0 1578528686 951.837646 440.343231
0 1478192156 1654.734741 711.195740
0 1478228201 1465.353271 763.559143
0 1772037075 905.513062 400.415924
0 1578515670 946.337158 469.868164
0 1524851323 624.578857 287.797760
0 1478218188 1754.842773 739.348999
0 1478202169 1440.390991 683.678589
0 1478254236 1771.360596 768.010742
0 1478246226 1683.195679 615.026978
0 1524809269 588.295776 279.829803
0 1524822285 711.423218 251.654892
0 1524841310 689.339783 324.443420
0 1478235210 1759.964966 829.047668
0 1578515669 1126.272949 500.549622
0 1524854328 609.604797 279.324493
0 0 1449.842896 212.831757
0 1 882.496033 256.649506
0 2 593.810608 435.923706
0 3 1536.963623 231.287415
0 4 389.591583 693.340332
0 5 905.049255 211.413589
0 6 930.638306 192.920868
0 7 1104.689819 785.838745
0 8 1253.739380 798.463928
0 9 588.829285 639.898682
0 10 980.327576 769.669312
0 11 958.735046 638.553955
0 12 1401.983032 621.814514
0 13 1501.831787 707.917786
0 14 1503.657471 642.230164
0 15 1329.217651 722.412292
0 16 1335.330200 194.628189
0 17 1007.977661 694.421509
0 18 539.516174 311.920135
0 19 668.161499 289.501648
0 20 419.503265 480.739014
0 21 485.317139 492.578613
0 22 410.025787 591.849854
0 23 1720.401611 464.165039
0 24 597.251160 251.521362
0 25 991.166382 278.607483
0 26 880.410461 278.792725
0 27 584.240662 280.088806
0 28 342.069397 647.229370
0 29 531.401550 400.445312
0 30 570.093506 482.202087
0 31 1219.045898 209.283203
0 32 723.184631 819.445007
0 33 1247.955200 296.021576
0 34 1134.320312 870.338318
0 35 1157.520874 202.324371
0 36 715.490051 269.268677
0 37 554.719788 802.953857
0 38 482.666992 658.369385
0 39 1014.291138 849.304016
