0 1578512666 981.645569 432.569244
0 1524823287 797.792114 305.593201
0 1478234209 875.684937 685.403748
0 1707269176 884.572876 479.052124
0 1438989626 914.734314 404.467957
0 1524801259 871.854675 330.057983
0 1438992629 919.755554 424.742645
0 1478227200 1016.691833 724.136963
0 1524854327 836.655457 342.711853
0 1478249229 1115.255615 743.306946
0 1524807266 962.533813 312.325623
0 1524863340 842.842224 297.483673
0 1524831297 936.961914 306.652374
0 1478229202 1035.306885 710.251587
0 1568509654 906.323975 430.772186
0 1524790246 854.635193 300.176758
0 1578523681 803.158813 464.565308
0 1478207175 1050.819336 761.746216
0 1524861337 762.674072 316.911560
0 1478210178 931.042053 756.702637
0 1524862338 941.721069 320.063599
0 1478186149 971.824829 727.311890
0 1524797254 912.062317 301.128357
0 1578518674 899.399170 471.952606
0 1438985621 834.596680 462.971405
0 1524857331 798.013428 312.148071
0 1478203170 956.996765 768.664856
0 1438994632 985.566101 443.617218
0 1578520676 917.197876 414.415436
0 1478237213 964.821655 606.711121
0 1568511657 972.389832 450.070251
0 1775370079 994.330078 426.495270
0 1478195160 811.155762 701.448547
0 1568510655 998.455933 437.304443
0 1478257240 969.552368 625.813171
0 1578521677 962.540039 468.694366
0 1524794250 786.378052 322.844635
0 1524812272 847.563232 331.055908
0 1769859072 941.896484 451.602936
0 1578525683 948.877136 423.338928
0 1770636073 948.515991 475.722748
0 1524846317 865.362549 296.614227
0 1524833300 859.119385 326.969086
0 1568511656 787.343201 459.371185
0 1438985620 864.242126 449.663269
0 1478185148 833.899475 711.930847
0 1707993177 955.711792 501.942291
0 1478189152 986.716919 614.916443
0 1524791247 843.730164 303.798248
0 1524830296 866.583801 302.905304
0 2088218948 880.495300 454.689117
0 1524827292 809.501892 308.389984
0 1606348170 850.951294 468.233795
0 1524855329 909.122498 332.183533
0 1478183145 981.622375 596.353210
0 1438990627 958.917358 456.668365
0 1524840309 786.329468 315.970123
0 1478222194 997.733337 655.057312
0 1709860179 1063.051880 445.513336
0 1478188151 1087.716675 671.158020
0 1438988624 897.041199 459.805481
0 1478243222 1155.162109 678.041382
0 1524843313 841.979858 291.351685
0 1524844315 924.429688 303.872070
0 1524858333 820.247192 298.356018
0 1524811271 920.179077 328.072754
0 1524859334 809.112244 301.944794
0 1478216186 951.883118 637.030273
0 1524851324 774.307739 326.853119
0 1524814275 873.278137 337.391144
0 1578514668 934.162659 482.916107
0 1478184146 992.079956 634.458008
0 1524829294 855.705872 306.573669
0 1478176143 1079.524902 649.696228
0 1524860336 886.412415 340.626953
0 1478222193 1079.100342 707.193481
0 1438997636 892.601135 436.932587
0 1478194158 1032.038940 631.900940
0 1478201168 1023.778625 749.959045
0 1478187150 878.357178 708.866638
0 1478205172 997.456543 738.484985
0 1524838306 915.996765 314.189209
0 1568514660 886.742554 492.015778
0 1524865342 862.870117 349.379791
0 2085418945 1011.861084 472.424500
0 1524808268 860.329712 334.201141
0 1478200167 966.410034 702.797729
0 1478194159 1042.831665 735.230408
0 1568501643 916.619690 477.383484
0 1478239216 1025.668335 612.481140
0 1524820283 835.801697 335.215363
0 1438989625 966.315308 481.226685
0 1568505649 882.492249 466.620575
0 1478255237 832.471191 688.307190
0 1524804262 874.748169 344.963623
0 1568506650 952.037231 488.553253
0 1478217187 892.588989 651.243652
0 1568505648 980.262817 474.069733
0 1568497640 852.374329 480.728607
0 1578511665 869.396790 486.319092
0 1478258241 922.526428 705.822388
0 1524796253 892.607971 315.125824
0 1478206173 1069.672974 746.621582
0 1524826291 907.153320 325.008514
0 1578529688 1025.097046 465.466278
0 1478233207 881.188416 733.725708
0 1708834178 913.887695 465.014832
0 1478189153 1070.792480 683.782104
0 1568499641 965.121704 427.914764
0 1478245224 857.235901 722.686279
0 1524852325 918.055542 321.023376
0 1478219190 1170.692017 665.583130
0 1578525682 989.644653 455.110504
0 1478232206 1113.110229 680.902710
0 1524818280 846.560181 323.922882
0 1524850322 939.305237 313.255798
0 1438996635 901.856934 484.613556
0 1524832299 857.946350 319.960541
0 1478242220 926.657959 730.508057
0 1524789245 852.586121 287.933350
0 1438999639 888.494385 415.776917
0 1478196161 918.626160 682.518677
0 1478252234 911.446106 639.617981
0 1524803261 809.903442 315.031952
0 1478211179 1149.524170 714.737183
0 1578523680 1015.560364 442.122467
0 1578530689 890.508423 426.152405
0 1568508653 847.013062 433.654572
0 1524826290 949.662170 309.470001
0 1524847319 890.960083 308.471863
0 1524810270 823.829346 339.449402
0 1524835302 870.475464 322.953003
0 1524821284 831.201660 294.825439
0 1524799257 869.138489 316.065674
0 1478233208 1021.494507 664.399475
0 1608354172 984.450195 486.834412
0 1524835303 861.579407 341.667511
0 1478251232 853.128906 675.571411
0 1524812273 884.769836 333.190521
0 1706512175 930.129761 408.728516
0 1438986622 1045.421631 440.634369
0 1478211180 991.226562 713.329712
0 1524823286 831.911682 301.059265
0 1478223195 933.686401 648.582275
0 1478244223 985.348755 689.595947
0 1438987623 993.890991 467.076569
0 1478193157 1028.206177 686.679749
0 1478198164 902.193970 719.546814
0 1524862339 833.396545 314.096985
0 1478236212 1048.450439 620.823120
0 1478240217 1009.116882 623.310791
0 1478214183 977.569458 753.319214
0 1578521678 862.658203 438.399841
0 1524844314 928.771179 317.106384
0 1524848320 810.744507 328.943573
0 1524806265 881.636719 319.005859
0 1524787243 901.598877 304.769562
0 1478241219 1062.938354 661.649475
0 1524799256 883.178711 325.987091
0 1478190154 1095.622070 638.095459
0 1478226198 1045.840210 673.971558
0 1478208176 1087.902588 731.997681
0 1478214184 947.539490 617.365784
0 2084722944 976.246033 461.825409
0 1578522679 922.412659 435.471771
0 1524825289 864.176636 290.504761
0 1774531078 876.733154 432.210236
0 1525674169 935.786621 429.340363
0 1478197162 1059.313965 789.945435
0 1524815276 896.059814 329.063629
0 1768901071 1028.096436 435.839783
0 1578526684 955.438049 445.118591
0 1478182144 951.774353 741.761658
0 1524853326 952.216309 316.161560
0 1478218189 1003.398071 604.326599
0 1578513667 928.049805 458.233368
0 1438983618 931.043091 470.319672
0 1478224196 1015.140625 643.307373
0 1478247227 983.674866 780.960449
0 1524792248 762.354614 323.812744
0 1524795252 853.595764 293.965973
0 1524808267 834.173401 320.918549
0 1478191155 1104.128174 658.916321
0 1524856330 899.856384 298.420441
0 1478236211 873.158752 663.222717
0 1478258242 1039.325928 806.609375
0 1478212181 1055.501831 640.693604
0 1478185147 974.536194 645.936890
0 1568502645 849.585632 456.242737
0 1568508652 945.138611 463.416443
0 1438984619 937.416809 496.055542
0 1659977623 926.598145 452.371887
0 1478209177 905.781799 745.060486
0 1438982617 925.175354 446.626709
0 1524805264 798.476685 325.872955
0 1771287074 818.535217 457.803375
0 2087111947 1002.746216 448.544495
0 1524817279 931.043579 324.033417
0 1524795251 903.394226 311.311279
0 1478230204 1003.701294 676.802795
0 1478230203 1031.308960 777.397583
0 1524847318 821.368958 311.224304
0 1578516671 835.666260 475.241364
0 1568513659 938.781555 440.253174
0 1578529687 833.569824 451.191772
0 1524819282 905.244812 318.054443
0 1478253235 1038.753418 652.368652
0 1524836304 856.809021 313.165253
0 1478243221 1004.071167 765.193481
0 1568501644 922.441406 503.739929
0 1438998637 832.583252 439.873566
0 1524816278 811.185242 336.233276
0 1705773174 961.693176 417.463318
0 1524845316 875.916565 293.109314
0 1524842312 887.808777 295.747620
0 1568507651 901.749939 410.063995
0 1438999638 1020.232788 453.559662
0 1478252233 929.755127 628.330200
0 1438993630 1011.068481 431.127502
0 1478237214 1139.142578 690.892395
0 1524857332 774.577881 313.074982
0 1478248228 979.793945 667.166565
0 1478225197 1145.066040 656.199951
0 1524859335 878.691040 305.670105
0 1524832298 880.141479 312.236694
0 1478200166 1196.950439 675.197937
0 1478250231 895.613586 672.752380
0 1478245225 1122.609741 704.155212
0 1438995633 945.780579 413.059692
0 1524804263 821.955627 317.955170
0 1524839308 867.841858 309.386230
0 1524849321 848.598511 338.418396
0 1568512658 932.904785 418.839813
0 1568514661 878.577148 443.228119
0 1478231205 855.123840 698.456848
0 1773608077 968.684570 438.775543
0 1438977615 867.607239 473.593109
0 1524834301 798.241455 318.904816
0 1607644171 919.468384 490.280334
0 1524800258 877.283386 299.297119
0 1568504647 1032.966553 447.025543
0 1568500642 911.265259 453.142548
0 1478256239 961.297424 679.651733
0 1524815277 798.719421 333.062469
0 1568503646 819.263794 469.854492
0 1478220191 1105.538574 717.849792
0 1478207174 946.856567 716.428101
0 1524841311 786.282288 309.302765
0 1478213182 1096.374268 693.840210
0 1524813274 822.560669 324.896179
0 1568516663 1007.210876 460.241669
0 1578517672 1050.682739 452.015869
0 1578527685 904.420837 497.821655
0 1478240218 937.834473 669.950745
0 1478215185 1129.333252 668.361938
0 1524838307 786.428162 329.936035
0 1478197163 942.217651 692.530701
0 1478221192 914.938354 660.484192
0 1524819281 889.361084 302.015350
0 2086284946 908.746033 441.737335
0 1524824288 897.868713 336.367615
0 1524802260 750.565430 320.814056
0 1478226199 1010.010803 699.792603
0 1578518673 998.315735 479.545258
0 1438981616 977.874084 421.941254
0 1478238215 1120.049805 647.039978
0 1609135173 848.273926 444.725494
0 1524837305 774.444946 319.857788
0 1524793249 834.974792 327.954590
0 1568515662 817.835510 446.229553
0 1568516664 874.959045 421.610352
0 1438991628 861.135071 427.568237
0 1478249230 1071.762207 629.358887
0 1438996634 952.093933 434.017334
0 1578519675 970.252869 494.298004
0 1524829295 820.799744 304.694214
0 1524864341 810.317444 321.879913
0 1478255238 1165.837769 701.136536
0 1438993631 802.759216 452.727173
0 1524788244 823.184937 332.057404
0 1772785076 1038.034302 458.665131
0 1524828293 894.307068 321.986481
0 1478203171 1132.672485 728.786499
0 1524798255 913.999939 307.560608
0 1478199165 1053.331299 696.806824
0 1578528686 894.776978 448.141571
0 1478192156 1061.262207 720.982910
0 1478228201 898.810242 695.484253
0 1772037075 903.993713 420.222137
0 1578515670 865.890442 461.384827
0 1524851323 845.587891 317.008820
0 1478218188 1097.244507 758.322754
0 1478202169 956.462463 657.762451
0 1478254236 1078.608276 773.859680
0 1478246226 1181.638672 687.963440
0 1524809269 832.642944 307.480286
0 1524822285 926.567627 310.389069
0 1524841310 849.667725 346.021637
0 1478235210 1011.107117 793.603699
0 1578515669 940.814270 509.773926
0 1524854328 844.644958 310.303680
0 0 1507.722412 470.008850
0 1 871.023987 324.024292
0 2 951.250793 337.380188
0 3 1460.021484 483.847351
0 4 815.280640 323.260406
0 5 1315.855103 368.094330
0 6 1116.995605 686.127319
0 7 689.206238 368.800568
0 8 401.868683 471.284393
0 9 447.527954 446.029572
0 10 740.182373 355.605865
0 11 1015.948547 293.349731
0 12 843.463867 581.340637
0 13 1351.256470 392.158447
0 14 743.189331 564.042297
0 15 1003.967529 567.828979
0 16 1484.516846 442.985596
0 17 511.367554 478.612671
0 18 913.269897 277.327728
0 19 1011.138245 512.889709
0 20 428.726135 427.793030
0 21 343.318481 473.414520
0 22 500.759125 397.064941
0 23 898.483459 607.360901
0 24 1044.444702 303.524811
0 25 919.687195 557.628479
0 26 979.038025 542.183594
0 27 1113.718994 309.713867
0 28 563.744812 374.726044
0 29 558.041870 393.102875
0 30 880.723267 310.897125
0 31 1473.358643 414.833679
0 32 691.153931 612.801025
0 33 708.374146 642.596375
0 34 968.054932 600.650391
0 35 1378.120728 381.379364
0 36 1039.597412 349.160889
0 37 626.937805 602.062744
0 38 443.577881 405.957458
0 39 835.184814 634.423218
