0 1578512666 900.227478 675.520813
0 1524823287 1235.111328 1051.593140
0 1478234209 1003.667114 514.843933
0 1707269176 1006.927429 632.814514
0 1438989626 974.987732 725.052246
0 1524801259 1051.502686 921.220947
0 1438992629 970.022278 692.999207
0 1478227200 927.613220 496.041687
0 1524854327 1109.063110 883.017578
0 1478249229 879.336914 486.455261
0 1524807266 864.387207 976.807495
0 1524831297 916.296570 1010.958496
0 1478229202 915.985474 499.172272
0 1568509654 985.835022 686.092896
0 1524790246 1108.817749 1068.164429
0 1578523681 1090.928223 655.294983
0 1478207175 914.511230 484.665924
0 1524861337 1289.788574 1001.212891
0 1478210178 973.760864 491.102783
0 1524862338 913.226624 946.875122
0 1478186149 951.572449 497.210602
0 1524797254 971.700806 1047.408813
0 1578518674 992.758240 638.485718
0 1438985621 1059.228516 654.037720
0 1524857331 1222.332520 1016.470032
0 1478203170 961.278992 486.977661
0 1438994632 899.545410 661.283630
0 1578520676 972.444763 708.636841
0 1478237213 946.515808 541.260620
0 1568511657 915.569702 655.046936
0 1775370079 883.424866 682.245972
0 1478195160 1039.040283 512.677063
0 1568510655 883.120728 667.676331
0 1478257240 945.158020 532.495667
0 1578521677 929.885071 635.943420
0 1524794250 1228.537476 968.664856
0 1524812272 1097.540894 922.305481
0 1769859072 948.181702 656.327271
0 1578525683 935.553406 691.719910
0 1770636073 944.839355 630.280701
0 1524833300 1077.867065 935.920776
0 1568511656 1109.355103 662.654846
0 1438985620 1030.949585 666.388733
0 1478185148 1025.587158 508.230896
0 1707993177 941.771606 606.374939
0 1478189152 932.770691 536.232788
0 1524791247 1130.751099 1049.935303
0 1524830296 1078.072266 1049.098511
0 2088218948 1013.026184 658.872986
0 1524827292 1203.095215 1033.285767
0 1606348170 1041.448242 646.822693
0 1524855329 980.198914 905.829590
0 1478183145 933.915405 545.153320
0 1438990627 931.207947 648.960388
0 1524840309 1240.851562 1000.282349
0 1478222194 930.600342 519.319946
0 1709860179 816.965637 651.175781
0 1478188151 879.805786 508.913147
0 1438988624 995.464111 651.508789
0 1478243222 842.524536 503.221680
0 1524844315 943.540161 1028.881958
0 1524811271 958.654541 919.033569
0 1524859334 1215.418701 1069.738159
0 1478216186 957.308044 528.830078
0 1524851324 1246.013428 954.140442
0 1524814275 1045.888672 894.200928
0 1578514668 959.449280 624.748352
0 1478184146 931.666382 527.627136
0 1524829294 1100.246216 1031.540771
0 1478176143 879.973022 516.919922
0 1524860336 1021.142578 880.736267
0 1478222193 891.723083 497.993896
0 1438997636 1001.250793 679.359924
0 1478194158 905.945862 526.420532
0 1478201168 926.682068 488.785583
0 1478187150 1001.439880 507.063507
0 1478205172 939.034424 492.966675
0 1524838306 964.729736 978.813049
0 1568514660 1004.069275 620.602295
0 1524865342 1059.456055 857.255066
0 2085418945 882.286621 627.727905
0 1524808268 1071.344482 908.051697
0 1478200167 952.934387 504.718597
0 1478194159 915.236328 491.800415
0 1568501643 975.941040 631.549927
0 1478239216 906.589111 535.017944
0 1524820283 1116.544922 909.153687
0 1438989625 928.618286 623.478882
0 1568505649 1009.910339 645.559509
0 1478255237 1028.220337 516.019653
0 1524804262 1040.611938 868.804016
0 1568506650 943.273254 618.077087
0 1478217187 994.530701 526.427429
0 1568505648 913.621338 629.006714
0 1568497640 1037.798828 634.074341
0 1578511665 1020.771545 627.273376
0 1478258241 977.222351 505.892761
0 1524796253 1014.452698 979.806824
0 1478206173 903.042908 487.622070
0 1524826291 983.786072 933.784302
0 1578529688 866.535828 633.381897
0 1478233207 999.285767 499.538513
0 1708834178 978.252441 644.291565
0 1478189153 892.087708 505.606384
0 1568499641 917.701050 683.533569
0 1478245224 1012.337158 503.851868
0 1524852325 961.591309 947.931030
0 1478219190 829.744019 506.516022
0 1578525682 898.893677 647.678894
0 1478232206 867.342651 504.415802
0 1524818280 1105.023682 951.062378
0 1524850322 914.708740 977.813232
0 1438996635 990.166748 626.013245
0 1524832299 1084.826782 965.657776
0 1478242220 975.463135 498.376221
0 1438999639 1007.597900 709.908752
0 1478196161 979.041382 513.664795
0 1478252234 982.871338 530.029358
0 1524803261 1191.620972 999.346191
0 1478211179 855.321533 492.514679
0 1578523680 866.369324 659.994751
0 1578530689 1004.349304 694.273193
0 1568508653 1053.416748 688.631531
0 1524826290 889.926025 993.609436
0 1524847319 1019.566711 1012.818298
0 1524810270 1134.912720 896.442200
0 1524835302 1057.487427 950.024658
0 1524799257 1063.880493 980.794678
0 1478233208 917.561157 514.677002
0 1608354172 912.708618 616.807495
0 1524835303 1065.219238 881.880005
0 1478251232 1017.199280 519.424438
0 1524812273 1025.896606 906.943726
0 1706512175 955.852844 716.106567
0 1438986622 833.061646 658.700806
0 1478211180 940.177795 500.347260
0 1524823286 1162.290283 1068.953735
0 1478223195 969.227722 525.234070
0 1478244223 941.359741 507.977142
0 1438987623 898.270264 634.665039
0 1478193157 916.760010 506.793488
0 1478198164 988.353333 502.687042
0 1524862339 1142.094482 998.404419
0 1478236212 893.259888 530.074158
0 1478240217 919.249146 531.286743
0 1478214183 950.254639 489.945801
0 1578521678 1034.655151 680.629333
0 1524844314 938.580750 962.597595
0 1524848320 1170.892578 938.033325
0 1524806265 1036.363159 964.643677
0 1524787243 996.103943 1029.773804
0 1478241219 892.464966 513.481262
0 1524799256 1030.959717 934.855530
0 1478190154 867.242554 520.424255
0 1478226198 904.725220 510.106323
0 1478208176 891.370361 490.630859
0 1478214184 958.870605 537.443848
0 2084722944 914.574158 641.741150
0 1578522679 967.711853 678.085388
0 1774531078 1019.694458 687.364746
0 1525674169 951.837524 684.815796
0 1478197162 913.809204 477.757446
0 1524815276 1005.208069 920.130310
0 1768901071 849.496277 666.384094
0 1578526684 932.590759 662.567505
0 1478182144 962.765015 494.129608
0 1524853326 889.256958 961.565491
0 1478218189 920.139099 540.043640
0 1578513667 963.397766 650.237061
0 1438983618 961.380859 637.216919
0 1478224196 918.390381 522.836487
0 1478247227 948.978821 482.912537
0 1524792248 1275.888916 969.655701
0 1524808267 1133.008789 966.665955
0 1478191155 867.293457 512.281860
0 1524856330 1000.825745 1066.570068
0 1478236211 1005.971375 522.893066
0 1478258242 924.907532 474.957184
0 1478212181 892.855469 521.632202
0 1478185147 943.847717 524.037109
0 1568502645 1045.260254 660.138550
0 1568508652 946.473877 643.018799
0 1438984619 957.597839 612.797058
0 1659977623 964.440063 656.965576
0 1478209177 986.428406 495.289276
0 1438982617 965.506104 663.846252
0 1524805264 1199.284424 953.120239
0 1771287074 1077.369629 661.399170
0 2087111947 882.830139 653.761597
0 1524817279 936.344238 932.706970
0 1524795251 991.711487 995.544922
0 1478230204 929.570679 511.296021
0 1478230203 925.780640 481.761047
0 1524847318 1172.105713 1015.565430
0 1578516671 1055.160767 641.008911
0 1568513659 949.967712 670.245361
0 1578529687 1063.479370 667.652527
0 1524819282 987.615295 963.623657
0 1478253235 905.324951 518.121765
0 1524836304 1092.269165 997.456970
0 1478243221 937.927856 485.823395
0 1568501644 971.602905 607.634827
0 1438998637 1067.925781 681.893677
0 1524816278 1161.499634 910.249695
0 1705773174 918.843689 698.804504
0 1568507651 991.510254 717.379517
0 1438999638 866.454468 646.392334
0 1478252233 970.986816 533.700806
0 1438993630 866.280273 674.230713
0 1478237214 855.071106 499.987579
0 1524857332 1272.254517 1017.369019
0 1478248228 942.582336 515.869141
0 1478225197 842.046326 511.078949
0 1524859335 1048.338257 1030.660034
0 1524832298 1042.142456 996.503845
0 1478200166 817.632935 502.024017
0 1478250231 992.401062 518.242859
0 1478245225 867.390259 496.812103
0 1438995633 937.142822 707.359497
0 1524804263 1161.860962 982.752991
0 1524839308 1070.725586 1013.739685
0 1524849321 1090.520264 895.324585
0 1568512658 953.796936 700.085693
0 1568514661 1016.284302 672.793945
0 1478231205 1014.727356 511.507202
0 1773608077 916.610901 668.963379
0 1438977615 1024.017944 639.749634
0 1524834301 1210.418579 983.723450
0 1607644171 973.726624 619.341980
0 1524800258 1054.997314 1067.369873
0 1568504647 849.962341 652.471191
0 1568500642 980.666992 657.602600
0 1478256239 954.342590 512.482178
0 1524815277 1188.855835 924.456665
0 1568503646 1072.867065 648.081055
0 1478220191 879.488037 493.693726
0 1478207174 964.300354 501.518829
0 1524841311 1254.042114 1034.150146
0 1478213182 879.644287 501.175507
0 1524813274 1152.288574 952.094238
0 1568516663 882.552368 640.458618
0 1578517672 833.889343 645.100708
0 1578527685 987.682678 614.057251
0 1478240218 967.528809 517.057800
0 1478215185 854.812195 507.716339
0 1524838307 1217.015137 939.080627
0 1478197163 965.887329 509.157288
0 1478221192 980.923218 521.705627
0 1524819281 1025.056519 1048.256348
0 2086284946 983.191895 671.522156
0 1524824288 1001.016174 893.071228
0 1524802260 1306.681763 985.647461
0 1478226199 928.575562 503.541016
0 1578518673 897.673340 622.204651
0 1438981616 900.941956 690.435303
0 1478238215 854.544250 515.714417
0 1609135173 1049.245605 674.060669
0 1524837305 1258.691406 984.688232
0 1524793249 1124.510620 936.980042
0 1568515662 1082.076660 675.322388
0 1568516664 1023.267639 702.632080
0 1438991628 1038.535522 695.541992
0 1478249230 880.146118 525.210205
0 1438996634 934.037781 676.805664
0 1578519675 927.404236 611.532349
0 1524829295 1183.096436 1050.766968
0 1524864341 1180.911499 967.668335
0 1478255238 842.986816 495.626862
0 1438993631 1095.882202 668.911377
0 1524788244 1143.324585 923.384033
0 1772785076 850.408020 639.171204
0 1524828293 1009.677307 948.980835
0 1478203171 867.436279 489.457947
0 1524798255 968.091309 1011.891296
0 1478199165 904.145630 502.360016
0 1578528686 998.292053 665.120056
0 1478192156 903.585144 494.869354
0 1478228201 990.343079 510.333954
0 1772037075 988.604614 701.361511
0 1578515670 1027.407471 652.775757
0 1524851323 1113.015747 981.776733
0 1478218188 891.028992 483.505188
0 1478202169 955.799683 520.514587
0 1478254236 902.518005 480.606354
0 1478246226 830.425964 498.796112
0 1524809269 1151.830811 1032.416016
0 1524822285 940.973633 994.580078
0 1524841310 1083.920288 869.960205
0 1478235210 936.856262 478.906128
0 1578515669 955.821655 601.331543
0 1524854328 1121.571045 1014.655334
0 0 1527.867310 672.802246
0 1 1020.409912 785.067871
0 2 1374.420532 655.856384
0 3 1330.939209 828.663879
0 4 1306.191528 564.357666
0 5 1249.862305 578.696289
0 6 1225.426514 895.836060
0 7 996.050049 510.913910
0 8 974.504578 525.853394
0 9 664.934570 488.707306
0 10 1047.844360 511.593292
0 11 1061.080200 526.119873
0 12 906.835205 482.843353
0 13 1366.639648 612.553162
0 14 597.480347 752.857239
0 15 788.324951 569.117004
0 16 1525.228638 695.708618
0 17 417.445587 600.636841
0 18 1470.965820 655.141968
0 19 1350.941528 676.138916
0 20 564.194885 511.538605
0 21 1434.150635 636.688354
0 22 489.695374 516.265808
0 23 1032.454346 494.770447
0 24 1128.480957 535.871033
0 25 1253.977417 733.960083
0 26 986.805725 813.603882
0 27 888.953430 457.280334
0 28 388.373444 549.361755
0 29 1412.222412 701.125061
0 30 1414.339844 600.646362
0 31 1456.423218 627.498169
0 32 936.547729 504.421936
0 33 733.153076 665.566345
0 34 826.801331 539.969482
0 35 974.973816 492.475891
0 36 1283.497803 707.627014
0 37 1076.266357 489.962921
0 38 420.500854 567.155457
0 39 914.840942 522.269592
