0 1578512666 955.701172 439.960724
0 1524823287 775.764160 294.690887
0 1478234209 818.394043 732.187500
0 1707269176 848.915405 492.105255
0 1438989626 888.015869 407.279816
0 1524801259 850.444092 322.798096
0 1438992629 891.321289 430.393463
0 1478227200 965.779724 780.041992
0 1524854327 812.436401 336.700500
0 1478249229 1070.221436 804.289001
0 1524807266 946.800293 303.713989
0 1524863340 823.468750 286.018524
0 1524831297 920.641174 297.121613
0 1478229202 987.086548 763.805115
0 1568509654 876.611084 437.124695
0 1524790246 835.473267 289.135529
0 1578523681 764.672424 474.620178
0 1478207175 999.046875 825.386658
0 1524861337 738.035828 307.049286
0 1478210178 870.472961 817.614014
0 1524862338 924.344971 312.211273
0 1478186149 917.241760 783.183228
0 1524797254 895.202087 290.710663
0 1578518674 865.256592 484.125702
0 1438985621 797.912598 473.136261
0 1524857331 775.311584 302.031769
0 1478203170 897.223389 832.285706
0 1438994632 958.808167 452.618805
0 1578520676 889.636475 418.611786
0 1478237213 921.424927 640.895691
0 1568511657 944.317627 459.856750
0 1775370079 969.619324 433.164429
0 1478195160 747.680359 750.266724
0 1568510655 972.974731 445.542694
0 1478257240 924.631348 663.316895
0 1578521677 932.175415 481.078796
0 1524794250 762.078979 313.915833
0 1524812272 825.000061 323.695343
0 1769859072 912.033325 461.284149
0 1578525683 922.079224 429.095734
0 1770636073 916.704468 488.987671
0 1524846317 846.996094 285.245026
0 1524833300 837.465088 319.210724
0 1568511656 748.597717 468.510162
0 1438985620 830.468384 458.239105
0 1478185148 770.878784 762.990234
0 1707993177 921.800842 519.212830
0 1478189152 943.983215 650.771606
0 1524791247 823.756226 293.091553
0 1524830296 847.643494 292.295563
0 2088218948 847.064453 464.156647
0 1524827292 787.658264 297.926270
0 1606348170 814.585083 479.337097
0 1524855329 889.143921 325.531738
0 1478183145 940.313232 629.005676
0 1438990627 929.491882 467.262146
0 1524840309 762.751099 306.208374
0 1478222194 951.953308 698.040649
0 1709860179 1040.379517 455.609558
0 1478188151 1046.893066 718.229370
0 1438988624 863.976807 470.186951
0 1478243222 1118.739014 727.278748
0 1524843313 823.189819 279.155975
0 1524844315 907.833496 293.893921
0 1524858333 799.871094 286.794312
0 1524811271 901.087158 321.012238
0 1524859334 787.918640 290.709503
0 1478216186 904.686340 676.246643
0 1524851324 749.086731 318.302429
0 1524814275 851.202332 331.056091
0 1578514668 900.859253 497.087921
0 1478184146 947.857422 673.748596
0 1524829294 835.948181 296.305939
0 1478176143 1040.001953 692.808105
0 1524860336 864.599426 334.819611
0 1478222193 1034.447998 760.785034
0 1438997636 861.572998 444.005951
0 1478194158 990.792053 671.264221
0 1478201168 970.984253 810.909058
0 1478187150 818.812622 759.977844
0 1478205172 943.727356 796.847107
0 1524838306 898.051941 305.384247
0 1568514660 849.902954 507.016418
0 1524865342 839.136963 344.454865
0 2085418945 983.913696 485.896729
0 1524808268 838.004028 327.348419
0 1478200167 913.816284 754.007324
0 1478194159 992.876831 793.618164
0 1568501643 882.882874 490.543091
0 1478239216 985.769104 648.415527
0 1524820283 812.309265 328.261169
0 1438989625 934.976807 495.502869
0 1568505649 847.970093 477.832031
0 1478255237 771.887695 735.028442
0 1524804262 851.986145 339.592560
0 1568506650 919.195984 503.763977
0 1478217187 839.975952 692.167236
0 1568505648 950.381104 487.438873
0 1568497640 814.801025 493.674164
0 1578511665 832.177002 500.278748
0 1478258241 866.457581 756.983521
0 1524796253 873.563904 306.223267
0 1478206173 1020.760681 807.588501
0 1524826291 887.781067 317.449310
0 1578529688 998.528381 478.057678
0 1478233207 819.257751 789.524353
0 1708834178 881.214600 476.333282
0 1478189153 1027.609497 732.924438
0 1568499641 938.738831 434.479309
0 1478245224 794.728638 776.071045
0 1524852325 899.545288 313.073212
0 1478219190 1136.453857 712.758484
0 1578525682 962.045654 465.808838
0 1478232206 1073.307739 730.093323
0 1524818280 824.674133 315.675385
0 1524850322 922.463928 304.547821
0 1438996635 866.592896 498.679871
0 1524832299 836.943359 311.332458
0 1478242220 868.402039 786.343933
0 1524789245 834.565552 275.429718
0 1438999639 859.356567 419.866516
0 1478196161 864.628357 729.363220
0 1478252234 861.276978 678.758423
0 1524803261 787.389648 305.370117
0 1478211179 1109.610840 770.733826
0 1578523680 990.567993 451.227997
0 1578530689 860.442749 431.696289
0 1568508653 813.989380 439.791138
0 1524826290 933.628845 300.394623
0 1524847319 872.494934 298.748291
0 1524810270 799.386414 332.910492
0 1524835302 849.710266 314.805267
0 1524821284 811.626587 282.943665
0 1524799257 848.999573 307.064911
0 1478233208 976.513123 709.364746
0 1608354172 953.614746 502.148468
0 1524835303 838.560974 335.758484
0 1478251232 795.315063 720.281006
0 1524812273 863.615417 326.438599
0 1706512175 903.770203 412.277069
0 1438986622 1022.199341 449.842804
0 1478211180 939.436584 766.843567
0 1524823286 811.731689 289.921326
0 1478223195 884.120605 689.578857
0 1478244223 935.402771 738.636841
0 1438987623 965.422119 479.565033
0 1478193157 981.642029 735.772217
0 1478198164 843.260315 772.976379
0 1524862339 811.951843 304.534454
0 1478236212 1009.336853 658.479004
0 1478240217 967.098633 660.891357
0 1478214183 920.889465 814.250793
0 1578521678 829.945129 445.365204
0 1524844314 911.104492 308.773346
0 1524848320 786.826355 320.983459
0 1524806265 861.741333 310.476715
0 1524787243 883.944519 294.695496
0 1478241219 1021.166504 706.674622
0 1524799256 862.663269 318.328613
0 1478190154 1058.257568 679.368347
0 1478226198 1001.723083 720.988647
0 1478208176 1041.719238 790.409424
0 1478214184 901.973450 653.140259
0 2084722944 947.284912 473.354675
0 1578522679 893.074463 442.652161
0 1524825289 846.367981 278.404022
0 1774531078 845.362305 438.455261
0 1525674169 907.736328 435.799408
0 1478197162 1005.635376 859.309204
0 1524815276 875.806396 321.903748
0 1768901071 1004.351807 444.181580
0 1578526684 926.919067 454.015320
0 1478182144 894.267883 800.096497
0 1524853326 935.670288 307.925659
0 1478218189 962.768005 638.593994
0 1578513667 896.802551 468.721497
0 1438983618 898.787170 482.598999
0 1478224196 971.673218 684.445190
0 1478247227 924.781555 847.400330
0 1524792248 736.966187 314.782379
0 1524795252 835.012634 282.179932
0 1524808267 812.067139 312.190887
0 1478191155 1065.565796 703.999756
0 1524856330 882.743225 287.570923
0 1478236211 817.999512 706.001282
0 1478258242 982.472290 879.041626
0 1478212181 1015.085449 681.899780
0 1478185147 928.018982 687.004883
0 1568502645 814.378174 465.601807
0 1568508652 914.319214 474.840820
0 1438984619 903.024597 512.229553
0 1659977623 895.841309 462.000061
0 1478209177 844.495483 803.366333
0 1438982617 894.900024 455.417480
0 1524805264 774.362732 317.423950
0 1771287074 781.556152 467.052979
0 2087111947 976.469543 458.435242
0 1524817279 912.819031 316.572815
0 1524795251 885.183411 302.042877
0 1478230204 956.290649 723.763916
0 1478230203 976.536499 843.837646
0 1524847318 799.719666 301.207092
0 1578516671 797.764832 487.198639
0 1568513659 909.840942 448.281433
0 1578529687 798.054260 459.658569
0 1524819282 886.461609 309.623718
0 1478253235 996.101624 695.416992
0 1524836304 836.437927 303.701324
0 1478243221 948.300415 828.824951
0 1568501644 886.447937 520.907227
0 1438998637 798.190186 446.729919
0 1524816278 786.530762 329.176941
0 1705773174 936.113403 422.536346
0 1524845316 858.329590 281.418457
0 1524842312 870.453613 284.473816
0 1568507651 873.838074 413.506470
0 1438999638 994.464661 464.361542
0 1478252233 881.933167 665.755493
0 1438993630 986.828064 438.623016
0 1478237214 1100.438843 742.278931
0 1524857332 750.828125 302.858978
0 1478248228 931.603516 712.070312
0 1478225197 1109.713257 701.340088
0 1524859335 859.982849 295.499512
0 1524832298 860.848328 302.870819
0 1478200166 1163.905762 724.480591
0 1478250231 841.006714 717.528320
0 1478245225 1081.523438 757.783264
0 1438995633 919.800232 417.361816
0 1524804263 799.640320 308.756134
0 1524839308 848.310974 299.565369
0 1524849321 825.336853 331.981781
0 1568512658 905.714294 423.807373
0 1568514661 846.195923 451.042358
0 1478231205 795.030701 747.333252
0 1773608077 941.471313 446.909302
0 1438977615 831.582825 485.658875
0 1524834301 774.844666 309.605682
0 1607644171 884.625732 505.386627
0 1524800258 859.143677 288.352081
0 1568504647 1008.489868 457.019501
0 1568500642 879.615906 462.717438
0 1478256239 910.593140 726.555420
0 1524815277 773.864990 325.498566
0 1568503646 781.058472 480.848541
0 1478220191 1061.961426 773.817566
0 1478207174 891.495361 769.900635
0 1524841311 763.402405 298.740143
0 1478213182 1054.199829 745.184814
0 1524813274 799.558411 316.548279
0 1568516663 980.112671 471.874725
0 1578517672 1026.749878 462.920258
0 1578527685 867.989563 513.891174
0 1478240218 886.435486 714.791443
0 1478215185 1091.802490 715.486084
0 1524838307 761.385010 321.874084
0 1478197163 888.889465 741.518494
0 1478221192 862.904419 703.332642
0 1524819281 871.458679 291.501953
0 2086284946 878.082764 449.659088
0 1524824288 876.983276 330.133423
0 1524802260 725.019653 311.312866
0 1478226199 960.891174 751.048889
0 1578518673 968.946777 493.924683
0 1438981616 952.717102 427.803040
0 1478238215 1083.656372 690.213745
0 1609135173 814.179749 452.431183
0 1524837305 749.971252 310.457947
0 1524793249 812.186279 320.095703
0 1568515662 782.033447 453.825714
0 1568516664 844.561584 426.364288
0 1438991628 829.442688 433.004211
0 1478249230 1033.492188 668.793457
0 1438996634 924.450256 441.303772
0 1578519675 937.904175 510.575287
0 1524829295 799.796570 293.890015
0 1524864341 787.112488 313.051971
0 1478255238 1128.315430 754.799500
0 1438993631 765.506836 461.083893
0 1524788244 799.473816 324.595490
0 1772785076 1012.803162 470.400970
0 1524828293 874.667175 313.937836
0 1478203171 1090.257568 787.220581
0 1524798255 896.604858 297.933716
0 1478199165 1007.684875 748.108093
0 1578528686 862.750000 456.825439
0 1478192156 1014.018738 776.920166
0 1478228201 842.099609 744.417236
0 1772037075 875.197266 425.083344
0 1578515670 831.013733 471.658508
0 1524851323 824.358521 307.909210
0 1478218188 1049.466064 821.970459
0 1478202169 907.554993 700.679199
0 1478254236 1027.951416 840.298462
0 1478246226 1146.403931 739.390259
0 1524809269 811.840088 297.114868
0 1524822285 909.443420 301.217468
0 1524841310 825.685059 340.548157
0 1478235210 953.184692 862.978394
0 1578515669 905.289734 528.069031
0 1524854328 824.052673 300.384979
0 0 556.226379 357.216705
0 1 397.974762 552.084839
0 2 1167.032349 412.686249
0 3 837.605042 281.747528
0 4 934.516602 342.430237
0 5 664.091064 561.263672
0 6 877.997620 262.851868
0 7 1052.285767 371.693695
0 8 813.002930 314.130859
0 9 953.471924 278.079895
0 10 890.105469 585.224854
0 11 993.534180 300.132172
0 12 1030.047607 295.028412
0 13 820.138062 640.177246
0 14 1212.738403 346.192993
0 15 315.432617 457.693512
0 16 746.175232 632.229431
0 17 1302.589355 378.005493
0 18 757.154419 592.239990
0 19 739.869263 708.536560
0 20 1354.116821 388.756653
0 21 1165.534912 384.565338
0 22 1449.186768 425.432343
0 23 1087.113403 593.505249
0 24 808.086304 274.828552
0 25 1058.578979 484.269257
0 26 848.086548 610.983521
0 27 1306.933472 359.554291
0 28 1412.388306 600.861389
0 29 1060.693970 514.812988
0 30 423.787689 445.161072
0 31 1033.499512 723.437256
0 32 1114.995850 369.483521
0 33 714.106628 670.572815
0 34 831.742249 297.181335
0 35 1369.217407 511.143341
0 36 623.342590 633.424561
0 37 885.397888 311.433105
0 38 1158.677368 743.994507
0 39 1072.721680 354.647003
