0 1578512666 951.451599 516.921936
0 1707269176 941.166687 735.217407
0 1438989626 763.453247 483.480408
0 1438992629 831.985962 539.835632
0 1568509654 828.189270 568.252991
0 1578523681 755.711914 765.308716
0 1578518674 942.835571 699.795105
0 1438985621 806.567627 730.088623
0 1438994632 989.563965 545.789490
0 1578520676 797.034424 511.094574
0 1568511657 989.038574 574.338196
0 1775370079 952.691101 490.613495
0 1568510655 990.068420 518.379272
0 1578521677 1029.888550 636.738831
0 1769859072 947.417664 602.541809
0 1578525683 874.232971 514.007874
0 1770636073 1030.221313 669.200623
0 1568511656 709.802917 763.556519
0 1438985620 815.790710 661.054871
0 1707993177 1120.726562 742.059448
0 2088218948 858.664490 662.683533
0 1606348170 851.427246 731.797974
0 1438990627 988.490967 604.097717
0 1709860179 1104.167847 496.323212
0 1438988624 901.544495 664.312500
0 1578514668 1030.569214 703.132935
0 1438997636 824.231689 597.875305
0 1568514660 985.362976 774.073669
0 2085418945 1111.744751 608.766724
0 1568501643 986.699158 701.463867
0 1438989625 1073.125854 670.830505
0 1568505649 898.978516 698.126587
0 1568506650 1074.445557 704.802185
0 1568505648 1071.863525 638.330994
0 1568497640 893.481323 770.566895
0 1578511665 939.418579 772.320129
0 1578529688 1109.732422 578.904236
0 1708834178 944.430603 665.941650
0 1568499641 912.839844 515.464783
0 1578525682 1029.264404 575.860046
0 1438996635 986.046509 736.927551
0 1438999639 753.228088 536.859863
0 1578523680 1028.690186 519.836792
0 1578530689 787.990479 566.732178
0 1568508653 736.229492 625.599243
0 1608354172 1116.036743 672.460571
0 1706512175 801.291199 484.906677
0 1438986622 1066.291504 494.895508
0 1438987623 1070.654541 607.210205
0 1578521678 778.163086 627.189880
0 2084722944 1029.569946 605.653870
0 1578522679 868.393494 569.773987
0 1774531078 783.181030 596.320190
0 1525674169 871.372681 541.323853
0 1768901071 1028.419922 493.467987
0 1578526684 948.818176 572.816589
0 1578513667 945.956482 633.554932
0 1438983618 987.322876 667.570984
0 1568502645 811.283569 694.790283
0 1568508652 987.919556 635.146729
0 1438984619 1075.826416 740.348511
0 1659977623 925.940308 617.095459
0 1438982617 906.350037 600.986084
0 1771287074 761.714783 728.379578
0 2087111947 1028.971436 547.278442
0 1578516671 847.551147 768.813965
0 1568513659 908.603088 571.295227
0 1578529687 767.445801 693.122498
0 1568501644 1077.272827 777.581543
0 1438998637 730.061646 657.798157
0 1705773174 876.981567 487.759735
0 1568507651 758.442566 509.638214
0 1438999638 1068.384277 548.767639
0 1438993630 990.553101 492.040649
0 1438995633 839.134033 486.333130
0 1568512658 835.631226 512.551147
0 1568514661 820.102600 628.780823
0 2079485312 925.940979 617.040039
0 1773608077 950.161621 544.300781
0 1438977615 896.293579 733.507568
0 1607644171 1030.933105 738.637878
0 1568504647 1067.317017 521.294434
0 1568500642 903.999329 631.963379
0 1568503646 801.627991 767.061218
0 1568516663 1069.495850 577.382019
0 1578517672 1105.948730 522.752319
0 1578527685 1031.314331 775.827515
0 2086284946 865.288025 599.430603
0 1578518673 1113.844238 639.923523
0 1438981616 914.833923 489.186523
0 1609135173 772.923096 659.426392
0 1568515662 723.614441 691.454895
0 1568516664 747.797119 565.211609
0 1438991628 742.135925 594.765381
0 1438996634 910.764526 542.812195
0 1578519675 1118.328613 706.471680
0 1438993631 716.868652 726.670715
0 1772785076 1107.802124 550.257019
0 1578528686 862.048035 630.372009
0 1772037075 792.604431 538.347656
0 1578515670 855.127808 696.458313
0 1578515669 1123.238403 779.335938
0 0 567.590393 317.302856
0 1 501.293091 368.059021
0 2 480.250183 572.305359
0 3 1055.268677 433.036499
0 4 1243.382080 637.700378
0 5 1479.420410 876.107483
0 6 1280.048340 1043.561279
0 7 1339.141235 830.709900
0 8 826.641968 994.596924
0 9 979.695374 761.607544
