0 1578512666 953.602600 484.915527
0 1524823287 1378.652588 392.889343
0 1478234209 494.721741 460.039093
0 1707269176 844.288452 450.272186
0 1438989626 1038.885620 455.616089
0 1524801259 1295.034424 429.030121
0 1438992629 979.295166 459.184784
0 1478227200 410.574219 499.232513
0 1524854327 1240.823120 416.143524
0 1478249229 359.292175 527.560303
0 1524807266 1393.592773 470.801971
0 1524863340 1426.213257 410.466797
0 1524831297 1412.693848 456.998901
0 1478229202 422.008820 504.651642
0 1568509654 963.210205 454.397491
0 1524790246 1417.628418 416.305969
0 1578523681 886.274780 421.568939
0 1478207175 358.314026 508.494904
0 1524861337 1325.438110 381.622803
0 1478210178 397.277283 476.754395
0 1524862338 1352.411133 460.664642
0 1478186149 419.230042 486.855865
0 1524797254 1430.999512 443.770599
0 1578518674 859.051392 454.950836
0 1438985621 887.012268 431.719086
0 1524857331 1351.781860 394.454498
0 1478203170 377.542908 483.578156
0 1438994632 922.415039 486.811981
0 1578520676 1009.124207 457.398407
0 1478237213 585.244873 482.783356
0 1568511657 906.183167 481.555328
0 1775370079 970.434143 490.249695
0 1478195160 490.145538 444.642334
0 1568510655 938.963013 492.171051
0 1478257240 554.442505 484.628052
0 1578521677 859.551575 478.250946
0 1524794250 1307.234009 392.170349
0 1524812272 1286.666382 418.705078
0 1769859072 904.999023 469.512329
0 1578525683 981.951477 470.865540
0 1770636073 844.195618 473.167236
0 1524846317 1437.174683 420.579407
0 1524833300 1304.963379 422.980530
0 1568511656 899.720703 415.830109
0 1438985620 916.676270 440.547852
0 1478185148 472.307434 450.810425
0 1707993177 783.110535 476.839081
0 1478189152 567.066284 489.825684
0 1524791247 1398.424194 412.107361
0 1524830296 1408.871460 422.262115
0 2088218948 902.766602 446.807800
0 1524827292 1369.914185 398.355255
0 1606348170 873.053955 437.780579
0 1524855329 1293.488037 446.159973
0 1478183145 598.145752 487.957489
0 1438990627 890.258484 476.398132
0 1524840309 1333.953369 390.619080
0 1478222194 504.689270 493.575165
0 1709860179 910.042419 520.805420
0 1478188151 457.673462 521.554016
0 1438988624 888.572693 453.195648
0 1478243222 428.099884 543.660583
0 1524843313 1453.942627 408.829742
0 1524844315 1421.942993 450.315186
0 1524858333 1415.651489 400.722748
0 1524811271 1312.763306 450.904816
0 1524859334 1396.994629 396.772705
0 1478216186 542.053711 479.527191
0 1524851324 1289.905884 388.381927
0 1524814275 1266.418213 430.731445
0 1578514668 829.125244 468.178070
0 1478184146 535.914246 491.698212
0 1524829294 1389.554077 417.969177
0 1478176143 490.307251 519.561707
0 1524860336 1255.985107 436.928162
0 1478222193 413.145142 517.779846
0 1438997636 947.417358 449.697144
0 1478194158 529.522156 504.370087
0 1478201168 379.054962 501.127167
0 1478187150 465.168671 461.777802
0 1478205172 399.355652 493.915771
0 1524838306 1372.016724 447.329559
0 1568514660 814.951782 452.010193
0 1524865342 1219.816650 428.024872
0 2085418945 844.095093 497.962769
0 1524808268 1276.643188 424.658325
0 1478200167 450.041870 485.017365
0 1478194159 390.199249 506.570984
0 1568501643 844.242981 461.496063
0 1478239216 561.321960 502.443939
0 1524820283 1268.688110 414.504120
0 1438989625 828.772949 480.108093
0 1568505649 873.559998 448.538086
0 1478255237 501.300262 449.116119
0 1524804262 1237.738647 432.436554
0 1568506650 813.688416 475.001038
0 1478217187 535.975037 463.022949
0 1568505648 844.146423 485.312958
0 1568497640 844.332214 439.470367
0 1578511665 829.789551 445.677277
0 1478258241 457.752319 473.171661
0 1524796253 1361.854614 436.274353
0 1478206173 369.378082 514.070190
0 1524826291 1322.897217 444.392151
0 1578529688 860.093689 503.504333
0 1478233207 435.550171 463.520355
0 1708834178 874.085693 459.715424
0 1478189153 445.551727 515.809265
0 1568499641 967.928711 477.815308
0 1478245224 454.112549 457.101837
0 1524852325 1342.423950 449.115143
0 1478219190 440.573853 549.946289
0 1578525682 891.153259 488.712952
0 1478232206 437.011658 529.438354
0 1524818280 1314.696289 417.050293
0 1524850322 1382.587646 458.829651
0 1438996635 829.463806 456.709869
0 1524832299 1333.221802 421.306458
0 1478242220 427.548920 474.960968
0 1524789245 1473.594238 412.990387
0 1438999639 1005.999512 446.214233
0 1478196161 487.887665 471.386353
0 1478252234 547.955261 467.827820
0 1524803261 1342.776855 399.941162
0 1478211179 382.366882 539.565063
0 1578523680 923.999695 499.587036
0 1578530689 976.741089 447.953766
0 1568508653 958.845032 432.733215
0 1524826290 1403.245972 463.826294
0 1524847319 1390.820679 434.539642
0 1524810270 1251.020630 410.375732
0 1524835302 1323.587891 427.332520
0 1524821284 1434.631226 404.741150
0 1524799257 1352.078247 425.638672
0 1478233208 485.402191 500.826599
0 1608354172 813.018188 487.198425
0 1524835303 1248.260986 426.339752
0 1478251232 512.653137 453.669342
0 1524812273 1284.903809 435.202637
0 1706512175 1025.768677 462.252777
0 1438986622 925.651978 512.907654
0 1478211180 430.517212 492.049591
0 1524823286 1407.121704 406.359619
0 1478223195 529.893372 474.520386
0 1478244223 461.606384 490.187744
0 1438987623 859.817078 490.618469
0 1478193157 453.743042 502.736877
0 1478198164 446.550507 468.302246
0 1524862339 1351.925903 409.606995
0 1478236212 542.303040 509.925995
0 1478240217 548.496338 497.019592
0 1478214183 388.347229 488.698578
0 1578521678 945.511475 438.845520
0 1524844314 1362.317261 453.926819
0 1524848320 1288.331055 403.122894
0 1524806265 1342.548584 431.763092
0 1524787243 1410.725708 439.112732
0 1478241219 477.880066 513.843445
0 1524799256 1313.758301 433.480927
0 1478190154 502.983063 525.394470
0 1478226198 465.694336 508.236206
0 1478208176 380.660004 519.755249
0 1478214184 572.583923 477.705505
0 2084722944 875.201294 483.431915
0 1578522679 949.398010 460.975220
0 1524825289 1465.416016 418.900360
0 1774531078 960.986023 443.358734
0 1525674169 965.522705 465.874176
0 1478197162 326.352905 510.423401
0 1524815276 1303.727051 439.755432
0 1768901071 940.912842 505.186310
0 1578526684 920.893921 474.549622
0 1478182144 408.152008 481.758331
0 1524853326 1372.804810 465.684723
0 1478218189 579.931885 495.122803
0 1578513667 889.398987 464.568420
0 1438983618 859.296570 466.371185
0 1478224196 516.986572 498.920837
0 1478247227 357.393127 490.545563
0 1524792248 1299.177490 383.137817
0 1524795252 1445.641724 414.646393
0 1524808267 1324.239380 411.235870
0 1478191155 470.038025 527.413940
0 1524856330 1439.869629 437.360901
0 1478236211 524.209534 458.304230
0 1478258242 315.793610 504.929840
0 1478212181 510.130402 511.882355
0 1478185147 523.568787 486.476990
0 1568502645 901.713196 436.094452
0 1568508652 874.632385 471.337677
0 1438984619 798.884705 469.989075
0 1659977623 904.424438 463.668610
0 1478209177 416.608978 470.069855
0 1438982617 919.432739 462.769806
0 1524805264 1297.872437 397.594574
0 1771287074 900.698608 425.775726
0 2087111947 907.416321 494.096985
0 1524817279 1332.400879 455.738831
0 1524795251 1381.515747 440.868591
0 1478230204 473.391052 495.456543
0 1478230203 347.461517 503.026276
0 1524847318 1361.006958 403.926758
0 1578516671 858.588440 433.385712
0 1568513659 935.295715 467.691132
0 1578529687 915.374878 430.056061
0 1524819282 1352.239746 442.628387
0 1478253235 497.646332 506.300842
0 1524836304 1361.418579 419.635986
0 1478243221 368.121582 495.786285
0 1568501644 784.354065 465.069550
0 1438998637 943.676392 428.396637
0 1524816278 1261.022217 404.718781
0 1705773174 998.693054 475.951904
0 1524845316 1457.072388 424.929626
0 1524842312 1448.558716 431.081879
0 1568507651 1022.292236 450.872192
0 1438999638 892.085510 501.543304
0 1478252233 560.156128 472.721161
0 1438993630 955.836609 497.635498
0 1478237214 415.878998 537.502380
0 1524857332 1342.881836 385.315979
0 1478248228 492.623535 488.330231
0 1478225197 461.855194 541.574158
0 1524859335 1399.937500 428.338745
0 1524832298 1371.274780 430.049011
0 1478200166 418.791748 558.515381
0 1478250231 506.233276 464.778778
0 1478245225 403.903534 531.467834
0 1438995633 1012.374023 469.029877
0 1524804263 1333.597778 405.533875
0 1524839308 1380.506104 423.948517
0 1524849321 1258.575562 420.363464
0 1568512658 995.680298 464.061401
0 1568514661 931.908508 445.081329
0 1478231205 483.414856 455.383728
0 1773608077 937.092224 479.683136
0 1438977615 858.815491 443.963684
0 1524834301 1324.855103 396.022888
0 1607644171 814.332458 463.280792
0 1524800258 1428.536621 426.632324
0 1568504647 908.701660 507.168915
0 1568500642 903.861084 457.938751
0 1478256239 480.782898 483.183075
0 1524815277 1270.833374 399.169525
0 1568503646 872.566650 427.419708
0 1478220191 392.166260 525.553284
0 1478207174 438.691345 479.942657
0 1524841311 1360.617554 389.070984
0 1478213182 424.959930 523.551270
0 1524813274 1306.130493 407.144409
0 1568516663 875.793823 496.027557
0 1578517672 893.057556 514.922241
0 1578527685 799.809753 458.472931
0 1478240218 499.561798 476.323700
0 1478215185 449.307556 535.444824
0 1524838307 1280.459473 393.724884
0 1478197163 469.161194 478.131134
0 1478221192 517.955261 469.605072
0 1524819281 1419.721924 432.808807
0 2086284946 933.569153 456.166138
0 1524824288 1274.565186 441.501892
0 1524802260 1308.279053 377.989899
0 1478226199 442.019501 497.342316
0 1578518673 828.406250 492.528503
0 1438981616 984.716248 483.023529
0 1478238215 482.652863 533.392395
0 1609135173 930.310120 434.411987
0 1524837305 1316.421021 386.847382
0 1524793249 1296.493530 412.868256
0 1568515662 928.770630 424.135193
0 1568516664 989.999207 441.639893
0 1438991628 974.283569 437.146942
0 1478249230 522.861572 517.574280
0 1438996634 951.458191 472.705444
0 1578519675 797.922363 481.969604
0 1524829295 1388.358032 402.323059
0 1524864341 1315.582520 401.530365
0 1478255238 394.259338 545.752197
0 1438993631 914.120850 419.946991
0 1524788244 1278.604736 408.758362
0 1772785076 876.411316 509.156372
0 1524828293 1332.823608 438.012939
0 1478203171 370.713562 533.502319
0 1524798255 1401.541870 445.548035
0 1478199165 433.665833 510.176208
0 1578528686 918.027954 451.444458
0 1478192156 401.560516 512.120850
0 1478228201 476.425201 466.538544
0 1772037075 992.784546 452.632874
0 1578515670 887.777710 442.253876
0 1524851323 1342.665894 415.399078
0 1478218188 348.096039 521.735352
0 1478202169 511.453461 481.353027
0 1478254236 337.118408 516.024231
0 1478246226 406.398346 552.067627
0 1524809269 1379.553223 407.981567
0 1524822285 1392.164551 452.118927
0 1524841310 1230.423828 422.025421
0 1478235210 336.814575 497.661194
0 1578515669 768.574829 471.804260
0 1524854328 1370.575073 413.751434
0 0 1270.508911 358.038727
0 1 473.053314 404.723022
0 2 1237.190308 412.873505
0 3 575.414490 402.801117
0 4 1014.695801 337.844513
0 5 778.173706 345.999878
0 6 472.322357 441.488007
0 7 742.877625 333.566772
0 8 796.224487 319.477051
0 9 341.263580 527.681702
0 10 859.554199 311.057465
0 11 501.092712 452.632446
0 12 1074.446045 625.179871
0 13 1242.058960 370.231232
0 14 580.340698 509.029999
0 15 755.505432 317.242676
0 16 948.308777 292.720734
0 17 736.560486 727.016785
0 18 910.055603 292.880280
0 19 1113.703369 468.909393
0 20 402.140533 554.021729
0 21 1192.228394 408.203735
0 22 470.177063 619.977295
0 23 1129.807861 590.247375
0 24 660.110718 381.968201
0 25 940.881836 561.072083
0 26 1006.793152 525.860229
0 27 316.122101 507.881500
0 28 607.605347 411.346100
0 29 779.470764 547.917358
0 30 898.421448 311.345825
0 31 834.345764 303.895966
0 32 884.652283 299.782349
0 33 812.824585 520.953491
0 34 850.167175 288.828064
0 35 369.719299 479.845215
0 36 721.209961 486.858368
0 37 944.807068 306.397186
0 38 1229.973145 567.157654
0 39 866.885681 321.680756
