0 1578512666 897.944641 561.048950
0 1478234209 1380.457031 459.440430
0 1707269176 1098.521606 575.685364
0 1438989626 860.491333 641.817078
0 1524801259 515.145935 849.629028
0 1438992629 925.153687 611.108826
0 1478227200 1329.293091 407.156372
0 1524854327 636.647217 857.185303
0 1478249229 1293.476562 378.418945
0 1524807266 302.309113 780.795593
0 1524863340 243.173615 1038.912964
0 1524831297 269.088379 834.326599
0 1478229202 1307.566406 405.429840
0 1568509654 955.575684 613.278259
0 1524790246 263.864838 1000.837708
0 1578523681 1140.302246 643.599182
0 1478207175 1340.310547 390.563965
0 1478210178 1400.436646 421.897766
0 1524862338 380.712463 785.818909
0 1478186149 1356.549683 418.424286
0 1524797254 232.303741 893.600403
0 1578518674 1070.037964 573.606873
0 1438985621 1106.731567 624.057312
0 1524857331 436.660461 1049.599609
0 1478203170 1394.275269 412.320251
0 1438994632 927.269775 548.305359
0 1578520676 893.489868 626.146118
0 1478237213 1244.505859 459.448151
0 1568511657 955.525208 550.381714
0 1775370079 869.062317 558.941345
0 1478195160 1434.030884 474.118103
0 1568510655 898.959106 546.224915
0 1478257240 1263.651123 450.356049
0 1578521677 1010.876404 540.127441
0 1524794250 544.623596 1016.716370
0 1524812272 545.437622 881.191895
0 1769859072 984.247620 567.346619
0 1578525683 895.801086 592.371765
0 1770636073 1038.478394 542.169495
0 1524846317 216.548264 998.161743
0 1524833300 503.758728 878.642029
0 1568511656 1143.970703 661.687134
0 1438985620 1046.459351 619.759277
0 1478185148 1426.912720 463.053467
0 1707993177 1088.863037 518.778076
0 1478189152 1240.174927 448.530212
0 1524791247 311.030640 1003.505310
0 1524830296 283.386963 964.913879
0 2088218948 1044.743530 603.078552
0 1524827292 388.526001 1046.941040
0 1606348170 1103.892578 607.330505
0 1524855329 497.541046 793.304199
0 1478183145 1220.637451 457.600647
0 1438990627 983.725464 552.454041
0 1524840309 484.637939 1052.249390
0 1478222194 1277.457397 431.221497
0 1709860179 874.874084 502.745148
0 1478188151 1242.187500 400.234467
0 1438988624 1043.090820 587.011292
0 1478243222 1213.141479 380.380554
0 1524843313 170.889923 1076.630615
0 1524844315 251.176437 863.189453
0 1524811271 458.701172 790.815674
0 1478216186 1287.088867 452.178894
0 1524851324 590.899902 1019.333496
0 1524814275 565.571655 824.545593
0 1578514668 1066.027710 544.207703
0 1478184146 1259.105591 439.741486
0 1524829294 329.192047 967.561768
0 1478176143 1224.073364 407.939240
0 1524860336 574.913940 798.261536
0 1478222193 1281.275879 394.467407
0 1438997636 985.933777 615.443115
0 1478194158 1231.890381 427.645386
0 1478201168 1345.575684 399.597015
0 1478187150 1397.128662 450.525513
0 1478205172 1350.986694 408.880280
0 1524838306 351.564575 839.455872
0 1568514660 1123.905884 562.755310
0 1524865342 651.880249 803.192810
0 2085418945 982.264832 510.791290
0 1524808268 555.758423 852.154785
0 1478200167 1339.967896 426.482239
0 1478194159 1324.174561 397.889709
0 1568501643 1067.997314 558.646790
0 1478239216 1212.800171 436.123535
0 1524820283 586.998352 883.734497
0 1438989625 1037.046265 528.246338
0 1568505649 1072.153564 589.116577
0 1478255237 1410.477661 472.295013
0 1524804262 613.447754 800.730408
0 1568506650 1064.125488 530.262695
0 1478217187 1339.583130 466.807495
0 1568505648 1009.916138 526.226196
0 1568497640 1130.103760 593.314392
0 1578511665 1126.949097 577.759766
0 1478258241 1368.157959 438.339691
0 1524796253 378.008331 870.948853
0 1478206173 1319.194092 388.873016
0 1524826291 446.451904 817.022766
0 1578529688 955.491760 508.785339
0 1478233207 1413.292725 441.881866
0 1708834178 1041.497803 571.524231
0 1478189153 1264.013672 401.968903
0 1568499641 896.892700 576.420959
0 1478245224 1420.003052 452.312714
0 1524852325 406.529816 814.501526
0 1478219190 1191.836304 378.674469
0 1578525682 955.513611 536.031616
0 1478232206 1238.248047 391.034851
0 1524818280 491.766174 909.197632
0 1524850322 326.359863 809.438538
0 1438996635 1095.978760 560.703064
0 1524832299 448.838318 906.617065
0 1478242220 1384.539673 429.995300
0 1524789245 120.403847 1073.912964
0 1438999639 923.969116 646.266479
0 1478196161 1351.269165 446.942413
0 1478252234 1315.873047 464.972260
0 1524803261 451.630798 1011.457031
0 1478211179 1251.645752 375.056915
0 1578523680 899.938049 531.920044
0 1578530689 955.589600 630.537354
0 1568508653 1018.666748 652.904175
0 1524826290 286.111053 806.896729
0 1524847319 319.298889 898.830017
0 1524810270 628.441467 886.269958
0 1524835302 461.961273 876.084961
0 1524821284 221.204971 1079.338867
0 1524799257 405.784851 904.028992
0 1478233208 1272.848145 421.192017
0 1608354172 1035.662354 514.792053
0 1524835303 605.064209 827.039734
0 1478251232 1386.885376 470.468872
0 1524812273 525.972351 822.044800
0 1706512175 862.339844 623.943298
0 1438986622 873.496216 516.068176
0 1478211180 1334.555542 416.683502
0 1524823286 291.783386 1041.597778
0 1478223195 1310.488281 453.998718
0 1478244223 1317.629639 424.721619
0 1438987623 982.734924 524.202271
0 1478193157 1290.464966 413.193909
0 1478198164 1390.743286 440.112183
0 1524862339 420.378204 972.833008
0 1478236212 1209.052368 425.853058
0 1478240217 1235.971680 437.933990
0 1478214183 1372.647461 410.601532
0 1578521678 1017.423828 634.909973
0 1524844314 366.499268 811.973511
0 1524848320 566.964844 946.604431
0 1524806265 420.044647 873.520508
0 1524787243 275.865265 896.219055
0 1478241219 1246.238159 409.693512
0 1524799256 474.420746 847.096375
0 1478190154 1201.874146 406.182251
0 1478226198 1268.368774 411.445068
0 1478208176 1298.046509 387.179565
0 1478214184 1268.334473 461.292603
0 2084722944 983.221558 538.081482
0 1578522679 955.562378 596.667786
0 1524825289 145.473267 1033.516846
0 1774531078 986.539795 632.725952
0 1525674169 925.712585 594.522034
0 1478197162 1355.994141 383.443573
0 1524815276 486.265930 819.537170
0 1768901071 872.070068 529.858276
0 1578526684 955.537170 565.251587
0 1478182144 1378.510132 420.162354
0 1524853326 341.562866 783.310547
0 1478218189 1216.660156 446.701385
0 1578513667 1012.901123 569.437500
0 1438983618 1039.961304 556.586548
0 1478224196 1254.692017 429.434875
0 1478247227 1388.281860 403.003967
0 1524792248 580.125244 1057.523438
0 1524795252 194.403824 1036.219360
0 1524808267 479.118469 941.422241
0 1478191155 1220.328003 398.497406
0 1524856330 212.390823 925.687561
0 1478236211 1363.253906 468.639709
0 1478258242 1376.772705 385.113556
0 1478212181 1227.926025 417.651337
0 1478185147 1282.202393 441.546082
0 1568502645 1076.626953 621.910522
0 1568508652 1011.870789 554.522278
0 1438984619 1091.153809 532.275269
0 1659977623 998.980286 576.048523
0 1478209177 1406.773193 431.747742
0 1438982617 984.788940 582.788025
0 1524805264 556.106873 980.679138
0 1771287074 1109.680786 641.433838
0 2087111947 927.752563 533.977783
0 1524817279 419.758423 788.320679
0 1524795251 335.851868 868.369812
0 1478230204 1295.256348 422.958160
0 1478230203 1361.395752 392.252441
0 1524847318 404.912933 1008.814819
0 1578516671 1133.376221 609.449951
0 1568513659 955.549500 580.669983
0 1578529687 1078.994019 639.263855
0 1524819282 392.630585 842.009766
0 1478253235 1250.404663 419.423035
0 1524836304 390.743835 936.208923
0 1478243221 1366.944824 401.301758
0 1568501644 1118.131470 534.284058
0 1438998637 1050.095093 655.107056
0 1524816278 619.801392 916.894287
0 1705773174 865.827759 590.217163
0 1524845316 169.080231 995.477112
0 1524842312 191.349243 959.593445
0 1568507651 892.265015 644.044250
0 1438999638 928.218689 520.142883
0 1478252233 1292.123535 463.133942
0 1438993630 870.593018 544.140381
0 1478237214 1234.414917 382.084076
0 1478248228 1300.186646 433.005280
0 1478225197 1195.090332 387.591888
0 1524859335 301.836273 930.964111
0 1524832298 362.605225 901.433289
0 1478200166 1188.669189 369.995392
0 1478250231 1357.172241 457.629486
0 1478245225 1255.656982 383.785095
0 1438995633 864.117310 606.756287
0 1524804263 465.760559 975.456421
0 1524839308 346.356995 933.590454
0 1524849321 596.258667 854.673523
0 1568512658 894.667664 608.934875
0 1568514661 1016.228271 617.603455
0 1478231205 1403.703857 461.248444
0 1773608077 926.769531 563.152344
0 1438977615 1101.157837 591.217590
0 1524834301 498.200806 1014.090820
0 1607644171 1093.524292 546.241943
0 1524800258 237.439545 962.257812
0 1568504647 900.883301 518.107483
0 1568500642 1013.969299 584.901794
0 1478256239 1322.879639 434.786255
0 1524815277 610.691406 949.183899
0 1568503646 1136.773315 626.199646
0 1478220191 1276.867432 385.483582
0 1478207174 1362.271118 428.240143
0 1478213182 1259.778076 392.752411
0 1524813274 523.107361 944.017212
0 1568516663 955.502502 522.174438
0 1578517672 901.796570 504.762268
0 1578527685 1120.968506 548.272339
0 1478240218 1328.284058 445.146515
0 1478215185 1216.685425 389.314667
0 1524838307 601.072205 983.278442
0 1478197163 1345.536865 436.564362
0 1478221192 1333.849365 455.815582
0 1524819281 257.181061 928.329834
0 2086284946 985.350586 598.809082
0 1524824288 536.278503 795.786133
0 1478226199 1312.527222 414.940063
0 1578518673 1008.988281 512.793518
0 1438981616 867.474976 574.289978
0 1478238215 1198.435181 396.757660
0 1609135173 1048.241821 637.089172
0 1524837305 532.459290 1054.890747
0 1524793249 534.568909 911.770630
0 1568515662 1081.455078 657.305237
0 1568516664 955.604065 648.483826
0 1438991628 987.169861 650.696411
0 1478249230 1205.411865 415.876801
0 1438996634 926.250793 578.547607
0 1578519675 1062.287354 516.786926
0 1524829295 340.233917 1044.273804
0 1524864341 511.003235 978.071777
0 1478255238 1230.684204 373.372223
0 1438993631 1112.746948 659.498596
0 1524788244 577.247131 914.336182
0 1772785076 928.669067 506.775665
0 1524828293 433.582489 844.556580
0 1478203171 1272.576538 376.739166
0 1524798255 293.574768 865.783264
0 1478199165 1285.806641 403.700684
0 1578528686 1015.077637 600.945984
0 1478192156 1302.741333 396.179871
0 1478228201 1374.217285 448.735382
0 1772037075 924.573059 628.344116
0 1578515670 1074.348389 605.206726
0 1524851323 434.997498 938.819458
0 1478218188 1314.346313 380.096283
0 1478202169 1305.261719 443.347748
0 1478254236 1335.185425 381.771118
0 1478246226 1209.692139 371.685028
0 1524809269 358.046478 1006.164307
0 1524822285 310.383972 836.894775
0 1524841310 644.450562 829.527039
0 1478235210 1382.449829 393.938385
0 1578515669 1115.389648 520.765564
0 1524854328 374.855621 970.201477
0 0 1376.661621 427.474487
0 1 1723.848755 778.770325
0 2 1525.560059 530.650330
0 3 598.522400 342.337952
0 4 1267.219849 442.544647
0 5 1576.369751 985.716431
0 6 627.154236 319.160645
0 7 1302.727173 423.184143
0 8 811.060120 400.265900
0 9 1319.888794 383.344025
0 10 1211.770508 435.810516
0 11 1398.578857 481.374115
0 12 878.922241 287.155487
0 13 1478.716919 650.338501
0 14 934.932007 301.767303
0 15 1157.377197 855.363159
0 16 1119.322144 959.264465
0 17 1029.795288 310.887329
0 18 1280.133057 1019.366211
0 19 1584.553101 679.344177
0 20 1259.734741 333.363037
0 21 672.535828 410.700348
0 22 1189.575439 319.024597
0 23 662.324341 282.733917
0 24 1276.047485 940.657410
0 25 1660.851196 880.164429
0 26 1473.469971 840.108948
0 27 1324.595825 408.128357
0 28 1399.753662 454.083893
0 29 1431.679932 434.393585
0 30 1033.203491 426.082428
0 31 1409.883667 512.099792
0 32 637.954163 669.931091
0 33 1441.079346 887.854492
0 34 934.013550 862.540344
0 35 1339.475586 457.357178
0 36 760.126465 805.036682
0 37 578.659973 832.418762
0 38 1299.789551 358.728485
0 39 586.928589 760.330078
