0 1578512666 1033.579590 554.166687
0 1707269176 755.294495 569.267639
0 1438989626 1064.576782 423.839813
0 1438992629 992.339050 476.434814
0 1568509654 954.661926 478.622101
0 1578523681 736.089966 467.023376
0 1578518674 794.600159 567.134766
0 1438985621 768.276367 489.442566
0 1438994632 993.744385 585.279724
0 1578520676 1029.097534 449.671661
0 1568511657 952.827271 587.443909
0 1775370079 1073.941772 551.976440
0 1568510655 1034.820801 583.107056
0 1578521677 869.181274 621.913574
0 1769859072 913.410645 560.687561
0 1578525683 1031.247681 499.802826
0 1770636073 827.858521 624.040039
0 1568511656 740.608582 443.388153
0 1438985620 842.433350 485.137451
0 1707993177 735.231934 692.631165
0 2088218948 839.752380 510.687775
0 1606348170 764.122192 514.986755
0 1438990627 912.068542 589.599731
0 1709860179 1082.991333 675.800354
0 1438988624 836.961670 537.284668
0 1578514668 786.698120 626.158203
0 1438997636 917.119019 480.801636
0 1568514660 710.618408 600.254883
0 2085418945 907.673157 684.285339
0 1568501643 790.733337 596.017456
0 1438989625 824.553345 655.539062
0 1568505649 798.308838 539.432983
0 1568506650 782.483276 657.641052
0 1568505648 866.793213 653.428589
0 1568497640 721.429565 543.705872
0 1578511665 716.136414 571.392517
0 1578529688 951.230164 682.177307
0 1708834178 834.054077 564.993774
0 1568499641 1032.389526 526.422852
0 1578525682 952.318237 617.635315
0 1438996635 750.598938 598.140198
0 1438999639 991.716858 428.236206
0 1578523680 1036.116821 613.323059
0 1578530689 955.076050 454.055176
0 1568508653 883.362122 434.774353
0 1608354172 821.097351 688.475464
0 1706512175 1066.303711 447.468323
0 1438986622 1080.575684 642.747253
0 1438987623 909.203918 651.309631
0 1578521678 881.571228 458.408081
0 2084722944 910.667603 619.778687
0 1578522679 954.231018 504.180573
0 1774531078 918.259460 456.235413
0 1525674169 992.669128 501.995697
0 1768901071 1078.266724 611.153992
0 1578526684 953.314880 558.522156
0 1578513667 873.657349 562.844788
0 1438983618 831.022461 593.886475
0 1568502645 805.289185 487.293823
0 1568508652 871.467224 591.747192
0 1438984619 740.581909 659.734497
0 1659977623 894.371155 547.763428
0 1438982617 914.697571 532.964111
0 1771287074 772.270874 464.880768
0 2087111947 994.134399 615.483459
0 1578516671 726.511475 517.124573
0 1568513659 953.782349 530.791809
0 1578529687 808.577637 462.730682
0 1568501644 698.848328 661.819702
0 1438998637 847.490784 436.938873
0 1705773174 1069.967773 497.601868
0 1568507651 1028.083984 426.041840
0 1438999638 994.541809 647.045837
0 1438993630 1076.057495 580.925964
0 1438995633 1068.099243 472.036621
0 1568512658 1030.151245 474.239655
0 1568514661 879.709717 482.973389
0 2079485312 894.361816 547.706970
0 1773608077 993.370850 556.348633
0 1438977615 759.798401 541.573425
0 1607644171 745.699341 628.267944
0 1568504647 1037.471191 644.900940
0 1568500642 875.757629 535.128418
0 1568503646 731.394409 491.583740
0 1568516663 951.786377 649.182068
0 1578517672 1038.888184 677.934814
0 1578527685 704.861023 630.369568
0 2086284946 915.932678 506.357544
0 1578518673 864.295837 686.384766
0 1438981616 1071.913452 524.226074
0 1609135173 845.010864 460.573120
0 1568515662 811.741821 439.095947
0 1568516664 955.474487 430.423096
0 1438991628 919.356506 432.602478
0 1438996634 993.012756 528.611389
0 1578519675 778.076355 690.557617
0 1438993631 776.114624 441.245697
0 1772785076 994.968140 680.060486
0 1578528686 877.773376 508.526581
0 1772037075 992.021973 451.867249
0 1578515670 801.868896 512.841125
0 1578515669 692.562927 694.696289
0 0 1140.751953 251.962479
0 1 908.057922 307.132385
0 2 1091.039062 550.842834
0 3 985.974548 519.567322
0 4 714.768494 303.685822
0 5 448.009949 881.195129
0 6 480.519043 598.471985
0 7 619.278381 334.409698
0 8 769.348206 780.751221
0 9 381.533081 719.960815
