0 1578512666 1024.051392 592.894897
0 1707269176 893.641846 721.177185
0 1438989626 913.849854 537.294617
0 1438992629 928.347839 583.408142
0 1568509654 910.320984 599.537659
0 1578523681 762.927734 697.027710
0 1578518674 914.185547 700.968567
0 1438985621 811.118530 688.299133
0 1438994632 1034.709839 618.592102
0 1578520676 920.911255 559.754883
0 1568511657 1017.538818 636.069824
0 1775370079 1040.402710 576.810303
0 1568510655 1051.341431 601.663513
0 1578521677 1010.419800 683.264893
0 1769859072 971.802185 644.291870
0 1578525683 971.318115 575.951111
0 1770636073 991.719727 702.988708
0 1568511656 737.258301 686.455566
0 1438985620 852.730835 651.066528
0 1707993177 1014.188599 769.204224
0 2088218948 879.171570 660.943970
0 1606348170 837.932068 698.981934
0 1438990627 999.801636 654.123718
0 1709860179 1152.491211 611.809570
0 1438988624 906.265686 671.065552
0 1578514668 972.362610 723.405457
0 1438997636 891.727600 616.174133
0 1568514660 901.556702 754.123230
0 2085418945 1088.073486 685.119873
0 1568501643 942.899170 712.042419
0 1438989625 1021.685364 714.182983
0 1568505649 886.193481 690.173035
0 1568506650 1002.605530 735.069092
0 1568505648 1040.109253 694.014832
0 1568497640 843.941833 730.394104
0 1578511665 872.369751 742.102356
0 1578529688 1104.990845 665.867188
0 1708834178 934.037659 681.440308
0 1568499641 997.383972 584.326355
0 1578525682 1045.978149 645.759949
0 1438996635 922.592712 732.711548
0 1438999639 878.699707 566.984802
0 1578523680 1079.276123 610.639221
0 1578530689 885.039978 590.923706
0 1568508653 821.863281 614.992615
0 1608354172 1052.440186 725.672119
0 1706512175 938.060059 544.854187
0 1438986622 1123.480225 602.750916
0 1438987623 1057.910522 674.528320
0 1578521678 846.904785 624.059631
0 2084722944 1028.495728 664.199524
0 1578522679 936.190125 608.351990
0 1774531078 866.268555 607.234314
0 1525674169 954.024780 591.901917
0 1768901071 1095.143799 593.903015
0 1578526684 989.776733 626.610474
0 1578513667 953.232483 662.558655
0 1438983618 962.513367 692.078003
0 1568502645 832.267883 669.375793
0 1568508652 981.469910 672.782776
0 1438984619 982.834167 756.712280
0 1659977623 948.790100 648.428711
0 1438982617 944.472290 634.695068
0 1771287074 784.965149 677.879333
0 2087111947 1062.896118 627.915955
0 1578516671 816.243835 718.986389
0 1568513659 962.668091 617.373779
0 1578529687 806.284424 659.354919
0 1568501644 962.332886 779.154419
0 1438998637 801.717285 632.009277
0 1705773174 988.094360 560.477234
0 1568507651 896.532776 551.921814
0 1438999638 1091.767212 637.466431
0 1438993630 1067.458618 585.258423
0 1438995633 962.802307 552.579895
0 1568512658 945.833618 567.762695
0 1568514661 872.540527 633.341797
0 2079485312 948.784912 648.376038
0 1773608077 1007.184326 609.486816
0 1438977615 865.430969 709.937744
0 1607644171 952.313110 744.552490
0 1568504647 1107.878662 619.829468
0 1568500642 925.681396 652.582947
0 1568503646 789.247925 707.867981
0 1568516663 1075.120117 655.689453
0 1578517672 1137.173218 629.242188
0 1578527685 931.533569 766.469482
0 2086284946 917.788269 625.325195
0 1578518673 1070.567017 705.042969
0 1438981616 1013.954651 568.552002
0 1609135173 826.920227 641.424316
0 1568515662 780.922668 649.573730
0 1568516664 860.327271 582.503357
0 1438991628 841.390564 598.498535
0 1438996634 980.296570 600.592529
0 1578519675 1033.659424 747.045532
0 1438993631 759.447693 667.712952
0 1772785076 1121.348267 647.251709
0 1578528686 898.791931 642.846863
0 1772037075 903.245850 575.104553
0 1578515670 858.896057 679.645386
0 1578515669 993.988953 792.192322
0 0 1152.893799 544.878662
0 1 1324.553589 573.997925
0 2 1112.029053 493.691254
0 3 858.747559 407.378510
0 4 670.437256 802.977844
0 5 1136.958984 927.756104
0 6 648.642395 709.473938
0 7 670.058167 602.043945
0 8 1010.263611 733.107666
0 9 968.853271 992.649902
