0 1578512666 1024.424805 509.988434
0 1478234209 1492.996704 320.294220
0 1707269176 1228.363281 489.992950
0 1438989626 1004.692749 597.108276
0 1524801259 714.372375 856.730286
0 1438992629 1062.150024 555.517822
0 1478227200 1428.717651 275.925537
0 1524854327 832.432739 845.695435
0 1478249229 1385.531982 253.060196
0 1524807266 498.855347 822.156677
0 1524863340 499.397156 1078.347778
0 1524831297 479.455658 878.687622
0 1478229202 1405.854980 278.230835
0 1568509654 1092.885742 552.526062
0 1524790246 510.428986 1039.108887
0 1578523681 1285.152344 551.536316
0 1478207175 1436.610596 256.724915
0 1478210178 1505.861450 277.746979
0 1524862338 573.399353 815.129944
0 1478186149 1459.406372 282.424744
0 1524797254 458.086182 940.958740
0 1578518674 1199.155884 492.856659
0 1438985621 1246.972534 537.527649
0 1524857331 682.716736 1061.749634
0 1478203170 1497.395874 269.000610
0 1438994632 1050.800049 492.144196
0 1578520676 1033.960571 575.922852
0 1478237213 1352.371826 345.441559
0 1568511657 1079.373901 489.336334
0 1775370079 995.388245 512.835388
0 1478195160 1552.065063 325.483246
0 1568510655 1022.249817 494.949707
0 1478257240 1370.119873 332.594666
0 1578521677 1132.515503 469.363617
0 1524794250 778.212585 1014.714355
0 1524812272 750.034912 882.907776
0 1769859072 1111.680420 501.433319
0 1578525683 1029.016235 541.735535
0 1770636073 1160.663818 466.591583
0 1524846317 465.999878 1043.156250
0 1524833300 709.751770 886.655762
0 1568511656 1292.718872 569.221863
0 1438985620 1185.255859 543.534973
0 1478185148 1542.268677 315.361938
0 1707993177 1206.451660 434.022827
0 1478189152 1345.596313 335.049591
0 1524791247 554.915466 1035.056274
0 1524830296 520.869995 1001.971252
0 2088218948 1179.972656 527.004822
0 1524827292 636.795471 1065.907471
0 1606348170 1240.539185 521.094604
0 1524855329 685.518433 804.561279
0 1478183145 1327.490234 347.928375
0 1438990627 1107.971191 486.526184
0 1524840309 728.699219 1057.586182
0 1478222194 1380.263428 310.390961
0 1709860179 989.059875 455.518921
0 1478188151 1337.356323 285.137634
0 1438988624 1174.881714 511.076569
0 1478243222 1303.315430 270.200439
0 1524844315 469.035431 909.052368
0 1524811271 648.104980 808.088013
0 1478216186 1394.660522 330.138031
0 1524851324 823.045715 1010.630249
0 1524814275 757.154480 824.618469
0 1578514668 1188.834961 463.817322
0 1478184146 1363.179932 322.542389
0 1524829294 564.171143 998.003906
0 1478176143 1320.410889 296.420776
0 1524860336 760.467285 797.496460
0 1478222193 1376.362915 271.884399
0 1438997636 1123.648438 549.531738
0 1478194158 1332.636963 315.173004
0 1478201168 1443.999756 265.055450
0 1478187150 1508.485962 307.974304
0 1478205172 1451.595337 273.618744
0 1524838306 557.583557 871.385071
0 1568514660 1251.311890 472.440643
0 1524865342 835.578918 790.416199
0 2085418945 1097.585693 444.787720
0 1524808268 753.681030 853.056213
0 1478200167 1443.901245 293.850952
0 1478194159 1421.439575 267.333221
0 1568501643 1193.904663 478.081818
0 1478239216 1314.878784 327.384979
0 1524820283 790.365051 879.155396
0 1438989625 1156.246094 452.769897
0 1568505649 1204.598389 508.169739
0 1478255237 1527.040771 327.984283
0 1524804262 798.002686 793.958252
0 1568506650 1183.937256 450.037231
0 1478217187 1452.075562 335.476654
0 1568505648 1128.577148 455.500366
0 1568497640 1264.107788 502.348572
0 1578511665 1257.595215 487.126862
0 1478258241 1475.711670 300.807220
0 1524796253 589.183594 897.873535
0 1478206173 1414.359253 258.974426
0 1524826291 642.141296 835.415283
0 1578529688 1070.422485 447.473633
0 1478233207 1523.533691 296.005554
0 1708834178 1169.972900 495.717926
0 1478189153 1360.174316 282.836884
0 1568499641 1026.678711 525.573608
0 1478245224 1532.762451 305.540405
0 1524852325 603.888611 839.006287
0 1478219190 1281.149048 272.441315
0 1578525682 1076.287231 474.900879
0 1478232206 1331.344482 276.429718
0 1524818280 704.895813 918.105896
0 1524850322 527.510132 846.176270
0 1438996635 1222.596436 475.262421
0 1524832299 663.638000 921.926086
0 1478242220 1490.998169 289.115204
0 1438999639 1068.492554 590.931213
0 1478196161 1459.983276 312.837097
0 1478252234 1427.122925 337.970581
0 1524803261 688.720398 1022.866943
0 1478211179 1341.699463 257.496979
0 1578523680 1020.149780 480.429199
0 1578530689 1096.588379 569.842712
0 1568508653 1164.412598 581.644348
0 1524826290 489.384338 849.755371
0 1524847319 540.159851 933.359314
0 1524810270 830.742249 875.398621
0 1524835302 669.515564 890.399414
0 1524799257 622.429504 925.741699
0 1478233208 1373.374756 300.942566
0 1608354172 1151.976074 439.409454
0 1524835303 795.577454 821.011536
0 1478251232 1502.034546 330.483490
0 1524812273 718.774231 828.221436
0 1706512175 1002.688843 578.958801
0 1438986622 990.561646 469.120209
0 1478211180 1436.201904 284.761292
0 1524823286 545.135742 1074.206543
0 1478223195 1419.218628 327.679718
0 1478244223 1420.376587 296.216431
0 1438987623 1100.930054 458.228668
0 1478193157 1389.839355 289.429718
0 1478198164 1499.614502 298.407196
0 1524862339 650.936829 990.054199
0 1478236212 1308.848145 317.561584
0 1478240217 1339.020996 324.964508
0 1478214183 1474.488159 271.310455
0 1578521678 1159.329590 563.751587
0 1524844314 565.678223 842.593262
0 1524848320 784.606873 943.386719
0 1524806265 629.326233 894.138672
0 1524787243 499.098572 937.161316
0 1478241219 1343.538330 294.091949
0 1524799256 675.108398 860.400269
0 1478190154 1297.298706 298.748016
0 1478226198 1366.681152 291.761627
0 1478208176 1392.122314 261.222473
0 1478214184 1377.270996 342.953003
0 2084722944 1104.390015 472.133362
0 1578522679 1089.320068 535.850952
0 1774531078 1127.944946 566.798462
0 1525674169 1059.155029 538.794495
0 1478197162 1451.384033 246.394547
0 1524815276 680.436523 831.820312
0 1768901071 992.115112 483.190002
0 1578526684 1082.570923 504.287384
0 1478182144 1482.626099 280.086639
0 1524853326 536.107239 818.645142
0 1478218189 1321.090088 337.502747
0 1578513667 1140.814453 498.576843
0 1438983618 1165.236572 480.898926
0 1478224196 1356.442139 312.782776
0 1478247227 1489.163818 260.495422
0 1524792248 820.848083 1049.242798
0 1524808267 699.785889 951.200500
0 1478191155 1314.553467 287.436920
0 1524856330 446.566528 974.527222
0 1478236211 1477.046143 332.980988
0 1478258242 1473.362427 244.169846
0 1478212181 1326.436279 305.662384
0 1478185147 1387.355591 320.118591
0 1568502645 1216.100586 540.532715
0 1568508652 1136.592041 483.713715
0 1438984619 1211.650391 447.302399
0 1659977623 1128.280884 507.649200
0 1478209177 1514.570557 286.744934
0 1438982617 1115.524658 516.882751
0 1524805264 781.495667 978.092041
0 1771287074 1253.653931 554.594238
0 2087111947 1048.207153 477.666168
0 1524817279 610.731934 811.610840
0 1524795251 549.087646 901.604126
0 1478230204 1396.867798 298.580292
0 1478230203 1458.875977 254.473984
0 1524847318 644.061096 1026.935303
0 1578516671 1270.862061 518.135559
0 1568513659 1085.884033 519.782227
0 1578529687 1222.184082 557.649475
0 1524819282 596.714050 867.727661
0 1478253235 1349.897583 303.303284
0 1524836304 615.172668 958.995056
0 1478243221 1466.574585 262.776184
0 1568501644 1239.385620 444.565399
0 1438998637 1196.444946 578.543030
0 1524816278 828.965454 906.617981
0 1705773174 998.903503 544.674072
0 1524845316 421.628052 1047.198364
0 1524842312 434.430756 1009.891113
0 1568507651 1036.578003 594.021118
0 1438999638 1045.702026 463.678772
0 1478252233 1402.187988 340.462677
0 1438993630 993.723022 497.752960
0 1478237214 1325.495850 267.958099
0 1478248228 1404.101074 307.997467
0 1478225197 1286.384277 280.969086
0 1524859335 530.766479 966.770630
0 1524832298 581.270142 929.552795
0 1478200166 1276.053955 264.141754
0 1478250231 1468.386597 322.757812
0 1478245225 1347.690552 265.714294
0 1438995633 1000.760559 561.493408
0 1524804263 694.401611 986.071838
0 1524839308 572.943787 962.885254
0 1524849321 793.034546 849.377869
0 1568512658 1031.441650 558.506897
0 1568514661 1154.438599 546.534668
0 1478231205 1517.624023 317.828949
0 1773608077 1053.485596 507.139130
0 1438977615 1234.340332 505.260406
0 1524834301 733.437500 1018.793274
0 1607644171 1217.028809 461.040863
0 1524800258 477.623230 1005.933716
0 1568504647 1018.120850 466.400604
0 1568500642 1145.190552 513.980896
0 1478256239 1427.954834 305.602356
0 1524815277 827.095520 939.472656
0 1568503646 1277.872070 534.519958
0 1478220191 1369.899292 263.469116
0 1478207174 1467.441772 291.483887
0 1478213182 1353.846436 274.157776
0 1524813274 742.170349 947.296021
0 1568516663 1073.305054 460.954803
0 1578517672 1016.159607 452.839264
0 1578527685 1245.245728 458.262115
0 1478240218 1435.757324 315.265961
0 1478215185 1308.857178 278.700134
0 1524838307 825.125061 974.094543
0 1478197163 1451.825073 303.205597
0 1478221192 1443.793945 325.219635
0 1524819281 488.640808 970.651306
0 2086284946 1119.511353 532.904785
0 1524824288 722.972534 801.030762
0 1478226199 1413.012939 287.096283
0 1578518673 1124.770264 442.099640
0 1438981616 997.113892 528.465637
0 1478238215 1291.765381 289.734680
0 1609135173 1190.742676 560.701904
0 1524837305 774.742981 1053.417358
0 1524793249 746.202881 914.281189
0 1568515662 1228.506714 575.438843
0 1568516664 1100.436523 587.838440
0 1438991628 1132.409790 584.742798
0 1478249230 1302.990601 308.019928
0 1438996634 1056.268799 522.679138
0 1578519675 1179.203125 436.717224
0 1524829295 590.935181 1070.059814
0 1524864341 737.921204 982.084412
0 1478255238 1319.803955 259.713318
0 1438993631 1260.597900 572.331787
0 1524788244 787.559387 910.451904
0 1772785076 1043.280396 450.157501
0 1524828293 635.888977 864.066040
0 1478203171 1363.608887 255.279297
0 1524798255 509.038300 905.330444
0 1478199165 1383.007202 280.534607
0 1578528686 1149.728882 529.956116
0 1478192156 1398.894043 269.609558
0 1478228201 1484.226318 310.406555
0 1772037075 1065.260376 572.884094
0 1578515670 1210.242676 524.050964
0 1524851323 657.453369 955.100220
0 1478218188 1407.468872 250.839691
0 1478202169 1411.548096 317.693085
0 1478254236 1429.419556 248.617828
0 1478246226 1297.922119 261.928223
0 1524809269 599.459473 1030.998413
0 1524822285 518.497437 875.038452
0 1524841310 834.043152 817.400574
0 1478235210 1481.155762 252.221634
0 1578515669 1233.721436 431.326355
0 1524854328 607.526733 994.031494
0 0 1710.046875 537.445007
0 1 785.148987 400.164062
0 2 1246.295776 344.315613
0 3 1551.892578 834.631714
0 4 841.970886 402.081421
0 5 1165.272095 218.698975
0 6 1817.720459 794.394409
0 7 835.029297 724.571533
0 8 832.936523 661.215698
0 9 681.492004 352.729431
0 10 817.364563 535.727661
0 11 766.901978 270.272919
0 12 866.381653 904.037170
0 13 567.755615 490.142517
0 14 1626.360596 509.368958
0 15 1249.774414 320.380310
0 16 1518.498413 325.806488
0 17 517.448730 739.681274
0 18 1431.131104 286.350067
0 19 1455.341064 326.187225
0 20 666.962219 383.482483
0 22 627.767456 491.371826
0 23 1019.639771 906.788879
0 24 1051.340576 226.251755
0 25 1657.901245 396.420471
0 26 1630.173340 360.973541
0 27 697.657593 324.697357
0 28 959.274963 252.817688
0 29 759.301636 806.333557
0 30 842.678406 474.280396
0 31 1439.234985 259.525360
0 32 1545.267456 282.665039
0 33 1715.407349 433.662445
0 34 1343.500000 293.275696
0 35 734.446777 300.065552
0 36 1767.021973 480.309601
0 37 1709.144531 363.319397
0 38 553.628845 568.543640
0 39 1485.979370 287.891815
