0 1578512666 956.011902 355.646240
0 1524823287 1065.209717 140.929764
0 1478234209 338.594879 606.159790
0 1707269176 766.460876 376.558624
0 1438989626 956.452209 296.902252
0 1524801259 1082.937988 190.970123
0 1438992629 915.667969 323.609680
0 1478227200 346.196350 717.714417
0 1524854327 1020.487732 196.806824
0 1478249229 369.175079 794.782593
0 1524807266 1219.946655 194.454468
0 1524863340 1127.557617 142.257553
0 1524831297 1205.273560 179.536453
0 1478229202 387.066895 711.959534
0 1568509654 890.097290 326.328278
0 1524790246 1133.411377 148.698639
0 1578523681 731.999390 331.496643
0 1478207175 289.243042 778.447205
0 1524861337 1007.855408 145.958939
0 1478210178 230.777939 709.193970
0 1524862338 1178.578125 198.397446
0 1478186149 312.310059 697.920105
0 1524797254 1191.310913 165.340988
0 1578518674 794.023682 373.517731
0 1438985621 760.058044 340.153656
0 1524857331 1051.056396 149.024170
0 1478203170 221.476501 735.275818
0 1438994632 934.288086 370.994659
0 1578520676 936.421387 310.019379
0 1478237213 556.890015 558.554260
0 1568511657 907.108948 374.031982
0 1775370079 982.458374 352.728485
0 1478195160 271.564880 594.824585
0 1568510655 961.305542 367.975403
0 1478257240 519.969604 582.731445
0 1578521677 855.979736 393.254700
0 1524794250 1016.870178 159.098083
0 1524812272 1056.819214 185.440201
0 1769859072 875.735352 364.502808
0 1578525683 945.914429 332.128998
0 1770636073 827.856201 396.438995
0 1524846317 1152.542114 146.991516
0 1524833300 1077.294434 183.544785
0 1568511656 730.442871 320.372864
0 1438985620 812.515930 334.576508
0 1478185148 264.090393 615.783569
0 1707993177 776.036560 431.003571
0 1478189152 555.431763 578.150818
0 1524791247 1114.197876 150.413101
0 1524830296 1139.404053 155.292633
0 2088218948 815.391968 346.174622
0 1524827292 1070.304932 147.321625
0 1606348170 762.125122 351.906677
0 1524855329 1115.790527 204.381927
0 1478183145 591.385254 554.169189
0 1438990627 879.766602 377.087524
0 1524840309 1031.724976 150.734055
0 1478222194 478.077667 629.747253
0 1709860179 1006.436218 404.200806
0 1478188151 507.631805 694.983032
0 1438988624 818.359375 358.141418
0 1478243222 543.291565 741.298706
0 1524843313 1140.555664 134.322937
0 1524844315 1198.206665 172.351715
0 1524858333 1103.041748 137.612396
0 1524811271 1136.818604 202.377670
0 1524859334 1084.165771 139.267578
0 1478216186 484.240448 587.346619
0 1524851324 997.148804 160.857880
0 1524814275 1067.754395 200.563782
0 1578514668 799.559448 399.642944
0 1478184146 517.707336 603.313660
0 1524829294 1119.975098 157.041962
0 1478176143 548.954346 665.197815
0 1524860336 1073.434204 208.419037
0 1478222193 422.883636 732.315186
0 1438997636 864.382568 329.062164
0 1478194158 552.330139 619.832153
0 1478201168 297.296875 750.331177
0 1478187150 294.518127 632.619873
0 1478205172 304.977478 723.518250
0 1524838306 1164.868896 183.312714
0 1568514660 740.555725 392.644592
0 1524865342 1030.672729 212.494766
0 2085418945 892.690613 417.433044
0 1524808268 1062.217773 192.906631
0 1478200167 358.660217 668.110901
0 1478194159 339.522827 744.273682
0 1568501643 796.745972 386.365204
0 1478239216 589.843933 593.841614
0 1524820283 1036.250122 187.344345
0 1438989625 831.236755 410.071686
0 1568505649 791.388184 361.079865
0 1478255237 308.168182 590.171570
0 1524804262 1052.104492 210.452042
0 1568506650 802.468750 413.372864
0 1478217187 416.346832 576.419983
0 1568505648 859.825684 406.791046
0 1568497640 736.968506 367.008698
0 1578511665 738.732910 379.617706
0 1478258241 326.022034 650.051575
0 1524796253 1138.162109 177.910156
0 1478206173 332.526428 772.118042
0 1524826291 1130.374756 194.653992
0 1578529688 921.395386 414.093750
0 1478233207 248.161728 660.448486
0 1708834178 821.422729 370.494904
0 1478189153 467.780334 700.594482
0 1568499641 950.884094 343.703400
0 1478245224 256.296265 637.638672
0 1524852325 1151.053833 192.702423
0 1478219190 584.348511 735.295105
0 1578525682 911.713562 386.944183
0 1478232206 504.820526 720.560974
0 1524818280 1071.789185 176.301743
0 1524850322 1192.124756 188.826370
0 1438996635 768.736206 389.495361
0 1524832299 1091.933838 174.454376
0 1478242220 279.653809 678.844238
0 1524789245 1159.194214 132.688553
0 1438999639 907.183716 302.018677
0 1478196161 370.070709 622.699280
0 1478252234 451.872620 571.903992
0 1524803261 1056.055542 155.601395
0 1478211179 455.971832 781.838562
0 1578523680 966.773315 380.709930
0 1578530689 886.164368 315.299561
0 1568508653 832.268127 309.798523
0 1524826290 1212.517944 186.901749
0 1524847319 1151.826782 168.961884
0 1524810270 1015.586365 189.257233
0 1524835302 1097.676025 181.658035
0 1524821284 1121.838257 135.964188
0 1524799257 1111.987793 172.615326
0 1478233208 474.794861 652.333679
0 1608354172 834.734070 424.175201
0 1524835303 1046.684326 202.552277
0 1478251232 344.497589 585.553467
0 1524812273 1088.725708 198.584625
0 1706512175 961.342957 307.401031
0 1438986622 1000.142090 390.689453
0 1478211180 352.568878 692.353210
0 1524823286 1108.554932 143.938385
0 1478223195 448.241547 591.996643
0 1478244223 397.684601 662.809387
0 1438987623 888.237244 403.530792
0 1478193157 432.092590 681.357056
0 1478198164 287.247620 655.229248
0 1524862339 1080.860840 160.563705
0 1478236212 589.024597 614.932251
0 1478240217 553.913086 598.559570
0 1478214183 263.405670 729.371887
0 1578521678 835.348022 320.638519
0 1524844314 1171.636963 190.759872
0 1524848320 1026.324097 172.877228
0 1524806265 1117.965210 179.779846
0 1524787243 1171.612915 167.147400
0 1478241219 510.318329 670.540222
0 1524799256 1103.562744 189.042496
0 1478190154 587.277649 659.898621
0 1478226198 471.365784 675.926453
0 1478208176 375.426300 765.845032
0 1478214184 522.141357 562.971436
0 2084722944 883.931702 390.089783
0 1578522679 894.152283 337.699158
0 1524825289 1165.320801 138.917389
0 1774531078 860.826721 317.961639
0 1525674169 920.106995 334.906158
0 1478197162 235.984329 814.645386
0 1524815276 1109.598877 196.614731
0 1768901071 994.054321 377.621033
0 1578526684 902.651794 361.533234
0 1478182144 271.714539 703.533447
0 1524853326 1199.310913 196.421326
0 1478218189 590.630188 573.604126
0 1578513667 848.659485 367.489960
0 1438983618 824.586670 383.253998
0 1478224196 515.348999 624.770325
0 1478247227 211.729797 762.606140
0 1524792248 992.810669 154.176056
0 1524795252 1146.479492 140.583893
0 1524808267 1066.417480 169.234314
0 1478191155 547.152100 689.418335
0 1524856330 1184.580200 158.497971
0 1478236211 380.556091 580.969666
0 1478258242 190.766449 821.388794
0 1478212181 550.678772 642.024597
0 1478185147 481.223419 608.104187
0 1568502645 786.361511 337.357147
0 1568508652 852.259705 380.161469
0 1438984619 773.520020 416.694794
0 1659977623 860.354858 359.831299
0 1478209177 239.663910 684.276978
0 1438982617 871.831482 352.315857
0 1524805264 1021.540283 165.904770
0 1771287074 758.054016 328.759247
0 2087111947 939.326904 383.817596
0 1524817279 1157.747559 200.382874
0 1524795251 1158.267578 176.048965
0 1478230204 436.394867 657.550415
0 1478230203 245.571045 784.833191
0 1524847318 1075.520508 153.864471
0 1578516671 735.259827 354.797668
0 1568513659 898.335083 349.428406
0 1578529687 783.962891 326.037201
0 1524819282 1144.527344 185.213867
0 1478253235 512.888245 647.158569
0 1524836304 1106.154785 165.623779
0 1478243221 254.700821 756.441772
0 1568501644 744.388733 420.037659
0 1438998637 807.021729 312.420319
0 1524816278 1010.806030 181.894196
0 1705773174 971.575928 329.367554
0 1524845316 1171.590576 145.291718
0 1524842312 1178.008667 151.816772
0 1568507651 931.884766 299.453552
0 1438999638 944.534729 397.070526
0 1478252233 487.136536 567.421204
0 1438993630 988.162781 364.974060
0 1478237214 501.875610 747.354797
0 1524857332 1027.054932 144.275406
0 1478248228 440.512848 634.763367
0 1478225197 585.369812 709.005798
0 1524859335 1145.540771 162.045151
0 1524832298 1131.951904 170.784515
0 1478200166 583.277832 762.853333
0 1478250231 375.421875 601.402832
0 1478245225 460.095947 753.464050
0 1438995633 966.381897 318.217926
0 1524804263 1061.174438 162.336212
0 1524839308 1125.891357 163.830490
0 1524849321 1041.401245 194.852203
0 1568512658 941.095764 320.906281
0 1568514661 838.522522 331.811554
0 1478231205 301.485443 610.953247
0 1773608077 929.410156 358.581116
0 1438977615 764.258362 364.035553
0 1524834301 1036.505615 157.345947
0 1607644171 771.087891 402.866669
0 1524800258 1158.748413 153.550934
0 1568504647 972.423828 393.870209
0 1568500642 845.173340 355.220184
0 1478256239 402.651001 639.819153
0 1524815277 1006.142456 174.710953
0 1568503646 733.604248 342.966125
0 1478220191 417.947845 759.627197
0 1478207174 319.317902 673.455688
0 1524841311 1046.172852 142.599060
0 1478213182 464.027771 726.412842
0 1524813274 1046.415649 171.051697
0 1568516663 916.473022 400.290649
0 1578517672 978.266479 407.477844
0 1578527685 742.439941 406.110382
0 1478240218 407.408478 617.796570
0 1478215185 545.266418 714.758850
0 1524838307 1001.591370 167.700912
0 1478197163 364.488586 644.915100
0 1478221192 411.969757 596.681946
0 1524819281 1165.103516 160.267654
0 2086284946 868.049072 340.508148
0 1524824288 1094.662476 206.395691
0 1524802260 988.573608 147.649704
0 1478226199 392.494995 686.832397
0 1578518673 863.804077 420.793427
0 1438981616 976.932129 340.865570
0 1478238215 586.345215 683.899719
0 1609135173 809.727112 323.330322
0 1524837305 1012.309814 152.451355
0 1524793249 1051.553467 178.157471
0 1568515662 781.636169 315.056549
0 1568516664 882.348083 304.597839
0 1438991628 857.376526 307.191071
0 1478249230 588.169922 636.931274
0 1438996634 924.685486 346.557648
0 1578519675 805.478821 427.578522
0 1524829295 1089.470947 145.626373
0 1524864341 1041.401123 164.116547
0 1478255238 498.787201 775.453491
0 1438993631 756.110229 317.707367
0 1524788244 1031.225952 180.021622
0 1772785076 949.920105 410.775421
0 1524828293 1124.092285 187.123795
0 1478203171 412.769531 788.281311
0 1524798255 1178.282227 174.196167
0 1478199165 427.593445 706.253113
0 1578528686 841.796021 343.333221
0 1478192156 381.383514 738.268555
0 1478228201 332.441833 627.640259
0 1772037075 911.362183 312.652191
0 1578515670 788.835388 349.032349
0 1524851323 1086.330322 167.425049
0 1478218188 325.183014 801.343201
0 1478202169 444.458252 612.931702
0 1478254236 280.787964 807.963806
0 1478246226 541.220825 769.125305
0 1524809269 1094.901123 152.135040
0 1524822285 1185.117432 181.420288
0 1524841310 1025.514893 204.550140
0 1478235210 201.505157 791.276794
0 1578515669 746.405518 434.450623
0 1524854328 1100.460938 158.798981
0 0 446.723267 341.298431
0 1 863.197571 487.381836
0 2 407.454468 220.367310
0 3 456.459534 307.761200
0 4 329.004150 332.010834
0 5 365.559357 794.196533
0 6 548.913391 171.339157
0 7 570.901062 466.383911
0 8 1097.269287 433.150421
0 9 1254.131470 174.545776
0 10 478.582733 480.408752
0 11 1376.010376 266.210205
0 12 880.307190 153.163513
0 13 1186.401245 156.870865
0 14 1000.378662 133.310577
0 15 504.411896 200.760757
0 16 432.066498 411.918671
0 17 1233.892456 152.290649
0 18 1405.965820 648.594482
0 19 805.547241 190.251907
0 20 1275.782471 224.324020
0 21 1079.362793 219.314865
0 22 1331.259277 279.205292
0 23 618.406128 172.843796
0 24 1207.567261 727.932983
0 25 1055.425537 176.920868
0 26 957.951721 175.388489
0 27 1359.223755 725.837036
0 28 1357.193481 318.902649
0 29 1156.885254 388.210480
0 30 403.581116 243.929657
0 31 412.540680 516.500977
0 32 743.791687 169.786713
0 33 1144.267944 229.059952
0 34 563.074463 190.558182
0 35 366.066864 651.387146
0 36 435.664978 201.188522
0 37 815.264160 165.151016
0 38 1295.148071 251.486282
0 39 680.046021 180.549591
