0 1578512666 957.563354 522.281250
0 1524823287 407.786896 570.351013
0 1478234209 1473.948730 608.400696
0 1707269176 1058.219238 571.514221
0 1438989626 856.550476 541.166626
0 1524801259 572.710327 538.714050
0 1438992629 918.686768 544.442261
0 1478227200 1519.460449 569.594360
0 1524854327 601.298706 560.121826
0 1478249229 1536.003906 545.674744
0 1524807266 560.603760 491.083771
0 1524863340 408.500458 542.788513
0 1524831297 521.145203 500.100647
0 1478229202 1498.617188 562.133057
0 1568509654 932.156006 551.519409
0 1524790246 431.004272 537.489624
0 1578523681 1001.531860 604.215332
0 1478207175 1565.774780 565.608582
0 1524861337 431.705566 594.216553
0 1478210178 1572.419189 599.408020
0 1524862338 577.605469 502.970184
0 1478186149 1527.969482 583.226379
0 1524797254 480.300629 509.434204
0 1578518674 1042.795044 563.969788
0 1438985621 1004.604370 589.585876
0 1524857331 439.327576 572.150024
0 1478203170 1585.146729 593.108215
0 1438994632 987.756958 523.815796
0 1578520676 887.542786 542.800415
0 1478237213 1337.895020 566.541809
0 1568511657 1001.528809 530.400391
0 1775370079 944.468201 515.876160
0 1478195160 1504.723999 632.914795
0 1568510655 974.293335 517.378601
0 1478257240 1371.286621 568.302124
0 1578521677 1046.727783 538.747375
0 1524794250 479.639008 581.800720
0 1524812272 560.655457 551.123474
0 1769859072 998.685181 542.394714
0 1578525683 923.190063 532.354187
0 1770636073 1061.549316 545.678101
0 1524846317 423.552582 530.700439
0 1524833300 551.515869 544.027039
0 1568511656 982.472168 610.780090
0 1438985620 974.554260 573.796753
0 1478185148 1518.832397 625.931641
0 1707993177 1125.032471 548.993774
0 1478189152 1352.233398 560.860291
0 1524791247 438.631836 544.439087
0 1524830296 453.096527 532.287720
0 2088218948 992.625061 567.955872
0 1524827292 431.338684 564.540955
0 1606348170 1022.829651 583.442749
0 1524855329 604.552368 521.809570
0 1478183145 1319.289551 559.139648
0 1438990627 1015.619568 537.137512
0 1524840309 447.516327 579.949463
0 1478222194 1418.619019 564.327515
0 1709860179 1009.400513 497.197662
0 1478188151 1438.988281 540.787537
0 1438988624 1010.350342 562.226685
0 1478243222 1445.447876 523.924133
0 1524843313 378.516785 541.145996
0 1524844315 500.900696 504.726807
0 1524858333 392.799896 555.397339
0 1524811271 595.368774 515.389099
0 1524859334 400.202148 562.783203
0 1478216186 1390.808472 575.927185
0 1524851324 488.465363 589.842407
0 1524814275 602.978638 540.340271
0 1578514668 1076.723022 552.773560
0 1478184146 1385.342896 562.589539
0 1524829294 460.911743 539.112000
0 1478176143 1406.961670 539.174194
0 1524860336 623.557922 535.096985
0 1478222193 1491.005981 549.393066
0 1438997636 945.948975 558.766663
0 1478194158 1380.108032 549.815002
0 1478201168 1553.416260 571.367798
0 1478187150 1509.965454 610.393311
0 1478205172 1540.816895 577.239319
0 1524838306 537.567078 512.397827
0 1568514660 1091.268799 573.307007
0 1524865342 643.465576 549.015015
0 2085418945 1064.610352 521.928284
0 1524808268 582.014771 545.681519
0 1478200167 1493.413086 581.387390
0 1478194159 1532.111694 563.866455
0 1568501643 1059.920044 558.318481
0 1478239216 1347.708618 548.153503
0 1524820283 570.015503 558.391113
0 1438989625 1077.986938 540.365051
0 1568505649 1025.338501 569.730469
0 1478255237 1481.936523 623.848816
0 1524804262 633.395081 541.974365
0 1568506650 1093.212891 547.331848
0 1478217187 1417.058228 598.036987
0 1568505648 1063.111328 533.558533
0 1568497640 1056.442261 585.302368
0 1578511665 1074.026489 579.245789
0 1478258241 1501.501221 595.560852
0 1524796253 525.344604 523.706299
0 1478206173 1544.524048 558.246704
0 1524826291 575.235107 520.278381
0 1578529688 1050.346436 515.538940
0 1478233207 1546.177490 612.396729
0 1708834178 1027.739868 556.606079
0 1478189153 1458.398071 547.735779
0 1568499641 940.531677 527.272278
0 1478245224 1532.647095 619.093750
0 1524852325 566.400635 513.889954
0 1478219190 1426.956421 517.518250
0 1578525682 1018.093506 525.357666
0 1478232206 1451.789673 535.584900
0 1524818280 529.922546 549.440002
0 1524850322 549.310974 501.532135
0 1438996635 1075.404053 565.721802
0 1524832299 521.166443 542.380615
0 1478242220 1536.866089 597.479309
0 1524789245 371.623901 534.268433
0 1438999639 882.190491 555.341187
0 1478196161 1466.322998 593.652588
0 1478252234 1396.520508 589.865967
0 1524803261 462.634125 566.307556
0 1478211179 1496.021240 532.043274
0 1578523680 990.729675 512.562012
0 1578530689 913.989990 557.049622
0 1568508653 923.035889 577.921753
0 1524826290 541.043274 495.553650
0 1524847319 496.090393 522.164124
0 1524810270 579.604187 565.836243
0 1524835302 542.588989 537.095764
0 1524821284 385.573456 548.187012
0 1524799257 512.613586 535.485291
0 1478233208 1432.129639 558.692261
0 1608354172 1094.124756 535.148987
0 1524835303 612.664307 547.344116
0 1478251232 1459.744995 615.019836
0 1524812273 593.516907 533.498352
0 1706512175 874.778259 535.923218
0 1438986622 993.586548 501.746735
0 1478211180 1506.563477 575.433533
0 1524823286 415.931854 549.866577
0 1478223195 1410.816772 583.742188
0 1478244223 1472.484985 573.637024
0 1438987623 1048.573975 526.906799
0 1478193157 1465.290283 560.408386
0 1478198164 1523.552490 603.870667
0 1524862339 477.103546 553.250854
0 1478236212 1361.525391 542.812256
0 1478240217 1366.301880 555.285645
0 1478214183 1562.705566 585.074890
0 1578521678 941.736755 571.998962
0 1524844314 557.761353 507.642761
0 1524848320 525.706726 569.868103
0 1524806265 533.867615 530.324036
0 1524787243 488.106934 515.727722
0 1478241219 1425.949463 546.086609
0 1524799256 563.620544 531.907349
0 1478190154 1388.408325 532.419922
0 1478226198 1445.386963 553.162659
0 1478208176 1523.774292 551.058472
0 1478214184 1356.957153 574.125732
0 2084722944 1032.246338 531.975708
0 1578522679 949.983643 546.092224
0 1524825289 394.150513 529.120789
0 1774531078 927.695068 564.433594
0 1525674169 936.431091 539.143311
0 1478197162 1599.608154 567.359436
0 1524815276 584.271545 526.812805
0 1768901071 977.498108 506.374725
0 1578526684 984.661194 535.535339
0 1478182144 1549.914551 591.215271
0 1524853326 569.012512 496.962585
0 1478218189 1333.632568 553.594910
0 1578513667 1013.040710 549.416382
0 1438983618 1044.803101 551.090820
0 1478224196 1399.133789 556.984680
0 1478247227 1597.622681 586.933044
0 1524792248 464.524109 596.148621
0 1524795252 401.242004 535.875122
0 1524808267 507.919189 554.955688
0 1478191155 1420.023193 533.998657
0 1524856330 459.335541 514.225037
0 1478236211 1438.126099 606.418762
0 1478258242 1621.848633 574.942017
0 1478212181 1393.658936 544.445496
0 1478185147 1404.847900 570.071411
0 1568502645 989.391968 581.592896
0 1568508652 1030.040405 544.032410
0 1438984619 1108.801514 554.464600
0 1659977623 997.218140 548.582275
0 1478209177 1559.432007 605.836121
0 1438982617 981.434570 547.750183
0 1524805264 502.899231 575.775818
0 1771287074 986.011169 595.853027
0 2087111947 1004.258057 518.888062
0 1524817279 586.388794 509.110870
0 1524795251 517.013367 517.237488
0 1478230204 1452.063110 566.074219
0 1478230203 1587.545288 573.150391
0 1524847318 454.439972 558.841919
0 1578516671 1038.505615 591.480408
0 1568513659 967.482361 540.765076
0 1578529687 970.881287 587.701416
0 1524819282 546.055786 518.754333
0 1478253235 1412.666992 551.484741
0 1524836304 490.965393 540.742371
0 1478243221 1575.246704 579.054382
0 1568501644 1124.766235 561.769409
0 1438998637 937.335022 585.826843
0 1524816278 557.486328 571.662109
0 1705773174 910.250000 525.719360
0 1524845316 416.270813 524.065979
0 1524842312 437.995636 519.101501
0 1568507651 869.218994 548.170166
0 1438999638 1020.468994 514.046997
0 1478252233 1376.493042 581.898071
0 1438993630 961.127808 511.083832
0 1478237214 1464.360474 530.476013
0 1524857332 423.531189 586.060425
0 1478248228 1438.580078 571.849731
0 1478225197 1414.335449 522.397156
0 1524859335 474.788269 527.180054
0 1524832298 504.257172 528.748291
0 1478200166 1439.356689 512.724548
0 1478250231 1452.367188 599.971191
0 1478245225 1483.708862 537.178772
0 1438995633 892.675110 530.774963
0 1524804263 485.493744 560.577209
0 1524839308 482.783142 533.882629
0 1524849321 591.541565 552.815430
0 1568512658 905.530090 537.529358
0 1568514661 960.077698 566.190308
0 1478231205 1496.096313 617.051208
0 1773608077 970.957581 528.832642
0 1438977615 1040.697754 577.420044
0 1524834301 471.031281 573.958191
0 1607644171 1092.261719 560.039612
0 1524800258 445.459778 525.619324
0 1568504647 1006.879944 507.829224
0 1568500642 995.719849 554.902039
0 1478256239 1459.035034 579.557922
0 1524815277 534.932678 577.602844
0 1568503646 1020.205750 597.783386
0 1478220191 1503.508179 544.037720
0 1478207174 1514.866943 589.332336
0 1524841311 415.560852 578.107727
0 1478213182 1471.169922 542.408691
0 1524813274 516.704895 562.321350
0 1568516663 1034.363525 520.404602
0 1578517672 1022.751587 503.178131
0 1578527685 1108.178833 567.482666
0 1478240218 1445.319458 585.595886
0 1478215185 1432.849854 528.916138
0 1524838307 511.930206 583.661682
0 1478197163 1480.002197 587.459229
0 1478221192 1431.329956 591.754272
0 1524819281 466.974426 520.629211
0 2086284946 963.858948 553.206482
0 1524824288 613.946289 528.377136
0 1524802260 440.091705 602.584167
0 1478226199 1485.676514 567.829895
0 1578518673 1079.199341 528.463318
0 1438981616 927.511658 520.753906
0 1478238215 1401.488281 527.363586
0 1609135173 956.127808 579.752563
0 1524837305 455.912506 587.946411
0 1524793249 538.889404 556.669128
0 1568515662 951.997986 593.932922
0 1568516664 895.475952 562.685852
0 1438991628 909.087036 570.210449
0 1478249230 1375.089600 537.568665
0 1438996634 953.851746 533.940979
0 1578519675 1109.398438 541.990601
0 1524829295 423.542419 557.115295
0 1524864341 494.089722 568.083313
0 1478255238 1476.706665 525.458374
0 1438993631 967.038818 602.247986
0 1524788244 548.074585 564.074341
0 1772785076 1036.396973 509.290436
0 1524828293 554.737976 525.255859
0 1478203171 1515.781738 538.780334
0 1524798255 508.867432 510.912567
0 1478199165 1478.268921 554.848999
0 1578528686 978.068726 560.492310
0 1478192156 1511.314209 556.543579
0 1478228201 1487.864746 601.915710
0 1772037075 900.609680 549.840637
0 1578515670 1007.540833 575.603760
0 1524851323 499.341705 547.764709
0 1478218188 1556.704102 552.732056
0 1478202169 1424.834106 577.737854
0 1478254236 1577.899536 559.958252
0 1478246226 1457.823364 519.020386
0 1524809269 446.441528 551.554504
0 1524822285 529.265686 506.181458
0 1524841310 622.581970 554.515808
0 1478235210 1609.854370 580.878784
0 1578515669 1141.040039 556.164124
0 1524854328 468.911865 546.097778
0 0 488.081604 512.951599
0 1 853.786316 376.343781
0 2 1076.509399 354.243622
0 3 897.419983 368.663971
0 4 764.429199 396.647522
0 5 3.036427 648.820496
0 6 907.189819 381.908264
0 7 842.776428 386.790222
0 9 1685.552124 1068.462769
0 10 992.717407 402.915222
0 11 566.929016 475.797638
0 13 958.976807 392.742340
0 16 479.015808 772.592468
0 18 159.033585 574.776855
0 19 418.407318 735.808533
0 20 1393.876709 359.117737
0 23 992.269592 461.411194
0 25 841.384827 493.149750
0 26 1296.444214 591.040039
0 27 1218.677124 487.196777
0 28 1195.773071 460.304504
0 29 1259.333008 507.705322
0 30 1671.733398 549.175720
0 31 1072.509521 425.976044
0 33 1368.820557 585.864868
0 35 1635.581177 521.653809
0 36 752.979431 453.857819
0 37 1572.689209 492.365479
0 38 1845.341553 578.527466
0 39 1828.869019 466.822662
0 40 1771.303223 569.671021
0 41 756.682312 436.659424
0 43 1452.402588 399.393890
0 44 1505.095703 485.153564
0 46 1618.760742 400.297363
0 52 492.336548 471.043701
0 53 1118.870605 364.479095
0 55 1909.872559 478.902039
0 59 500.777618 486.123047
0 61 204.957077 524.781372
0 71 47.997715 457.973572
0 73 1500.953857 419.421936
0 77 1678.810669 473.381042
0 80 169.399918 462.912140
0 83 117.875504 458.554932
0 93 1174.784546 1053.826782
