0 1578512666 922.851074 566.329041
0 1524823287 1361.403442 527.555725
0 1478234209 465.722382 481.433838
0 1707269176 818.814453 516.830017
0 1438989626 1013.063171 547.451477
0 1524801259 1273.149658 553.456604
0 1438992629 952.769165 543.382141
0 1478227200 373.268158 510.470703
0 1524854327 1220.856689 533.376343
0 1478249229 315.773956 532.803223
0 1524807266 1365.933105 608.758545
0 1524863340 1406.439575 551.495544
0 1524831297 1386.854980 597.118896
0 1478229202 383.754150 517.501404
0 1568509654 937.407410 536.422485
0 1524790246 1397.125122 556.319031
0 1578523681 865.666077 493.100037
0 1478207175 318.611877 513.141052
0 1524861337 1309.966797 509.308777
0 1478210178 364.275879 485.792572
0 1524862338 1326.121582 593.088806
0 1478186149 384.439697 498.953003
0 1524797254 1406.868530 585.984558
0 1578518674 832.843750 523.504944
0 1438985621 864.732605 503.497009
0 1524857331 1334.447632 525.682190
0 1478203170 343.011749 490.184265
0 1438994632 891.205811 564.229187
0 1578520676 982.957520 545.419617
0 1478237213 552.624756 516.375854
0 1568511657 875.757629 556.751953
0 1775370079 938.902100 573.965759
0 1478195160 464.050171 465.186157
0 1568510655 906.963257 571.856018
0 1478257240 521.239990 514.257629
0 1578521677 829.447876 547.334351
0 1524794250 1290.404663 517.634583
0 1524812272 1266.234741 541.886230
0 1769859072 876.549744 544.299561
0 1578525683 953.570496 555.642578
0 1770636073 814.871155 540.153748
0 1524846317 1416.044434 563.176941
0 1524833300 1283.895996 548.587341
0 1568511656 880.065796 489.019897
0 1438985620 893.005859 516.306274
0 1478185148 444.922882 469.136505
0 1707993177 752.846680 535.984680
0 1478189152 532.993835 521.206909
0 1524791247 1378.543945 549.583679
0 1524830296 1387.616577 561.243164
0 2088218948 878.039673 520.874084
0 1524827292 1351.976440 531.967285
0 1606348170 849.744324 507.849121
0 1524855329 1269.223022 570.693726
0 1478183145 564.667908 523.335938
0 1438990627 860.609802 549.420227
0 1524840309 1317.218262 519.504456
0 1478222194 469.375793 516.930725
0 1709860179 873.167908 597.467346
0 1478188151 416.499939 539.456970
0 1438988624 862.753723 525.539551
0 1478243222 382.246155 558.305115
0 1524843313 1434.263062 553.402466
0 1524844315 1396.971558 591.490601
0 1524858333 1397.195435 540.252808
0 1524811271 1287.827637 578.016357
0 1524859334 1379.144043 533.849182
0 1478216186 509.711212 507.441467
0 1524851324 1273.673584 511.569885
0 1524814275 1244.342529 551.496948
0 1578514668 800.572815 533.110229
0 1478184146 501.229919 519.071838
0 1524829294 1368.929077 554.393677
0 1478176143 449.876160 541.661743
0 1524860336 1233.047974 556.455261
0 1478222193 372.211273 529.790283
0 1438997636 922.331482 529.592285
0 1478194158 492.385315 531.200439
0 1478201168 341.049225 508.305084
0 1478187150 435.628204 479.363800
0 1478205172 362.986298 503.576904
0 1524838306 1347.512329 582.011414
0 1568514660 789.082397 514.799805
0 1524865342 1198.189453 542.735046
0 2085418945 810.587708 565.489563
0 1524808268 1255.402344 546.641663
0 1478200167 415.888611 501.084015
0 1478194159 351.230042 515.324402
0 1568501643 816.882751 528.255615
0 1478239216 524.841370 533.363647
0 1524820283 1248.887817 535.304504
0 1438989625 798.197815 545.242615
0 1568505649 848.466797 518.854797
0 1478255237 474.421173 471.179840
0 1524804262 1215.458740 549.532166
0 1568506650 783.902405 538.072083
0 1478217187 506.690887 489.829407
0 1568505648 812.774658 552.554199
0 1568497640 820.670898 505.849274
0 1578511665 805.042542 510.277527
0 1478258241 425.957855 490.004425
0 1524796253 1338.853882 569.439514
0 1478206173 328.684265 520.289856
0 1524826291 1298.850342 572.685059
0 1578529688 825.756042 573.240417
0 1478233207 405.453247 477.288208
0 1708834178 847.137634 530.305725
0 1478189153 405.363556 531.990173
0 1568499641 938.382935 560.925903
0 1478245224 425.394867 473.169647
0 1524852325 1317.711182 580.016724
0 1478219190 393.646515 566.396423
0 1578525682 859.469299 562.123230
0 1478232206 394.061615 544.855408
0 1524818280 1294.421631 543.818176
0 1524850322 1356.531006 595.106628
0 1438996635 802.852539 521.464783
0 1524832299 1312.314819 550.527893
0 1478242220 395.159088 487.901398
0 1524789245 1453.296753 560.154602
0 1438999639 981.588379 533.623230
0 1478196161 456.672577 492.101746
0 1478252234 517.851074 496.279236
0 1524803261 1324.740234 530.080688
0 1478211179 336.735504 548.135498
0 1578523680 890.706909 577.511108
0 1578530689 951.999817 531.610474
0 1568508653 936.507446 513.817200
0 1524826290 1376.511475 602.873474
0 1524847319 1367.991577 571.406128
0 1524810270 1231.846924 528.838867
0 1524835302 1301.880249 555.410950
0 1524821284 1415.565430 546.769592
0 1524799257 1330.534790 557.360168
0 1478233208 448.522156 521.836731
0 1608354172 781.148132 550.446350
0 1524835303 1226.833618 544.690918
0 1478251232 484.981445 477.282928
0 1524812273 1262.175537 558.428955
0 1706512175 998.880249 552.522156
0 1438986622 890.185852 591.382996
0 1478211180 394.815613 505.725098
0 1524823286 1387.964111 544.870972
0 1478223195 498.401123 500.754578
0 1478244223 426.555298 507.867249
0 1438987623 827.641296 560.011169
0 1478193157 416.184753 519.672180
0 1478198164 415.609894 483.586975
0 1524862339 1332.548218 541.059143
0 1478236212 504.238190 538.551208
0 1478240217 512.919189 526.147156
0 1478214183 352.902771 496.816010
0 1578521678 922.171753 518.305237
0 1524844314 1336.934570 587.489197
0 1524848320 1270.060791 526.293091
0 1524806265 1320.196533 562.360535
0 1524787243 1387.247559 578.626831
0 1478241219 438.418518 534.183594
0 1524799256 1291.224854 560.397339
0 1478190154 461.570435 549.294250
0 1478226198 427.190308 526.855225
0 1478208176 338.961273 527.583923
0 1478214184 540.811890 509.548859
0 2084722944 844.311035 554.656128
0 1578522679 922.497681 541.339111
0 1524825289 1444.397461 565.105652
0 1774531078 936.948486 524.896606
0 1525674169 937.885132 548.422302
0 1478197162 285.899384 510.951416
0 1524815276 1280.341675 565.490479
0 1768901071 906.805054 585.441223
0 1578526684 891.683899 551.500183
0 1478182144 374.261658 492.310028
0 1524853326 1345.832031 600.846802
0 1478218189 544.979431 528.293213
0 1578513667 861.703674 537.236023
0 1438983618 831.180481 535.175964
0 1478224196 480.766815 523.995056
0 1478247227 321.277466 494.673065
0 1524792248 1283.627563 507.460205
0 1524795252 1425.247681 558.239319
0 1524808267 1304.733276 539.145874
0 1478191155 427.866638 547.078125
0 1524856330 1416.552979 580.596680
0 1478236211 495.736206 483.498383
0 1478258242 276.334473 503.955170
0 1478212181 471.376587 536.370605
0 1478185147 489.767090 512.133484
0 1568502645 878.741333 509.843689
0 1568508652 845.753540 542.229492
0 1438984619 769.880249 531.038757
0 1659977623 876.933655 538.263916
0 1478209177 385.084900 481.494873
0 1438982617 892.142517 539.290405
0 1524805264 1280.333374 521.921021
0 1771287074 879.416199 499.233459
0 2087111947 874.931519 569.739990
0 1524817279 1306.790405 585.480103
0 1524795251 1357.862183 576.651672
0 1478230204 437.431030 514.783508
0 1478230203 308.738098 506.133240
0 1524847318 1342.359863 536.467529
0 1578516671 835.977844 501.512115
0 1568513659 907.260132 546.363770
0 1578529687 893.412659 505.476807
0 1524819282 1328.396484 574.671143
0 1478253235 459.835144 529.031006
0 1524836304 1340.659058 552.463318
0 1478243221 331.066986 501.422607
0 1568501644 756.123657 524.138550
0 1438998637 922.018250 507.451447
0 1524816278 1242.617310 524.392090
0 1705773174 969.562317 563.004028
0 1524845316 1435.311157 570.160767
0 1524842312 1426.031738 575.323303
0 1568507651 997.178284 540.472534
0 1438999638 858.279236 575.378967
0 1478252233 529.222778 502.851196
0 1438993630 923.039368 579.637085
0 1478237214 371.084717 550.383362
0 1524857332 1326.822388 515.288208
0 1478248228 458.205627 510.003357
0 1478225197 416.836151 560.557678
0 1524859335 1377.907471 566.271057
0 1524832298 1349.090576 564.318359
0 1478200166 369.881439 572.380127
0 1478250231 476.412567 487.754211
0 1478245225 360.154816 542.625916
0 1438995633 984.383606 557.705078
0 1524804263 1314.837402 534.567688
0 1524839308 1359.113403 559.304260
0 1524849321 1237.974243 539.949402
0 1568512658 968.425049 550.475098
0 1568514661 907.533508 522.888062
0 1478231205 455.227631 475.229004
0 1773608077 907.114807 558.841919
0 1438977615 834.441589 512.292480
0 1524834301 1307.424316 523.803955
0 1607644171 786.544861 526.199890
0 1524800258 1406.647583 568.218506
0 1568504647 874.069092 583.298950
0 1568500642 877.309753 532.350220
0 1478256239 447.250000 503.209045
0 1524815277 1253.174438 520.033386
0 1568503646 850.973083 497.263245
0 1478220191 349.449280 535.027710
0 1478207174 405.425171 494.429932
0 1524841311 1343.965454 521.369629
0 1478213182 383.024475 537.245667
0 1524813274 1287.244629 532.662903
0 1568516663 842.806519 567.617920
0 1578517672 857.036255 589.224243
0 1578527685 772.779785 519.419067
0 1478240218 467.494568 498.652191
0 1478215185 405.329712 552.624390
0 1524838307 1263.524536 515.760132
0 1478197163 436.502655 496.543976
0 1478221192 487.303497 494.193329
0 1524819281 1397.050781 573.367310
0 2086284946 907.399597 534.389099
0 1524824288 1250.966431 563.507874
0 1524802260 1293.391846 503.428833
0 1478226199 405.395294 512.630188
0 1578518673 795.721375 557.893127
0 1438981616 954.405701 568.422852
0 1478238215 439.470856 554.858582
0 1609135173 907.662292 511.833038
0 1524837305 1300.280640 513.431335
0 1524793249 1276.846558 537.227661
0 1568515662 907.786133 501.198608
0 1568516664 966.285095 526.899780
0 1438991628 951.260620 520.298889
0 1478249230 483.153534 543.859924
0 1438996634 922.670715 553.574280
0 1578519675 766.859253 543.144958
0 1524829295 1369.812622 538.362549
0 1524864341 1297.435059 528.189270
0 1478255238 347.549774 556.045593
0 1438993631 893.804138 495.055725
0 1524788244 1259.581177 530.753357
0 1772785076 841.235657 581.150330
0 1524828293 1309.637329 567.467712
0 1478203171 326.145844 540.389709
0 1524798255 1377.231323 584.000671
0 1478199165 394.450500 524.673157
0 1578528686 892.582886 527.568665
0 1478192156 361.615265 522.484680
0 1478228201 446.052307 485.673431
0 1772037075 967.333496 538.450256
0 1578515670 863.762634 514.302063
0 1524851323 1322.535278 545.744995
0 1478218188 305.613098 525.371033
0 1478202169 478.524048 505.328217
0 1478254236 295.656952 518.088623
0 1478246226 358.595856 564.125305
0 1524809269 1360.291748 542.967529
0 1524822285 1366.994873 589.492676
0 1524841310 1209.639893 538.007446
0 1478235210 299.057190 499.262238
0 1578515669 739.102417 528.961487
0 1524854328 1350.575928 547.666748
0 0 767.340027 400.721283
0 1 1090.083740 448.709686
0 2 1125.223267 476.354034
0 3 971.119324 383.418152
0 4 872.186768 375.956085
0 5 522.957642 454.678528
0 6 1043.735107 404.539581
0 7 632.740723 400.369232
0 8 598.996521 411.959473
0 9 646.619141 619.737000
0 10 732.250549 383.056061
0 11 401.069946 484.245209
0 12 524.732849 436.591827
0 13 629.674988 433.799713
0 14 1366.159668 552.467896
0 15 989.082764 622.391968
0 16 800.503296 391.104340
0 17 1196.503296 652.897522
0 18 729.116760 411.230652
0 19 1178.102051 489.807587
0 20 855.135437 777.947876
0 21 731.440369 369.429779
0 22 796.401550 813.101868
0 23 672.196533 407.669067
0 24 451.813904 462.198883
0 25 1173.347412 533.458374
0 26 982.017151 597.450195
0 27 383.649567 623.084900
0 28 1001.386536 732.596069
0 29 838.227905 353.150574
0 30 900.163757 389.404175
0 31 685.612610 422.702026
0 32 757.316833 601.281250
0 33 784.588379 641.232544
0 34 873.077332 633.396667
0 35 313.513855 547.590271
0 36 1203.613525 514.166992
0 37 582.140198 511.726135
0 38 1137.224609 687.172485
0 39 815.125732 616.360291
