0 1578512666 898.709290 580.705627
0 1524823287 1215.710083 949.783691
0 1478234209 1005.651306 424.516022
0 1707269176 1005.596680 541.418396
0 1438989626 971.480164 630.926941
0 1524801259 1041.251099 821.861694
0 1438992629 967.397705 599.528442
0 1478227200 930.093994 403.868439
0 1524854327 1098.765381 786.768555
0 1478249229 882.004761 393.089478
0 1524807266 857.258423 870.138489
0 1524863340 1122.754883 981.543030
0 1524831297 907.091370 903.721069
0 1478229202 918.388916 406.706207
0 1568509654 983.231140 593.165222
0 1524790246 1092.560303 962.274292
0 1578523681 1088.282715 565.583374
0 1478207175 917.251587 392.173645
0 1524861337 1270.890625 903.625366
0 1478210178 976.391235 400.079865
0 1524862338 905.513367 842.910217
0 1478186149 954.033081 405.630737
0 1524797254 960.081604 939.431396
0 1578518674 991.373291 546.646301
0 1438985621 1056.880493 563.566650
0 1524857331 1204.634033 916.388916
0 1478203170 964.007263 395.646637
0 1438994632 898.346741 566.734314
0 1578520676 969.391113 614.860413
0 1478237213 947.876587 449.390381
0 1568511657 914.374939 561.010132
0 1775370079 881.923584 586.875366
0 1478195160 1041.069824 423.233734
0 1568510655 881.929626 572.597412
0 1478257240 946.739014 440.641449
0 1578521677 929.023804 542.592834
0 1524794250 1212.506226 871.311157
0 1524812272 1086.225098 824.022217
0 1769859072 946.684753 563.071960
0 1578525683 933.315430 597.427917
0 1770636073 944.008484 537.390747
0 1524846317 1069.823364 979.517334
0 1524833300 1066.573486 836.512268
0 1568511656 1106.313965 573.258301
0 1438985620 1028.471924 574.983643
0 1478185148 1027.752686 418.466431
0 1707993177 941.545471 513.756104
0 1478189152 934.281494 444.051331
0 1524791247 1114.438721 945.682495
0 1524830296 1063.316162 943.612122
0 2088218948 1010.918091 567.170837
0 1524827292 1185.298828 931.774719
0 1606348170 1039.459229 556.042786
0 1524855329 971.940857 805.427856
0 1478183145 935.208374 452.945953
0 1438990627 930.027771 555.420044
0 1524840309 1223.280396 901.551392
0 1478222194 932.521606 427.163605
0 1709860179 816.663635 554.774902
0 1478188151 881.995300 415.529358
0 1438988624 993.704468 559.509399
0 1478243222 844.838318 408.925446
0 1524843313 1131.688843 1020.067139
0 1524844315 933.173401 921.297852
0 1524858333 1175.337280 983.555237
0 1524811271 950.539246 817.503906
0 1524859334 1195.909668 966.346680
0 1478216186 958.963135 437.295502
0 1524851324 1230.123657 857.950623
0 1524814275 1036.550049 795.922058
0 1578514668 958.657288 532.305298
0 1478184146 933.386414 435.462372
0 1524829294 1085.400269 927.623474
0 1478176143 881.992004 423.516327
0 1524860336 1012.698547 782.429871
0 1478222193 894.147949 404.927277
0 1438997636 998.678833 586.957031
0 1478194158 907.728394 433.623474
0 1478201168 929.335999 396.594910
0 1478187150 1003.642944 416.702728
0 1478205172 941.595276 401.080139
0 1524838306 954.999084 874.489502
0 1568514660 1003.097656 529.324402
0 1524865342 1050.939453 760.852112
0 2085418945 881.946045 533.332153
0 1524808268 1061.049805 809.781128
0 1478200167 955.205261 413.159454
0 1478194159 917.811157 399.323944
0 1568501643 974.861511 539.408386
0 1478239216 908.175537 442.194092
0 1524820283 1105.235352 811.939819
0 1438989625 928.061218 530.293030
0 1568505649 1008.201233 554.022827
0 1478255237 1030.156006 426.296875
0 1524804262 1032.118896 771.471802
0 1568506650 942.751953 525.333252
0 1478217187 996.200867 435.827148
0 1568505648 913.036865 535.365356
0 1568497640 1036.214844 543.420654
0 1578511665 1019.502625 536.307129
0 1478258241 979.460571 414.933746
0 1524796253 1003.428711 876.645447
0 1478206173 905.705078 394.844757
0 1524826291 974.728455 832.177124
0 1578529688 866.188843 538.507812
0 1478233207 1001.698975 409.139618
0 1708834178 976.821228 551.994995
0 1478189153 894.345337 412.535248
0 1568499641 915.834351 588.980774
0 1478245224 1014.630554 413.768890
0 1524852325 952.698730 845.096497
0 1478219190 831.998108 411.895844
0 1578525682 897.999817 553.363159
0 1478232206 869.629639 410.733093
0 1524818280 1092.615723 851.579285
0 1524850322 906.276550 872.320618
0 1438996635 989.137573 534.309998
0 1524832299 1072.449097 864.947083
0 1478242220 977.901306 407.387756
0 1524789245 1108.508911 1039.456909
0 1438999639 1004.117798 616.967773
0 1478196161 981.071533 422.729675
0 1478252234 984.458862 439.122772
0 1524803261 1175.382202 899.464844
0 1478211179 857.847839 398.550140
0 1578523680 865.484863 564.651001
0 1578530689 1001.336304 601.620117
0 1568508653 1050.067871 597.314880
0 1524826290 881.798157 886.675903
0 1524847319 1007.505005 907.996155
0 1524810270 1123.635132 800.245361
0 1524835302 1046.247437 849.430908
0 1524821284 1153.947021 1001.448242
0 1524799257 1051.568115 878.788391
0 1478233208 919.602600 422.213318
0 1608354172 912.408691 523.326416
0 1524835303 1055.847534 784.605042
0 1478251232 1019.043640 429.415802
0 1524812273 1016.619080 807.610535
0 1706512175 952.798340 621.737610
0 1438986622 832.489075 562.559204
0 1478211180 942.557373 408.479797
0 1524823286 1144.402832 964.317139
0 1478223195 970.960205 434.011627
0 1478244223 943.551147 416.123108
0 1438987623 897.667419 540.554260
0 1478193157 918.985718 414.331940
0 1478198164 990.677856 412.011108
0 1524862339 1127.193359 897.365723
0 1478236212 894.978760 436.945343
0 1478240217 920.900391 438.796356
0 1478214183 952.897949 398.339935
0 1578521678 1031.727905 589.023682
0 1524844314 929.895203 858.469482
0 1524848320 1157.375977 840.798096
0 1524806265 1025.211914 862.800598
0 1524787243 984.236877 923.419739
0 1478241219 894.549438 420.398712
0 1524799256 1020.782410 834.350891
0 1478190154 869.199890 426.692230
0 1478226198 906.878662 417.337738
0 1478208176 893.956848 397.562531
0 1478214184 960.303284 445.902588
0 2084722944 913.691711 547.915588
0 1578522679 965.493286 584.881836
0 1524825289 1076.815430 1018.098572
0 1774531078 1016.719116 595.244324
0 1525674169 949.603210 591.077332
0 1478197162 916.709290 385.244537
0 1524815276 996.023132 819.688965
0 1768901071 848.634277 570.500854
0 1578526684 931.075623 568.809204
0 1478182144 965.309387 402.831177
0 1524853326 881.810852 856.284607
0 1478218189 921.583679 447.526978
0 1578513667 961.929016 557.468750
0 1438983618 960.258850 544.623535
0 1478224196 920.240417 430.363464
0 1478247227 951.798218 391.276001
0 1524792248 1258.648315 873.407898
0 1524795252 1100.243408 999.456238
0 1524808267 1119.408936 867.080933
0 1478191155 869.418396 418.578461
0 1524856330 987.856079 958.148621
0 1478236211 1007.727112 432.592041
0 1478258242 927.889832 382.717194
0 1478212181 894.760437 428.530731
0 1478185147 945.640259 432.190430
0 1568502645 1042.843262 569.208069
0 1568508652 945.318237 549.959290
0 1438984619 957.120056 520.482361
0 1659977623 962.791199 564.099731
0 1478209177 988.953796 404.577057
0 1438982617 963.672180 570.875671
0 1524805264 1184.551514 855.839050
0 1771287074 1074.641479 571.237183
0 2087111947 881.935303 558.940063
0 1524817279 928.409302 829.990906
0 1524795251 980.857544 890.991089
0 1478230204 931.685486 419.140564
0 1478230203 928.601624 389.547974
0 1524847318 1155.806885 914.310120
0 1578516671 1053.242676 550.668579
0 1568513659 948.111694 576.764832
0 1578529687 1060.676514 577.025269
0 1524819282 977.694763 860.641479
0 1478253235 907.296265 425.342834
0 1524836304 1078.711548 895.253784
0 1478243221 940.663330 393.912689
0 1568501644 971.176086 515.736938
0 1438998637 1064.641235 591.081848
0 1524816278 1149.177612 814.086548
0 1705773174 916.614807 603.939453
0 1524845316 1046.176025 997.450684
0 1524842312 1016.539062 977.478210
0 1568507651 988.009766 623.857178
0 1438999638 865.844421 551.298035
0 1478252233 972.495117 442.480682
0 1438993630 865.109070 578.604492
0 1478237214 857.448242 406.008301
0 1524857332 1253.162354 918.455017
0 1478248228 944.578247 424.022278
0 1478225197 844.209106 416.752563
0 1524859335 1034.978149 925.528259
0 1524832298 1029.933838 893.128906
0 1478200166 819.970947 407.112213
0 1478250231 994.298401 427.623505
0 1478245225 869.834045 403.143005
0 1438995633 934.514038 612.743835
0 1524804263 1146.986206 883.035950
0 1524839308 1057.245117 910.113831
0 1524849321 1080.211304 798.089600
0 1568512658 951.163818 606.052551
0 1568514661 1013.754761 580.898315
0 1478231205 1016.800903 421.464142
0 1773608077 915.088440 574.685425
0 1438977615 1022.367676 548.661316
0 1524834301 1194.270020 885.140869
0 1607644171 972.981384 527.332520
0 1524800258 1040.379150 960.218140
0 1568504647 849.365112 556.861694
0 1568500642 978.865601 565.125488
0 1478256239 956.416321 420.937897
0 1524815277 1175.420044 828.307129
0 1568503646 1070.595581 558.054810
0 1478220191 882.001709 400.328186
0 1478207174 966.653564 410.248108
0 1524841311 1234.781128 933.830872
0 1478213182 881.998535 407.804199
0 1524813274 1138.716309 853.715332
0 1568516663 881.940796 545.863708
0 1578517672 833.560913 549.224792
0 1578527685 986.991577 522.468811
0 1478240218 969.476746 425.825714
0 1478215185 857.035278 413.715393
0 1524838307 1202.391846 842.922852
0 1478197163 968.041870 417.908875
0 1478221192 982.736694 430.788177
0 1524819281 1011.864868 941.528442
0 2086284946 981.000122 578.835815
0 1524824288 992.649658 793.742737
0 1524802260 1288.000122 889.313354
0 1478226199 930.876709 411.379761
0 1578518673 897.348694 528.273010
0 1438981616 899.088501 595.318481
0 1478238215 856.608276 421.684113
0 1609135173 1046.376099 582.952454
0 1524837305 1241.273926 887.233337
0 1524793249 1112.104004 838.661316
0 1568515662 1078.865112 584.998230
0 1568516664 1019.820068 610.251892
0 1438991628 1035.132080 603.702942
0 1478249230 881.988525 431.778656
0 1438996634 932.170410 582.798096
0 1578519675 927.137390 518.488586
0 1524829295 1165.235596 947.739624
0 1524864341 1166.093750 869.202209
0 1478255238 845.446899 401.353363
0 1438993631 1092.752197 579.058777
0 1524788244 1130.947388 826.170654
0 1772785076 850.064819 543.803955
0 1524828293 999.609253 847.269958
0 1478203171 870.031921 395.795959
0 1524798255 957.454651 905.865234
0 1478199165 906.474609 409.594696
0 1578528686 996.137329 572.933838
0 1478192156 906.083618 402.100952
0 1478228201 992.458435 419.689178
0 1772037075 985.565308 608.156677
0 1578515670 1025.354736 561.542053
0 1524851323 1099.419556 880.918518
0 1478218188 893.771729 390.429596
0 1478202169 957.668274 428.978729
0 1478254236 905.338196 387.814941
0 1478246226 832.823364 404.206909
0 1524809269 1135.506104 929.705566
0 1524822285 931.479919 888.840088
0 1524841310 1074.541748 773.641907
0 1478235210 939.760193 386.966583
0 1578515669 955.643433 509.125519
0 1524854328 1106.678223 912.218445
0 0 1138.905518 465.364624
0 1 1120.061157 423.795898
0 2 1427.643677 543.093994
0 3 792.583435 776.537292
0 4 1187.631226 438.677246
0 5 1173.429688 462.288208
0 6 729.834656 728.955139
0 7 1021.017578 399.437683
0 8 1001.539856 419.186249
0 9 629.088318 398.425232
0 10 1077.816772 400.128174
0 11 877.597229 361.118378
0 12 477.015137 548.881165
0 13 1036.690796 428.653503
0 14 437.534088 509.005981
0 15 1450.667114 570.492188
0 16 1390.927124 547.441528
0 17 390.638702 459.656403
0 18 1292.106689 513.895020
0 19 1319.160034 597.925171
0 20 490.847809 419.077148
0 21 1038.261475 737.233398
0 22 458.969849 439.324402
0 23 583.591187 622.038452
0 24 1137.957153 812.364075
0 25 1261.577881 647.664246
0 26 1271.935059 621.870300
0 27 684.139832 394.622589
0 28 912.488220 370.725922
0 29 889.695801 439.656830
0 30 1047.280151 417.420715
0 31 1061.542969 409.561493
0 32 1286.472412 682.851562
0 33 1197.954956 665.973083
0 34 1404.953613 581.656799
0 35 820.146240 367.447754
0 36 790.757751 593.546509
0 37 1403.027100 621.234497
0 38 565.310059 412.064056
0 39 1343.459839 650.740295
