0 1578512666 1026.242188 407.060883
0 1524823287 1357.206055 815.694153
0 1478234209 1152.746582 214.943283
0 1707269176 1145.586426 351.772797
0 1438989626 1102.578857 458.863464
0 1524801259 1168.102539 675.084412
0 1438992629 1099.957642 422.830780
0 1478227200 1070.599854 199.267975
0 1524854327 1234.557861 630.840637
0 1478249229 1018.892700 192.162582
0 1524807266 965.583679 740.010498
0 1524863340 1249.291626 856.382812
0 1524831297 1016.901733 775.748779
0 1478229202 1057.645386 203.879807
0 1568509654 1117.748047 414.071625
0 1524790246 1216.616333 835.174744
0 1578523681 1236.677002 372.304321
0 1478207175 1057.250000 187.112946
0 1524861337 1424.345215 758.731201
0 1478210178 1121.757568 189.602859
0 1524862338 1018.651428 706.684265
0 1478186149 1096.761230 198.627640
0 1524797254 1072.036743 814.145386
0 1578518674 1129.520996 359.215332
0 1438985621 1201.440186 372.865692
0 1524857331 1346.667725 776.927124
0 1478203170 1108.343140 185.831345
0 1438994632 1026.648804 391.011749
0 1578520676 1101.237671 440.427612
0 1478237213 1087.408569 250.312729
0 1568511657 1044.338989 382.973267
0 1775370079 1007.786743 415.610657
0 1478195160 1192.412109 209.467621
0 1568510655 1008.601807 399.212372
0 1478257240 1086.676514 240.248398
0 1578521677 1061.335205 360.350525
0 1524794250 1358.722168 723.473877
0 1524812272 1218.134399 675.018005
0 1769859072 1079.415527 382.427429
0 1578525683 1062.820557 423.335205
0 1770636073 1077.995483 352.921539
0 1524846317 1190.193481 855.944275
0 1524833300 1195.379028 690.641235
0 1568511656 1256.611572 379.670197
0 1438985620 1168.972900 388.850952
0 1478185148 1177.782471 205.354462
0 1707993177 1076.687744 325.753479
0 1478189152 1072.827637 245.552612
0 1524791247 1242.194214 815.069519
0 1524830296 1185.163086 814.759766
0 2088218948 1149.929443 381.330231
0 1524827292 1323.476318 795.850647
0 1606348170 1182.396851 365.674072
0 1524855329 1092.781738 660.130859
0 1478183145 1073.320557 255.792816
0 1438990627 1061.682983 375.092133
0 1524840309 1369.149658 758.582703
0 1478222194 1071.891479 226.105026
0 1709860179 939.823425 384.599579
0 1478188151 1017.601807 218.135300
0 1438988624 1131.324707 373.982697
0 1478243222 977.954285 214.580017
0 1524843313 1256.918945 900.780823
0 1524844315 1043.965942 794.596619
0 1524858333 1308.728516 856.823975
0 1524811271 1068.760498 675.216125
0 1524859334 1333.363403 835.923035
0 1478216186 1100.307129 235.027863
0 1524851324 1379.987549 706.758423
0 1524814275 1164.467163 645.321106
0 1578514668 1094.342163 345.632294
0 1478184146 1072.351562 235.662552
0 1524829294 1210.763916 795.344971
0 1478176143 1017.142639 227.373520
0 1524860336 1138.896240 631.171326
0 1478222193 1031.373535 204.517319
0 1438997636 1135.173340 405.492249
0 1478194158 1044.471924 236.295517
0 1478201168 1070.196411 190.885941
0 1478187150 1150.987183 205.998993
0 1478205172 1083.364868 194.723572
0 1524838306 1070.292969 740.202576
0 1568514660 1143.546997 337.892883
0 1524865342 1182.607178 603.721191
0 2085418945 1010.845886 354.062866
0 1524808268 1190.866211 659.929077
0 1478200167 1097.604370 207.283096
0 1478194159 1057.444458 195.363327
0 1568501643 1111.735474 352.348083
0 1478239216 1044.463013 246.182922
0 1524820283 1240.259766 659.827393
0 1438989625 1061.001831 346.210327
0 1568505649 1147.712036 366.239197
0 1478255237 1179.989502 214.299835
0 1524804262 1161.040161 617.265076
0 1568506650 1077.328369 339.063019
0 1478217187 1141.554688 229.250534
0 1568505648 1044.365723 353.493134
0 1568497640 1179.548706 351.195557
0 1578511665 1161.348755 344.470642
0 1478258241 1124.261230 206.641876
0 1524796253 1123.050781 740.299438
0 1478206173 1044.512451 191.525040
0 1524826291 1094.253174 690.699036
0 1578529688 993.599060 361.478241
0 1478233207 1149.284302 197.342087
0 1708834178 1113.143433 366.802460
0 1478189153 1031.150635 213.311890
0 1568499641 1044.309937 415.099487
0 1478245224 1163.408691 201.313217
0 1524852325 1069.502930 706.694702
0 1478219190 964.038025 219.400467
0 1578525682 1027.038086 375.644073
0 1478232206 1004.517944 213.946762
0 1524818280 1223.581665 706.726318
0 1524850322 1017.804688 740.106262
0 1438996635 1127.791016 345.052399
0 1524832299 1200.179932 723.314148
0 1478242220 1122.989258 197.985687
0 1524789245 1229.655273 923.912170
0 1438999639 1139.381226 439.942169
0 1478196161 1125.575317 215.585083
0 1478252234 1128.338745 234.391418
0 1524803261 1314.244629 758.434937
0 1478211179 992.513245 201.179199
0 1578523680 991.373657 391.547302
0 1578530689 1137.229370 422.324524
0 1568508653 1191.713501 413.036469
0 1524826290 990.790771 757.564880
0 1524847319 1125.657715 776.137390
0 1524810270 1261.780762 645.051758
0 1524835302 1171.966064 706.715759
0 1524821284 1283.261353 878.431091
0 1524799257 1176.080078 740.396729
0 1478233208 1058.067017 221.763947
0 1608354172 1044.378296 339.645264
0 1524835303 1186.616333 631.006409
0 1478251232 1167.375488 219.206589
0 1524812273 1141.707520 660.030212
0 1706512175 1082.657104 449.773376
0 1438986622 956.219604 392.081024
0 1478211180 1083.984497 203.240601
0 1524823286 1274.825806 835.547791
0 1478223195 1113.724487 229.888916
0 1478244223 1084.624268 212.037140
0 1438987623 1027.411255 360.915283
0 1478193157 1057.852661 212.675323
0 1478198164 1136.865967 201.957336
0 1524862339 1259.628052 758.288086
0 1478236212 1030.436279 241.511887
0 1478240217 1058.517944 240.880997
0 1478214183 1095.944702 190.245193
0 1578521678 1171.741333 404.965698
0 1524844314 1044.030762 723.156860
0 1524848320 1297.503418 690.582764
0 1524806265 1147.866943 723.261475
0 1524787243 1099.265747 794.844727
0 1478241219 1030.920532 222.399078
0 1524799256 1144.692139 690.670166
0 1478190154 1003.150391 232.425339
0 1478226198 1044.489014 217.500244
0 1478208176 1031.589233 196.001495
0 1478214184 1101.270630 244.920532
0 2084722944 1044.352661 367.923309
0 1578522679 1098.734619 406.016968
0 1524825289 1195.598511 900.194702
0 1774531078 1154.664551 413.554993
0 1525674169 1080.963501 414.586487
0 1478197162 1057.061401 179.116302
0 1524815276 1118.311768 675.150391
0 1768901071 973.002869 399.739044
0 1578526684 1062.045654 390.474365
0 1478182144 1109.350830 194.082199
0 1524853326 992.503540 723.104980
0 1478218189 1058.755127 250.942398
0 1578513667 1096.444946 374.538361
0 1438983618 1095.371582 359.783875
0 1478224196 1058.288574 231.160538
0 1478247227 1095.153442 182.123047
0 1524792248 1412.110962 723.527588
0 1524795252 1222.897217 877.919800
0 1524808267 1252.758789 723.367126
0 1478191155 1003.845520 223.032516
0 1524856330 1101.171387 834.434814
0 1478236211 1154.565308 224.189545
0 1478258242 1069.426514 174.889832
0 1478212181 1030.682495 231.793793
0 1478185147 1085.969238 230.525574
0 1568502645 1185.368042 380.778778
0 1568508652 1078.690552 367.363800
0 1438984619 1093.354004 332.047424
0 1659977623 1096.998779 382.153870
0 1478209177 1135.402588 193.439194
0 1438982617 1097.564819 389.935120
0 1524805264 1327.590454 706.747681
0 1771287074 1220.928589 380.225433
0 2087111947 1009.381836 383.517212
0 1524817279 1044.060059 690.727783
0 1524795251 1097.485352 757.851929
0 1478230204 1071.446777 216.863541
0 1478230203 1069.805542 182.763824
0 1524847318 1290.972168 776.728149
0 1578516671 1198.160645 358.072571
0 1568513659 1080.172485 398.153442
0 1578529687 1204.863037 388.306091
0 1524819282 1095.817871 723.209106
0 1478253235 1044.480591 226.740112
0 1524836304 1205.297363 758.141907
0 1478243221 1082.764771 186.472916
0 1568501644 1109.087036 325.159973
0 1438998637 1208.439209 404.437225
0 1524816278 1289.889893 659.725342
0 1705773174 1044.294312 432.268768
0 1524845316 1162.883057 877.411438
0 1524842312 1131.431274 855.508118
0 1568507651 1121.179688 449.300140
0 1438999638 992.509888 376.194092
0 1478252233 1114.912354 239.614090
0 1438993630 990.187012 407.580078
0 1478237214 991.663086 209.831482
0 1524857332 1402.662720 777.127258
0 1478248228 1085.285522 221.127151
0 1478225197 976.841919 223.664307
0 1524859335 1154.864258 795.094116
0 1524832298 1151.250610 757.996521
0 1478200166 951.459473 215.211609
0 1478250231 1139.939453 219.848480
0 1478245225 1005.168823 205.153214
0 1438995633 1063.235107 440.911255
0 1524804263 1282.961304 740.592896
0 1524839308 1180.469482 776.333313
0 1524849321 1213.009644 645.186707
0 1568512658 1081.790771 431.775299
0 1568514661 1152.244873 397.087097
0 1478231205 1165.359375 210.112534
0 1773608077 1044.324707 398.683807
0 1438977615 1163.783813 358.644928
0 1524834301 1336.817627 740.691711
0 1607644171 1110.384399 338.478882
0 1524800258 1158.732544 834.803772
0 1568504647 974.543518 384.059296
0 1568500642 1114.612183 381.879761
0 1478256239 1098.475464 216.225143
0 1524815277 1318.928955 674.884399
0 1568503646 1217.198364 365.107056
0 1478220191 1018.476074 200.543716
0 1478207174 1110.391235 202.599808
0 1524841311 1380.293945 796.105530
0 1478213182 1018.046021 209.196838
0 1524813274 1275.455811 706.737000
0 1568516663 1010.129272 368.480896
0 1578517672 958.097839 376.742340
0 1578527685 1126.130493 331.457520
0 1478240218 1112.576294 220.488663
0 1478215185 990.784851 218.768707
0 1524838307 1348.944702 690.553345
0 1478197163 1111.465820 211.397278
0 1478221192 1126.933716 224.829727
0 1524819281 1128.444824 814.451721
0 2086284946 1116.145630 397.621216
0 1524824288 1116.151611 645.454773
0 1524802260 1445.372559 740.890930
0 1478226199 1071.016357 207.922668
0 1578518673 1027.769165 346.786469
0 1438981616 1025.817139 423.837799
0 1478238215 989.877319 228.005234
0 1609135173 1188.470703 396.551147
0 1524837305 1390.953979 740.791077
0 1524793249 1246.315552 690.612061
0 1568515662 1224.823975 396.013275
0 1568516664 1157.196045 430.783020
0 1438991628 1174.636230 421.816467
0 1478249230 1016.667847 236.926788
0 1438996634 1062.424561 406.539825
0 1578519675 1060.681641 332.635468
0 1524829295 1299.541016 815.380920
0 1524864341 1305.605469 723.420349
0 1478255238 979.030945 205.787491
0 1438993631 1240.878052 387.759308
0 1524788244 1268.409180 674.951355
0 1772785076 976.019653 369.036682
0 1524828293 1120.607178 706.705200
0 1478203171 1005.799011 196.638031
0 1524798255 1071.135864 775.942627
0 1478199165 1044.497070 208.560577
0 1578528686 1133.207153 389.393982
0 1478192156 1044.504883 199.906662
0 1478228201 1138.377441 210.755737
0 1772037075 1119.424438 431.280090
0 1578515670 1166.322876 373.425140
0 1524851323 1229.382812 740.494568
0 1478218188 1031.798340 187.751389
0 1478202169 1099.375854 225.468246
0 1478254236 1044.519897 183.403030
0 1478246226 965.347839 210.464478
0 1524809269 1266.967041 795.597107
0 1524822285 1043.999390 757.708069
0 1524841310 1208.179443 617.070557
0 1478235210 1082.183105 178.476364
0 1578515669 1092.404663 318.995850
0 1524854328 1235.573486 776.530212
0 0 552.287781 183.758224
0 1 1066.944092 641.409607
0 2 596.979919 180.598358
0 3 832.660583 190.718277
0 4 652.919250 187.029099
0 6 535.553528 421.364105
0 7 576.307068 392.490082
0 8 1662.642456 714.754395
0 9 569.760803 167.371094
0 10 509.592010 451.779236
0 11 465.963379 332.561523
0 12 1757.488770 608.744507
0 13 618.012512 406.139526
0 14 1603.291626 74.534447
0 16 591.646606 529.658142
0 17 1753.750854 687.762695
0 19 531.659424 206.655792
0 20 740.303650 187.967087
0 21 776.847412 613.562195
0 22 1004.112427 76.075470
0 23 1042.742554 228.665695
0 24 951.949707 182.810852
0 25 964.126160 266.861359
0 26 879.489807 276.744446
0 27 1427.942017 314.396545
0 28 1484.282227 304.542389
0 29 1371.639893 283.418823
0 30 1082.228760 120.828072
0 31 1029.142700 252.828339
0 33 1104.691162 469.748871
0 35 1075.973145 140.993759
0 37 1003.923828 148.599670
0 39 1040.911377 69.511139
0 40 1118.626343 123.768486
0 43 1717.198853 217.592651
0 46 965.610840 71.721069
0 53 640.585388 488.889130
0 55 839.059387 94.552109
0 59 1319.072998 58.613098
0 131 483.272217 264.887878
0 170 805.671326 460.160400
0 185 1623.552734 233.210617
0 187 1051.675537 130.881470
0 192 930.320618 162.678345
0 201 419.323853 444.658966
0 204 0.000000 0.000000
0 206 373.721313 427.399017
0 208 0.000000 0.000000
0 210 698.357422 176.779282
0 212 742.668335 173.158661
0 213 872.315186 136.819229
0 218 979.875305 106.577377
0 223 1165.802246 898.899170
0 224 1062.594727 931.849426
0 227 1339.164429 119.660263
0 228 1700.255249 184.939346
