0 1578512666 933.748901 300.107239
0 1524823287 1694.224854 479.415039
0 1478234209 697.136780 67.062782
0 1707269176 936.398071 202.499084
0 1438989626 1081.563843 314.773224
0 1524801259 1440.998047 459.523010
0 1438992629 1020.296509 284.210083
0 1478227200 582.290710 77.030426
0 1524854327 1415.534424 399.564514
0 1478249229 509.864044 86.860794
0 1524807266 1424.571899 602.558594
0 1524863340 1701.608276 549.337830
0 1524831297 1501.544189 602.089172
0 1478229202 577.619385 86.299240
0 1568509654 1019.367615 269.429779
0 1524790246 1664.600952 549.571411
0 1578523681 1040.226929 189.320023
0 1478207175 542.762939 68.354019
0 1524861337 1654.614624 417.246796
0 1478210178 617.175049 50.352638
0 1524862338 1405.870239 551.205017
0 1478186149 608.898682 67.800858
0 1524797254 1578.566040 601.619446
0 1578518674 936.052612 215.226456
0 1438985621 1015.122314 201.885941
0 1524857331 1646.280640 458.148346
0 1478203170 595.644470 50.534298
0 1438994632 905.465637 285.064758
0 1578520676 1050.438110 299.246216
0 1478237213 700.393188 124.626534
0 1568511657 906.309875 270.278259
0 1775370079 933.321472 315.857300
0 1478195160 724.886353 49.443821
0 1568510655 904.594482 300.322357
0 1478257240 680.244507 114.575378
0 1578521677 880.520691 242.242813
0 1524794250 1588.598389 417.700165
0 1524812272 1465.761963 438.577759
0 1769859072 934.953369 255.730865
0 1578525683 992.079285 299.676819
0 1770636073 881.695435 228.744171
0 1524846317 1679.092163 574.714844
0 1524833300 1475.187378 459.294067
0 1568511656 1066.114258 189.117081
0 1438985620 1016.745178 227.707016
0 1478185148 703.336243 49.625648
0 1707993177 831.513245 203.315933
0 1478189152 676.602234 124.819778
0 1524791247 1650.682495 525.421631
0 1524830296 1627.605225 549.805054
0 2088218948 989.723022 227.914551
0 1524827292 1659.323730 479.645599
0 1606348170 988.875061 202.090363
0 1524855329 1380.480957 481.487701
0 1478183145 696.968201 135.139572
0 1438990627 907.128479 255.941360
0 1524840309 1633.715454 437.438507
0 1478222194 637.431641 104.971306
0 1709860179 814.860107 316.723602
0 1478188151 562.885559 115.533646
0 1438988624 962.706970 228.122009
0 1478243222 510.198608 126.171394
0 1524843313 1754.645874 574.245728
0 1524844315 1540.048950 601.854370
0 1524858333 1723.241211 524.956177
0 1524811271 1388.616455 503.827240
0 1524859334 1708.451904 501.744293
0 1478216186 683.794312 104.590797
0 1524851324 1577.497559 398.439209
0 1524814275 1398.646484 439.033051
0 1578514668 882.836182 215.638046
0 1478184146 656.763428 114.767097
0 1524829294 1614.419678 525.654297
0 1478176143 581.485962 125.592354
0 1524860336 1365.103027 439.260590
0 1478222193 549.959412 95.988731
0 1438997636 1018.466858 255.099091
0 1478194158 629.034607 125.206139
0 1478201168 564.804138 68.169670
0 1478187150 678.470703 58.423428
0 1478205172 586.849365 67.985298
0 1524838306 1479.736206 550.738647
0 1568514660 910.874451 190.334137
0 1524865342 1350.810425 400.014221
0 2085418945 823.692871 256.572540
0 1524808268 1432.199463 438.805450
0 1478200167 626.931213 76.658722
0 1478194159 559.976746 77.216240
0 1568501643 909.441406 215.432266
0 1478239216 648.764587 135.528992
0 1524820283 1456.675293 418.606079
0 1438989625 854.703857 228.951447
0 1568505649 962.669800 215.020569
0 1478255237 722.080322 58.057030
0 1524804262 1357.828369 419.284882
0 1568506650 856.236816 215.843796
0 1478217187 713.245728 85.175194
0 1568505648 853.125061 242.451630
0 1568497640 962.598633 189.928619
0 1578511665 936.733704 190.131424
0 1478258241 653.009521 67.431892
0 1524796253 1505.697021 526.351746
0 1478206173 537.666870 77.401985
0 1524826291 1424.111450 503.596069
0 1578529688 821.586914 270.914093
0 1478233207 660.247864 49.989193
0 1708834178 935.696960 228.329453
0 1478189153 567.921326 105.541786
0 1568499641 962.910583 299.892059
0 1478245224 681.790100 49.807453
0 1524852325 1433.270020 526.816345
0 1478219190 504.270752 136.696289
0 1578525682 878.062195 270.490265
0 1478232206 539.427612 115.725189
0 1524818280 1509.386475 459.065063
0 1524850322 1452.716553 576.120239
0 1438996635 910.168213 202.703369
0 1524832299 1519.821167 480.567200
0 1478242220 634.877014 58.789642
0 1524789245 1771.337891 600.443909
0 1438999639 1077.753540 283.782410
0 1478196161 671.588501 76.286911
0 1478252234 710.153259 94.667458
0 1524803261 1612.042480 458.377625
0 1478211179 498.451599 106.111938
0 1578523680 875.447083 300.537476
0 1578530689 1047.648682 269.217529
0 1568508653 1072.466187 240.779541
0 1524826290 1463.051880 602.323975
0 1524847319 1553.647827 550.271973
0 1524810270 1447.909424 399.339569
0 1524835302 1484.970825 480.797424
0 1524821284 1738.626953 549.104065
0 1524799257 1530.660034 502.902161
0 1478233208 614.257019 105.161491
0 1608354172 827.718445 229.158722
0 1524835303 1390.768188 419.058685
0 1478251232 719.206543 66.878212
0 1524812273 1406.818481 459.751892
0 1706512175 1051.900635 314.990143
0 1438986622 844.464478 316.507111
0 1478211180 604.608887 76.844589
0 1524823286 1686.956421 525.188904
0 1478223195 687.255249 94.856316
0 1478244223 622.810974 85.924706
0 1438987623 851.498291 256.362213
0 1478193157 595.707092 95.611397
0 1478198164 656.671875 58.606571
0 1524862339 1589.552124 480.106537
0 1478236212 624.670105 135.723633
0 1478240217 652.816040 125.012955
0 1478214183 591.299316 59.155754
0 1578521678 1045.026489 240.988724
0 1524844314 1442.797485 550.971863
0 1524848320 1522.618652 418.153229
0 1524806265 1495.133301 503.133545
0 1524787243 1565.850830 575.417847
0 1478241219 586.348145 115.342079
0 1524799256 1450.130737 481.027588
0 1478190154 576.495728 136.112793
0 1478226198 591.086914 105.351669
0 1478208176 532.444824 86.673622
0 1478214184 703.730103 114.383583
0 2084722944 879.310120 256.151825
0 1578522679 991.093140 269.641968
0 1524825289 1732.758789 600.679138
0 1774531078 1046.317627 254.888397
0 1525674169 991.578491 284.423828
0 1478197162 525.962646 59.704659
0 1524815276 1415.300781 481.257690
0 1768901071 874.076111 316.290558
0 1578526684 934.564270 270.066193
0 1478182144 613.086182 58.972733
0 1524853326 1415.029053 576.354187
0 1478218189 672.863953 135.334290
0 1578513667 935.330688 241.824966
0 1438983618 908.693237 228.536835
0 1478224196 633.287048 114.958786
0 1478247227 574.117737 50.715889
0 1524792248 1609.916504 398.213959
0 1524795252 1716.863037 574.480286
0 1524808267 1543.595337 458.835999
0 1478191155 557.718750 125.785408
0 1524856330 1617.095581 601.384521
0 1478236211 716.262512 75.914902
0 1478258242 531.076050 51.079048
0 1478212181 605.257935 125.399254
0 1478185147 660.610718 104.781067
0 1568502645 1015.921875 214.608688
0 1568508652 907.922546 242.033905
0 1438984619 857.725830 203.111786
0 1659977623 948.953308 248.620575
0 1478209177 638.709534 50.170948
0 1438982617 962.784668 255.520340
0 1524805264 1555.604004 417.926727
0 1771287074 1041.375122 201.681503
0 2087111947 876.775208 285.278290
0 1524817279 1397.073120 527.048584
0 1524795251 1516.686279 550.505371
0 1478230204 618.587524 95.422691
0 1478230203 547.737549 59.521759
0 1524847318 1624.432739 479.876129
0 1578516671 988.469116 189.725800
0 1568513659 962.825317 269.854126
0 1578529687 1042.556885 214.402664
0 1524819282 1469.478027 526.584106
0 1478253235 609.815247 115.150452
0 1524836304 1566.197266 502.670746
0 1478243221 569.516479 59.338791
0 1568501644 859.172668 190.739471
0 1438998637 1070.807861 227.291840
0 1524816278 1480.293213 399.114563
0 1705773174 992.596313 315.423828
0 1524845316 1694.191895 600.914307
0 1524842312 1655.637573 601.149475
0 1568507651 1079.628296 299.030823
0 1438999638 848.091614 285.491821
0 1478252233 706.982483 104.400497
0 1438993630 903.695129 316.073944
0 1478237214 515.974304 115.916702
0 1524857332 1667.334351 437.210449
0 1478248228 641.472351 95.233917
0 1478225197 528.340881 136.501831
0 1524859335 1590.620728 550.038513
0 1524832298 1541.926880 526.119324
0 1478200166 480.205475 136.890717
0 1478250231 693.923462 76.100922
0 1478245225 521.603699 105.921944
0 1438995633 1022.244751 315.207001
0 1524804263 1577.813965 458.606842
0 1524839308 1578.167725 525.886841
0 1524849321 1423.717285 418.832397
0 1568512658 1021.255188 299.461548
0 1568514661 1017.593079 241.197845
0 1478231205 700.273560 58.240265
0 1773608077 934.163025 284.851166
0 1438977615 962.633606 202.294754
0 1524834301 1600.105713 437.666473
0 1607644171 883.944092 202.907578
0 1524800258 1641.333008 574.949280
0 1568504647 846.306885 300.752472
0 1568500642 962.745239 241.615967
0 1478256239 645.413208 85.737358
0 1524815277 1512.685913 398.889526
0 1568503646 1014.345215 189.522934
0 1478220191 527.092163 96.177353
0 1478207174 630.952087 67.616386
0 1524841311 1680.528687 457.919037
0 1478213182 544.760254 105.731880
0 1524813274 1532.914917 438.122253
0 1568516663 849.821228 270.702209
0 1578517672 817.173767 300.967438
0 1578527685 885.020752 190.536819
0 1478240218 668.019714 85.550026
0 1478215185 533.956360 125.978439
0 1524838307 1545.087280 398.664368
0 1478197163 649.257751 76.472824
0 1478221192 690.630554 85.362625
0 1524819281 1603.585938 575.183594
0 2086284946 990.622559 255.309738
0 1524824288 1372.648804 459.980713
0 1524802260 1642.344360 397.988647
0 1478226199 600.213013 86.111984
0 1578518673 825.735779 242.660446
0 1438981616 962.955200 315.640594
0 1478238215 552.415894 136.307358
0 1609135173 1043.773438 227.499435
0 1524837305 1621.601929 417.473480
0 1524793249 1499.333740 438.350037
0 1568515662 1069.197754 214.196609
0 1568516664 1075.936523 269.005219
0 1438991628 1074.174927 254.677658
0 1478249230 600.580505 135.918243
0 1438996634 962.867310 284.637512
0 1578519675 829.643372 216.049500
0 1524829295 1672.872314 501.976013
0 1524864341 1566.505615 437.894379
0 1478255238 492.525665 116.108177
0 1438993631 1067.634033 201.476990
0 1524788244 1489.642456 418.379700
0 1772785076 819.414917 285.705231
0 1524828293 1459.617065 503.364838
0 1478203171 504.229248 96.365906
0 1524798255 1528.127441 575.652039
0 1478199165 572.831055 95.800079
0 1578528686 990.166077 241.406921
0 1478192156 555.029968 86.486465
0 1478228201 675.071106 67.247375
0 1772037075 1049.021484 283.996307
0 1578515670 989.292847 214.814651
0 1524851323 1554.681519 480.336914
0 1478218188 515.361267 77.587746
0 1478202169 664.361633 95.045151
0 1478254236 520.725830 68.538338
0 1478246226 486.445648 126.364326
0 1524809269 1637.303345 502.207672
0 1524822285 1490.416016 575.886169
0 1524841310 1383.168091 399.789398
0 1478235210 552.594971 50.897503
0 1578515669 833.330261 190.942078
0 1524854328 1601.745117 502.439209
0 0 476.619415 60.246090
0 1 856.779785 420.743073
0 2 1316.878540 163.982162
0 3 535.204285 53.768406
0 4 1266.482056 32.881138
0 5 170.563187 340.714813
0 6 1116.704590 41.032623
0 7 1088.895874 15.055952
0 8 762.754089 32.054058
0 9 1523.880859 265.478058
0 10 1146.925049 20.636862
0 11 373.075531 529.349731
0 12 1357.458130 46.730888
0 13 853.618164 549.049316
0 14 1403.513794 63.118889
0 16 427.448517 80.241592
0 17 1480.616821 202.398300
0 18 671.128174 518.875793
0 19 984.311035 359.039642
0 20 1532.573608 330.170074
0 21 1441.892944 250.436020
0 22 1615.772949 469.742950
0 23 1203.538696 41.548100
0 24 267.038269 488.216095
0 25 680.628662 373.483948
0 26 857.822632 373.655731
0 27 194.828079 540.613708
0 28 1580.399536 530.531799
0 29 1379.307495 396.608673
0 30 1277.025269 80.188210
0 31 344.615814 186.301117
0 32 1315.627319 10.477839
0 33 635.221436 272.962250
0 35 278.976471 243.348877
0 36 1364.276489 214.643494
0 37 1317.745850 31.816027
0 38 1574.306152 395.554962
0 39 1154.899292 1.673258
