0 1578512666 983.834717 719.271179
0 1524823287 383.344147 626.673828
0 1707269176 1013.568054 847.718689
0 1438989626 832.016541 715.027405
0 1524801259 565.105713 625.867065
0 1438992629 895.359009 742.546082
0 1524854327 552.132690 664.108948
0 1524807266 635.534485 557.078186
0 1524863340 429.371490 590.682556
0 1524831297 587.379272 560.209106
0 1568509654 897.333130 759.570557
0 1524790246 454.744781 589.001465
0 1578523681 875.017822 881.979675
0 1524861337 360.521393 664.726440
0 1524862338 630.172607 577.378235
0 1524797254 538.935364 563.358887
0 1578518674 1008.741333 826.867310
0 1438985621 908.589722 856.646912
0 1524857331 403.288513 637.030090
0 1438994632 1018.058838 733.002319
0 1578520676 863.110229 728.535828
0 1478237213 1458.309692 987.116333
0 1568511657 1022.568054 749.693848
0 1775370079 980.253296 703.799438
0 1568510655 1013.729675 716.976990
0 1478257240 1516.831177 1012.540527
0 1578521677 1064.495605 782.625427
0 1524794250 417.030365 660.742859
0 1524812272 533.707092 640.062256
0 1769859072 995.493286 769.636047
0 1578525683 923.702698 723.885925
0 1770636073 1070.322021 801.487671
0 1524846317 460.322083 578.392151
0 1524833300 538.359009 627.712158
0 1568511656 838.705566 885.119324
0 1438985620 903.785034 815.211792
0 1707993177 1151.393799 835.996704
0 1478189152 1497.516724 983.327393
0 1524791247 448.981903 599.963745
0 1524830296 480.039307 587.325562
0 2088218948 937.374878 812.443665
0 1524827292 410.146454 624.843994
0 1606348170 943.737732 853.657654
0 1524855329 621.445679 610.418945
0 1478183145 1440.997437 959.269409
0 1438990627 1027.268677 767.094177
0 1524840309 396.185699 649.651245
0 1478222194 1619.262939 1035.149902
0 1709860179 1096.869507 694.966492
0 1478188151 1714.922485 992.993164
0 1438988624 970.822571 809.687256
0 1478243222 1766.435791 957.339539
0 1524843313 410.334290 581.672729
0 1524844315 563.193542 561.781616
0 1524858333 397.289673 603.422241
0 1524811271 624.452026 599.036865
0 1524859334 390.435242 614.850708
0 1478216186 1537.247437 1043.420410
0 1524851324 409.931519 674.246582
0 1524814275 588.070190 636.271667
0 1578514668 1076.412109 821.203430
0 1478184146 1556.865967 1008.589966
0 1524829294 474.705688 598.242737
0 1478176143 1652.354736 968.364136
0 1524860336 615.115295 634.385864
0 1478222193 1808.959106 1050.319824
0 1438997636 899.391663 777.323730
0 1478194158 1575.330566 975.807556
0 1524838306 580.437012 580.673584
0 1568514660 1054.121094 866.493530
0 1524865342 608.322632 660.103027
0 2085418945 1121.830566 759.529602
0 1524808268 560.934265 638.163757
0 1568501643 1042.649536 824.029236
0 1478239216 1517.246948 952.047791
0 1524820283 528.887390 652.857422
0 1438989625 1103.210327 798.777405
0 1568505649 974.686340 829.717712
0 1524804262 611.779846 647.013916
0 1568506650 1110.029785 818.389648
0 1568505648 1096.685547 780.012390
0 1568497640 982.967041 872.645813
0 1578511665 1018.624512 869.562683
0 1524796253 551.392151 593.112000
0 1524826291 598.781250 600.771606
0 1578529688 1115.203369 742.388184
0 1708834178 1004.129089 806.942566
0 1478189153 1740.641357 1022.910034
0 1568499641 953.825928 721.574158
0 1524852325 602.116272 589.718323
0 1478219190 1741.505615 930.808350
0 1578525682 1053.568237 747.249084
0 1478232206 1753.924316 989.144592
0 1524818280 511.523773 629.563416
0 1524850322 608.467041 568.669739
0 1438996635 1048.252197 844.768738
0 1524832299 516.483582 617.584534
0 1524789245 416.545593 571.316467
0 1438999639 833.288635 747.374084
0 1524803261 430.482391 635.154114
0 1478211179 1860.087891 1010.864929
0 1578523680 1043.511597 714.691528
0 1578530689 865.712158 762.064392
0 1568508653 835.406250 801.221924
0 1524826290 611.492859 558.641357
0 1524847319 530.393555 583.989258
0 1524810270 523.890869 666.122314
0 1524835302 542.851990 615.784424
0 1524821284 403.919006 592.369019
0 1524799257 521.276367 606.008972
0 1478233208 1659.939941 1031.047974
0 1608354172 1135.960938 796.078491
0 1524835303 584.243286 648.955139
0 1524812273 591.764343 624.027954
0 1706512175 861.886414 712.764954
0 1438986622 1067.877441 697.162476
0 1524823286 423.176666 601.690247
0 1478223195 1558.862915 1076.113770
0 1438987623 1090.436523 762.041016
0 1478193157 1726.513672 1058.822998
0 1524862339 463.488586 621.202454
0 1478236212 1555.087646 948.463928
0 1478240217 1536.523193 979.557861
0 1578521678 868.542114 798.532104
0 1524844314 605.343140 579.023376
0 1524848320 473.151062 656.786621
0 1524806265 547.193848 604.257568
0 1524787243 534.732849 573.508728
0 1478241219 1675.717407 996.861877
0 1524799256 569.134827 613.990112
0 1478190154 1630.207764 941.349304
0 1478226198 1700.398804 1026.968140
0 1478208176 1880.944092 1079.200928
0 1478214184 1476.584839 1016.511963
0 2084722944 1058.916260 764.562500
0 1578522679 928.828491 757.086670
0 1524825289 441.171173 569.715332
0 1774531078 867.096802 779.907166
0 1525674169 926.213074 740.146240
0 1524815276 595.332581 612.201599
0 1768901071 1038.777832 699.366577
0 1578526684 991.445190 752.148438
0 1524853326 632.896240 567.066528
0 1478218189 1479.217407 955.649597
0 1578513667 999.717285 787.883850
0 1438983618 1037.295166 804.209412
0 1478224196 1596.690674 1004.660095
0 1524792248 381.191132 676.295532
0 1524795252 435.366455 580.029907
0 1524808267 484.599548 631.420837
0 1478191155 1690.574341 964.670654
0 1524856330 514.604370 564.940796
0 1478212181 1613.940674 972.076355
0 1478185147 1578.366089 1039.273926
0 1568502645 906.132446 835.455566
0 1568508652 1032.173218 785.249207
0 1438984619 1117.164185 838.907837
0 1659977623 981.477356 779.959595
0 1438982617 963.589233 772.188232
0 1524805264 445.139038 658.761353
0 1771287074 873.284973 859.649597
0 2087111947 1048.437622 730.639404
0 1524817279 627.359375 588.029358
0 1524795251 555.453918 582.328857
0 1478230204 1684.948853 1063.109741
0 1524847318 436.861115 623.020264
0 1578516671 947.147400 875.742920
0 1568513659 960.198914 754.612610
0 1578529687 871.631531 838.343201
0 1524819282 576.793945 591.412476
0 1478253235 1636.307373 1000.750793
0 1524836304 495.275818 607.766052
0 1568501644 1124.636108 860.396423
0 1438998637 836.175476 820.783386
0 1524816278 495.550232 668.142700
0 1705773174 921.291077 708.265381
0 1524845316 465.722595 568.119019
0 1524842312 490.200226 566.527527
0 1568507651 832.639709 730.874207
0 1438999638 1078.699341 728.285583
0 1478252233 1495.905396 1047.589355
0 1438993630 1009.569824 701.578918
0 1478237214 1792.724121 985.315857
0 1524857332 368.401093 651.588562
0 1478248228 1643.153442 1067.420410
0 1478225197 1704.588745 934.304688
0 1524859335 505.255402 585.654846
0 1524832298 525.910400 594.816833
0 1478200166 1778.241577 927.329041
0 1478245225 1820.484131 1014.858582
0 1438995633 891.644409 710.510986
0 1524804263 457.585876 633.284363
0 1524839308 500.348389 596.527039
0 1524849321 556.612671 650.902954
0 1568512658 893.464355 726.206421
0 1568514661 901.540344 795.853455
0 1773608077 987.562317 735.374451
0 1438977615 978.730225 850.681580
0 1524834301 423.876251 647.720459
0 1607644171 1082.784058 841.831848
0 1524800258 485.201447 576.759399
0 1568504647 1073.180786 712.414612
0 1568500642 967.127014 790.529419
0 1524815277 467.110535 670.170227
0 1568503646 911.164734 878.854126
0 1478220191 1849.843384 1046.103149
0 1524841311 376.003876 638.912354
0 1478213182 1780.669189 1018.873596
0 1524813274 478.977020 643.878418
0 1568516663 1084.446533 744.813843
0 1578517672 1102.738281 710.146301
0 1578527685 1089.458008 863.438049
0 1478215185 1728.600830 960.995789
0 1524838307 438.571167 672.204834
0 1524819281 510.004913 575.131592
0 2086284946 931.555542 774.750732
0 1524824288 618.335266 622.194946
0 1524802260 352.349457 678.351685
0 1578518673 1128.743408 777.410156
0 1438981616 950.827148 706.028259
0 1478238215 1667.489868 937.818298
0 1609135173 870.052246 817.991638
0 1524837305 388.824707 662.731201
0 1524793249 506.388123 641.967102
0 1568515662 836.980103 841.243469
0 1568516664 833.964783 764.568115
0 1438991628 834.670044 782.501221
0 1478249230 1592.740723 944.897766
0 1438996634 956.947266 737.755737
0 1578519675 1143.503540 815.587952
0 1524829295 416.771973 613.070984
0 1524864341 451.473206 645.796204
0 1478255238 1831.323608 981.506897
0 1438993631 837.822510 862.665710
0 1524788244 501.067017 654.818665
0 1772785076 1108.844604 725.940857
0 1524828293 573.028687 602.511780
0 1478203171 1890.504517 1041.909546
0 1524798255 559.385681 571.890869
0 1478199165 1767.849854 1054.559692
0 1578528686 934.401672 793.185913
0 1772037075 864.384460 744.955383
0 1578515670 940.483704 832.580383
0 1524851323 490.029266 619.390503
0 1478202169 1601.125366 1071.755005
0 1478246226 1804.080688 953.701599
0 1524809269 443.024017 611.296997
0 1524822285 583.963623 570.277832
0 1524841310 580.276428 662.102478
0 1578515669 1159.656494 857.368347
0 1524854328 469.191864 609.528625
0 1 408.799591 592.081360
0 2 788.270630 489.018433
0 3 462.002167 559.207520
0 4 231.557983 628.606506
0 5 766.263916 551.807312
0 6 1214.734619 556.826050
0 7 1275.906372 553.866760
0 9 0.000000 0.000000
0 10 1111.266357 480.218628
0 12 0.000000 0.000000
0 13 1055.479004 492.293793
0 17 0.000000 0.000000
0 18 965.294250 518.795166
0 20 1155.102661 461.587158
0 21 0.000000 0.000000
0 23 1414.682861 984.234680
0 25 1441.354004 894.642029
0 26 1330.517944 706.088745
0 27 652.534485 1002.698608
0 28 692.814331 644.577942
0 29 672.306152 920.900574
0 33 1299.756592 607.705078
0 36 1523.303711 602.938232
0 41 107.687759 542.511230
0 59 1043.481445 466.624359
0 73 1479.313721 449.175415
0 77 1609.322266 484.711884
0 80 273.395081 436.823669
0 83 322.026917 441.469849
0 86 0.000000 0.000000
0 88 471.371399 493.549744
0 90 426.853546 476.551605
0 94 0.000000 0.000000
0 96 417.132568 455.990936
0 97 0.000000 0.000000
0 98 377.760834 433.794861
