0 1578512666 951.331543 610.940186
0 1707269176 956.325562 842.819824
0 1438989626 756.830322 586.877991
0 1438992629 830.616150 642.010376
0 1568509654 828.563843 672.173035
0 1578523681 766.247620 886.679077
0 1578518674 955.507690 804.842834
0 1438985621 816.760254 845.651062
0 1438994632 992.345947 638.987122
0 1578520676 792.948242 613.865051
0 1568511657 993.891541 669.043579
0 1775370079 950.737183 583.338989
0 1568510655 990.866089 610.210022
0 1578521677 1040.381958 732.512756
0 1769859072 953.277161 701.276550
0 1578525683 872.189087 612.401733
0 1770636073 1043.181274 766.932678
0 1568511656 718.423828 887.664185
0 1438985620 821.819580 771.294495
0 1707993177 1141.938721 839.054382
0 2088218948 866.153381 770.420959
0 1606348170 863.315979 844.706665
0 1438990627 995.507446 700.466736
0 1709860179 1105.439209 580.515564
0 1438988624 910.456421 769.547974
0 1578514668 1046.117188 803.031677
0 1438997636 826.418091 703.709229
0 1568514660 1004.830750 881.764404
0 2085418945 1122.031006 698.040527
0 1568501643 1000.828491 803.936890
0 1438989625 1087.361572 766.062134
0 1568505649 910.154602 805.749329
0 1568506650 1091.373535 802.127136
0 1568505648 1083.536011 731.674133
0 1568497640 909.504517 883.728027
0 1578511665 957.185486 882.745850
0 1578529688 1117.606689 666.701660
0 1708834178 954.728760 768.675598
0 1568499641 911.772583 611.670715
0 1578525682 1035.156616 668.262390
0 1438996635 1002.779602 841.877441
0 1438999639 749.597290 643.524902
0 1578523680 1030.375977 609.480408
0 1578530689 787.164917 672.956726
0 1568508653 737.483032 738.399353
0 1608354172 1131.511108 765.192200
0 1706512175 795.658875 586.169312
0 1438986622 1066.798950 581.220764
0 1438987623 1079.884399 698.848694
0 1578521678 780.842407 737.556702
0 2084722944 1037.709839 699.657471
0 1578522679 869.935974 671.389954
0 1774531078 784.075623 704.521118
0 1525674169 871.087036 641.253784
0 1768901071 1028.135132 581.926392
0 1578526684 952.599792 669.825195
0 1578513667 953.986084 734.191833
0 1438983618 998.970337 767.803894
0 1568502645 819.351685 807.564392
0 1568508652 997.198669 733.351990
0 1438984619 1095.586182 839.994751
0 1659977623 932.258911 717.957336
0 1438982617 911.018799 702.086853
0 1771287074 770.170593 846.596191
0 2087111947 1032.714355 638.232422
0 1578516671 861.787964 884.710938
0 1568513659 911.281250 670.607300
0 1578529687 773.901794 808.472839
0 1568501644 1100.014648 879.803650
0 1438998637 733.059448 773.043518
0 1705773174 873.245117 584.753296
0 1568507651 753.290955 614.597473
0 1438999638 1073.057251 637.478333
0 1438993630 989.447815 582.632446
0 1438995633 834.463806 585.461060
0 1568512658 832.580994 613.133179
0 1568514661 824.172363 736.714600
0 2079485312 932.257202 717.901733
0 1773608077 951.951904 639.742188
0 1438977615 909.837769 843.762878
0 1607644171 1049.199707 840.935730
0 1568504647 1069.861450 608.751221
0 1568500642 910.744141 735.032166
0 1568503646 814.035706 885.694702
0 1568516663 1076.395020 667.481812
0 1578517672 1109.322510 608.022461
0 1578527685 1052.440430 880.783630
0 2086284946 868.732483 702.897766
0 1578518673 1126.660889 730.835999
0 1438981616 912.002930 584.045959
0 1609135173 777.454895 772.168762
0 1568515662 728.419495 809.381958
0 1568516664 745.739075 673.740906
0 1438991628 741.705078 705.333679
0 1438996634 911.532288 640.497742
0 1578519675 1136.597900 801.223145
0 1438993631 723.546936 847.541992
0 1772785076 1113.374634 636.724670
0 1578528686 867.472961 735.873108
0 1772037075 790.119568 642.767395
0 1578515670 864.769287 806.656555
0 1578515669 1147.553345 878.824341
0 0 1195.729614 580.246826
0 1 819.917480 562.550293
0 2 934.278687 547.676086
0 3 691.076172 509.324738
0 5 1511.421875 969.256958
0 8 498.193878 848.766724
0 9 1308.826294 736.109253
