0 1578512666 991.658936 475.457001
0 1524823287 464.843109 563.898804
0 1478234209 1498.751831 510.942566
0 1707269176 1103.629639 511.335510
0 1438989626 900.448364 500.366791
0 1524801259 619.766174 521.185913
0 1438992629 961.605042 498.347534
0 1478227200 1528.623413 473.925354
0 1524854327 656.040955 538.272156
0 1478249229 1536.684326 451.964539
0 1524807266 590.296509 478.647003
0 1524863340 455.225372 538.587280
0 1524831297 553.775330 490.102631
0 1478229202 1507.705078 469.034698
0 1568509654 976.910828 503.598358
0 1524790246 476.179077 531.836243
0 1578523681 1060.418945 544.812561
0 1478207175 1569.067993 466.995209
0 1524861337 498.039032 583.620178
0 1478210178 1584.523926 495.623230
0 1524862338 611.725830 488.164398
0 1478186149 1540.156982 485.064514
0 1524797254 515.843384 502.000732
0 1578518674 1086.598389 505.878235
0 1438985621 1058.606445 531.625061
0 1524857331 497.566803 562.850098
0 1478203170 1594.113037 489.236633
0 1438994632 1021.120239 474.471619
0 1578520676 931.008423 499.357788
0 1478237213 1362.723999 485.103363
0 1568511657 1036.444214 479.275055
0 1775370079 976.946655 470.742767
0 1478195160 1533.428101 529.654236
0 1568510655 1006.103882 469.764587
0 1478257240 1393.840210 484.075928
0 1578521677 1082.209595 483.176697
0 1524794250 541.912048 568.206909
0 1524812272 612.177856 533.477966
0 1769859072 1037.640625 490.190796
0 1578525683 961.924438 487.174530
0 1770636073 1098.502441 488.174561
0 1524846317 466.040802 526.226624
0 1524833300 600.436707 527.776367
0 1568511656 1044.433472 552.169983
0 1438985620 1024.849365 520.044250
0 1478185148 1544.089966 522.553162
0 1707993177 1159.509277 486.153473
0 1478189152 1374.182129 479.041718
0 1524791247 486.538116 537.567932
0 1524830296 496.711365 525.220947
0 2088218948 1040.185181 513.408386
0 1524827292 486.624237 556.579651
0 1606348170 1073.929321 524.719788
0 1524855329 645.536499 503.180603
0 1478183145 1343.404663 480.061340
0 1438990627 1052.085327 484.177917
0 1524840309 508.761292 569.264832
0 1478222194 1435.847656 476.998840
0 1709860179 1033.124756 448.987701
0 1478188151 1447.490967 454.956818
0 1438988624 1055.209229 506.907501
0 1478243222 1448.437378 439.759033
0 1524843313 423.951294 539.605347
0 1524844315 534.990723 495.994781
0 1524858333 443.942596 551.481995
0 1524811271 634.034973 498.072479
0 1524859334 454.275360 557.620544
0 1478216186 1413.920898 489.218353
0 1524851324 553.760925 574.763000
0 1524814275 650.623413 520.174072
0 1578514668 1115.139771 493.278107
0 1478184146 1404.996460 478.020874
0 1524829294 507.186401 530.823120
0 1478176143 1417.828247 455.951965
0 1524860336 669.270264 513.721375
0 1478222193 1497.164062 458.549652
0 1438997636 992.546204 508.962250
0 1478194158 1396.429688 467.272247
0 1478201168 1559.622803 472.898376
0 1478187150 1531.722656 509.873291
0 1478205172 1549.987793 478.920288
0 1524838306 574.870300 500.038879
0 1568514660 1135.410767 510.297089
0 1524865342 694.031067 524.718323
0 2085418945 1093.775879 466.823334
0 1524808268 631.596497 526.758240
0 1478200167 1508.539917 486.104889
0 1478194159 1538.368286 468.015564
0 1568501643 1101.012817 499.514709
0 1478239216 1366.237549 468.278931
0 1524820283 624.178101 539.305542
0 1438989625 1112.369507 482.174255
0 1568505649 1071.887695 512.372620
0 1478255237 1510.375732 523.638000
0 1524804262 681.518188 519.161011
0 1568506650 1128.987671 487.164612
0 1478217187 1444.288086 506.390228
0 1568505648 1096.092163 477.286255
0 1568497640 1106.359619 523.668091
0 1578511665 1121.036255 516.913086
0 1478258241 1519.883667 497.735229
0 1524796253 566.687012 511.386932
0 1478206173 1547.923096 462.221069
0 1524826291 615.623413 504.171570
0 1578529688 1078.160400 462.231293
0 1478233207 1564.735596 508.802673
0 1708834178 1069.930786 500.537506
0 1478189153 1467.151855 459.553467
0 1568499641 976.935059 481.259247
0 1478245224 1554.523315 515.604248
0 1524852325 604.435364 499.056244
0 1478219190 1429.703003 435.529175
0 1578525682 1050.615723 473.485107
0 1478232206 1457.612305 449.463440
0 1524818280 580.709412 534.502380
0 1524850322 582.734009 489.134064
0 1438996635 1118.026245 504.847717
0 1524832299 569.315125 528.793152
0 1478242220 1552.183594 496.679901
0 1524789245 414.278290 533.858704
0 1438999639 930.036316 511.011993
0 1478196161 1487.624146 498.789246
0 1478252234 1423.225830 500.893341
0 1524803261 519.014526 555.537476
0 1478211179 1496.695557 443.089233
0 1578523680 1020.278076 464.178925
0 1578530689 961.272095 509.987762
0 1568508653 976.884399 527.867065
0 1524826290 572.207214 484.321075
0 1524847319 536.561401 512.381653
0 1524810270 636.446167 545.263062
0 1524835302 588.946411 522.196472
0 1524821284 433.837036 545.478394
0 1524799257 558.164124 523.205872
0 1478233208 1446.487671 471.069336
0 1608354172 1125.968262 476.290131
0 1524835303 662.794617 525.738892
0 1478251232 1487.846558 517.758240
0 1524812273 638.709839 514.726990
0 1706512175 916.349731 494.208984
0 1438986622 1019.467834 454.276367
0 1478211180 1518.682617 479.953918
0 1524823286 465.461334 544.452820
0 1478223195 1434.437622 494.472473
0 1478244223 1487.415283 480.986298
0 1438987623 1080.145142 472.497467
0 1478193157 1477.078125 470.052643
0 1478198164 1542.060303 503.207428
0 1524862339 528.828796 542.397766
0 1478236212 1377.324341 462.557892
0 1478240217 1385.415283 473.099182
0 1478214183 1571.812622 484.022858
0 1578521678 992.867188 521.085388
0 1524844314 593.474548 494.044769
0 1524848320 583.919556 553.448975
0 1524806265 577.699097 516.734619
0 1524787243 526.095215 507.137482
0 1478241219 1437.174561 460.556091
0 1524799256 608.186157 515.731384
0 1478190154 1398.869507 451.440002
0 1478226198 1456.920410 465.255341
0 1478208176 1527.211060 457.544708
0 1478214184 1382.458252 490.253662
0 2084722944 1066.250854 478.281250
0 1578522679 992.238342 497.336090
0 1524825289 435.407471 527.231079
0 1774531078 976.897888 515.476196
0 1525674169 976.923157 492.202271
0 1478197162 1599.804199 465.973633
0 1524815276 627.045776 509.394012
0 1768901071 1005.557190 459.663239
0 1578526684 1021.996399 485.177979
0 1478182144 1562.098877 490.286407
0 1524853326 600.904480 483.358337
0 1478218189 1354.933228 474.112274
0 1578513667 1053.615356 495.309509
0 1438983618 1084.359009 494.294403
0 1478224196 1415.933350 472.084869
0 1478247227 1603.507080 482.979919
0 1524792248 531.941406 582.547668
0 1524795252 445.209747 532.848083
0 1524808267 560.572083 541.368286
0 1478191155 1428.224121 450.452271
0 1524856330 496.322693 508.123810
0 1478236211 1465.822998 512.010498
0 1478258242 1621.733521 470.840759
0 1478212181 1407.232056 461.557587
0 1478185147 1424.994263 483.047333
0 1568502645 1041.540039 525.770203
0 1568508652 1068.053345 489.183289
0 1438984619 1145.957397 492.260559
0 1659977623 1038.257202 495.816620
0 1478209177 1574.733521 502.143829
0 1438982617 1022.908386 496.323395
0 1524805264 563.141479 560.748657
0 1771287074 1042.954834 538.678406
0 2087111947 1035.294556 468.785278
0 1524817279 622.767090 493.068115
0 1524795251 555.902832 506.149994
0 1478230204 1466.735962 475.975555
0 1478230203 1590.659546 471.870178
0 1524847318 507.948059 549.414307
0 1578516671 1091.371338 530.566528
0 1568513659 1007.263855 491.197144
0 1578529687 1025.883545 532.682190
0 1524819282 585.745544 505.161346
0 1478253235 1426.657349 466.264374
0 1524836304 538.231689 529.808777
0 1478243221 1581.330811 477.885376
0 1568501644 1163.290039 497.465454
0 1438998637 993.202271 533.737976
0 1524816278 616.434509 552.402771
0 1705773174 947.232483 482.249603
0 1524845316 456.116394 520.735291
0 1524842312 476.417480 514.367493
0 1568507651 915.084961 505.632751
0 1438999638 1049.202881 463.205658
0 1478252233 1402.620728 495.515747
0 1438993630 991.385986 465.151123
0 1478237214 1467.543945 444.072968
0 1524857332 486.716248 576.893372
0 1478248228 1456.185791 482.017426
0 1478225197 1419.615723 440.734436
0 1524859335 516.834778 518.737366
0 1524832298 547.248657 517.736572
0 1478200166 1439.606567 430.418610
0 1478250231 1476.837769 505.330627
0 1478245225 1487.033936 448.473450
0 1438995633 931.941406 488.171051
0 1524804263 540.011536 548.378479
0 1524839308 527.419067 524.213989
0 1524849321 643.685242 532.452332
0 1568512658 946.618530 493.206238
0 1568514661 1008.521912 514.442932
0 1478231205 1521.163452 516.681946
0 1773608077 1006.672302 480.267731
0 1438977615 1088.933838 517.958130
0 1524834301 530.332947 561.800049
0 1607644171 1132.132568 498.490723
0 1524800258 486.457397 519.736938
0 1568504647 1034.188965 458.697052
0 1568500642 1038.886475 501.559021
0 1478256239 1476.961670 487.143951
0 1524815277 595.992554 559.695862
0 1568503646 1076.061279 537.613098
0 1478220191 1506.918945 452.963104
0 1478207174 1530.124268 491.334839
0 1524841311 475.653900 570.321350
0 1478213182 1477.187744 453.960541
0 1524813274 572.115723 547.341309
0 1568516663 1064.518555 467.804901
0 1578517672 1047.843750 453.316071
0 1578527685 1149.492432 503.815918
0 1478240218 1466.293701 493.427887
0 1478215185 1438.425415 445.055634
0 1524838307 575.106262 567.147583
0 1478197163 1498.189331 492.382019
0 1478221192 1455.404907 499.841919
0 1524819281 506.471558 513.375122
0 2086284946 1007.879883 502.579315
0 1524824288 657.279053 508.395782
0 1524802260 509.631561 590.507202
0 1478226199 1497.661011 474.951080
0 1578518673 1109.708618 471.508667
0 1438981616 962.231384 476.441223
0 1478238215 1409.339722 446.037140
0 1609135173 1009.191772 526.819275
0 1524837305 520.216431 575.828918
0 1524793249 592.355103 540.337585
0 1568515662 1009.891235 539.742310
0 1568516664 945.312805 516.508179
0 1438991628 960.925171 522.125183
0 1478249230 1388.199585 456.945923
0 1438996634 991.942749 486.176849
0 1578519675 1142.564941 481.170685
0 1524829295 475.925079 550.448792
0 1524864341 551.446289 554.493896
0 1478255238 1477.291382 438.782562
0 1438993631 1026.963867 545.884705
0 1524788244 604.260559 546.302917
0 1772785076 1062.852661 457.729736
0 1524828293 596.848389 510.391083
0 1478203171 1516.489258 447.482330
0 1524798255 545.339722 501.020355
0 1478199165 1487.218994 464.245087
0 1578528686 1023.858521 507.935516
0 1478192156 1517.553223 463.233704
0 1478228201 1509.428467 504.269684
0 1772037075 945.979126 504.616180
0 1578515670 1056.871460 519.001831
0 1524851323 549.280151 535.525513
0 1478218188 1557.293213 456.538574
0 1478202169 1445.421997 488.181793
0 1478254236 1578.328735 461.207275
0 1478246226 1458.265381 434.559845
0 1524809269 497.125275 543.425903
0 1524822285 564.215820 495.020355
0 1524841310 675.231873 531.425415
0 1478235210 1612.712036 476.849243
0 1578515669 1176.812378 491.241791
0 1524854328 517.889648 536.547363
0 0 1330.907593 507.829193
0 1 990.524475 369.821533
0 2 779.760315 460.447998
0 3 1310.001343 576.583008
0 4 765.186279 548.915344
0 5 1493.791626 392.975769
0 6 985.675964 740.317871
0 7 942.780945 635.007019
0 8 1169.886841 712.738892
0 9 577.491333 458.240906
0 10 827.029968 561.535522
0 11 1218.776611 330.956055
0 12 725.306519 607.678894
0 13 1461.852661 450.503815
0 14 668.357056 571.995483
0 15 1497.586182 562.732544
0 16 1420.996704 464.550201
0 17 574.648865 443.064789
0 18 1107.508789 322.605377
0 19 1193.568359 418.905212
0 20 502.880280 479.143036
0 21 656.919922 506.342651
0 22 1432.830200 498.396667
0 23 806.964233 628.730713
0 24 1154.529541 321.191986
0 25 1237.318115 440.345886
0 26 1019.821228 382.477570
0 27 1297.993408 349.414734
0 28 844.704041 377.621552
0 29 687.679260 472.102478
0 30 635.473145 482.133667
0 31 1536.954102 421.754700
0 32 1195.207397 750.716187
0 33 1355.348267 459.537720
0 34 1441.368042 588.938721
0 35 1533.869019 407.613800
0 36 712.604736 523.261353
0 37 1060.608765 706.476624
0 38 1369.473267 528.290283
0 39 1289.031372 694.035461
