0 1578512666 1015.163025 385.573029
0 1707269176 869.321167 318.384583
0 1438989626 1129.683105 337.533905
0 1438992629 1049.532593 340.870026
0 1568509654 1027.884644 331.568207
0 1578523681 925.689453 270.314453
0 1578518674 888.782837 327.350464
0 1438985621 926.467834 287.990906
0 1438994632 973.063416 387.347168
0 1578520676 1089.627075 339.201141
0 1568511657 951.254578 377.053864
0 1775370079 1037.980591 396.084961
0 1568510655 995.391541 397.885559
0 1578521677 888.752808 368.722198
0 1769859072 949.820007 355.469910
0 1578525683 1053.286255 361.832123
0 1770636073 868.387573 358.869598
0 1568511656 943.541931 261.011536
0 1438985620 965.728577 304.860626
0 1707993177 786.796143 362.275879
0 2088218948 947.141785 315.173370
0 1606348170 907.841064 297.897675
0 1438990627 929.947021 366.997131
0 1709860179 955.998535 448.429504
0 1438988624 928.129395 325.722260
0 1578514668 848.480103 349.238495
0 1438997636 1006.711487 322.470428
0 1568514660 830.356445 319.992462
0 2085418945 867.362976 403.298523
0 1568501643 868.864990 338.167664
0 1438989625 847.517883 370.448944
0 1568505649 908.249573 316.778229
0 1568506650 827.611755 360.571899
0 1568505648 867.887451 380.555878
0 1568497640 869.757629 299.460541
0 1578511665 850.277832 309.611450
0 1578529688 888.719849 414.172913
0 1708834178 908.676697 336.515442
0 1568499641 1034.455566 373.558777
0 1578525682 930.921387 389.123138
0 1438996635 849.399170 328.980225
0 1438999639 1085.145874 319.224701
0 1578523680 975.122925 410.507629
0 1578530689 1045.947021 320.846802
0 1568508653 1021.883362 293.217590
0 1608354172 826.141418 382.309540
0 1706512175 1112.209839 348.690399
0 1438986622 977.286438 434.837433
0 1438987623 888.736694 390.900848
0 1578521678 1004.141235 303.279938
0 2084722944 909.591797 378.804016
0 1578522679 1009.399536 342.540497
0 1774531078 1024.817505 311.968109
0 1525674169 1031.093872 352.076874
0 1768901071 998.032593 421.591248
0 1578526684 971.100647 365.273743
0 1578513667 929.017334 345.886261
0 1438983618 888.768127 347.561554
0 1568502645 945.889771 296.336212
0 1568508652 909.123657 357.168915
0 1438984619 808.153259 350.917023
0 1659977623 949.127441 345.049225
0 1438982617 969.227844 344.212555
0 1771287074 944.690979 278.298920
0 2087111947 952.758911 399.688049
0 1578516671 888.810303 289.532196
0 1568513659 990.476746 353.772552
0 1578529687 964.091492 286.451019
0 1568501644 789.127563 341.476837
0 1438998637 1001.681213 284.912537
0 1705773174 1075.993896 371.813873
0 1568507651 1107.167847 328.277893
0 1438999638 931.943726 412.339325
0 1438993630 1018.257507 408.677856
0 1438995633 1094.318481 360.113861
0 1568512658 1071.671509 350.382812
0 1568514661 985.997803 313.570007
0 2079485312 949.125793 344.999725
0 1773608077 992.875793 375.305450
0 1438977615 888.796875 308.026398
0 1607644171 829.015259 339.821472
0 1568504647 954.338318 423.451080
0 1568500642 948.450500 334.864807
0 1568503646 907.449829 279.819153
0 1568516663 910.082825 401.492371
0 1578517672 933.017761 436.728302
0 1578527685 809.978394 330.611511
0 2086284946 988.186462 333.215729
0 1578518673 846.509399 392.680420
0 1438981616 1057.220215 383.800690
0 1609135173 983.903870 294.776184
0 1568515662 981.898865 276.779999
0 1568516664 1063.601318 310.367737
0 1438991628 1042.518677 301.700714
0 1438996634 1012.213684 363.552094
0 1578519675 806.242310 372.177429
0 1438993631 962.523193 268.814728
0 1772785076 910.598267 425.312866
0 1578528686 967.439026 324.095581
0 1772037075 1067.545044 329.922272
0 1578515670 927.280396 306.442780
0 1578515669 767.787476 352.597168
0 0 1010.836853 325.963745
0 1 986.735718 398.189392
0 2 1287.621216 260.277252
0 3 1072.862671 345.663361
0 4 529.273682 310.137604
0 5 562.436707 367.120026
0 6 813.701111 246.924973
0 7 577.943420 332.512390
0 8 989.900574 218.988632
0 9 496.818054 344.617279
