0 1578512666 925.106018 599.611694
0 1524823287 751.363159 463.483002
0 1478234209 795.020691 859.427673
0 1707269176 822.991516 642.767700
0 1438989626 859.958313 568.048828
0 1524801259 823.279175 491.325409
0 1438992629 863.318665 588.837769
0 1478227200 938.285950 907.014343
0 1524854327 786.867004 502.301331
0 1478249229 1039.198608 931.771484
0 1524807266 915.262634 477.972229
0 1524863340 797.158386 457.587769
0 1524831297 890.244995 471.139587
0 1478229202 958.673889 892.769165
0 1568509654 849.243347 594.356750
0 1524790246 808.693909 460.816711
0 1578523681 741.500916 624.212769
0 1478207175 970.910583 949.252441
0 1524861337 715.061096 473.064423
0 1478210178 846.265381 938.949585
0 1524862338 893.916992 484.671814
0 1478186149 891.364563 908.629272
0 1524797254 865.890015 464.487885
0 1578518674 838.678650 636.137939
0 1438985621 773.645203 623.999084
0 1524857331 750.963013 470.004761
0 1478203170 872.380798 953.062500
0 1438994632 928.206360 611.037231
0 1578520676 861.605286 578.237976
0 1478237213 894.108154 779.319824
0 1568511657 914.404053 617.024109
0 1775370079 938.346436 594.015991
0 1478195160 726.171204 874.049683
0 1568510655 941.683411 605.191467
0 1478257240 897.407532 799.731689
0 1578521677 902.967163 635.632324
0 1524794250 738.272888 480.098206
0 1524812272 798.862732 491.175415
0 1769859072 883.461548 617.211609
0 1578525683 892.808411 588.740601
0 1770636073 888.191467 642.213928
0 1524846317 819.713989 457.799347
0 1524833300 810.802185 487.646881
0 1568511656 725.905457 618.166260
0 1438985620 804.979187 611.712891
0 1478185148 748.887146 886.325562
0 1707993177 893.359375 669.531860
0 1478189152 915.945618 788.923096
0 1524791247 797.478088 463.887634
0 1524830296 820.382751 464.088593
0 2088218948 821.013062 617.590027
0 1524827292 762.822937 466.816895
0 1606348170 789.785706 630.138062
0 1524855329 860.379272 495.198029
0 1478183145 912.198425 769.115479
0 1438990627 900.264526 623.157227
0 1524840309 738.886230 473.250916
0 1478222194 924.097595 832.014648
0 1709860179 1006.124390 616.468384
0 1478188151 1015.663025 852.950500
0 1438988624 837.342773 623.575623
0 1478243222 1084.609009 863.094971
0 1524843313 796.848328 451.477875
0 1524844315 877.986328 467.791534
0 1524858333 774.504333 457.375275
0 1524811271 871.768677 491.623322
0 1524859334 763.036011 460.402161
0 1478216186 878.265137 810.892456
0 1524851324 725.765503 483.522766
0 1524814275 824.064148 498.707062
0 1578514668 873.037415 648.963989
0 1478184146 919.905823 809.856628
0 1524829294 809.196228 467.209381
0 1478176143 1008.728149 829.725464
0 1524860336 836.939392 502.554962
0 1478222193 1004.245239 891.261108
0 1438997636 834.836365 600.005737
0 1478194158 961.210815 808.829041
0 1478201168 943.641968 935.326660
0 1478187150 795.600952 884.839661
0 1478205172 917.137207 921.791016
0 1524838306 868.735718 477.623230
0 1568514660 824.048340 656.216797
0 1524865342 812.574585 510.202148
0 2085418945 952.574768 641.666992
0 1524808268 811.373230 494.914307
0 1478200167 887.783142 881.907715
0 1478194159 964.593323 920.092590
0 1568501643 855.694519 642.489929
0 1478239216 956.129272 788.005920
0 1524820283 786.695068 494.771393
0 1438989625 905.790527 648.664734
0 1568505649 821.980774 629.904663
0 1478255237 749.736511 860.756958
0 1524804262 824.875977 506.341187
0 1568506650 890.716980 655.563782
0 1478217187 815.727661 823.532715
0 1568505648 920.484253 641.939636
0 1568497640 790.080444 643.047241
0 1578511665 806.900085 649.568359
0 1478258241 841.897705 883.367126
0 1524796253 845.313538 477.447540
0 1478206173 991.644653 933.540710
0 1524826291 859.009949 487.959839
0 1578529688 966.460449 635.132874
0 1478233207 796.218872 911.903992
0 1708834178 853.976685 629.672668
0 1478189153 997.326294 865.762573
0 1568499641 908.816895 594.128906
0 1478245224 772.227661 898.938904
0 1524852325 870.227600 484.509949
0 1478219190 1101.314331 850.436218
0 1578525682 931.438843 622.950012
0 1478232206 1041.155640 864.423035
0 1524818280 798.499634 484.019775
0 1524850322 892.051819 477.798126
0 1438996635 840.074646 649.265198
0 1524832299 810.249512 480.614288
0 1478242220 844.010864 910.259033
0 1524789245 807.734253 448.604706
0 1438999639 832.528564 578.303833
0 1478196161 839.913025 858.109741
0 1478252234 836.284790 811.936829
0 1524803261 762.603027 473.436523
0 1478211179 1076.514160 902.256775
0 1578523680 958.556641 610.870850
0 1578530689 833.659119 588.935486
0 1568508653 788.974060 594.587219
0 1524826290 902.669312 474.532806
0 1524847319 844.233337 470.764709
0 1524810270 774.292603 498.436798
0 1524835302 822.519714 484.183929
0 1524821284 785.773376 454.400940
0 1524799257 821.784607 477.271027
0 1478233208 947.887085 842.978210
0 1608354172 923.730042 655.240356
0 1524835303 811.963684 502.428436
0 1478251232 772.490662 847.921814
0 1524812273 835.934387 495.056488
0 1706512175 875.110596 573.068237
0 1438986622 988.727539 610.705383
0 1478211180 912.692078 894.290710
0 1524823286 785.915100 460.609894
0 1478223195 858.488464 822.423157
0 1478244223 908.519470 868.476685
0 1438987623 934.812256 635.381836
0 1478193157 953.115845 867.113708
0 1478198164 819.474670 897.375427
0 1524862339 786.212219 473.621307
0 1478236212 978.881714 797.789612
0 1478240217 938.306824 798.756714
0 1478214183 895.184387 937.129517
0 1578521678 804.391907 600.138672
0 1524844314 881.239685 481.123291
0 1524848320 762.141418 487.330994
0 1524806265 834.021545 480.784698
0 1524787243 855.158020 467.598358
0 1478241219 990.815369 841.768250
0 1524799256 834.962280 487.803711
0 1478190154 1026.057007 818.075195
0 1478226198 972.288696 854.223816
0 1478208176 1011.612183 918.409912
0 1478214184 875.444519 789.847595
0 2084722944 917.378540 629.212952
0 1578522679 865.102478 599.873657
0 1524825289 819.065308 451.699371
0 1774531078 819.196411 594.471680
0 1525674169 879.116333 594.242493
0 1478197162 977.667175 980.440002
0 1524815276 847.580933 491.474731
0 1768901071 971.637634 605.044128
0 1578526684 897.675049 611.204651
0 1478182144 869.237671 923.505249
0 1524853326 904.687378 481.291382
0 1478218189 933.907654 778.450500
0 1578513667 868.899780 623.365784
0 1438983618 870.923279 635.884338
0 1478224196 942.959106 820.231384
0 1478247227 899.267212 967.592224
0 1524792248 714.057800 479.924591
0 1524795252 808.206787 454.618042
0 1524808267 786.367920 480.443054
0 1478191155 1033.384521 840.568420
0 1524856330 853.952820 461.227631
0 1478236211 794.474915 835.520935
0 1478258242 955.494202 997.977722
0 1478212181 984.677612 819.148865
0 1478185147 900.897522 821.322754
0 1568502645 789.503601 617.780945
0 1568508652 885.775330 629.442139
0 1438984619 875.248596 662.643494
0 1659977623 867.920227 617.305725
0 1478209177 820.888367 925.235535
0 1438982617 866.961243 611.373047
0 1524805264 750.123291 483.689209
0 1771287074 757.801636 617.973022
0 2087111947 945.160889 616.837769
0 1524817279 882.946045 488.115173
0 1524795251 856.401367 474.170685
0 1478230204 928.541992 855.508057
0 1478230203 949.365051 965.578979
0 1524847318 774.438171 470.196014
0 1578516671 773.579956 636.649963
0 1568513659 881.243896 605.488708
0 1578529687 773.707642 611.884338
0 1524819282 857.684692 480.954407
0 1478253235 966.588379 830.865356
0 1524836304 809.714539 473.805267
0 1478243221 921.882507 951.148315
0 1568501644 859.369751 669.911072
0 1438998637 773.767578 600.272400
0 1524816278 761.899048 494.627838
0 1705773174 906.189758 583.363586
0 1524845316 830.543457 454.834198
0 1524842312 842.171631 458.010040
0 1568507651 846.396912 573.118958
0 1438999638 962.424561 622.744019
0 1478252233 856.179932 800.714355
0 1438993630 954.846436 599.481812
0 1478237214 1067.318604 876.197205
0 1524857332 727.381470 469.812622
0 1478248228 904.595154 844.198425
0 1478225197 1075.599121 839.378601
0 1524859335 832.228210 467.404297
0 1524832298 833.110657 473.988403
0 1478200166 1127.690918 861.778320
0 1478250231 816.901733 846.670105
0 1478245225 1049.411621 889.766479
0 1438995633 890.518921 578.172424
0 1524804263 774.403564 476.915649
0 1524839308 821.072693 470.575989
0 1524849321 799.238098 498.572266
0 1568512658 877.073547 583.444397
0 1568514661 820.085815 605.789551
0 1478231205 772.363220 872.637878
0 1773608077 911.552612 605.339661
0 1438977615 806.231567 636.393127
0 1524834301 750.549927 476.736725
0 1607644171 857.490417 655.889221
0 1524800258 831.372864 461.022614
0 1568504647 975.733765 616.652466
0 1568500642 852.331787 617.400269
0 1478256239 884.418457 856.803284
0 1524815277 749.682556 490.873291
0 1568503646 757.389709 630.372864
0 1478220191 1030.854980 903.828247
0 1478207174 866.294189 895.826111
0 1524841311 739.480225 466.619354
0 1478213182 1023.025146 877.606018
0 1524813274 774.367798 483.854889
0 1568516663 948.788086 628.985291
0 1578517672 993.223206 622.539246
0 1578527685 841.534851 662.996338
0 1478240218 860.934937 845.428955
0 1478215185 1058.670044 851.688049
0 1524838307 737.639221 487.171967
0 1478197163 863.532043 869.851562
0 1478221192 838.045410 834.342407
0 1524819281 843.186523 464.288666
0 2086284946 850.755432 605.638672
0 1524824288 848.771606 498.841248
0 1524802260 702.512756 476.376373
0 1478226199 933.262573 880.461121
0 1578518673 938.335938 648.367432
0 1438981616 922.129944 588.644043
0 1478238215 1050.521240 828.594971
0 1609135173 789.233276 605.941284
0 1524837305 726.586609 476.556976
0 1524793249 786.528809 487.489319
0 1568515662 758.196228 606.093994
0 1568516664 818.342712 583.607361
0 1438991628 803.828369 589.033752
0 1478249230 1002.184326 807.809753
0 1438996634 895.191895 599.742310
0 1578519675 908.742920 662.292847
0 1524829295 774.471741 463.685791
0 1524864341 762.375977 480.271057
0 1478255238 1094.178589 888.285034
0 1438993631 742.246826 612.056824
0 1524788244 774.330811 491.024689
0 1772785076 980.005737 628.758911
0 1524828293 846.428833 484.347321
0 1478203171 1058.199707 916.742615
0 1524798255 867.290527 470.952545
0 1478199165 978.341553 879.027222
0 1578528686 836.063171 611.542419
0 1478192156 984.780823 905.414062
0 1478228201 818.148376 871.238647
0 1772037075 847.791687 583.525696
0 1578515670 805.591858 623.786682
0 1524851323 798.148193 477.093750
0 1478218188 1019.471741 947.374573
0 1478202169 881.251404 833.173645
0 1478254236 998.976501 963.585327
0 1478246226 1111.226929 874.800598
0 1524809269 786.061340 467.013580
0 1524822285 879.587341 474.352142
0 1524841310 799.626282 506.222717
0 1478235210 926.959473 982.557251
0 1578515669 877.563538 676.964844
0 1524854328 797.807861 470.386444
0 0 798.613159 442.430542
0 1 256.449585 609.536682
0 2 1074.526123 607.993591
0 3 848.778992 444.212463
0 4 1059.395630 545.475647
0 5 466.817993 538.274658
0 6 1047.720703 476.006958
0 7 738.228088 496.644592
0 8 634.569763 520.561401
0 9 1331.166748 723.551331
0 10 777.328369 484.585144
0 11 656.235901 494.609558
0 12 1317.277466 574.091248
0 13 414.756104 543.709595
0 14 1372.680542 585.184448
0 15 1023.474670 520.136230
0 16 760.031555 448.987854
0 17 1465.672729 670.567017
0 18 609.309570 686.478027
0 19 895.706238 697.141907
0 20 997.379517 476.486389
0 21 770.337585 820.453064
0 22 973.350586 465.144012
0 23 1072.219360 494.375854
0 24 476.075439 631.430420
0 25 581.267639 745.879333
0 26 642.801025 804.159058
0 27 525.600952 650.149963
0 28 1136.485840 882.493408
0 29 522.717102 771.381226
0 30 1118.241577 592.018005
0 31 649.158813 481.468323
0 32 1155.042969 613.243958
0 33 381.799316 662.962036
0 34 1077.592651 575.909180
0 35 594.568298 494.649811
0 36 1116.821655 652.090332
0 37 1107.522095 626.933533
0 38 1197.705322 816.596130
0 39 1181.888062 596.458313
