0 1578512666 961.369141 478.329865
0 1524823287 1735.873657 634.100769
0 1478234209 726.854797 264.019470
0 1707269176 960.955811 384.206482
0 1438989626 1107.832153 488.228577
0 1524801259 1476.553711 621.221802
0 1438992629 1046.061157 460.314331
0 1478227200 616.948547 276.923553
0 1524854327 1446.194336 561.972534
0 1478249229 547.679260 288.354950
0 1524807266 1471.197388 767.495117
0 1524863340 1750.773193 705.157471
0 1524831297 1550.195557 764.941162
0 1478229202 612.475525 285.703949
0 1568509654 1044.576538 446.023865
0 1524790246 1712.763916 706.419800
0 1578523681 1061.900024 368.436249
0 1478207175 579.192749 270.102905
0 1524861337 1689.259888 572.667786
0 1478210178 650.254028 251.044525
0 1524862338 1448.029663 715.211853
0 1478186149 642.386597 267.499420
0 1524797254 1629.401367 762.380371
0 1578518674 961.009277 396.386200
0 1438985621 1037.842651 381.206024
0 1524857331 1684.835693 613.982849
0 1478203170 629.697754 251.896988
0 1438994632 933.105042 464.572327
0 1578520676 1076.395508 474.022400
0 1478237213 730.542725 317.731506
0 1568511657 933.514282 450.237152
0 1775370079 961.436584 493.673187
0 1478195160 753.249146 246.773331
0 1568510655 932.681641 479.404175
0 1478257240 711.055359 308.925140
0 1578521677 907.488525 423.989136
0 1524794250 1622.404663 575.036865
0 1524812272 1499.928589 599.480408
0 1769859072 961.180359 435.333130
0 1578525683 1018.826965 476.178223
0 1770636073 908.286194 410.992188
0 1524846317 1730.267090 731.869446
0 1524833300 1511.167725 620.018799
0 1568511656 1087.202393 367.443848
0 1438985620 1040.407104 405.891022
0 1478185148 732.621582 247.628769
0 1707993177 858.747070 388.195129
0 1478189152 707.632202 318.654633
0 1524791247 1696.036133 682.097595
0 1524830296 1674.802246 707.680542
0 2088218948 1013.936218 406.913055
0 1524827292 1700.270630 635.325317
0 1606348170 1012.191711 382.207031
0 1524855329 1416.948242 645.069763
0 1478183145 727.344604 327.725952
0 1438990627 933.910034 436.374023
0 1524840309 1670.029297 593.509399
0 1478222194 669.848694 301.267303
0 1709860179 844.834595 498.009735
0 1478188151 598.322754 313.485657
0 1438988624 987.488586 407.934204
0 1478243222 547.751038 325.096741
0 1524843313 1808.121338 729.317383
0 1524844315 1589.772461 763.661621
0 1524858333 1770.395264 679.597473
0 1524811271 1426.861572 667.441406
0 1524859334 1752.759766 656.355591
0 1478216186 714.386047 299.458618
0 1524851324 1609.405884 556.136536
0 1524814275 1432.156128 601.859436
0 1578514668 909.058838 398.402954
0 1478184146 688.474609 309.838623
0 1524829294 1658.925171 683.345337
0 1478176143 616.166138 322.340057
0 1524860336 1398.327026 603.046936
0 1478222193 585.983215 295.610809
0 1438997636 1043.140869 432.204865
0 1478194158 661.863953 320.498779
0 1478201168 600.242432 269.235687
0 1478187150 708.901550 256.583191
0 1478205172 621.307068 268.367859
0 1524838306 1523.431152 712.707703
0 1568514660 935.708191 373.385773
0 1524865342 1381.156616 564.298035
0 2085418945 852.248413 439.490875
0 1524808268 1466.023315 600.670593
0 1478200167 659.666565 275.169678
0 1478194159 595.612549 277.799561
0 1568501643 935.022766 397.394989
0 1478239216 680.898804 329.589661
0 1524820283 1489.136841 579.759399
0 1438989625 881.932068 412.009735
0 1568505649 987.018494 395.376526
0 1478255237 750.662415 254.856979
0 1524804262 1389.571289 583.287659
0 1568506650 883.117554 399.410004
0 1478217187 742.493652 280.384583
0 1568505648 880.708252 425.017303
0 1568497640 986.120911 371.408447
0 1578511665 960.903992 372.397522
0 1478258241 684.590637 265.760681
0 1524796253 1547.864746 687.079468
0 1478206173 574.291870 278.674896
0 1524826291 1462.899048 666.215515
0 1578529688 850.487854 453.386810
0 1478233207 691.409302 249.337830
0 1708834178 961.064514 408.954437
0 1478189153 603.167542 303.975311
0 1568499641 990.084229 477.254547
0 1478245224 712.008301 248.483582
0 1524852325 1474.051270 689.561218
0 1478219190 541.995544 335.163452
0 1578525682 905.813110 451.287994
0 1478232206 575.827454 314.395691
0 1524818280 1545.821289 618.814392
0 1524850322 1497.900635 739.486511
0 1438996635 935.370789 385.204956
0 1524832299 1558.276611 640.208984
0 1478242220 667.199219 258.306976
0 1524789245 1828.328735 755.949158
0 1438999639 1102.699829 458.179260
0 1478196161 702.446167 273.413239
0 1478252234 739.625488 289.347748
0 1524803261 1650.022095 615.192810
0 1478211179 536.635925 306.677216
0 1578523680 904.021667 480.477417
0 1578530689 1072.406738 444.968079
0 1568508653 1095.626587 416.766022
0 1524826290 1510.670532 766.218933
0 1524847319 1599.021851 710.197327
0 1524810270 1478.765991 560.807800
0 1524835302 1522.882324 641.426331
0 1524821284 1788.830444 703.893555
0 1524799257 1571.270874 662.529175
0 1478233208 647.605042 302.170654
0 1608354172 855.601135 413.026337
0 1524835303 1422.723145 582.112854
0 1478251232 748.009338 263.147919
0 1524812273 1441.979614 622.423462
0 1706512175 1078.495605 489.319641
0 1438986622 873.942383 496.927185
0 1478211180 638.299866 276.046906
0 1524823286 1733.192871 680.848267
0 1478223195 717.627930 290.244446
0 1478244223 655.751709 283.933441
0 1438987623 879.444092 438.452881
0 1478193157 629.799927 293.824646
0 1478198164 688.043091 257.445404
0 1524862339 1629.190186 637.770020
0 1478236212 657.703125 330.520447
0 1478240217 684.739258 319.577026
0 1478214183 625.555420 260.028381
0 1578521678 1068.677124 417.800690
0 1524844314 1485.706787 713.960571
0 1524848320 1555.697021 577.400696
0 1524806265 1535.103638 663.759460
0 1524787243 1613.860229 735.685364
0 1478241219 620.835083 312.574921
0 1524799256 1487.529541 642.642273
0 1478190154 611.365906 332.379822
0 1478226198 625.377930 303.073303
0 1478208176 569.262329 287.471924
0 1478214184 733.653320 308.010986
0 2084722944 906.664612 437.413910
0 1578522679 1016.772339 447.078644
0 1524825289 1788.438477 757.238770
0 1774531078 1070.511108 431.160217
0 1525674169 1017.782104 461.380341
0 1478197162 563.198975 262.605927
0 1524815276 1452.218140 643.856750
0 1768901071 903.078552 495.843597
0 1578526684 961.241089 449.185272
0 1478182144 646.370056 259.167969
0 1524853326 1459.346191 740.750366
0 1478218189 704.112610 328.658173
0 1578513667 961.121399 421.930054
0 1438983618 934.663696 409.973785
0 1478224196 665.911011 310.751434
0 1478247227 609.155762 252.748871
0 1524792248 1642.154419 554.965576
0 1524795252 1769.169067 730.594238
0 1524808267 1580.515015 617.608582
0 1478191155 593.343567 323.259644
0 1524856330 1669.082275 761.097534
0 1478236211 745.287354 271.654327
0 1478258242 568.114258 254.450851
0 1478212181 639.006287 321.419769
0 1478185147 692.109009 300.363312
0 1568502645 1039.104736 393.354523
0 1568508652 934.292969 422.960052
0 1438984619 884.266418 387.199249
0 1659977623 974.683716 428.058807
0 1478209177 670.824524 250.191467
0 1438982617 988.475525 434.291351
0 1524805264 1589.032349 576.219482
0 1771287074 1063.515625 380.204163
0 2087111947 904.932617 465.634338
0 1524817279 1437.212158 690.799866
0 1524795251 1561.202759 711.453308
0 1478230204 651.732605 292.930603
0 1478230203 583.969849 261.747345
0 1524847318 1664.709595 636.548401
0 1578516671 1011.359253 370.418549
0 1568513659 988.993835 448.132477
0 1578529687 1065.182007 392.342194
0 1524819282 1510.935425 688.321106
0 1478253235 643.364441 311.663544
0 1524836304 1607.481567 661.297424
0 1478243221 604.755371 260.888153
0 1568501644 885.380371 375.359711
0 1438998637 1093.419434 403.844208
0 1524816278 1511.372925 559.641907
0 1705773174 1019.908813 491.498535
0 1524845316 1748.600708 758.526672
0 1524842312 1708.815308 759.812988
0 1568507651 1105.221436 472.942932
0 1438999638 876.786804 466.695312
0 1478252233 736.679749 298.553223
0 1438993630 932.243286 494.758911
0 1478237214 553.349243 315.305023
0 1524857332 1704.164795 592.311157
0 1478248228 673.681458 292.035889
0 1478225197 565.101013 334.236298
0 1524859335 1636.888306 708.939697
0 1524832298 1584.839478 685.836304
0 1478200166 518.908081 336.089874
0 1478250231 723.859009 272.534119
0 1478245225 558.796570 305.777252
0 1438995633 1049.187866 490.409637
0 1524804263 1615.248535 616.401428
0 1524839308 1621.859619 684.591553
0 1524849321 1455.911621 580.936768
0 1568512658 1047.597412 475.100830
0 1568514661 1041.751953 418.834442
0 1478231205 729.774658 255.720383
0 1773608077 961.304077 463.509338
0 1438977615 986.562744 383.207184
0 1524834301 1635.932373 594.706299
0 1607644171 909.807617 386.202545
0 1524800258 1691.414917 733.143066
0 1568504647 875.389221 481.549652
0 1568500642 987.974060 420.899109
0 1478256239 677.413513 283.047180
0 1524815277 1544.015137 558.474731
0 1568503646 1036.619019 369.427826
0 1478220191 564.098999 296.502899
0 1478207174 663.481140 266.630341
0 1524841311 1719.689453 612.771484
0 1478213182 580.973816 304.876617
0 1524813274 1567.853882 597.096069
0 1568516663 878.137695 452.337891
0 1578517672 846.784241 482.620850
0 1578527685 910.533630 374.373138
0 1478240218 699.091064 282.160309
0 1478215185 570.538574 324.178558
0 1524838307 1576.692871 557.306213
0 1478197163 681.048645 274.291779
0 1478221192 720.784424 281.272766
0 1524819281 1652.612671 734.414978
0 2086284946 1015.795776 433.248596
0 1524824288 1407.444946 623.623718
0 1524802260 1674.938354 553.793274
0 1478226199 634.105713 284.819031
0 1578518673 853.951904 426.044556
0 1438981616 990.658386 492.586395
0 1478238215 588.224426 333.308411
0 1609135173 1066.901611 404.868073
0 1524837305 1655.813721 573.853027
0 1524793249 1533.871948 598.288940
0 1568515662 1091.281982 391.328979
0 1568516664 1100.262817 443.911346
0 1438991628 1097.906494 430.114594
0 1478249230 634.525452 331.450500
0 1438996634 989.529785 462.445343
0 1578519675 857.198730 400.416199
0 1524829295 1716.374756 657.593262
0 1524864341 1601.873901 595.901855
0 1478255238 530.888062 316.213684
0 1438993631 1089.210571 379.201447
0 1524788244 1522.398438 578.580750
0 1772785076 848.667542 467.755310
0 1524828293 1498.979614 664.988281
0 1478203171 542.231018 297.394287
0 1524798255 1575.157349 736.953979
0 1478199165 607.883484 294.718048
0 1578528686 1014.850830 419.867249
0 1478192156 590.861023 286.588257
0 1478228201 705.715210 264.890381
0 1772037075 1074.367065 459.247314
0 1578515670 1013.050232 394.365967
0 1524851323 1593.712524 638.990234
0 1478218188 552.986450 279.549652
0 1478202169 695.646545 291.140503
0 1478254236 558.158020 270.969513
0 1478246226 524.981018 326.014191
0 1524809269 1680.033447 658.829468
0 1524822285 1536.504272 738.221069
0 1524841310 1413.657837 563.135925
0 1478235210 588.627869 253.600159
0 1578515669 860.248291 376.345459
0 1524854328 1643.735718 660.064148
0 0 630.626892 284.180695
0 1 1349.773804 257.781219
0 2 738.591736 295.657013
0 3 299.665405 461.458618
0 4 667.377136 493.955200
0 5 1510.924683 463.943054
0 6 346.622162 416.110565
0 7 728.298828 375.193695
0 8 1105.095581 600.055969
0 9 999.777283 229.574081
0 10 702.819458 531.422791
0 11 1255.340698 212.222794
0 12 557.672119 249.925735
0 13 1417.698975 269.764404
0 14 616.782898 255.226593
0 15 1384.483276 549.475403
0 16 1584.105347 682.937256
0 17 701.220825 246.052933
0 18 1640.518677 552.594604
0 19 766.279907 245.759277
0 20 865.993347 235.762299
0 21 667.376343 343.610260
0 22 816.448364 246.506927
0 23 396.904755 368.275726
0 24 1233.247070 240.869232
0 25 994.031433 194.292603
0 26 1050.703613 198.035507
0 27 1066.239746 234.226532
0 28 1130.314697 228.952713
0 29 963.514709 212.611008
0 30 1061.185547 516.534546
0 31 1316.424561 218.634247
0 32 633.231628 569.439636
0 33 1119.022461 196.072784
0 34 1118.555664 553.624146
0 35 1185.514771 222.416153
0 36 1297.603882 244.643860
0 37 828.411194 591.847534
0 38 923.578857 243.220947
0 39 731.958374 594.304443
