0 1578512666 902.879578 509.420410
0 1707269176 626.595764 481.304871
0 1438989626 955.908691 390.371307
0 1438992629 876.525085 429.152344
0 1568509654 839.379517 425.359222
0 1578523681 625.227173 379.566254
0 1578518674 666.107300 485.325684
0 1438985621 653.463867 406.374390
0 1438994632 858.729309 532.962463
0 1578520676 916.977783 409.390076
0 1568511657 818.458984 528.869568
0 1775370079 942.292236 513.431152
0 1568510655 898.984924 537.053894
0 1578521677 730.350708 549.168335
0 1769859072 784.557007 497.379517
0 1578525683 910.207214 457.428986
0 1770636073 689.169189 544.988281
0 1568511656 633.875732 357.418274
0 1438985620 727.867737 413.972168
0 1707993177 585.143494 596.908325
0 2088218948 720.740234 438.102905
0 1606348170 644.862183 430.363129
0 1438990627 778.173950 524.775146
0 1709860179 929.202087 631.734009
0 1438988624 713.325134 463.207153
0 1578514668 647.972290 540.806641
0 1438997636 802.221436 421.564819
0 1568514660 576.527710 504.280670
0 2085418945 757.307007 614.334717
0 1568501643 657.230469 512.482971
0 1438989625 680.410522 574.641357
0 1568505649 674.625977 459.264252
0 1568506650 638.307800 570.373657
0 1568505648 722.497131 578.907410
0 1568497640 597.187012 451.374390
0 1578511665 587.070129 477.282623
0 1578529688 800.305908 618.687134
0 1708834178 705.604736 489.345062
0 1568499641 906.617188 482.900787
0 1578525682 812.667664 557.523804
0 1438996635 616.886475 508.382538
0 1438999639 884.427063 383.056702
0 1578523680 894.923157 565.872986
0 1578530689 844.112488 401.941498
0 1568508653 777.117615 372.075928
0 1608354172 671.258789 605.624939
0 1706512175 953.392334 413.112518
0 1438986622 932.689758 600.213623
0 1438987623 764.567810 583.171936
0 1578521678 771.198975 394.488037
0 2084722944 771.516907 553.346863
0 1578522679 834.459473 449.702545
0 1774531078 807.661804 398.215393
0 1525674169 872.339844 453.566437
0 1768901071 936.027893 570.045288
0 1578526684 824.011963 501.394562
0 1578513667 745.087891 493.363007
0 1438983618 697.559692 516.581848
0 1568502645 690.672119 410.173950
0 1568508652 737.874207 520.679260
0 1438984619 596.189026 566.104248
0 1659977623 768.119507 482.111450
0 1438982617 790.682617 471.088745
0 1771287074 661.738220 383.298584
0 2087111947 853.803040 561.699158
0 1578516671 606.903564 426.491241
0 1568513659 829.341003 475.027466
0 1578529687 698.237244 387.029633
0 1568501644 554.054077 561.833252
0 1438998637 741.324585 368.413300
0 1705773174 948.061523 461.290253
0 1568507651 920.173645 386.714600
0 1438999638 848.660828 591.696045
0 1438993630 939.225830 541.143860
0 1438995633 950.778564 436.734772
0 1568512658 913.658081 432.944183
0 1568514661 765.050842 417.769135
0 2079485312 768.117798 482.053558
0 1773608077 863.452820 505.408203
0 1438977615 635.913269 455.320038
0 1607644171 606.760010 536.623474
0 1568504647 890.683289 595.955627
0 1568500642 752.010681 467.148651
0 1568503646 616.243103 402.573578
0 1568516663 806.622314 587.434814
0 1578517672 886.253418 627.386780
0 1578527685 565.532349 532.438721
0 2086284946 796.566040 445.837311
0 1578518673 714.291260 609.980652
0 1438981616 945.234985 486.835358
0 1609135173 734.724121 390.759430
0 1568515662 705.519897 364.749481
0 1568516664 848.668823 379.397614
0 1438991628 812.899048 375.737366
0 1438996634 867.985901 478.964813
0 1578519675 628.209595 601.267456
0 1438993631 669.703674 361.084473
0 1772785076 843.288086 623.037781
0 1578528686 758.659668 441.970764
0 1772037075 880.551147 405.666412
0 1578515670 682.807739 434.233673
0 1578515669 542.060547 592.547424
0 0 867.446350 652.499390
0 1 1002.849304 368.348572
0 2 1066.949951 262.340668
0 3 969.579163 225.596283
0 4 532.661377 481.356079
0 5 255.466293 741.484253
0 6 557.137329 289.224915
0 7 473.373779 422.268860
0 8 143.990387 575.966248
0 9 678.351501 261.251770
