0 1578512666 939.616760 697.974121
0 1524823287 1304.756348 1067.030396
0 1478234209 1032.945312 530.047241
0 1707269176 1044.112915 649.253052
0 1438989626 1018.111938 744.574097
0 1524801259 1108.731934 941.356873
0 1438992629 1010.976685 712.223022
0 1478227200 955.428589 515.045410
0 1524854327 1164.445801 899.392883
0 1478249229 906.474670 507.907227
0 1524807266 923.075745 1007.287415
0 1524831297 977.818359 1039.961670
0 1478229202 943.983521 518.807251
0 1568509654 1026.441162 704.410767
0 1578523681 1130.295044 667.812622
0 1478207175 941.567200 504.267120
0 1524861337 1356.869385 1012.411682
0 1478210178 1001.361328 507.656281
0 1524862338 970.479126 974.260132
0 1478186149 979.515930 514.973450
0 1524797254 1036.402954 1074.929199
0 1578518674 1030.231812 655.725098
0 1438985621 1098.236328 668.141418
0 1524857331 1289.157471 1031.335571
0 1478203170 988.574646 504.150635
0 1438994632 938.007019 683.563416
0 1578520676 1014.456482 728.000427
0 1478237213 977.333130 559.686646
0 1568511657 953.702148 676.429504
0 1775370079 923.168396 705.643127
0 1478195160 1068.329102 526.016418
0 1568510655 921.921570 690.874695
0 1478257240 975.396545 550.906250
0 1578521677 966.838867 656.335999
0 1524794250 1292.005859 981.732361
0 1524812272 1155.500732 940.271545
0 1769859072 986.570801 676.081909
0 1578525683 976.197510 712.650635
0 1770636073 981.495544 649.837830
0 1524833300 1136.485229 955.197449
0 1568511656 1149.401611 674.359741
0 1438985620 1070.569824 682.117981
0 1478185148 1054.515015 522.229126
0 1707993177 976.842529 625.776672
0 1478189152 963.217285 555.320801
0 1524791247 1198.235229 1070.165771
0 1524830296 1144.566650 1071.745483
0 2088218948 1052.004150 675.389832
0 1524827292 1270.760498 1049.601318
0 1606348170 1079.824097 661.715820
0 1524855329 1035.476807 928.974548
0 1478183145 964.947876 564.269409
0 1438990627 969.020935 669.466675
0 1524840309 1306.863159 1013.756287
0 1478222194 959.938110 538.364075
0 1709860179 854.482483 677.478943
0 1478188151 908.382751 530.508789
0 1438988624 1033.825684 668.802063
0 1478243222 870.718262 526.712219
0 1524844315 1006.605469 1057.143921
0 1524811271 1014.568298 943.541992
0 1478216186 987.344177 546.575745
0 1524851324 1308.754272 965.937134
0 1524814275 1101.186646 913.902649
0 1578514668 995.816467 643.488464
0 1478184146 961.548523 546.691223
0 1524829294 1165.892090 1052.595581
0 1478176143 909.063477 538.571838
0 1524860336 1075.210083 901.291260
0 1478222193 919.611572 518.884277
0 1438997636 1041.518799 696.793884
0 1478194158 935.690002 546.807007
0 1478201168 954.023865 507.781464
0 1478187150 1030.190674 522.310364
0 1478205172 966.671875 511.349823
0 1524838306 1024.720947 1004.634399
0 1568514660 1040.417847 637.014832
0 1524865342 1112.388672 875.387939
0 2085418945 918.506714 650.425964
0 1524808268 1127.938477 926.890320
0 1478200167 981.373779 522.473389
0 1478194159 942.755432 511.417114
0 1568501643 1012.850403 649.544983
0 1478239216 936.890869 555.449341
0 1524820283 1173.867310 925.855042
0 1438989625 964.750427 643.769409
0 1568505649 1047.971313 662.032532
0 1478255237 1057.683228 529.955566
0 1524804262 1094.103149 888.127991
0 1568506650 979.119629 637.551697
0 1478217187 1024.543579 542.217834
0 1568505648 950.047729 650.131470
0 1568497640 1075.283325 648.962036
0 1578511665 1057.676880 642.928894
0 1478258241 1005.810364 522.391785
0 1524796253 1075.180542 1003.317322
0 1478206173 930.275818 507.844269
0 1524826291 1040.989136 957.479248
0 1578529688 903.065308 656.950623
0 1478233207 1027.527344 514.830078
0 1708834178 1016.022400 662.350159
0 1478189153 920.466431 526.537048
0 1568499641 957.704346 705.230957
0 1478245224 1040.916138 518.500793
0 1524852325 1019.472900 973.054688
0 1478219190 858.146606 530.695007
0 1578525682 936.469604 669.800598
0 1478232206 895.621399 526.624573
0 1524818280 1165.107422 969.471497
0 1524850322 974.019897 1005.957703
0 1438996635 1026.791870 643.208252
0 1524832299 1145.616699 985.441772
0 1478242220 1003.548889 514.901672
0 1438999639 1049.968018 727.537354
0 1478196161 1008.149414 530.139099
0 1478252234 1013.077271 546.460632
0 1524803261 1256.616577 1015.107361
0 1478211179 882.837402 515.262146
0 1578523680 904.606201 683.927612
0 1578530689 1045.642090 711.796875
0 1568508653 1094.734985 703.595764
0 1524826290 949.990845 1023.352173
0 1524847319 1082.622314 1037.057861
0 1524810270 1191.617554 911.922363
0 1524835302 1116.785400 970.660400
0 1524799257 1125.400269 1002.006531
0 1478233208 946.567871 534.357910
0 1608354172 948.337219 637.821289
0 1524835303 1119.922363 900.340088
0 1478251232 1046.840698 533.967529
0 1524812273 1081.808716 927.930237
0 1706512175 998.240540 736.425964
0 1438986622 871.100281 684.292969
0 1478211180 968.299805 518.730347
0 1478223195 999.066589 542.326904
0 1478244223 969.983154 526.362732
0 1438987623 934.999878 656.642883
0 1478193157 945.253601 526.449768
0 1478198164 1016.765869 518.577148
0 1524862339 1206.127808 1016.464966
0 1478236212 923.215820 551.150391
0 1478240217 949.338257 551.028198
0 1478214183 977.718872 507.718811
0 1578521678 1075.269531 696.403015
0 1524844314 997.164673 989.203430
0 1524848320 1231.123657 952.936218
0 1524806265 1096.364014 986.689758
0 1524787243 1059.968262 1055.620239
0 1478241219 921.351013 534.456055
0 1524799256 1088.844971 956.335693
0 1478190154 896.543335 542.765503
0 1478226198 933.412354 530.416077
0 1478208176 918.785034 511.484589
0 1478214184 989.478638 555.192566
0 2084722944 951.834351 662.988464
0 1578522679 1007.660034 697.186035
0 1774531078 1060.643066 704.002625
0 1525674169 992.128357 704.820190
0 1478197162 940.416992 497.345734
0 1524815276 1061.754883 942.447021
0 1768901071 888.079224 691.255066
0 1578526684 971.303345 683.200378
0 1478182144 990.534790 511.282684
0 1524853326 947.214661 990.469116
0 1478218189 950.799561 559.821655
0 1578513667 1001.472839 669.133850
0 1438983618 998.582703 656.030090
0 1478224196 947.928528 542.545654
0 1478247227 975.979736 500.697571
0 1524792248 1340.351196 980.507324
0 1524808267 1194.640137 984.199585
0 1478191155 896.074341 534.554443
0 1478236211 1035.796021 538.054199
0 1478258242 951.347900 493.944427
0 1478212181 922.266968 542.655457
0 1478185147 973.528381 542.436157
0 1568502645 1084.569946 675.045471
0 1568508652 983.976868 662.668823
0 1438984619 993.166443 631.473450
0 1659977623 1002.967041 675.908508
0 1478209177 1014.343994 511.215668
0 1438982617 1004.495544 682.838440
0 1524805264 1261.090332 967.109863
0 1771287074 1117.035645 674.702026
0 2087111947 920.731506 676.778259
0 1524817279 992.915955 958.627808
0 1524795251 1053.191406 1020.577271
0 1478230204 958.383179 530.323547
0 1478230203 952.664307 500.751526
0 1524847318 1237.903076 1032.755737
0 1578516671 1093.247681 655.117737
0 1568513659 989.285095 690.117615
0 1578529687 1103.452881 681.759399
0 1524819282 1046.880615 987.943665
0 1478253235 934.531189 538.467773
0 1524836304 1155.395142 1017.829102
0 1478243221 965.096985 504.208832
0 1568501644 1006.901794 625.530029
0 1438998637 1108.912842 696.013306
0 1524816278 1219.596558 924.824219
0 1705773174 959.851746 720.684875
0 1568507651 1034.251831 735.942444
0 1438999638 903.818359 670.135437
0 1478252233 1001.391113 550.784729
0 1438993630 905.431091 698.370117
0 1478237214 883.061951 522.801697
0 1524857332 1340.161987 1029.922485
0 1478248228 971.725037 534.259949
0 1478225197 870.737549 534.653137
0 1524859335 1113.063110 1054.104126
0 1524832298 1104.416992 1019.199829
0 1478200166 845.756958 526.800110
0 1478250231 1021.861267 534.064758
0 1478245225 895.183716 518.961487
0 1438995633 978.825623 728.465027
0 1524804263 1225.127441 999.403687
0 1524839308 1134.637451 1035.616821
0 1524849321 1146.499146 912.910400
0 1568512658 995.110107 720.238464
0 1568514661 1056.223755 689.365234
0 1478231205 1043.828125 526.102722
0 1773608077 955.656677 690.495544
0 1438977615 1061.786743 655.420959
0 1524834301 1274.638306 998.111389
0 1607644171 1009.813049 637.282898
0 1568504647 887.658447 677.128052
0 1568500642 1019.338074 675.735352
0 1478256239 983.295471 530.231262
0 1524815277 1248.419434 938.115234
0 1568503646 1111.581055 661.399963
0 1478220191 907.089417 515.189758
0 1478207174 992.560486 518.653625
0 1524841311 1322.803955 1048.115234
0 1478213182 907.725159 522.719360
0 1524813274 1213.208496 968.287964
0 1568516663 919.594360 663.309021
0 1578517672 871.066833 670.471375
0 1578527685 1023.496033 631.216370
0 1478240218 996.822754 534.162231
0 1478215185 883.294250 530.601746
0 1524838307 1278.124878 951.813171
0 1478197163 994.655334 526.275818
0 1478221192 1010.570312 538.157288
0 1524819281 1090.623169 1073.333252
0 2086284946 1022.807373 689.740845
0 1524824288 1055.678955 914.899109
0 1524802260 1372.962280 995.545105
0 1478226199 956.880859 522.555176
0 1578518673 933.593323 644.051270
0 1438981616 941.304077 713.079529
0 1478238215 883.534729 538.676086
0 1609135173 1089.535034 688.990845
0 1524837305 1323.915894 996.825256
0 1524793249 1183.910889 954.064270
0 1568515662 1122.741455 688.617676
0 1568516664 1065.276978 719.350037
0 1438991628 1080.194336 711.372192
0 1478249230 909.768494 546.922974
0 1438996634 973.692871 697.579468
0 1578519675 962.749878 631.731384
0 1524829295 1251.631104 1068.594116
0 1524864341 1243.435913 982.963074
0 1478255238 870.699707 519.038940
0 1438993631 1136.233765 681.401978
0 1524788244 1202.062744 939.190979
0 1772785076 887.256409 663.630554
0 1524828293 1068.241089 971.854797
0 1478203171 894.760498 511.552185
0 1524798255 1030.349976 1038.506226
0 1478199165 932.331421 522.637207
0 1578528686 1037.584229 682.477661
0 1478192156 931.286499 515.117493
0 1478228201 1019.270203 526.189148
0 1772037075 1030.251587 719.793518
0 1578515670 1066.080078 668.471252
0 1524851323 1175.382080 1000.702026
0 1478218188 917.985291 504.325531
0 1478202169 985.284363 538.260498
0 1478254236 929.297729 500.805603
0 1478246226 858.341553 522.884277
0 1524809269 1218.457275 1051.094727
0 1524822285 1001.716675 1021.961365
0 1524841310 1138.047119 887.219666
0 1478235210 963.572144 497.295868
0 1578515669 990.625427 619.952698
0 1524854328 1186.396973 1034.182739
0 0 482.898499 589.551514
0 1 1118.126099 823.197876
0 2 911.576477 751.020569
0 3 520.728394 572.913330
0 4 1149.867676 860.046204
0 5 544.158447 712.285217
0 6 871.287720 478.526276
0 7 1287.057495 756.141663
0 8 1488.110474 622.298584
0 9 1418.624268 618.906494
0 10 1233.893188 781.607727
0 11 900.410461 943.648254
0 12 1013.780273 512.713013
0 13 494.052704 646.403748
0 14 1099.074097 526.165833
0 15 923.486633 538.915161
0 16 442.920990 605.748291
0 17 1317.012695 585.515869
0 18 1120.303467 1005.355835
0 19 971.128357 547.966492
0 20 1469.090210 637.855896
0 21 1489.278320 594.777588
0 22 1536.961304 675.025391
0 23 983.344360 500.581909
0 24 841.504761 902.733398
0 25 1035.497681 530.865479
0 26 992.783447 532.892151
0 27 719.057922 879.660095
0 28 1513.581543 707.914551
0 29 1472.764038 679.444092
0 30 1035.701416 832.719727
0 31 433.353027 644.132690
0 32 1120.632935 514.301697
0 33 1137.592773 503.782257
0 34 956.813293 521.355713
0 35 492.093994 684.429016
0 36 785.232300 722.495483
0 37 1164.859009 516.977356
0 38 1574.790527 661.786255
0 39 1045.882446 506.514740
