0 1578512666 914.121887 463.617706
0 1524823287 1160.365479 774.478516
0 1478234209 1039.224854 322.936157
0 1707269176 1021.908875 428.166962
0 1438989626 976.523987 506.747955
0 1524801259 1015.830139 668.182129
0 1438992629 976.962219 479.534027
0 1478227200 968.176025 305.411316
0 1524854327 1074.995850 639.277832
0 1478249229 922.818604 296.460754
0 1524807266 840.223389 706.301453
0 1524863340 1068.917969 798.747192
0 1524831297 881.508545 733.802429
0 1478229202 956.363708 308.218292
0 1568509654 992.987000 473.880310
0 1524790246 1043.767822 782.924500
0 1578523681 1098.570435 448.814117
0 1478207175 957.269409 294.949554
0 1524861337 1220.050049 737.478943
0 1478210178 1014.078125 301.077728
0 1524862338 887.450012 684.580566
0 1478186149 991.334717 306.582367
0 1524797254 925.320740 762.986816
0 1578518674 1007.412781 432.934692
0 1438985621 1068.326294 447.299835
0 1524857331 1155.191284 747.210144
0 1478203170 1002.557373 297.241272
0 1438994632 915.593140 451.429199
0 1578520676 976.747864 492.848328
0 1478237213 979.103760 346.502625
0 1568511657 931.597717 446.283051
0 1775370079 897.432983 469.106628
0 1478195160 1074.345459 321.146790
0 1568510655 899.260010 456.680939
0 1478257240 979.231018 338.599030
0 1578521677 948.053467 429.960266
0 1524794250 1169.791016 710.298950
0 1524812272 1057.689209 670.243774
0 1769859072 962.174622 447.813354
0 1578525683 944.779175 477.927002
0 1770636073 963.126770 425.220245
0 1524846317 1020.417236 796.381042
0 1524833300 1037.453247 680.444031
0 1568511656 1114.956909 455.459656
0 1438985620 1039.108765 457.608093
0 1478185148 1061.923218 317.010162
0 1707993177 964.008423 404.300812
0 1478189152 966.638855 341.886536
0 1524791247 1066.395874 769.884216
0 1524830296 1019.386963 767.585815
0 2088218948 1023.308044 450.872894
0 1524827292 1134.608276 759.505798
0 1606348170 1052.552246 440.797913
0 1524855329 953.476013 654.213318
0 1478183145 966.300659 349.911163
0 1438990627 947.283569 441.239441
0 1524840309 1175.165894 735.277954
0 1478222194 967.283020 326.601624
0 1709860179 839.826111 441.690186
0 1478188151 919.812622 316.903931
0 1438988624 1007.818359 444.270294
0 1478243222 884.767151 311.567505
0 1524843313 1071.605469 829.502319
0 1524844315 903.084473 748.174683
0 1524858333 1117.401489 801.112549
0 1524811271 932.073853 664.056824
0 1524859334 1139.220825 787.586426
0 1478216186 991.619019 335.364838
0 1524851324 1188.714111 699.393921
0 1524814275 1015.059448 646.644348
0 1578514668 977.911377 420.570984
0 1478184146 966.966125 334.120789
0 1524829294 1042.045654 754.975708
0 1478176143 918.747009 324.151062
0 1524860336 994.581421 635.307800
0 1478222193 933.022278 307.038269
0 1438997636 1008.679749 468.343781
0 1478194158 942.308838 332.876526
0 1478201168 968.455933 298.769623
0 1478187150 1038.420410 315.822296
0 1478205172 979.809814 302.646790
0 1524838306 928.893066 710.653564
0 1568514660 1021.249023 417.456543
0 1524865342 1033.567261 617.377075
0 2085418945 904.319458 422.272247
0 1524808268 1036.088013 658.285522
0 1478200167 991.402466 313.445892
0 1478194159 956.823364 301.484131
0 1568501643 992.520996 426.693726
0 1478239216 941.577209 340.622589
0 1524820283 1077.375244 660.320679
0 1438989625 948.794067 419.110779
0 1568505649 1022.594727 439.297333
0 1478255237 1063.094727 324.141998
0 1524804262 1014.328857 626.225342
0 1568506650 963.575928 414.563171
0 1478217187 1028.256836 333.416779
0 1568505648 933.726257 423.746399
0 1568497640 1051.290527 429.639832
0 1578511665 1036.127563 423.490509
0 1478258241 1014.913452 314.634186
0 1524796253 973.206482 712.828613
0 1478206173 945.639160 297.615295
0 1524826291 952.546631 676.265564
0 1578529688 888.668518 426.984497
0 1478233207 1037.640381 308.923950
0 1708834178 992.630676 437.796478
0 1478189153 932.186340 313.963562
0 1568499641 929.291748 470.698242
0 1478245224 1049.689697 312.936371
0 1524852325 930.528259 686.698792
0 1478219190 872.018677 314.489502
0 1578525682 917.006104 439.723511
0 1478232206 908.478821 312.765625
0 1524818280 1059.681885 693.049316
0 1524850322 884.565430 708.477905
0 1438996635 1007.022522 422.030914
0 1524832299 1038.896606 703.868469
0 1478242220 1014.489441 307.753265
0 1524789245 1047.556396 844.410767
0 1438999639 1009.615173 494.487946
0 1478196161 1015.350708 321.730164
0 1478252234 1016.267395 336.608673
0 1524803261 1130.266968 733.076233
0 1478211179 898.676636 301.896912
0 1578523680 884.696838 449.883606
0 1578530689 1009.137634 481.140686
0 1568508653 1056.652832 477.060883
0 1524826290 860.563965 719.850769
0 1524847319 972.796753 738.274658
0 1524810270 1096.533569 650.663574
0 1524835302 1016.644226 690.933167
0 1524821284 1094.874634 815.077271
0 1524799257 1017.505554 715.002930
0 1478233208 955.400879 322.322937
0 1608354172 934.730286 413.116028
0 1524835303 1034.794434 637.293091
0 1478251232 1051.665894 327.184631
0 1524812273 994.788208 656.249756
0 1706512175 960.021851 498.894165
0 1438986622 853.793640 448.337646
0 1478211180 979.701111 309.398132
0 1524823286 1091.502563 785.255859
0 1478223195 1003.807617 332.182678
0 1478244223 979.589111 316.358765
0 1438987623 918.364197 428.472534
0 1478193157 955.889771 315.161255
0 1478198164 1026.364014 311.757141
0 1524862339 1085.353149 730.873779
0 1478236212 929.515320 336.090973
0 1478240217 954.375488 337.345123
0 1478214183 991.268921 299.923767
0 1578521678 1040.184570 469.918427
0 1524844314 907.877075 697.431824
0 1524848320 1122.307373 684.619873
0 1524806265 995.237305 701.723633
0 1524787243 949.420532 750.442444
0 1478241219 931.324036 321.106995
0 1524799256 995.006592 678.355103
0 1478190154 905.967651 327.244110
0 1478226198 943.703369 318.110779
0 1478208176 933.833008 300.321320
0 1478214184 991.695923 343.150269
0 2084722944 932.682861 434.793732
0 1578522679 977.167603 466.768799
0 1524825289 1021.515198 827.064209
0 1774531078 1024.823608 475.470795
0 1525674169 961.143066 472.289459
0 1478197162 957.702454 288.605804
0 1524815276 973.958374 666.119751
0 1768901071 868.044739 455.120087
0 1578526684 946.482483 452.974426
0 1478182144 1002.792419 303.809265
0 1524853326 864.176025 695.284912
0 1478218189 953.837280 345.228699
0 1578513667 977.554199 442.755035
0 1438983618 977.736267 431.447662
0 1478224196 954.896362 329.713867
0 1478247227 991.205200 293.460968
0 1524792248 1213.394897 712.441101
0 1524795252 1045.600830 812.676086
0 1524808267 1082.541992 706.012695
0 1478191155 907.243042 319.890839
0 1524856330 948.248169 778.259338
0 1478236211 1040.054688 330.275879
0 1478258242 968.991394 286.063812
0 1478212181 930.434204 328.479095
0 1478185147 979.354248 330.948364
0 1568502645 1053.864502 452.402161
0 1568508652 962.660034 436.295258
0 1438984619 978.079956 410.100983
0 1659977623 977.460449 448.578369
0 1478209177 1025.771118 304.971497
0 1438982617 977.364929 454.519318
0 1524805264 1145.716919 697.279724
0 1771287074 1084.414062 453.931091
0 2087111947 901.013977 444.752472
0 1524817279 910.073608 674.175293
0 1524795251 950.523804 724.262146
0 1478230204 967.589966 319.317444
0 1478230203 968.727600 292.323273
0 1524847318 1109.615356 744.977417
0 1578516671 1066.746216 435.907867
0 1568513659 961.669373 459.801605
0 1578529687 1069.970337 459.151978
0 1524819282 951.564148 699.578064
0 1478253235 943.017212 325.376434
0 1524836304 1040.424805 728.670593
0 1478243221 979.915222 296.095520
0 1568501644 992.313904 405.721954
0 1438998637 1071.682007 471.492676
0 1524816278 1118.650146 662.355286
0 1705773174 928.065125 483.685242
0 1524845316 996.309448 810.274048
0 1524842312 971.899475 794.013977
0 1568507651 993.250488 500.550964
0 1438999638 886.722046 438.207245
0 1478252233 1004.082092 339.852722
0 1438993630 882.588135 462.041626
0 1478237214 897.318420 308.690674
0 1524857332 1200.751831 749.442200
0 1478248228 979.473511 323.538696
0 1478225197 883.157715 318.674469
0 1524859335 995.740906 752.709412
0 1524832298 995.481689 726.466736
0 1478200166 861.051453 310.369141
0 1478250231 1027.605957 325.969543
0 1478245225 909.676819 305.858063
0 1438995633 943.872559 491.208374
0 1524804263 1106.060669 719.349548
0 1524839308 1018.418213 740.509644
0 1524849321 1055.802612 648.654236
0 1568512658 960.594421 485.308746
0 1568514661 1024.050293 462.920868
0 1478231205 1050.662476 319.950073
0 1773608077 930.468262 458.241486
0 1438977615 1037.082764 434.421448
0 1524834301 1150.316895 721.521729
0 1607644171 992.415527 416.009979
0 1524800258 996.016296 780.592346
0 1568504647 870.423462 443.221466
0 1568500642 992.744751 449.343292
0 1478256239 991.472412 320.523895
0 1524815277 1141.368774 674.365295
0 1568503646 1082.503296 442.298126
0 1478220191 921.846985 303.068573
0 1478207174 1003.034607 310.577728
0 1524841311 1180.866211 761.769714
0 1478213182 920.845459 309.879791
0 1524813274 1102.706055 695.164856
0 1568516663 902.699158 433.291870
0 1578517672 856.431274 436.690613
0 1578527685 1006.647034 411.534698
0 1478240218 1003.541931 324.754242
0 1478215185 895.917725 315.696808
0 1524838307 1164.714722 686.706848
0 1478197163 1003.284302 317.556122
0 1478221192 1015.801758 329.051331
0 1524819281 972.361938 765.286743
0 2086284946 992.863403 461.361420
0 1524824288 974.304321 644.633850
0 1524802260 1238.786377 725.864075
0 1478226199 967.887512 312.257416
0 1578518673 919.670532 417.650269
0 1438981616 912.588684 476.319611
0 1478238215 894.472595 322.925476
0 1609135173 1055.230225 464.479950
0 1524837305 1194.558716 723.693237
0 1524793249 1079.886963 682.532288
0 1568515662 1086.402954 466.038696
0 1568516664 1025.629761 488.554657
0 1438991628 1041.305420 482.746948
0 1478249230 917.647095 331.632050
0 1438996634 945.648438 465.193451
0 1578519675 949.506958 408.666962
0 1524829295 1113.388672 772.181763
0 1524864341 1126.173462 708.156189
0 1478255238 886.327515 304.677612
0 1438993631 1100.824951 460.695465
0 1524788244 1099.535400 672.304810
0 1772785076 872.708862 431.789703
0 1524828293 973.592957 688.816223
0 1478203171 910.838867 299.158264
0 1524798255 927.160278 736.038940
0 1478199165 944.368530 311.068695
0 1578528686 1008.240295 456.063904
0 1478192156 945.013489 304.240051
0 1478228201 1026.975342 318.753204
0 1772037075 993.115967 486.931915
0 1578515670 1038.075684 445.785217
0 1524851323 1061.790283 717.176575
0 1478218188 934.619812 293.803436
0 1478202169 991.544495 327.826599
0 1478254236 946.246460 291.185394
0 1478246226 873.787231 307.501373
0 1524809269 1088.334717 757.241089
0 1524822285 905.551270 722.056824
0 1524841310 1054.014160 628.186096
0 1478235210 980.017639 289.735535
0 1578515669 978.242310 400.015198
0 1524854328 1064.024292 742.743896
0 0 1317.307739 714.082153
0 1 1623.739136 472.283020
0 2 1477.234131 312.560699
0 3 1539.621338 399.088989
0 4 1586.408325 437.673431
0 6 463.667603 483.680237
0 7 456.715820 452.977051
0 8 478.473755 328.611633
0 9 372.979431 416.585510
0 10 519.449463 428.541748
0 11 1225.872437 715.442749
0 12 582.706055 238.933578
0 13 517.494080 449.694794
0 14 513.549072 281.486450
0 16 764.127380 594.806885
0 17 542.369568 227.099640
0 19 876.054260 640.694153
0 20 1481.160400 337.929199
0 21 654.171204 260.402771
0 22 821.232422 208.870377
0 23 942.536804 474.956238
0 24 1005.361633 249.334213
0 25 1004.902039 491.668793
0 26 732.109619 365.785767
0 27 773.358276 377.741821
0 28 1131.788696 498.331665
0 29 802.967163 407.539520
0 30 892.299927 274.313934
0 31 1082.695312 478.937592
0 33 707.294861 385.821777
0 35 972.208801 241.643097
0 36 815.515442 658.586609
0 37 1068.541260 238.289841
0 39 765.218079 203.377136
0 40 939.880676 260.815552
0 43 518.659790 251.691147
0 46 1095.972534 181.733612
0 53 1524.007568 339.743134
0 55 1076.390869 175.444305
0 59 1426.521362 674.993225
0 73 743.590576 543.233948
0 77 1403.897827 920.858887
0 81 1704.208618 905.252869
0 100 1094.448364 259.876678
0 104 509.404388 308.744781
0 105 569.619873 300.833984
0 107 0.000000 0.000000
0 108 298.673004 377.024170
0 109 293.978638 330.547852
0 110 488.202667 292.847626
0 113 858.315063 1056.520142
0 114 1004.744690 208.324875
0 115 864.454224 971.034058
0 116 963.100342 921.069580
0 117 967.276367 978.016541
0 118 1052.716309 217.733032
0 120 961.804871 1055.485229
0 128 1790.733887 390.650909
