0 1578512666 906.189087 466.073120
0 1524823287 1344.061279 425.958557
0 1478234209 445.595184 382.634735
0 1707269176 801.761719 417.047363
0 1438989626 996.347778 446.963959
0 1524801259 1255.674927 452.030182
0 1438992629 936.076172 443.117859
0 1478227200 353.097992 412.132782
0 1524854327 1203.900269 432.229218
0 1478249229 295.828827 434.732330
0 1524807266 1346.716309 506.459717
0 1524863340 1388.288208 449.615875
0 1524831297 1367.728271 494.884369
0 1478229202 363.916565 419.157104
0 1568509654 920.701355 436.229065
0 1524790246 1378.912476 454.437744
0 1578523681 848.641296 393.119385
0 1478207175 297.978394 414.994263
0 1524861337 1293.189941 407.929718
0 1478210178 343.181396 387.338531
0 1524862338 1307.569214 491.128967
0 1478186149 364.003082 400.520782
0 1524797254 1387.848267 483.800385
0 1578518674 815.886230 423.678406
0 1438985621 847.758362 403.546448
0 1524857331 1317.255981 424.181732
0 1478203170 321.825348 391.827911
0 1438994632 874.549866 464.098053
0 1578520676 966.262878 445.044159
0 1478237213 534.146423 417.469604
0 1568511657 859.067627 456.709869
0 1775370079 922.235657 473.606567
0 1478195160 443.447815 366.260925
0 1568510655 890.325378 471.626221
0 1478257240 502.478760 415.448792
0 1578521677 812.651917 447.486877
0 1524794250 1273.519531 416.303070
0 1524812272 1248.991943 440.548218
0 1769859072 859.803589 444.296448
0 1578525683 936.880066 455.329681
0 1770636073 797.992004 440.372864
0 1524846317 1397.533081 461.175293
0 1524833300 1266.460693 447.152618
0 1568511656 863.083069 388.980530
0 1438985620 876.176636 416.279449
0 1478185148 424.218414 370.303223
0 1707993177 735.753235 436.422211
0 1478189152 514.489319 422.377258
0 1524791247 1360.606079 447.813843
0 1524830296 1369.345215 459.358124
0 2088218948 861.190857 420.897461
0 1524827292 1334.576294 430.383575
0 1606348170 832.739929 407.954681
0 1524855329 1251.464966 469.157532
0 1478183145 546.429504 424.404694
0 1438990627 843.870544 449.457764
0 1524840309 1300.215576 418.080200
0 1478222194 450.272675 418.301056
0 1709860179 856.668457 497.177338
0 1478188151 397.635529 441.050323
0 1438988624 845.889771 425.612671
0 1478243222 363.726746 460.017242
0 1524843313 1415.882690 451.412170
0 1524844315 1377.896240 489.282959
0 1524858333 1379.378052 438.474823
0 1524811271 1269.830078 476.349640
0 1524859334 1361.574829 432.165375
0 1478216186 490.687225 408.646698
0 1524851324 1256.941406 410.304535
0 1524814275 1227.025513 450.183228
0 1578514668 783.597595 433.387787
0 1478184146 482.437256 420.342743
0 1524829294 1350.934814 452.625214
0 1478176143 431.322784 443.140961
0 1524860336 1215.699585 455.151123
0 1478222193 352.673889 431.520355
0 1438997636 905.597839 429.461853
0 1478194158 473.844452 432.524841
0 1478201168 320.477478 410.062164
0 1478187150 415.123077 380.641785
0 1478205172 342.480255 405.238861
0 1524838306 1329.038330 480.087585
0 1568514660 771.899414 415.112762
0 1524865342 1181.165039 441.626801
0 2085418945 793.907959 465.642670
0 1524808268 1238.120605 445.316620
0 1478200167 395.838074 402.562775
0 1478194159 331.006317 417.079407
0 1568501643 799.913818 428.481384
0 1478239216 506.576660 434.579834
0 1524820283 1231.817261 434.055054
0 1438989625 781.324646 445.509094
0 1568505649 831.525391 418.975616
0 1478255237 454.100311 372.275360
0 1524804262 1198.282471 448.330292
0 1568506650 766.926270 438.400940
0 1478217187 487.190155 390.957947
0 1568505648 795.991638 452.749847
0 1568497640 803.539917 406.044922
0 1578511665 787.883484 410.531891
0 1478258241 405.670135 391.386810
0 1524796253 1320.709351 467.662354
0 1478206173 308.411530 422.138611
0 1524826291 1280.885986 471.025055
0 1578529688 809.145508 473.298920
0 1478233207 384.549683 378.642242
0 1708834178 830.263367 430.428101
0 1478189153 386.179230 433.611938
0 1568499641 921.703491 460.642273
0 1478245224 404.589905 374.429474
0 1524852325 1299.484131 478.221771
0 1478219190 375.464539 468.054993
0 1578525682 842.798645 462.116028
0 1478232206 375.194855 446.530090
0 1524818280 1277.029053 442.373322
0 1524850322 1337.700562 493.009918
0 1438996635 785.782166 421.737701
0 1524832299 1294.709351 448.982697
0 1478242220 374.478729 389.366119
0 1524789245 1434.599487 458.045380
0 1438999639 964.910339 433.285492
0 1478196161 436.756226 393.400726
0 1478252234 498.614441 397.408173
0 1524803261 1307.494263 428.596252
0 1478211179 317.524506 450.012421
0 1578523680 874.100586 477.305756
0 1578530689 935.303284 431.376831
0 1568508653 919.774353 413.646881
0 1524826290 1357.337524 500.608612
0 1524847319 1349.612061 469.506714
0 1524810270 1214.929443 427.670288
0 1524835302 1284.231201 453.871094
0 1524821284 1397.478149 444.889557
0 1524799257 1312.694702 455.706055
0 1478233208 429.386597 423.290375
0 1608354172 764.287170 450.759369
0 1524835303 1209.688965 443.474701
0 1478251232 464.938232 378.394470
0 1524812273 1244.665161 457.009064
0 1706512175 982.162842 452.063293
0 1438986622 873.632019 491.079071
0 1478211180 374.703339 407.295135
0 1524823286 1370.085205 443.098022
0 1478223195 479.108704 401.967438
0 1478244223 406.814056 409.344177
0 1438987623 810.934875 460.126953
0 1478193157 396.709747 421.227417
0 1478198164 395.015900 384.957794
0 1524862339 1315.039795 439.497955
0 1478236212 485.969299 439.841248
0 1478240217 494.393646 427.394440
0 1478214183 332.057831 398.471710
0 1578521678 905.415710 418.182800
0 1524844314 1318.419312 485.548859
0 1524848320 1253.077393 425.004944
0 1524806265 1302.311279 460.706635
0 1524787243 1368.560913 476.590302
0 1478241219 419.563110 435.695892
0 1524799256 1273.535645 458.860901
0 1478190154 443.313171 450.732086
0 1478226198 408.027527 428.392700
0 1478208176 319.046539 429.421234
0 1478214184 522.086792 410.660736
0 2084722944 827.584961 454.733337
0 1578522679 905.787170 441.185028
0 1524825289 1425.630005 462.986633
0 1774531078 920.229004 424.722229
0 1525674169 921.192444 448.193146
0 1478197162 264.832306 412.901672
0 1524815276 1262.615845 463.955261
0 1768901071 890.205627 485.121033
0 1578526684 874.981079 451.421875
0 1478182144 353.497559 393.869720
0 1524853326 1326.961914 498.723511
0 1478218189 526.725037 429.435577
0 1578513667 844.900146 437.299652
0 1438983618 814.301086 435.347046
0 1478224196 461.947723 425.346069
0 1478247227 300.001801 396.415558
0 1524792248 1266.947998 406.168304
0 1524795252 1406.800537 456.244476
0 1524808267 1287.386597 437.689392
0 1478191155 409.317047 448.634979
0 1524856330 1397.591309 478.433044
0 1478236211 475.966492 384.621094
0 1478258242 254.889343 405.898895
0 1478212181 452.826233 437.772308
0 1478185147 470.701233 413.420990
0 1568502645 861.845337 409.858246
0 1568508652 828.950928 442.338013
0 1438984619 752.789185 431.421814
0 1659977623 860.160645 438.273468
0 1478209177 364.084747 382.944305
0 1438982617 875.395325 439.245636
0 1524805264 1263.397705 420.611755
0 1771287074 862.475647 399.226654
0 2087111947 858.301086 469.638855
0 1524817279 1288.528442 483.672272
0 1524795251 1339.433594 474.741394
0 1478230204 417.995026 416.252197
0 1478230203 287.741455 407.984192
0 1524847318 1324.904419 434.895813
0 1578516671 818.878723 401.649017
0 1568513659 890.550598 446.248138
0 1578529687 876.545410 405.437836
0 1524819282 1310.208740 472.886322
0 1478253235 440.994934 430.462463
0 1524836304 1322.867310 450.806915
0 1478243221 310.144440 403.175415
0 1568501644 738.906372 424.568207
0 1438998637 905.240356 407.323120
0 1524816278 1225.741943 423.200897
0 1705773174 952.857788 462.598206
0 1524845316 1416.476074 468.029510
0 1524842312 1407.131714 473.177216
0 1568507651 980.489624 440.064056
0 1438999638 841.681763 475.306000
0 1478252233 510.244781 403.974701
0 1438993630 906.402649 479.298370
0 1478237214 352.222839 452.139618
0 1524857332 1309.875488 413.843109
0 1478248228 438.813202 411.386139
0 1478225197 398.620575 462.142822
0 1524859335 1359.580444 464.380066
0 1524832298 1330.992676 462.546356
0 1478200166 351.742188 474.111694
0 1478250231 456.568085 388.964600
0 1478245225 340.945892 444.417389
0 1438995633 967.669617 457.273499
0 1524804263 1297.539673 433.097931
0 1524839308 1341.065796 457.535034
0 1524849321 1220.864868 438.717255
0 1568512658 951.729675 450.131531
0 1568514661 890.758545 422.812988
0 1478231205 434.813599 376.415222
0 1773608077 890.440308 458.679504
0 1438977615 817.410950 412.454041
0 1524834301 1290.368286 422.399506
0 1607644171 769.461731 426.528107
0 1524800258 1388.074707 466.207764
0 1568504647 857.502075 483.116119
0 1568500642 860.510803 432.368256
0 1478256239 427.563416 404.597748
0 1524815277 1236.344116 418.818481
0 1568503646 833.909424 397.341370
0 1478220191 329.889282 436.846069
0 1478207174 385.061401 395.904541
0 1524841311 1326.830444 419.851959
0 1478213182 363.824585 438.952057
0 1524813274 1270.089233 431.294373
0 1568516663 826.162170 467.644348
0 1578517672 840.516846 489.061829
0 1578527685 755.577332 419.790497
0 1478240218 447.866425 399.953339
0 1478215185 386.791260 454.258850
0 1524838307 1246.742065 414.520508
0 1478197163 416.517548 397.932404
0 1478221192 467.737488 395.407806
0 1524819281 1378.419312 471.345001
0 2086284946 890.656616 434.301880
0 1524824288 1233.424316 462.092468
0 1524802260 1276.767212 402.109497
0 1478226199 385.603638 414.196106
0 1578518673 778.957825 458.130829
0 1438981616 937.716797 468.041229
0 1478238215 421.230469 456.370178
0 1609135173 890.856689 411.755585
0 1524837305 1283.448364 412.076508
0 1524793249 1259.645874 435.875061
0 1568515662 890.951172 401.105927
0 1568516664 949.602722 426.625153
0 1438991628 934.559692 420.079956
0 1478249230 464.886993 445.223907
0 1438996634 905.984070 453.379150
0 1578519675 749.888062 443.524414
0 1524829295 1352.183594 436.688141
0 1524864341 1280.328003 426.803406
0 1478255238 328.700378 457.883514
0 1438993631 876.900757 394.992584
0 1524788244 1242.552734 429.485138
0 1772785076 824.678955 481.103882
0 1524828293 1291.710815 465.811859
0 1478203171 306.569458 442.296844
0 1524798255 1358.492798 481.947113
0 1478199165 374.941620 426.315521
0 1578528686 875.793518 427.540436
0 1478192156 341.736481 424.230835
0 1478228201 425.843506 386.964539
0 1772037075 950.645569 438.149780
0 1578515670 846.841858 414.369873
0 1524851323 1304.976929 444.192596
0 1478218188 285.296387 427.314392
0 1478202169 459.179596 406.625702
0 1478254236 274.966125 420.038849
0 1478246226 340.104004 465.915009
0 1524809269 1342.605835 441.300812
0 1524822285 1348.208374 487.419098
0 1524841310 1192.647705 436.880432
0 1478235210 277.695221 401.104767
0 1578515669 721.875366 429.449097
0 1524854328 1332.835693 446.006134
0 0 646.754211 320.779022
0 1 879.693970 562.995728
0 2 1089.713745 357.017944
0 3 895.465027 267.515167
0 4 867.385559 275.798889
0 5 396.619171 552.252136
0 6 971.624084 290.179779
0 7 908.958801 288.765045
0 8 584.558777 304.993683
0 9 1339.436035 471.960999
0 10 687.555603 291.361725
0 11 1140.706665 562.674072
0 12 1197.297852 368.102844
0 13 744.628296 720.242432
0 14 1332.098755 416.580963
0 15 454.573486 350.245026
0 16 371.288086 517.688049
0 17 1311.034424 396.552490
0 18 476.065186 628.505249
0 19 1188.238892 391.089935
0 20 1375.916992 457.512878
0 21 1025.833740 320.333191
0 22 1377.195068 435.390320
0 23 1015.963989 304.276764
0 24 593.386353 483.850250
0 25 1183.653442 433.513733
0 26 1119.243896 447.949341
0 27 1275.438965 523.903748
0 28 1212.699707 530.103760
0 29 1208.880371 403.420380
0 30 550.738770 315.173706
0 31 1004.086548 619.636597
0 32 845.304871 254.943375
0 33 1039.418823 488.582428
0 34 567.909912 293.441132
0 35 1193.970459 552.819702
0 36 832.683105 526.918701
0 37 719.420227 271.369781
0 38 1302.309570 488.660065
0 39 802.504639 251.713043
