0 1578512666 1014.145325 498.110321
0 1524823287 540.882263 399.291840
0 1478234209 1429.950317 885.651184
0 1707269176 1002.447021 597.296753
0 1438989626 885.118652 487.022003
0 1524801259 685.631104 405.927155
0 1438992629 931.370972 511.399475
0 1478227200 1635.742310 860.577576
0 1524854327 666.974426 434.863251
0 1478249229 1750.398193 834.566040
0 1524807266 759.407471 354.124756
0 1524863340 583.871643 373.289185
0 1524831297 718.513550 354.927155
0 1478229202 1622.041504 832.423096
0 1568509654 928.412415 524.475098
0 1524790246 604.415283 372.911682
0 1578523681 877.773376 613.605957
0 1478207175 1740.309570 892.135620
0 1524861337 516.401855 427.158356
0 1478210178 1634.268799 953.477722
0 1524862338 750.118591 370.234436
0 1478186149 1605.561157 889.320312
0 1524797254 677.880676 355.724487
0 1578518674 1004.307495 581.522278
0 1438985621 911.924011 597.348694
0 1524857331 554.539124 407.979736
0 1478203170 1681.537720 954.685425
0 1438994632 1039.966431 510.616241
0 1578520676 907.808655 498.980865
0 1478237213 1347.571289 730.759766
0 1568511657 1038.892822 523.789734
0 1775370079 1015.593567 485.830963
0 1478195160 1402.735596 947.562073
0 1568510655 1041.003418 497.890411
0 1478257240 1391.374512 753.846436
0 1578521677 1065.558838 551.459839
0 1524794250 560.854126 426.528259
0 1524812272 657.245605 415.625671
0 1769859072 1009.490112 537.580933
0 1578525683 960.759094 498.547394
0 1770636073 1064.899292 566.158813
0 1524846317 611.001465 364.805237
0 1524833300 663.592896 406.272247
0 1568511656 847.449219 613.585205
0 1438985620 918.883545 566.589844
0 1478185148 1448.411621 948.729004
0 1707993177 1125.135498 597.226318
0 1478189152 1384.720093 731.110046
0 1524791247 597.649658 381.239014
0 1524830296 625.026062 372.532990
0 2088218948 947.825256 566.504456
0 1524827292 562.179932 398.943298
0 1606348170 941.958130 597.331421
0 1524855329 735.197876 396.111633
0 1478183145 1342.062256 709.108826
0 1438990627 1037.780762 537.434937
0 1524840309 546.678589 417.276123
0 1478222194 1476.969116 778.688538
0 1709860179 1121.889404 484.860718
0 1478188151 1584.851074 755.998108
0 1438988624 976.896851 566.418640
0 1478243222 1650.660767 733.617798
0 1524843313 570.502136 365.575012
0 1524844315 698.164612 355.326477
0 1524858333 556.094421 381.975586
0 1524811271 740.310486 387.244781
0 1524859334 548.593018 390.514526
0 1478216186 1398.348389 777.674927
0 1524851324 552.839844 436.392456
0 1524814275 702.019409 414.957336
0 1578514668 1064.214600 581.415344
0 1478184146 1429.628052 754.271851
0 1524829294 618.530518 380.868927
0 1478176143 1535.404419 732.530945
0 1524860336 724.525146 414.621429
0 1478222193 1650.439087 806.286072
0 1438997636 925.348877 538.015015
0 1478194158 1459.640991 731.816528
0 1478201168 1695.098145 891.191040
0 1478187150 1483.626221 917.364441
0 1478205172 1650.182861 890.252563
0 1524838306 708.146912 371.005676
0 1568514660 1031.564697 613.711426
0 1524865342 713.210938 434.243774
0 2085418945 1123.395386 536.993286
0 1524808268 679.593018 415.292114
0 1478200167 1549.204712 858.955688
0 1478194159 1679.426392 861.396240
0 1568501643 1034.192261 581.468933
0 1478239216 1414.863403 709.677551
0 1524820283 650.711487 425.254578
0 1438989625 1094.499023 566.071472
0 1568505649 974.559387 581.575378
0 1478255237 1394.526978 915.300903
0 1524804262 718.951782 424.287354
0 1568506650 1094.375366 581.361450
0 1478217187 1372.378418 828.254883
0 1568505648 1094.618042 551.341431
0 1568497640 969.609924 613.668945
0 1578511665 1000.513550 613.690125
0 1478258241 1517.185913 887.473816
0 1524796253 681.589966 379.751251
0 1478206173 1723.391113 862.220154
0 1524826291 718.720032 387.613007
0 1578529688 1122.998901 523.267944
0 1478233207 1540.703247 951.087097
0 1708834178 1006.099121 566.332397
0 1478189153 1596.643555 780.231323
0 1568499641 987.397400 498.329285
0 1478245224 1494.399780 949.904053
0 1524852325 723.980530 378.999939
0 1478219190 1638.107910 711.421631
0 1578525682 1066.808228 523.616577
0 1478232206 1624.218384 756.435913
0 1524818280 641.630981 406.616089
0 1524850322 734.078735 362.465881
0 1438996635 1032.903931 597.279236
0 1524832299 648.097839 397.537140
0 1478242220 1573.917725 919.455566
0 1524789245 577.424011 357.695679
0 1438999639 877.747986 511.786255
0 1478196161 1463.757568 857.354309
0 1478252234 1365.720215 802.087097
0 1524803261 576.199524 407.640594
0 1478211179 1718.460327 781.801758
0 1578523680 1067.972656 497.669647
0 1578530689 901.083984 524.644714
0 1568508653 865.697388 552.274414
0 1524826290 738.927734 354.526611
0 1524847319 666.450256 371.771820
0 1524810270 643.981995 435.171326
0 1524835302 669.761047 397.182587
0 1524821284 563.394836 373.665436
0 1524799257 654.385193 388.710236
0 1478233208 1516.625977 779.199768
0 1608354172 1124.232910 565.983643
0 1524835303 696.123474 424.610931
0 1478251232 1386.753052 884.748657
0 1524812273 707.746094 405.580902
0 1706512175 911.004150 486.785706
0 1438986622 1095.153076 485.104736
0 1478211180 1592.335815 859.764038
0 1524823286 576.837769 381.607910
0 1478223195 1405.665649 802.676147
0 1478244223 1537.792114 831.016479
0 1438987623 1094.732666 537.141174
0 1478193157 1567.861694 805.068176
0 1478198164 1528.621582 918.406555
0 1524862339 604.992615 398.242615
0 1478236212 1451.562378 709.964294
0 1478240217 1422.076172 731.462341
0 1478214183 1665.425171 921.574829
0 1578521678 893.874207 552.159546
0 1524844314 729.098145 370.620697
0 1524848320 605.622803 425.893707
0 1524806265 675.757751 388.345734
0 1524787243 672.241638 363.641235
0 1478241219 1545.710205 755.562805
0 1524799256 691.498596 396.826813
0 1478190154 1525.565430 710.542419
0 1478226198 1556.516846 779.714050
0 1478208176 1707.344971 833.847229
0 1478214184 1353.338013 753.423462
0 2084722944 1066.194824 537.288391
0 1578522679 955.856812 524.304871
0 1524825289 597.387878 357.303955
0 1774531078 897.542969 538.158447
0 1525674169 958.350037 511.204895
0 1478197162 1805.021118 924.807861
0 1524815276 713.310669 396.469849
0 1768901071 1068.525635 485.347839
0 1578526684 1011.096252 523.962158
0 1478182144 1619.517822 920.511658
0 1524853326 754.825317 362.071533
0 1478218189 1378.364014 709.392395
0 1578513667 1007.825439 551.695190
0 1438983618 1035.432983 566.245789
0 1478224196 1468.100586 754.699707
0 1478247227 1729.135254 955.901550
0 1524792248 530.259033 436.695007
0 1524795252 590.719238 365.190735
0 1524808267 619.745056 406.958771
0 1478191155 1573.606567 732.891174
0 1524856330 657.661255 356.121246
0 1478236211 1379.380249 855.772949
0 1478258242 1825.329590 958.359314
0 1478212181 1497.416504 732.172729
0 1478185147 1437.543823 778.180237
0 1568502645 915.468994 581.680969
0 1568508652 1036.628296 551.577759
0 1438984619 1094.247070 597.244019
0 1659977623 994.439758 544.640198
0 1478209177 1587.325073 952.278259
0 1438982617 981.321716 537.726257
0 1524805264 583.198730 426.211548
0 1771287074 882.028748 597.365845
0 2087111947 1067.400513 510.418365
0 1524817279 745.282166 378.622375
0 1524795251 687.264343 371.389374
0 1478230204 1526.946411 804.464844
0 1478230203 1758.173584 923.722900
0 1524847318 583.549866 398.593536
0 1578516671 938.852722 613.647888
0 1568513659 983.417847 524.133911
0 1578529687 886.125000 581.733276
0 1524819282 702.749939 379.376221
0 1478253235 1506.794189 755.130005
0 1524836304 633.084412 389.073517
0 1478243221 1711.642822 922.645264
0 1568501644 1094.113647 613.754272
0 1438998637 861.386108 566.759583
0 1524816278 621.072693 435.478241
0 1705773174 963.088074 486.310272
0 1524845316 617.415222 356.910980
0 1524842312 637.506226 356.516754
0 1568507651 881.495178 499.196289
0 1438999638 1094.950195 510.219666
0 1478252233 1359.380859 777.172607
0 1438993630 1042.005859 485.589905
0 1478237214 1663.814453 756.876221
0 1524857332 524.796326 417.602753
0 1478248228 1486.276611 803.864990
0 1478225197 1600.386475 711.126953
0 1524859335 645.704285 372.153015
0 1524832298 660.500366 380.125061
0 1478200166 1676.038940 711.717957
0 1478250231 1421.436401 856.561157
0 1478245225 1677.613159 781.275146
0 1438995633 936.993774 486.548492
0 1524804263 597.934753 407.300262
0 1524839308 639.480652 380.497589
0 1524849321 673.376831 424.933319
0 1568512658 934.229736 498.764557
0 1568514661 922.174622 552.044250
0 1478231205 1438.929077 916.329285
0 1773608077 1012.647034 510.813263
0 1438977615 972.132202 597.314148
0 1524834301 568.637390 416.948334
0 1607644171 1063.503540 597.261658
0 1524800258 631.348999 364.418488
0 1568504647 1095.053467 497.447968
0 1568500642 979.149414 551.812012
0 1478256239 1496.056763 830.319702
0 1524815277 598.246277 435.784119
0 1568503646 908.240906 613.626892
0 1478220191 1692.105469 806.900574
0 1478207174 1561.229614 888.394043
0 1524841311 532.953186 408.317688
0 1478213182 1637.008179 780.751648
0 1524813274 612.786011 416.289307
0 1568516663 1094.843384 523.442627
0 1578517672 1122.246582 497.225311
0 1578527685 1062.764404 613.732788
0 1478240218 1454.577515 829.627197
0 1478215185 1612.024780 733.253479
0 1524838307 575.502075 436.088806
0 1478197163 1506.346069 858.152527
0 1478221192 1413.352173 828.938904
0 1524819281 651.762329 364.030457
0 2086284946 953.274902 537.870911
0 1524824288 729.938232 405.233459
0 1524802260 507.759186 436.996490
0 1478226199 1579.786255 831.717590
0 1578518673 1123.806519 551.222473
0 1438981616 989.287842 486.071106
0 1478238215 1562.872925 710.833862
0 1609135173 890.070740 566.674866
0 1524837305 538.588684 426.843842
0 1524793249 634.976746 415.958099
0 1568515662 856.913879 581.785461
0 1568516664 873.870605 524.813477
0 1438991628 869.856201 538.301270
0 1478249230 1488.462524 710.252502
0 1438996634 985.441956 511.009491
0 1578519675 1124.675537 581.307373
0 1524829295 569.609863 390.156067
0 1524864341 590.673096 416.619415
0 1478255238 1703.640991 757.319092
0 1438993631 852.271545 597.382935
0 1524788244 628.126953 425.574707
0 1772785076 1122.616211 510.020142
0 1524828293 697.202637 387.980011
0 1478203171 1734.026611 807.518799
0 1524798255 692.787231 363.250732
0 1478199165 1609.025391 805.675293
0 1578528686 950.599426 551.928406
0 1478192156 1664.560303 833.132935
0 1478228201 1473.427124 886.559570
0 1772037075 904.503845 511.593262
0 1578515670 944.946838 581.628296
0 1524851323 626.508545 397.890472
0 1478218188 1767.639038 863.049438
0 1478202169 1445.850464 803.268860
0 1478254236 1785.820312 893.086487
0 1478246226 1689.516602 733.984131
0 1524809269 590.697144 389.796448
0 1524822285 713.399536 362.858948
0 1524841310 690.050659 434.554077
0 1478235210 1777.064697 957.126221
0 1578515669 1125.613525 613.775940
0 1524854328 611.855225 389.435608
0 0 1276.936646 303.726410
0 1 770.802734 935.054565
0 2 957.506775 396.479340
0 3 1721.036499 539.275391
0 4 671.147217 422.149994
0 5 1218.274780 322.390930
0 6 1754.927979 598.128784
0 7 471.702728 709.840088
0 8 398.677582 830.412354
0 9 520.585449 461.688934
0 10 489.320923 657.702881
0 11 987.744690 320.530243
0 12 700.193909 770.153137
0 13 1305.080933 322.723969
0 14 894.462219 783.114014
0 15 527.299561 550.620911
0 16 1533.352661 337.783417
0 17 429.141815 774.786560
0 18 1459.888062 323.735718
0 19 1134.048584 380.579681
0 20 493.336731 507.249756
0 21 1321.278076 475.092224
0 22 429.182526 584.141541
0 23 1204.439087 786.946045
0 24 1048.424438 320.128540
0 25 1242.372681 413.939026
0 26 1275.572144 684.290955
0 27 646.358154 327.304413
0 28 296.259613 721.501709
0 29 1370.979858 692.945801
0 30 722.528259 395.091675
0 31 1366.119263 326.701447
0 32 649.918091 383.113556
0 33 1305.499390 836.234253
0 34 576.238037 498.967407
0 35 886.861938 321.082855
0 36 1213.843994 379.732239
0 37 871.724548 374.146393
0 38 305.060547 779.807068
0 39 608.549500 411.430084
