0 1578512666 985.256104 533.403442
0 1524823287 455.678101 619.954041
0 1478234209 1491.946167 571.089294
0 1707269176 1097.243408 569.802246
0 1438989626 893.885620 557.941833
0 1524801259 612.187012 577.628174
0 1438992629 955.128052 556.182312
0 1478227200 1521.164062 534.226501
0 1524854327 648.387085 594.950073
0 1478249229 1528.846436 512.360413
0 1524807266 583.239807 534.834473
0 1524863340 446.497131 594.427612
0 1524831297 546.411865 546.154358
0 1478229202 1500.253662 529.254333
0 1568509654 970.435059 561.508301
0 1524790246 467.705780 587.725037
0 1578523681 1054.015625 603.204102
0 1478207175 1561.326904 527.489441
0 1524861337 488.732880 639.974548
0 1478210178 1577.210327 556.137695
0 1524862338 604.594727 544.463867
0 1478186149 1532.829102 545.397949
0 1524797254 508.121399 557.923889
0 1578518674 1080.198730 564.262268
0 1438985621 1052.197876 589.957275
0 1524857331 488.641144 619.031250
0 1478203170 1586.651367 549.798523
0 1438994632 1014.716492 532.547485
0 1578520676 924.492920 557.062500
0 1478237213 1355.929565 544.666748
0 1568511657 1030.033569 537.417969
0 1775370079 970.554443 528.625000
0 1478195160 1526.825684 589.968201
0 1568510655 999.709961 527.775635
0 1478257240 1386.957520 543.775208
0 1578521677 1075.787476 541.520020
0 1524794250 533.179199 624.610229
0 1524812272 604.386230 589.946960
0 1769859072 1031.223755 548.344177
0 1578525683 955.481812 544.996521
0 1770636073 1092.080322 546.590576
0 1524846317 457.618713 582.042480
0 1524833300 592.674500 584.167236
0 1568511656 1037.997803 610.529602
0 1438985620 1018.400696 578.197754
0 1478185148 1537.350098 582.901672
0 1707993177 1153.046753 544.833862
0 1478189152 1367.296631 538.660217
0 1524791247 478.015564 593.533203
0 1524830296 488.475433 581.161194
0 2088218948 1033.758057 571.609680
0 1524827292 477.744385 612.669739
0 1606348170 1067.536865 583.094055
0 1524855329 638.308289 559.666016
0 1478183145 1336.606567 539.544556
0 1438990627 1045.670776 542.390381
0 1524840309 499.792542 625.541443
0 1478222194 1428.760010 536.889099
0 1709860179 1026.735596 507.142303
0 1478188151 1440.082275 514.946350
0 1438988624 1048.795044 565.159119
0 1478243222 1440.828979 499.804718
0 1524843313 415.008362 595.321289
0 1524844315 527.454834 551.981323
0 1524858333 434.884430 607.359802
0 1524811271 626.836975 554.493347
0 1524859334 445.162659 613.585144
0 1478216186 1407.044800 549.001160
0 1524851324 544.994690 631.266602
0 1524814275 643.186279 576.742859
0 1578514668 1108.721436 551.769348
0 1478184146 1398.014404 537.775024
0 1524829294 498.904327 586.836853
0 1478176143 1410.545654 515.806824
0 1524860336 661.988892 570.344116
0 1478222193 1489.601807 518.749329
0 1438997636 986.075500 566.950256
0 1478194158 1389.351807 527.005981
0 1478201168 1552.021240 533.337341
0 1478187150 1524.813721 570.159607
0 1478205172 1542.523804 539.305603
0 1524838306 567.426758 556.210144
0 1568514660 1129.030884 568.897217
0 1524865342 686.707275 581.490173
0 2085418945 1087.327637 525.223083
0 1524808268 623.989563 583.275696
0 1478200167 1501.339355 546.299988
0 1478194159 1530.776611 528.372253
0 1568501643 1094.607300 557.951233
0 1478239216 1359.262695 527.877869
0 1524820283 616.359924 595.855957
0 1438989625 1105.930786 540.648987
0 1568505649 1065.485962 570.706360
0 1478255237 1503.730713 583.846130
0 1524804262 674.214111 575.856750
0 1568506650 1122.549805 545.712585
0 1478217187 1437.549683 566.302734
0 1568505648 1089.655884 535.690308
0 1568497640 1099.995728 582.175903
0 1578511665 1114.668213 575.465759
0 1478258241 1512.821777 557.970825
0 1524796253 559.028320 567.562805
0 1478206173 1540.197388 522.634888
0 1524826291 608.273071 560.531433
0 1578529688 1071.723022 520.566650
0 1478233207 1557.713135 569.229004
0 1708834178 1063.521484 558.841736
0 1478189153 1459.725952 519.617371
0 1568499641 970.516296 539.142639
0 1478245224 1547.643311 575.990295
0 1524852325 597.118713 555.352112
0 1478219190 1422.124878 495.507385
0 1578525682 1044.202637 531.690674
0 1478232206 1450.090698 509.515167
0 1524818280 572.748901 590.844788
0 1524850322 575.490723 545.309509
0 1438996635 1111.631348 563.364563
0 1524832299 561.388733 585.057983
0 1478242220 1545.000854 557.054688
0 1524789245 405.395569 589.499023
0 1438999639 923.471985 568.738159
0 1478196161 1480.672974 558.886047
0 1478252234 1416.466553 560.713989
0 1524803261 510.357788 611.753540
0 1478211179 1488.911499 503.338684
0 1578523680 1013.885986 522.255981
0 1578530689 954.759155 567.844666
0 1568508653 970.346741 585.843201
0 1524826290 565.003357 540.439880
0 1524847319 528.751465 568.432739
0 1524810270 628.604492 601.898682
0 1524835302 581.216370 578.512634
0 1524821284 424.835571 601.273376
0 1524799257 550.274231 579.396301
0 1478233208 1439.289795 531.015991
0 1608354172 1119.506470 534.825317
0 1524835303 655.333801 582.383301
0 1478251232 1481.164917 577.864319
0 1524812273 631.299072 571.223206
0 1706512175 909.838318 551.841858
0 1438986622 1013.087402 512.361145
0 1478211180 1511.353638 540.201172
0 1524823286 456.680420 600.372620
0 1478223195 1427.572266 554.341675
0 1478244223 1480.211914 541.095886
0 1438987623 1073.714478 530.833191
0 1478193157 1469.758057 530.135559
0 1478198164 1535.015747 563.536743
0 1524862339 520.461060 598.568542
0 1478236212 1370.255981 522.216980
0 1478240217 1378.435059 532.774475
0 1478214183 1564.347900 544.495056
0 1578521678 986.372314 579.106628
0 1524844314 586.193542 550.279236
0 1524848320 575.679871 609.918457
0 1524806265 570.003540 572.979126
0 1524787243 518.328369 563.123230
0 1478241219 1429.876465 520.484680
0 1524799256 600.637329 572.101562
0 1478190154 1391.604980 511.223419
0 1478226198 1449.609741 525.259888
0 1478208176 1519.503662 517.880493
0 1478214184 1375.671265 549.899841
0 2084722944 1059.831665 536.554504
0 1578522679 985.790955 555.301331
0 1524825289 426.790375 582.922852
0 1774531078 970.391785 573.413696
0 1525674169 970.476501 550.094604
0 1478197162 1591.904663 526.605896
0 1524815276 619.664001 565.820679
0 1768901071 999.179565 517.679260
0 1578526684 1015.581116 543.259827
0 1478182144 1554.776001 550.708862
0 1524853326 593.809692 539.600647
0 1478218189 1348.048462 533.652588
0 1578513667 1047.200317 553.536926
0 1438983618 1077.946899 552.653564
0 1478224196 1408.848877 531.895630
0 1478247227 1595.895874 543.591309
0 1524792248 522.895508 639.028931
0 1524795252 436.536194 588.612427
0 1524808267 552.396912 597.665222
0 1478191155 1420.835205 510.369659
0 1524856330 488.400299 563.985657
0 1478236211 1459.110352 572.018127
0 1478258242 1613.819336 531.556641
0 1478212181 1400.053101 521.351196
0 1478185147 1418.013916 542.882935
0 1568502645 1035.109009 584.011292
0 1568508652 1061.638428 547.467712
0 1438984619 1139.524048 550.884338
0 1659977623 1031.837524 553.978333
0 1478209177 1567.566406 562.613037
0 1438982617 1016.481628 554.419556
0 1524805264 554.664673 617.182983
0 1771287074 1036.520752 596.971741
0 2087111947 1028.890625 526.925537
0 1524817279 615.601501 549.427063
0 1524795251 548.283203 562.260071
0 1478230204 1459.533447 536.002380
0 1478230203 1582.906250 532.447388
0 1524847318 499.333649 605.542908
0 1578516671 1085.003296 589.032471
0 1568513659 1000.836548 549.219788
0 1578529687 1019.424255 590.881226
0 1524819282 578.264771 561.396179
0 1478253235 1419.467407 526.133301
0 1524836304 530.131958 585.947815
0 1478243221 1573.722656 538.409241
0 1568501644 1156.864990 556.167847
0 1438998637 986.682495 591.804199
0 1524816278 608.388672 608.999512
0 1705773174 940.796875 540.003784
0 1524845316 447.747284 576.481262
0 1524842312 468.279663 570.170166
0 1568507651 908.519592 563.281921
0 1438999638 1042.792114 521.411682
0 1478252233 1395.845459 555.247742
0 1438993630 985.004395 523.099548
0 1478237214 1459.907349 504.187988
0 1524857332 477.454285 633.143433
0 1478248228 1449.098755 541.989807
0 1478225197 1412.144531 500.646759
0 1524859335 508.819702 574.731750
0 1524832298 539.397705 573.855835
0 1478200166 1431.919678 490.463684
0 1478250231 1470.007324 565.381653
0 1478245225 1479.371216 508.659912
0 1438995633 925.472229 545.863708
0 1524804263 531.604675 604.633240
0 1524839308 519.360596 580.279175
0 1524849321 636.053284 589.048340
0 1568512658 940.143799 550.968567
0 1568514661 1002.060120 572.512085
0 1478231205 1514.387817 576.927795
0 1773608077 1000.261780 538.280701
0 1438977615 1082.548584 576.377258
0 1524834301 521.636719 618.107666
0 1607644171 1125.721802 557.059937
0 1524800258 478.269592 575.606934
0 1568504647 1027.792114 516.841431
0 1568500642 1032.464233 559.731445
0 1478256239 1469.878784 547.201233
0 1524815277 587.725220 616.257507
0 1568503646 1069.680176 596.040161
0 1478220191 1499.232666 513.223083
0 1478207174 1522.930542 551.618286
0 1524841311 466.439056 626.471741
0 1478213182 1469.644531 514.085083
0 1524813274 563.906799 603.722595
0 1568516663 1058.096436 526.074646
0 1578517672 1041.436035 511.528931
0 1578527685 1143.093262 562.466064
0 1478240218 1459.328613 553.434692
0 1478215185 1430.927856 505.036591
0 1524838307 566.599182 623.678040
0 1478197163 1491.114746 552.526917
0 1478221192 1448.554688 559.800476
0 1524819281 498.501953 569.301819
0 2086284946 1001.435425 560.620300
0 1524824288 650.022949 564.948425
0 1524802260 500.284302 646.971069
0 1478226199 1490.334717 535.114807
0 1578518673 1103.252075 529.974976
0 1438981616 955.821411 534.258728
0 1478238215 1401.973145 505.884460
0 1609135173 1002.712341 584.927673
0 1524837305 511.207520 632.205444
0 1524793249 584.363220 596.761047
0 1568515662 1003.393921 597.902344
0 1568516664 938.753235 574.314453
0 1438991628 954.374329 580.014709
0 1478249230 1381.034668 516.666565
0 1438996634 985.518066 544.128540
0 1578519675 1136.101074 539.777222
0 1524829295 467.093567 606.451843
0 1524864341 543.002991 610.836365
0 1478255238 1469.537598 498.961975
0 1438993631 1020.494507 604.142517
0 1524788244 596.240112 602.811096
0 1772785076 1056.428955 516.002869
0 1524828293 589.332520 566.692139
0 1478203171 1508.677002 507.803925
0 1524798255 537.760986 557.067322
0 1478199165 1479.778809 524.385620
0 1578528686 1017.420715 566.055115
0 1478192156 1509.974609 523.510681
0 1478228201 1502.495972 564.459595
0 1772037075 939.463196 562.395569
0 1578515670 1050.459351 577.287964
0 1524851323 541.141357 591.741760
0 1478218188 1549.432129 517.010864
0 1478202169 1438.447266 548.101624
0 1478254236 1570.447021 521.758362
0 1478246226 1450.544189 494.671143
0 1524809269 488.555603 599.471008
0 1524822285 556.811401 551.130615
0 1524841310 667.750366 588.148743
0 1478235210 1604.949951 537.511963
0 1578515669 1170.354614 549.998535
0 1524854328 509.563629 592.637878
0 0 625.542908 498.559052
0 1 1150.459961 829.463013
0 2 1353.696167 530.855103
0 3 726.164673 454.657043
0 4 1154.069214 465.990845
0 5 596.508301 609.293701
0 6 1010.909607 392.054443
0 7 1028.458252 437.549835
0 8 830.585571 501.184998
0 9 1470.587036 451.557007
0 10 1100.003540 462.390167
0 11 803.086426 731.525635
0 12 1145.933716 379.777649
0 13 511.990295 518.876099
0 14 1230.180786 392.952301
0 15 820.292847 485.309296
0 16 575.438599 509.030334
0 17 1413.989258 439.655243
0 18 1039.246460 773.269470
0 19 1139.585693 781.148743
0 20 1507.836060 466.223572
0 21 1406.834717 517.752197
0 22 1468.342407 501.739166
0 23 1116.752686 370.498413
0 24 871.958679 741.125671
0 25 1016.535889 735.178223
0 26 1405.838257 694.545898
0 27 794.761780 694.976501
0 28 1434.748779 541.984131
0 29 1389.210205 658.143555
0 30 1246.129395 500.623932
0 31 506.168976 541.067932
0 32 1067.673828 438.213074
0 33 884.750244 675.522095
0 34 865.024658 471.041321
0 35 594.710327 577.482178
0 36 1213.566162 483.514221
0 37 1105.767578 443.925415
0 38 1501.380493 485.155762
0 39 946.788818 442.012085
