0 1578512666 953.030823 428.743591
0 1524823287 776.163635 294.044708
0 1478234209 831.699646 677.697754
0 1707269176 852.951965 471.323883
0 1438989626 887.658325 397.898560
0 1524801259 849.083374 321.659424
0 1438992629 891.485046 418.390839
0 1478227200 970.807556 721.795349
0 1524854327 812.989807 332.849091
0 1478249229 1068.255737 744.635437
0 1524807266 941.037964 307.737488
0 1524863340 821.906921 287.834564
0 1524831297 915.761780 300.987885
0 1478229202 990.266785 708.595825
0 1568509654 877.656067 423.876190
0 1524790246 833.585571 291.029602
0 1578523681 772.031738 453.524506
0 1478207175 1002.737061 760.699097
0 1524861337 740.170837 303.896637
0 1478210178 883.017639 751.224426
0 1524862338 919.732056 314.597687
0 1478186149 925.669067 723.299377
0 1524797254 891.136353 294.412018
0 1578518674 868.253479 464.813629
0 1438985621 803.726562 453.200836
0 1524857331 775.993286 300.618622
0 1478203170 908.340454 764.167969
0 1438994632 956.299988 439.950104
0 1578520676 889.535889 407.952850
0 1478237213 925.825989 602.291687
0 1568511657 942.722412 445.869080
0 1775370079 966.089966 423.187347
0 1478195160 765.870117 691.345398
0 1568510655 969.578003 434.161774
0 1478257240 929.430481 621.594421
0 1578521677 931.749146 464.099121
0 1524794250 763.654968 310.840851
0 1524812272 824.640442 321.637939
0 1769859072 912.080688 446.166565
0 1578525683 920.757996 418.176178
0 1770636073 917.279175 470.565521
0 1524846317 844.565247 287.919128
0 1524833300 836.486145 318.032959
0 1568511656 756.437622 447.677643
0 1438985620 834.298523 441.074280
0 1478185148 788.117065 702.716797
0 1707993177 922.930115 497.087372
0 1478189152 947.275513 611.350220
0 1524791247 822.421082 294.192505
0 1524830296 845.415100 294.265961
0 2088218948 850.314087 446.766235
0 1524827292 787.764709 297.341034
0 1606348170 819.841431 459.133759
0 1524855329 886.338806 325.349915
0 1478183145 943.275635 592.576782
0 1438990627 928.834961 451.923126
0 1524840309 764.018188 303.952911
0 1478222194 955.924561 651.943665
0 1709860179 1033.696777 444.985840
0 1478188151 1045.001099 671.468445
0 1438988624 866.612305 452.558594
0 1478243222 1111.955200 680.897339
0 1524843313 821.407715 281.660522
0 1524844315 903.369324 297.678650
0 1524858333 799.161682 287.749695
0 1524811271 897.667969 321.702057
0 1524859334 787.759094 290.870819
0 1478216186 911.052246 632.144592
0 1524851324 751.276428 314.347626
0 1524814275 850.074097 329.057587
0 1578514668 902.464172 477.186127
0 1478184146 951.486206 631.112427
0 1524829294 834.278137 297.476868
0 1478176143 1038.082397 649.699524
0 1524860336 863.059143 332.845642
0 1478222193 1034.255737 707.177307
0 1438997636 863.522217 429.482513
0 1478194158 991.643005 630.087402
0 1478201168 976.370422 747.903809
0 1478187150 832.981079 701.316833
0 1478205172 950.689880 735.441528
0 1524838306 894.302490 307.640656
0 1568514660 854.355652 484.391296
0 1524865342 838.912415 340.620575
0 2085418945 980.909729 469.815369
0 1524808268 837.269104 325.322052
0 1478200167 921.700317 698.548523
0 1478194159 996.315979 733.870667
0 1568501643 885.203430 470.943665
0 1478239216 986.419495 610.417358
0 1524820283 812.580688 325.308044
0 1438989625 934.785889 476.787384
0 1568505649 851.605957 458.792999
0 1478255237 788.096436 678.971130
0 1524804262 851.097168 336.697235
0 1568506650 920.044495 483.544128
0 1478217187 850.716492 644.108093
0 1568505648 949.180847 470.189423
0 1568497640 820.523560 471.706177
0 1578511665 837.283630 477.990265
0 1478258241 877.507568 699.927490
0 1524796253 870.794861 307.591949
0 1478206173 1022.494385 746.263184
0 1524826291 884.791992 318.090149
0 1578529688 994.565186 463.392242
0 1478233207 834.338867 726.342651
0 1708834178 883.200684 458.454071
0 1478189153 1027.334595 683.451904
0 1568499641 936.759766 423.415802
0 1478245224 810.932617 714.378723
0 1524852325 895.959167 314.562408
0 1478219190 1128.184448 669.039124
0 1578525682 959.700867 451.607910
0 1478232206 1069.799316 682.169983
0 1524818280 824.059631 314.455688
0 1524850322 917.716736 307.689178
0 1438996635 869.963928 477.587067
0 1524832299 835.727417 310.969147
0 1478242220 880.180908 724.815125
0 1524789245 832.260132 278.690002
0 1438999639 860.664001 408.138947
0 1478196161 874.983948 676.433655
0 1478252234 870.338257 633.183838
0 1524803261 787.770508 304.008942
0 1478211179 1104.164551 717.351624
0 1578523680 986.408386 439.672699
0 1578530689 862.065735 418.606598
0 1568508653 817.953735 424.341248
0 1524826290 928.316895 304.340515
0 1524847319 869.538818 300.865753
0 1524810270 800.301086 329.045044
0 1524835302 848.123535 314.491425
0 1524821284 810.376404 284.680023
0 1524799257 847.193054 307.543030
0 1478233208 979.161499 662.196533
0 1608354172 952.615784 483.124054
0 1524835303 838.077454 332.847351
0 1478251232 809.625061 666.985291
0 1524812273 861.854980 325.335999
0 1706512175 902.839355 402.793365
0 1438986622 1016.362244 439.396698
0 1478211180 945.943726 710.025085
0 1524823286 810.716553 290.950348
0 1478223195 892.116638 643.014771
0 1478244223 941.465576 686.044312
0 1438987623 963.241455 463.744751
0 1478193157 984.557861 684.743347
0 1478198164 856.280518 712.916443
0 1524862339 811.428101 304.064789
0 1478236212 1008.718872 619.638489
0 1478240217 969.209045 620.613098
0 1478214183 929.879639 749.557556
0 1578521678 833.381226 429.731323
0 1524844314 906.932373 311.095947
0 1524848320 787.782593 317.975311
0 1524806265 859.557983 311.011597
0 1524787243 880.428772 297.611633
0 1478241219 1020.790894 661.020630
0 1524799256 860.688538 318.061615
0 1478190154 1054.856567 638.717041
0 1478226198 1002.958130 672.696289
0 1478208176 1041.588135 732.312012
0 1478214184 907.868469 612.289368
0 2084722944 945.885864 457.781616
0 1578522679 893.510010 429.234955
0 1524825289 843.739807 281.755493
0 1774531078 847.880310 424.108154
0 1525674169 907.282166 423.645416
0 1478197162 1009.565369 789.228821
0 1524815276 873.425720 321.680756
0 1768901071 999.321228 433.902130
0 1578526684 926.036072 440.228973
0 1478182144 904.705627 737.024658
0 1524853326 930.477356 311.137878
0 1478218189 964.610352 601.399048
0 1578513667 897.805908 452.240021
0 1438983618 900.086914 464.455414
0 1478224196 974.052795 640.850952
0 1478247227 934.354675 777.464905
0 1524792248 739.435303 310.797729
0 1524795252 832.913208 284.770020
0 1524808267 811.800415 310.926575
0 1478191155 1062.124756 659.853088
0 1524856330 879.059875 291.187195
0 1478236211 830.488220 655.369873
0 1478258242 988.573608 805.178528
0 1478212181 1014.594727 639.780273
0 1478185147 933.227661 641.929077
0 1568502645 819.186829 447.068420
0 1568508652 914.626892 458.116943
0 1438984619 904.943970 490.465515
0 1659977623 896.699646 446.315887
0 1478209177 858.359070 738.620361
0 1438982617 895.615295 440.509277
0 1524805264 775.636719 314.383820
0 1771287074 787.895081 447.372223
0 2087111947 973.204895 445.573151
0 1524817279 908.797302 318.118530
0 1524795251 881.839111 304.230865
0 1478230204 960.609741 673.933044
0 1478230203 982.281189 775.645447
0 1524847318 799.518555 300.680756
0 1578516671 804.066895 465.535889
0 1568513659 909.634338 434.685089
0 1578529687 803.399841 441.359009
0 1524819282 883.292847 311.053864
0 1478253235 997.148071 650.817627
0 1524836304 834.991699 304.120331
0 1478243221 955.728943 762.426514
0 1568501644 889.470947 497.557587
0 1438998637 803.085938 429.981384
0 1524816278 787.788940 325.293976
0 1705773174 933.946899 412.823425
0 1524845316 855.364502 284.859711
0 1524842312 867.136902 288.003326
0 1568507651 874.302917 402.964966
0 1438999638 990.404785 451.294342
0 1478252233 889.380493 622.582336
0 1438993630 982.566162 428.499786
0 1478237214 1095.207031 693.134583
0 1524857332 752.374756 300.556183
0 1478248228 937.233521 663.380798
0 1478225197 1103.166382 658.693787
0 1524859335 857.398499 297.544403
0 1524832298 858.461853 304.175720
0 1478200166 1153.805786 679.633911
0 1478250231 852.468567 665.775146
0 1478245225 1077.914795 705.769470
0 1438995633 918.266846 407.767639
0 1524804263 799.705139 307.444611
0 1524839308 846.290710 300.804321
0 1524849321 825.239868 329.051331
0 1568512658 905.018799 413.022583
0 1568514661 849.073242 435.213806
0 1478231205 810.260132 690.005310
0 1773608077 939.682739 434.422791
0 1438977615 836.247253 465.173767
0 1524834301 775.817749 307.395111
0 1607644171 887.291626 483.966553
0 1524800258 856.366516 291.108551
0 1568504647 1003.529175 445.278748
0 1568500642 881.278320 446.465607
0 1478256239 917.952881 675.178772
0 1524815277 775.449890 321.594757
0 1568503646 787.905640 459.476318
0 1478220191 1060.051392 718.821594
0 1478207174 901.282959 711.465271
0 1524841311 764.370605 297.272705
0 1478213182 1052.312622 694.473022
0 1524813274 799.897583 314.419830
0 1568516663 976.979004 457.448059
0 1578517672 1020.948242 450.982391
0 1578527685 871.748352 490.912628
0 1478240218 895.003601 664.573608
0 1478215185 1086.742188 670.249390
0 1524838307 763.280151 317.946320
0 1478197163 898.054260 687.354858
0 1478221192 872.597839 654.219666
0 1524819281 868.320068 294.339142
0 2086284946 879.431519 434.948730
0 1524824288 874.804382 329.063812
0 1524802260 727.753418 307.295532
0 1478226199 965.562866 697.179871
0 1578518673 966.930542 476.390808
0 1438981616 949.885742 417.962616
0 1478238215 1078.730347 648.589233
0 1609135173 818.558044 435.480164
0 1524837305 751.834106 307.345428
0 1524793249 812.184387 318.004211
0 1568515662 787.885010 435.747955
0 1568516664 846.732605 413.423889
0 1438991628 832.499207 418.823395
0 1478249230 1031.525513 629.069336
0 1438996634 923.345825 428.988647
0 1578519675 937.953247 490.020905
0 1524829295 799.337402 294.118774
0 1524864341 787.776428 310.883789
0 1478255238 1121.247192 704.372131
0 1438993631 772.339478 441.645203
0 1524788244 800.096130 321.616364
0 1772785076 1007.907715 457.116272
0 1524828293 872.089844 314.527008
0 1478203171 1086.510376 730.765381
0 1524798255 892.695618 300.926910
0 1478199165 1009.099182 695.821472
0 1578528686 865.036499 440.791046
0 1478192156 1015.600342 720.302795
0 1478228201 854.320312 688.675171
0 1772037075 875.947754 413.222717
0 1578515670 835.253052 452.878845
0 1524851323 823.496704 307.493927
0 1478218188 1049.369263 758.985474
0 1478202169 914.408936 653.077637
0 1478254236 1029.817749 773.840820
0 1478246226 1137.785645 691.805969
0 1524809269 811.067017 297.409088
0 1524822285 905.123901 304.285797
0 1524841310 825.859009 336.707184
0 1478235210 961.088928 791.129944
0 1578515669 907.532898 504.329773
0 1524854328 822.950745 300.742645
0 0 456.976349 386.403381
0 1 960.288147 556.834045
0 2 734.645630 337.269012
0 3 713.997681 300.375183
0 4 459.416901 413.699890
0 5 1056.173462 689.867554
0 6 764.965210 286.338043
0 7 496.069458 505.067413
0 8 542.499756 523.458557
0 9 1382.170166 410.978027
0 10 457.336243 484.948517
0 11 1471.394531 514.846069
0 12 947.220642 287.468658
0 13 1238.952271 647.658630
0 14 999.765686 301.160858
0 15 480.886749 548.132629
0 16 821.789368 590.676697
0 17 1097.182617 322.793365
0 18 895.796387 605.118042
0 19 898.887634 329.251251
0 20 1364.261230 393.292084
0 21 570.165588 366.930176
0 22 1169.038086 346.130951
0 23 887.293579 271.604797
0 24 1015.091980 291.002167
0 25 987.418091 350.404083
0 26 943.030457 339.116150
0 27 1398.493408 429.970276
0 28 1438.154785 541.388428
0 29 1149.965576 389.399353
0 30 421.691650 466.285889
0 31 1140.067627 713.085754
0 32 308.819489 439.461884
0 33 1046.825928 372.005798
0 34 437.320618 526.044373
0 35 1483.243530 476.483582
0 36 1023.513550 480.427643
0 37 398.821869 505.605377
0 38 1068.769287 554.765747
0 39 365.131714 482.867249
