0 1578512666 1028.468140 565.313782
0 1524823287 1489.680908 476.948608
0 1478234209 576.906067 529.891846
0 1707269176 921.842468 527.003357
0 1438989626 1120.477295 536.598511
0 1524801259 1395.192261 513.843933
0 1438992629 1058.310303 539.049377
0 1478227200 490.178955 567.411072
0 1524854327 1338.223145 499.141632
0 1478249229 436.806641 594.619995
0 1524807266 1498.627686 560.768188
0 1524863340 1540.240234 496.563660
0 1524831297 1521.009399 546.314209
0 1478229202 500.093353 573.114624
0 1568509654 1042.378418 533.725098
0 1524790246 1530.240479 502.657959
0 1578523681 968.261841 498.288452
0 1478207175 439.237396 575.488525
0 1524861337 1432.911255 464.124268
0 1478210178 481.470520 544.625122
0 1524862338 1454.390503 548.884033
0 1478186149 500.503174 555.196899
0 1524797254 1542.472778 532.453369
0 1578518674 936.099976 532.126099
0 1438985621 967.622925 508.742188
0 1524857331 1460.229858 478.153900
0 1478203170 461.684082 551.018433
0 1438994632 996.205811 566.558289
0 1578520676 1089.361206 537.825195
0 1478237213 660.496277 554.732666
0 1568511657 980.324463 560.707764
0 1775370079 1045.104858 571.291321
0 1478195160 575.074646 514.380188
0 1568510655 1012.452637 572.543579
0 1478257240 630.338074 555.921631
0 1578521677 933.353943 556.213928
0 1524794250 1412.162476 474.979553
0 1524812272 1387.226318 502.715637
0 1769859072 980.757507 548.171448
0 1578525683 1059.529297 551.292053
0 1770636073 918.529724 550.611938
0 1524846317 1551.420044 507.622589
0 1524833300 1406.557373 507.607208
0 1568511656 982.676147 492.630707
0 1438985620 996.585632 518.421387
0 1478185148 557.031982 520.210083
0 1707993177 856.563843 553.042114
0 1478189152 641.722778 561.467773
0 1524791247 1509.512207 497.799103
0 1524830296 1520.043945 508.872070
0 2088218948 981.571289 524.613281
0 1524827292 1479.612061 482.613647
0 1606348170 952.648499 514.715271
0 1524855329 1391.741211 532.053467
0 1478183145 672.221741 560.271667
0 1438990627 964.796814 554.987366
0 1524840309 1441.239990 473.784485
0 1478222194 580.915588 563.852539
0 1709860179 978.906311 601.761597
0 1478188151 531.183960 591.000549
0 1438988624 966.267212 530.924744
0 1478243222 499.190186 612.601929
0 1524843313 1571.031128 495.325745
0 1524844315 1531.852295 539.311951
0 1524858333 1529.505493 485.945038
0 1524811271 1412.152344 537.536865
0 1524859334 1509.387085 481.400269
0 1478216186 619.196045 550.493713
0 1524851324 1393.862549 470.689880
0 1524814275 1364.141357 515.080444
0 1578514668 904.027832 545.131775
0 1478184146 611.287415 562.661377
0 1524829294 1499.223999 503.899109
0 1478176143 562.780029 589.788879
0 1524860336 1352.256836 521.446106
0 1478222193 489.425018 586.107178
0 1438997636 1026.787598 528.514709
0 1478194158 603.044312 575.343872
0 1478201168 460.059021 568.592285
0 1478187150 548.399231 531.043213
0 1478205172 480.477051 561.829712
0 1524838306 1477.171021 535.000610
0 1568514660 892.068665 528.194763
0 1524865342 1314.461304 511.292511
0 2085418945 914.927368 576.283691
0 1524808268 1375.795532 508.838135
0 1478200167 530.085632 554.024719
0 1478194159 469.633453 574.302856
0 1568501643 920.220032 538.565613
0 1478239216 634.115295 574.138489
0 1524820283 1368.301025 497.926758
0 1438989625 901.978149 557.437866
0 1568505649 951.676636 525.809570
0 1478255237 585.002808 519.070190
0 1524804262 1333.154785 516.314453
0 1568506650 887.514099 551.828308
0 1478217187 616.019165 533.722046
0 1568505648 916.767029 563.173401
0 1568497640 923.401001 515.896606
0 1578511665 907.882751 521.987671
0 1478258241 539.424011 542.306091
0 1524796253 1467.121948 522.932495
0 1478206173 448.677429 581.332275
0 1524826291 1423.830200 530.794983
0 1578529688 930.365112 582.431396
0 1478233207 519.948242 532.192383
0 1708834178 950.664917 537.359253
0 1478189153 520.588379 584.905090
0 1568499641 1044.156982 558.231445
0 1478245224 538.659607 526.146484
0 1524852325 1444.626465 536.270142
0 1478219190 510.010132 619.300049
0 1578525682 964.013672 567.800110
0 1478232206 510.122406 598.451782
0 1524818280 1417.704224 501.490265
0 1524850322 1487.662964 547.600586
0 1438996635 905.994385 533.324951
0 1524832299 1437.382568 506.373688
0 1478242220 510.418335 543.466736
0 1524789245 1592.466187 500.167938
0 1438999639 1087.556885 526.094727
0 1478196161 568.487732 541.143066
0 1478252234 626.789978 538.810120
0 1524803261 1449.896118 483.824585
0 1478211179 456.481812 607.276489
0 1578523680 996.100281 579.925415
0 1578530689 1057.140991 527.305908
0 1568508653 1040.740723 511.157196
0 1524826290 1509.937012 553.464722
0 1524847319 1499.037598 521.674316
0 1524810270 1349.769165 493.237457
0 1524835302 1426.307861 512.604858
0 1524821284 1550.048950 490.585815
0 1524799257 1457.488037 511.363190
0 1478233208 561.205627 570.730774
0 1608354172 885.090942 564.402222
0 1524835303 1345.097046 510.066589
0 1478251232 595.132141 523.855225
0 1524812273 1383.602295 520.204041
0 1706512175 1106.005859 543.259460
0 1438986622 995.989929 593.898254
0 1478211180 510.325806 560.652954
0 1524823286 1519.604248 491.815521
0 1478223195 608.289001 545.180298
0 1478244223 540.236145 559.473816
0 1438987623 931.891846 569.039185
0 1478193157 530.617310 571.923950
0 1478198164 529.585754 537.197083
0 1524862339 1458.899414 494.267426
0 1478236212 614.481506 581.283203
0 1478240217 622.575806 568.336792
0 1478214183 470.980896 556.366699
0 1578521678 1026.272217 517.227783
0 1524844314 1465.898560 541.870544
0 1524848320 1390.640381 486.239349
0 1524806265 1446.491211 517.712036
0 1524787243 1520.511475 527.003357
0 1478241219 551.818787 583.700317
0 1524799256 1415.013672 518.959412
0 1478190154 573.992676 596.016968
0 1478226198 541.100525 577.746826
0 1478208176 458.328430 587.306702
0 1478214184 649.021118 549.311890
0 2084722944 948.511475 561.941956
0 1578522679 1027.324463 540.270935
0 1524825289 1582.861572 506.370514
0 1774531078 1041.543091 522.213501
0 1525674169 1043.249146 545.720703
0 1478197162 408.905060 576.671692
0 1524815276 1403.493774 525.440979
0 1768901071 1012.710022 586.202209
0 1578526684 996.306702 553.758240
0 1478182144 490.886871 549.855530
0 1524853326 1476.250366 554.756592
0 1478218189 653.358215 567.136047
0 1578513667 965.547302 542.706421
0 1438983618 934.755432 543.920410
0 1478224196 591.858337 569.535034
0 1478247227 441.518646 557.534180
0 1524792248 1404.391357 465.305908
0 1524795252 1561.321045 501.414246
0 1524808267 1428.639038 495.489655
0 1478191155 542.022461 597.235718
0 1524856330 1552.877563 525.734009
0 1478236211 605.468811 528.738159
0 1478258242 400.006409 570.947449
0 1478212181 583.116333 582.493103
0 1478185147 600.242065 557.108093
0 1568502645 981.954102 513.531616
0 1568508652 949.610779 549.393005
0 1438984619 873.364319 546.340637
0 1659977623 980.967285 542.098511
0 1478209177 500.888489 538.350891
0 1438982617 996.403564 541.489990
0 1524805264 1401.500854 480.557465
0 1771287074 982.322144 502.878876
0 2087111947 979.872437 573.793091
0 1524817279 1433.030151 543.145630
0 1524795251 1488.215088 528.269958
0 1478230204 550.607056 565.041138
0 1478230203 430.001526 569.771118
0 1524847318 1469.353516 488.385590
0 1578516671 938.631714 509.918457
0 1568513659 1011.970276 546.947388
0 1578529687 996.671326 507.563629
0 1524819282 1455.988037 529.533813
0 1478253235 572.039429 576.546631
0 1524836304 1468.271362 505.137665
0 1478243221 450.689606 563.004028
0 1568501644 859.518677 540.970886
0 1438998637 1025.776855 506.382751
0 1524816278 1361.100342 487.443176
0 1705773174 1076.177002 556.989258
0 1524845316 1573.065796 512.696533
0 1524842312 1563.073120 519.149719
0 1568507651 1103.838745 531.289734
0 1438999638 963.195984 581.179810
0 1478252233 637.788147 544.005554
0 1438993630 1029.078003 578.668274
0 1478237214 488.620422 606.058838
0 1524857332 1451.454712 468.313232
0 1478248228 570.208191 558.292175
0 1478225197 531.789246 611.374695
0 1524859335 1509.645020 515.209595
0 1524832298 1478.034912 516.462158
0 1478200166 487.759949 627.396790
0 1478250231 587.150940 534.882690
0 1478245225 478.292267 599.665222
0 1438995633 1091.242188 550.054993
0 1524804263 1439.367798 489.602173
0 1524839308 1488.733521 510.118927
0 1524849321 1356.810181 503.938507
0 1568512658 1074.594238 544.491394
0 1568514661 1011.526794 523.414612
0 1478231205 566.868408 525.001953
0 1773608077 1012.206238 559.470947
0 1438977615 937.391052 520.801270
0 1524834301 1430.836426 479.356873
0 1607644171 889.838074 539.769470
0 1524800258 1541.322021 513.954407
0 1568504647 979.400269 587.464233
0 1568500642 981.172852 536.150391
0 1478256239 559.728455 552.850098
0 1524815277 1372.222534 481.755737
0 1568503646 953.582764 504.050049
0 1478220191 468.197540 593.416138
0 1478207174 520.148560 548.690247
0 1524841311 1470.374023 472.587158
0 1478213182 499.656616 592.209656
0 1524813274 1409.441895 490.816345
0 1568516663 947.364136 575.039795
0 1578517672 962.341370 595.165039
0 1578527685 875.950317 534.521362
0 1478240218 578.849487 546.352661
0 1478215185 520.830383 604.838440
0 1524838307 1383.141357 476.172241
0 1478197163 549.469421 547.522644
0 1478221192 597.609680 539.977783
0 1524819281 1531.021240 520.413330
0 2086284946 1011.744019 534.938965
0 1524824288 1371.780884 526.691223
0 1524802260 1414.732788 460.017731
0 1478226199 520.361511 566.227295
0 1578518673 899.839905 570.275574
0 1438981616 1060.801147 564.066589
0 1478238215 553.112000 603.615356
0 1609135173 1011.318176 512.345581
0 1524837305 1422.630981 469.502686
0 1524793249 1398.439697 496.709442
0 1568515662 1011.117676 501.705414
0 1568516664 1071.620483 521.009888
0 1438991628 1056.018555 516.031860
0 1478249230 594.444824 588.574463
0 1438996634 1027.884155 552.526489
0 1578519675 870.669128 558.659180
0 1524829295 1499.399414 487.166534
0 1524864341 1420.239014 485.033173
0 1478255238 466.664185 613.826538
0 1438993631 996.753723 497.122345
0 1524788244 1379.575806 492.028107
0 1772785076 946.165466 588.723450
0 1524828293 1435.274048 524.188049
0 1478203171 446.531891 600.876038
0 1524798255 1509.786377 533.728394
0 1478199165 510.227325 578.944580
0 1578528686 996.496460 529.720947
0 1478192156 479.419769 580.139648
0 1478228201 558.339844 536.041077
0 1772037075 1073.076660 532.508667
0 1578515670 966.958557 519.612549
0 1524851323 1448.244385 500.262390
0 1478218188 427.298462 588.503662
0 1478202169 589.431824 551.673096
0 1478254236 418.000275 582.522339
0 1478246226 477.087372 620.531494
0 1524809269 1489.221191 493.042725
0 1524822285 1498.839233 540.592712
0 1524841310 1326.455933 505.158875
0 1478235210 420.963226 564.175903
0 1578515669 842.764648 547.546936
0 1524854328 1478.847046 499.031982
0 0 295.051483 385.068420
0 1 668.425598 352.432739
0 2 937.317444 356.544495
0 3 895.478821 340.703156
0 4 629.880493 352.535736
0 5 1784.872803 403.960358
0 6 1139.161377 771.281006
0 7 1033.518677 694.159912
0 8 606.035400 360.124542
0 9 512.697144 357.434906
0 10 984.683289 672.323608
0 11 370.665100 369.590210
0 12 903.967468 349.632965
0 13 1183.788574 708.612366
0 14 1454.589233 421.336609
0 16 203.193634 428.988129
0 17 1351.627441 400.576050
0 18 1562.327515 329.893646
0 19 233.706360 438.749359
0 20 1197.308594 355.579254
0 21 943.733032 346.679291
0 23 821.694458 587.611694
0 24 375.278351 552.892944
0 25 931.250122 601.687744
0 26 803.822632 439.394592
0 27 685.770813 494.996277
0 28 741.067932 577.412720
0 29 698.064636 475.068085
0 30 293.494019 480.689148
0 31 864.793579 605.099976
0 33 769.199890 458.925232
0 35 414.615448 610.168640
0 36 848.734741 374.681396
0 37 327.774750 574.387085
0 38 1561.504272 366.281403
0 40 290.846741 530.320801
0 44 1324.715942 328.065155
0 53 781.015625 846.620605
0 59 152.250626 822.705872
0 73 347.393829 510.383484
0 77 373.877258 645.625610
0 81 498.792755 798.160706
0 84 1382.722412 775.624207
0 85 1300.827393 793.691528
0 100 155.742538 627.518982
0 102 1881.981445 490.598053
0 103 1894.836182 477.022858
0 104 425.262115 429.941376
0 105 622.309875 379.460052
0 106 867.284058 347.193817
