0 1578512666 936.797974 689.030701
0 1478234209 1408.160645 529.682068
0 1707269176 1141.819702 681.378845
0 1438989626 909.354797 777.676453
0 1524801259 580.095093 1039.577759
0 1438992629 971.001343 738.089722
0 1478227200 1348.294434 482.391052
0 1524854327 706.393005 1033.758911
0 1478249229 1307.909546 457.429352
0 1524807266 354.458984 989.580322
0 1524831297 324.991058 1051.331055
0 1478229202 1326.269043 483.101532
0 1568509654 1002.178101 736.885071
0 1578523681 1194.400024 747.534302
0 1478207175 1356.648438 464.383881
0 1478210178 1421.982300 489.265350
0 1524862338 435.348450 985.979553
0 1478186149 1377.419434 490.713776
0 1578518674 1112.665771 682.466858
0 1438985621 1157.300903 730.890869
0 1478203170 1414.216675 480.264557
0 1438994632 964.749756 672.478210
0 1578520676 940.848206 757.452759
0 1478237213 1271.522949 545.107849
0 1568511657 993.574585 671.414124
0 1775370079 907.328369 690.130554
0 1478195160 1464.525391 538.574829
0 1568510655 935.881226 673.543884
0 1478257240 1289.334229 533.670288
0 1578521677 1048.080078 654.502197
0 1524812272 614.794861 1070.488281
0 1769859072 1024.934937 685.741211
0 1578525683 938.741821 721.868774
0 1770636073 1076.245728 653.473450
0 1524833300 571.405640 1072.524048
0 1568511656 1200.890015 766.127136
0 1438985620 1095.403687 733.282715
0 1478185148 1455.482422 528.093811
0 1707993177 1123.752930 623.597778
0 1478189152 1265.479004 534.470947
0 2088218948 1091.265625 716.044800
0 1606348170 1151.934570 713.728210
0 1524855329 556.051636 980.606445
0 1478183145 1247.258545 545.929199
0 1438990627 1022.355896 670.351624
0 1478222194 1300.183594 512.646301
0 1709860179 905.968628 631.390869
0 1478188151 1260.038574 485.238007
0 1438988624 1087.290039 699.482483
0 1478243222 1227.979248 468.474030
0 1524811271 515.901001 982.393799
0 1478216186 1313.159424 532.870605
0 1524814275 629.378845 1006.530945
0 1578514668 1104.369873 652.446289
0 1478184146 1283.111328 523.382507
0 1478176143 1243.096680 495.079712
0 1524860336 636.102844 977.043030
0 1478222193 1298.235718 474.994110
0 1438997636 1033.303955 735.682251
0 1478194158 1253.945557 514.172974
0 1478201168 1363.373169 472.908417
0 1478187150 1423.433472 518.711792
0 1478205172 1370.294067 481.681396
0 1524838306 410.400146 1047.395996
0 1568514660 1165.613159 665.063171
0 1524865342 715.822449 973.494324
0 2085418945 1015.171997 627.483215
0 1524808268 622.286560 1037.633911
0 1478200167 1362.107056 500.759247
0 1478194159 1341.685791 473.602844
0 1568501643 1108.439697 667.173767
0 1478239216 1236.104858 524.947144
0 1524820283 658.086548 1068.457153
0 1438989625 1072.831909 639.251770
0 1568505649 1117.057495 698.358887
0 1478255237 1440.507812 539.387817
0 1524804262 676.003967 975.266846
0 1568506650 1100.447876 638.253540
0 1478217187 1368.270874 541.833008
0 1568505648 1045.175781 640.251526
0 1568497640 1176.452637 696.117065
0 1578511665 1170.928955 680.292419
0 1478258241 1392.321777 509.604218
0 1524796253 440.649231 1078.658691
0 1478206173 1335.264282 465.063629
0 1524826291 505.941193 1012.119324
0 1578529688 987.929626 628.458069
0 1478233207 1438.222656 508.088715
0 1708834178 1083.467041 683.556641
0 1478189153 1282.141113 484.524994
0 1568499641 937.750793 705.126770
0 1478245224 1446.719238 517.936707
0 1524852325 464.619141 1013.990112
0 1478219190 1206.448975 469.158417
0 1578525682 991.623108 656.564270
0 1478232206 1254.685669 476.388550
0 1524850322 381.709229 1017.743652
0 1438996635 1137.047852 666.117676
0 1478242220 1407.383301 499.276154
0 1438999639 974.527100 775.094604
0 1478196161 1376.775146 520.264832
0 1478252234 1344.130249 542.650146
0 1478211179 1265.613281 458.764343
0 1578523680 934.998596 658.632446
0 1578530689 1004.553467 754.960754
0 1568508653 1071.869873 771.238342
0 1524826290 340.120697 1019.626526
0 1524810270 701.280945 1066.430664
0 1524835302 527.918457 1074.564331
0 1478233208 1293.988525 502.990540
0 1608354172 1069.539917 625.537720
0 1524835303 670.349609 1004.676025
0 1478251232 1416.459473 540.201782
0 1524812273 588.320740 1008.389709
0 1706512175 908.915588 758.701904
0 1438986622 906.289917 645.271851
0 1478211180 1355.098633 491.439270
0 1478223195 1336.954590 532.071960
0 1478244223 1339.428223 501.502106
0 1438987623 1017.479431 641.252625
0 1478193157 1310.377319 492.892853
0 1478198164 1415.286133 508.846008
0 1478236212 1230.784180 514.937683
0 1478240217 1259.622681 524.164307
0 1478214183 1392.268066 480.972565
0 1578521678 1068.046509 752.476990
0 1524844314 423.208588 1015.864929
0 1524806265 484.333130 1076.609253
0 1478241219 1265.550171 494.349884
0 1524799256 537.810974 1041.525879
0 1478190154 1220.616577 495.810364
0 1478226198 1287.977051 493.620941
0 1478208176 1313.855957 465.744141
0 1478214184 1295.756348 544.287537
0 2084722944 1019.872498 655.532471
0 1578522679 999.898010 719.533569
0 1774531078 1036.326538 753.717834
0 1525674169 969.344421 720.700256
0 1478197162 1371.177002 455.432404
0 1524815276 547.174927 1010.252563
0 1768901071 906.623230 659.668884
0 1578526684 995.601196 686.835999
0 1478182144 1399.714111 489.989105
0 1524853326 394.945953 987.778015
0 1478218189 1241.593628 535.272583
0 1578513667 1054.223389 684.648071
0 1438983618 1079.788452 668.231445
0 1478224196 1277.078735 513.409180
0 1478247227 1406.673828 471.521942
0 1478191155 1237.910156 485.951813
0 1478236211 1392.380615 541.016907
0 1478258242 1392.219116 454.768250
0 1478212181 1248.439453 504.482544
0 1478185147 1306.570801 522.601624
0 1568502645 1126.377563 732.085815
0 1568508652 1051.093872 669.290771
0 1438984619 1128.023804 637.256775
0 1659977623 1041.053711 693.105164
0 1478209177 1429.980713 498.535950
0 1438982617 1027.615112 701.734802
0 1771287074 1162.890381 748.766846
0 2087111947 963.331848 657.597595
0 1524817279 475.666718 984.184753
0 1478230204 1316.722046 502.245880
0 1478230203 1378.008423 463.704865
0 1578516671 1182.196533 712.572693
0 1568513659 997.707397 702.863708
0 1578529687 1131.328369 750.001526
0 1524819282 452.963837 1045.435059
0 1478253235 1271.227661 503.736084
0 1478243221 1385.035889 472.214783
0 1568501644 1155.559692 636.261414
0 1438998637 1104.207275 769.957275
0 1705773174 908.090088 723.039185
0 1568507651 941.968811 776.384399
0 1438999638 961.965637 643.259338
0 1478252233 1319.958740 543.468384
0 1438993630 906.969055 674.611206
0 1478237214 1249.484985 467.790405
0 1478248228 1323.260254 511.884399
0 1478225197 1211.035278 477.786224
0 1478200166 1201.991211 460.772461
0 1478250231 1384.455200 530.477722
0 1478245225 1270.966309 467.107544
0 1438995633 908.494385 740.505127
0 1524849321 664.385803 1035.694214
0 1568512658 939.773438 739.296448
0 1568514661 1064.379150 734.481506
0 1478231205 1431.836426 528.887451
0 1773608077 966.222290 687.932495
0 1438977615 1146.778198 697.237061
0 1607644171 1132.452515 651.420532
0 1568504647 934.148071 644.264832
0 1568500642 1057.475952 700.607788
0 1478256239 1346.308838 511.123413
0 1568503646 1188.174072 729.697876
0 1478220191 1292.423218 466.425476
0 1478207174 1384.758789 500.017242
0 1478213182 1276.473267 475.690948
0 1568516663 989.742737 642.255249
0 1578517672 933.328064 630.411926
0 1578527685 1160.493652 650.396362
0 1478240218 1353.402710 521.042847
0 1478215185 1232.873169 477.087006
0 1478197163 1369.329346 510.363342
0 1478221192 1360.719849 531.274353
0 2086284946 1030.402710 718.368835
0 1524824288 596.118835 978.822876
0 1478226199 1332.751221 492.165649
0 1578518673 1042.375366 626.509827
0 1438981616 907.701721 706.260925
0 1478238215 1215.755859 486.666473
0 1609135173 1099.713745 751.238281
0 1568515662 1136.489502 768.678467
0 1568516664 1007.030090 773.807007
0 1438991628 1039.477661 772.521606
0 1478249230 1225.623657 505.229919
0 1438996634 967.752563 703.994324
0 1578519675 1096.665649 624.567078
0 1478255238 1244.429688 459.432953
0 1438993631 1168.717163 767.401733
0 1772785076 960.648438 629.434265
0 1524828293 495.434021 1043.478271
0 1478203171 1286.773193 458.096466
0 1478199165 1304.217896 483.812836
0 1578528686 1060.858521 717.205872
0 1478192156 1319.973267 474.298065
0 1478228201 1400.118652 519.487854
0 1772037075 972.727417 756.205750
0 1578515670 1121.624512 714.885559
0 1478218188 1329.022217 456.762939
0 1478202169 1330.001343 521.821716
0 1478254236 1350.111328 456.097290
0 1478246226 1223.222412 460.102325
0 1524822285 367.742676 1049.361450
0 1524841310 711.233154 1002.825134
0 1478235210 1399.344238 463.026642
0 1578515669 1150.801514 622.629883
0 1 1883.486816 884.788086
0 2 756.224426 635.978149
0 3 337.894958 1067.165283
0 4 702.053650 912.567810
0 5 1540.830688 722.720642
0 6 342.253693 914.924683
0 7 732.600403 746.009338
0 8 915.939026 953.400513
0 9 414.538696 777.027283
0 10 1173.474976 533.785278
0 11 437.619293 909.396729
0 12 487.434753 694.332886
0 13 1405.408813 555.729797
0 14 572.439209 540.329773
0 15 1614.353394 997.941101
0 16 1458.728149 575.895691
0 17 654.126770 470.254333
0 18 1434.810913 607.551025
0 19 1341.396729 502.512909
0 20 623.096680 456.653839
0 21 801.434937 521.796753
0 22 721.121582 431.408813
0 23 1015.608582 480.491180
0 25 912.947571 537.481689
0 26 1241.759399 532.506592
0 27 531.153931 588.069214
0 28 1137.220337 407.813416
0 29 1199.784546 506.836426
0 30 1769.742676 863.764038
0 31 1374.903931 487.172241
0 32 737.943237 534.172974
0 33 1335.140137 531.494934
0 34 656.782959 817.884888
0 35 957.143066 420.102753
0 36 1418.277954 526.521179
0 37 645.924988 769.143738
0 38 1331.125000 451.989075
0 39 695.100830 561.274719
