0 1578512666 941.355042 440.130371
0 1524823287 1274.693604 754.673645
0 1478234209 1030.163330 289.333466
0 1707269176 1041.136963 399.019897
0 1438989626 1016.530640 482.821625
0 1524801259 1100.347534 650.633667
0 1438992629 1009.600281 454.318359
0 1478227200 953.773071 273.298523
0 1524854327 1152.053711 617.262024
0 1478249229 905.312012 265.325012
0 1524807266 931.265564 700.410217
0 1524863340 1189.855103 785.595764
0 1524831297 981.321960 727.453918
0 1478229202 942.551941 276.556366
0 1568509654 1024.301270 447.773071
0 1524790246 1160.131104 770.327881
0 1578523681 1123.681519 417.628235
0 1478207175 939.914673 262.766937
0 1524861337 1323.653076 712.557922
0 1478210178 998.982239 267.480438
0 1524862338 973.985840 674.714111
0 1478186149 977.514709 273.835266
0 1524797254 1034.258179 756.053406
0 1578518674 1027.801025 404.514374
0 1438985621 1092.992188 417.189911
0 1524857331 1261.989746 726.319885
0 1478203170 986.336853 263.844299
0 1438994632 939.569336 427.292877
0 1578520676 1012.989563 468.258118
0 1478237213 975.872498 315.601501
0 1568511657 954.504089 421.290619
0 1775370079 925.776245 446.548920
0 1478195160 1064.901001 286.435272
0 1568510655 924.294922 433.431641
0 1478257240 973.876404 307.392242
0 1578521677 966.849976 403.601593
0 1524794250 1266.311768 686.828979
0 1524812272 1143.149414 650.654053
0 1769859072 986.016968 421.729523
0 1578525683 976.473633 453.919891
0 1770636073 980.883301 398.097321
0 1524846317 1140.239502 785.970276
0 1524833300 1125.554810 662.436584
0 1568511656 1141.849854 423.899841
0 1438985620 1066.435669 429.013611
0 1478185148 1051.345703 282.537445
0 1707993177 976.136047 376.243683
0 1478189152 962.006592 311.200500
0 1524791247 1179.341797 755.220825
0 1524830296 1131.257202 755.496765
0 2088218948 1048.694580 422.602448
0 1524827292 1244.863770 740.393066
0 1606348170 1075.395508 411.024017
0 1524855329 1033.231934 639.077698
0 1478183145 963.820374 319.549835
0 1438990627 969.110413 415.420380
0 1524840309 1278.559937 712.703613
0 1478222194 958.554199 295.307892
0 1709860179 859.261047 419.964142
0 1478188151 907.722107 286.668488
0 1438988624 1031.277344 416.308380
0 1478243222 870.518799 282.162567
0 1524843313 1201.072266 818.004028
0 1524844315 1007.414795 741.550903
0 1524858333 1239.179688 785.223389
0 1524811271 1014.088196 650.592529
0 1524859334 1257.243896 769.684143
0 1478216186 985.534851 303.651825
0 1524851324 1282.086304 674.424194
0 1524814275 1093.670410 627.981201
0 1578514668 994.620544 392.709198
0 1478184146 960.252197 303.124237
0 1524829294 1150.684937 740.852295
0 1478176143 908.577393 294.242249
0 1524860336 1069.836792 617.059814
0 1478222193 918.526978 276.018127
0 1438997636 1038.666748 441.377167
0 1478194158 934.894226 302.595123
0 1478201168 952.275757 266.405701
0 1478187150 1027.440186 282.006897
0 1478205172 964.807861 270.094788
0 1524838306 1023.572937 700.184631
0 1568514660 1037.574829 387.904602
0 1524865342 1104.358398 596.295227
0 2085418945 920.200012 397.168152
0 1524808268 1118.100342 639.175781
0 1478200167 979.426147 280.941315
0 1478194159 941.213196 269.556580
0 1568501643 1011.063660 398.559448
0 1478239216 936.229065 310.674774
0 1524820283 1160.217041 639.224487
0 1438989625 964.677185 392.240875
0 1568505649 1044.840698 410.576935
0 1478255237 1054.441406 289.861877
0 1524804262 1087.346802 606.527649
0 1568506650 978.464111 386.960968
0 1478217187 1021.956238 300.504181
0 1568505648 950.595703 397.633575
0 1568497640 1071.104126 399.478760
0 1578511665 1054.192505 393.640961
0 1478258241 1003.467041 281.474884
0 1524796253 1069.353271 700.072754
0 1478206173 928.826172 265.866089
0 1524826291 1038.310425 662.455933
0 1578529688 905.459717 402.682220
0 1478233207 1024.800049 274.904358
0 1708834178 1014.175415 410.128174
0 1478189153 919.531494 283.239899
0 1568499641 958.744690 446.958557
0 1478245224 1037.979980 278.694183
0 1524852325 1018.693542 674.671997
0 1478219190 858.249512 285.591736
0 1578525682 937.855774 414.973969
0 1478232206 895.060303 282.701996
0 1524818280 1151.419312 674.547119
0 1524850322 977.544373 700.297119
0 1438996635 1024.458862 393.175903
0 1524832299 1133.443604 687.052429
0 1478242220 1001.190247 274.370544
0 1524789245 1180.955688 835.308655
0 1438999639 1046.701538 468.636047
0 1478196161 1005.815613 288.803528
0 1478252234 1010.742737 304.177826
0 1524803261 1233.222290 712.850037
0 1478211179 882.149292 271.679230
0 1578523680 907.555176 426.858673
0 1578530689 1042.598267 454.715271
0 1568508653 1089.355469 448.581329
0 1524826290 955.948608 713.745605
0 1524847319 1075.917847 727.071655
0 1524810270 1176.781128 628.132141
0 1524835302 1107.408447 674.588501
0 1524821284 1220.467529 801.319885
0 1524799257 1114.887451 699.961487
0 1478233208 945.357727 291.226807
0 1608354172 948.754089 386.486664
0 1524835303 1111.045288 617.161194
0 1478251232 1043.800659 293.347870
0 1524812273 1075.772583 639.126831
0 1706512175 997.648804 475.274933
0 1438986622 875.420654 426.422821
0 1478211180 966.509521 277.093079
0 1524823286 1208.828003 770.005127
0 1478223195 996.987549 299.977417
0 1478244223 968.264465 284.311127
0 1438987623 936.210022 403.142731
0 1478193157 943.932800 283.776276
0 1478198164 1014.223267 278.161957
0 1524862339 1187.638184 712.997253
0 1478236212 922.744324 306.337250
0 1478240217 948.348755 306.865570
0 1478214183 975.661011 266.943817
0 1578521678 1070.857666 441.789612
0 1524844314 998.448486 687.279419
0 1524848320 1211.906494 662.417419
0 1524806265 1088.683960 687.127686
0 1524787243 1055.441406 741.316711
0 1478241219 920.568176 290.692688
0 1524799256 1082.045044 662.446228
0 1478190154 896.373657 297.854828
0 1478226198 932.351562 287.204559
0 1478208176 917.553040 269.016846
0 1478214184 987.706360 311.724670
0 2084722944 952.510864 409.225800
0 1578522679 1006.353027 440.963135
0 1524825289 1149.825073 818.490051
0 1774531078 1056.890869 448.177979
0 1525674169 991.586182 447.366577
0 1478197162 938.654541 256.178223
0 1524815276 1057.327637 650.613098
0 1768901071 891.887085 433.004120
0 1578526684 971.463745 427.725464
0 1478182144 988.337402 270.631531
0 1524853326 952.968628 687.355896
0 1478218189 949.919556 315.078461
0 1578513667 1000.250732 415.865204
0 1438983618 997.380066 404.058807
0 1478224196 946.828979 298.919250
0 1478247227 973.862427 260.257294
0 1524792248 1310.137207 686.755371
0 1524795252 1170.200073 801.747131
0 1524808267 1177.966797 686.977539
0 1478191155 895.706482 290.157013
0 1524856330 1061.885010 770.979187
0 1478236211 1032.973877 296.894745
0 1478258242 949.412903 253.226898
0 1478212181 921.638550 298.387817
0 1478185147 971.945251 299.449127
0 1568502645 1079.860474 423.036530
0 1568508652 983.399048 409.677795
0 1438984619 991.965759 381.790375
0 1659977623 1001.729858 421.948364
0 1478209177 1011.802002 271.166748
0 1438982617 1003.239197 428.156464
0 1524805264 1238.756348 674.464905
0 1771287074 1110.911987 423.468964
0 2087111947 922.874207 420.850128
0 1524817279 994.348999 662.465698
0 1524795251 1049.386597 713.443848
0 1478230204 956.910034 287.739105
0 1478230203 950.823059 259.718170
0 1524847318 1215.856445 726.506287
0 1578516671 1088.317383 405.420685
0 1568513659 988.743774 434.281830
0 1578529687 1097.858032 429.439789
0 1524819282 1043.686279 687.203308
0 1478253235 933.602417 294.775848
0 1524836304 1141.805664 713.145325
0 1478243221 963.157410 263.306366
0 1568501644 1005.190674 376.725739
0 1438998637 1102.926758 442.200470
0 1524816278 1202.124146 639.272888
0 1705773174 961.003174 460.628418
0 1524845316 1119.630493 802.176941
0 1524842312 1090.330200 786.347107
0 1568507651 1031.797974 475.643341
0 1438999638 906.486206 414.525848
0 1478252233 999.327881 307.917389
0 1438993630 908.669250 439.711609
0 1478237214 882.578613 278.791931
0 1524857332 1307.870239 726.134521
0 1478248228 970.075500 291.759369
0 1478225197 870.772217 289.619781
0 1524859335 1103.197388 741.083862
0 1524832298 1095.722412 713.294128
0 1478200166 845.906799 281.621552
0 1478250231 1019.296631 292.819916
0 1478245225 894.434143 275.478394
0 1438995633 979.143311 467.878693
0 1524804263 1205.224854 699.740662
0 1524839308 1122.822632 726.882202
0 1524849321 1135.328125 628.056824
0 1568512658 994.551758 461.018402
0 1568514661 1052.707886 435.125610
0 1478231205 1040.844849 285.906464
0 1773608077 956.580261 433.857513
0 1438977615 1058.113159 404.968323
0 1524834301 1250.031982 699.631165
0 1607644171 1008.070923 387.433594
0 1524800258 1111.150879 770.652649
0 1568504647 891.126770 420.407959
0 1568500642 1017.413635 422.166809
0 1478256239 981.397949 288.272095
0 1524815277 1228.106079 650.694580
0 1568503646 1105.840332 411.469543
0 1478220191 906.090637 272.220520
0 1478207174 990.399841 277.628265
0 1524841311 1291.559448 740.165405
0 1478213182 906.893616 279.331573
0 1524813274 1195.201294 674.505920
0 1568516663 921.510376 408.772156
0 1578517672 875.001099 414.076111
0 1578527685 1021.243286 382.267029
0 1478240218 994.721619 292.290405
0 1478215185 883.021545 286.130890
0 1524838307 1254.751587 662.407959
0 1478197163 992.526855 284.844421
0 1478221192 1008.239685 296.367340
0 1524819281 1082.896729 755.774292
0 2086284946 1020.786072 434.704498
0 1524824288 1051.806396 627.905151
0 1524802260 1338.932983 699.413940
0 1478226199 955.317139 280.406250
0 1578518673 934.628235 391.770874
0 1438981616 943.217529 453.519867
0 1478238215 883.478882 293.707062
0 1609135173 1084.509888 435.545166
0 1524837305 1294.600708 699.522278
0 1524793249 1168.841431 662.427002
0 1568515662 1116.192871 435.963104
0 1568516664 1061.254395 461.793732
0 1438991628 1075.468384 455.110657
0 1478249230 909.460693 302.064423
0 1438996634 973.916138 440.547546
0 1578519675 962.587036 381.312073
0 1524829295 1227.153320 754.946472
0 1524864341 1222.255615 686.903076
0 1478255238 870.273315 274.937164
0 1438993631 1129.163940 429.864441
0 1524788244 1185.735107 650.674377
0 1772785076 890.396912 408.316895
0 1524828293 1063.167236 674.630188
0 1478203171 893.827148 268.475677
0 1524798255 1028.751709 727.262268
0 1478199165 931.139709 279.869659
0 1578528686 1034.896362 428.585815
0 1478192156 929.965149 272.760254
0 1478228201 1016.720215 285.376190
0 1772037075 1027.968628 461.406830
0 1578515670 1062.191040 416.749939
0 1524851323 1160.177246 699.850769
0 1478218188 916.608459 262.226074
0 1478202169 983.433289 295.838409
0 1478254236 927.721130 259.177551
0 1478246226 858.194214 278.250763
0 1524809269 1197.906250 740.622070
0 1524822285 1002.795959 713.594299
0 1524841310 1127.919800 606.652771
0 1478235210 961.555603 256.718506
0 1578515669 989.409851 371.278229
0 1524854328 1169.468018 726.693726
0 0 1419.077637 204.830063
0 1 1619.426025 570.436340
0 2 1387.989380 187.884933
0 3 1170.793457 165.243271
0 4 1211.302979 165.577087
0 6 576.375366 418.847290
0 7 527.981934 412.515350
0 8 1307.959595 692.370605
0 9 1591.956421 541.971375
0 10 461.175842 447.543365
0 11 1490.054321 267.177094
0 12 1021.197998 618.328735
0 13 565.655396 494.689423
0 14 471.302002 275.977295
0 16 1593.456787 368.650299
0 17 674.997498 565.159790
0 19 1465.360107 254.105774
0 20 1240.580811 167.794266
0 21 935.721619 628.939575
0 22 766.937500 170.661942
0 23 1237.897705 415.975433
0 24 993.677551 213.874054
0 25 1110.097778 301.010162
0 26 1043.119385 297.306763
0 27 1217.533203 437.901184
0 28 924.147583 454.987854
0 29 1294.135620 378.630188
0 30 1062.034180 184.615265
0 31 1051.189209 285.923157
0 33 897.143982 300.762726
0 35 1080.286011 195.389801
0 37 1046.124878 194.318298
0 39 690.366272 185.611679
0 40 809.910889 242.900879
0 43 409.485596 369.284149
0 46 865.759155 166.713837
0 53 1663.188232 444.805481
0 55 878.603394 158.711502
0 59 517.902588 204.640671
0 104 876.556702 547.416565
0 132 722.181946 492.352478
0 138 832.475098 514.489380
0 165 549.914368 582.930054
0 170 263.627716 309.172974
0 175 865.518799 186.418732
0 176 1053.177002 1072.990356
0 177 858.136536 86.635948
0 181 1021.073242 172.608856
0 182 1191.870605 221.882263
0 183 1254.183472 227.352661
