0 1578512666 929.639954 317.090515
0 1524823287 1366.611328 244.258057
0 1478234209 463.945770 268.212982
0 1707269176 820.986206 276.023376
0 1438989626 1017.908264 291.413147
0 1524801259 1278.688599 277.152618
0 1438992629 957.364990 292.050873
0 1478227200 376.982300 304.323151
0 1524854327 1225.238647 261.148529
0 1478249229 324.134369 330.792664
0 1524807266 1373.448975 324.782593
0 1524863340 1412.628174 264.778259
0 1524831297 1394.041504 311.691772
0 1478229202 388.572235 310.470520
0 1568509654 941.402405 286.321320
0 1524790246 1403.362793 270.334900
0 1578523681 865.384827 248.558197
0 1478207175 323.383850 311.192108
0 1524861337 1314.047119 229.886765
0 1478210178 363.755890 280.489441
0 1524862338 1333.223022 312.398773
0 1478186149 386.063416 292.026794
0 1524797254 1413.814453 299.121857
0 1578518674 835.715454 281.590515
0 1438985621 865.516113 259.082855
0 1524857331 1339.345703 244.491974
0 1478203170 343.421783 286.522522
0 1438994632 897.988525 317.458466
0 1578520676 987.677063 291.731598
0 1478237213 555.784180 296.281158
0 1568511657 881.897766 311.266968
0 1775370079 946.285828 323.382019
0 1478195160 459.646484 252.039108
0 1568510655 914.370972 323.762177
0 1478257240 524.302856 296.612793
0 1578521677 834.868286 305.530365
0 1524794250 1294.602295 239.845596
0 1524812272 1271.254028 266.124329
0 1769859072 881.447144 298.875397
0 1578525683 959.247803 304.153595
0 1770636073 819.590332 299.543396
0 1524846317 1422.541748 275.711395
0 1524833300 1289.280884 271.449219
0 1568511656 879.426331 243.313904
0 1438985620 895.111450 269.705750
0 1478185148 441.202179 257.511444
0 1707993177 757.395935 300.215057
0 1478189152 537.016479 302.594910
0 1524791247 1384.496704 265.046082
0 1524830296 1393.919556 275.998138
0 2088218948 880.594849 275.441162
0 1524827292 1357.229248 249.442535
0 1606348170 850.956726 264.621704
0 1524855329 1275.473755 294.620239
0 1478183145 568.759094 302.252136
0 1438990627 866.091064 305.184753
0 1524840309 1321.742065 239.618881
0 1478222194 473.268097 303.283356
0 1709860179 883.359985 351.469147
0 1478188151 424.629883 329.595642
0 1438988624 865.793030 281.289185
0 1478243222 394.043610 350.693268
0 1524843313 1440.688599 264.511078
0 1524844315 1404.027344 305.343658
0 1524858333 1403.056885 254.222397
0 1524811271 1294.390137 300.443787
0 1524859334 1384.689331 249.200653
0 1478216186 511.810791 290.734894
0 1524851324 1277.462158 235.040680
0 1524814275 1249.693848 277.443054
0 1578514668 804.577698 293.660370
0 1478184146 505.186279 302.938660
0 1524829294 1374.951782 270.612427
0 1478176143 457.935883 329.198914
0 1524860336 1238.598511 283.267944
0 1478222193 379.277557 323.488556
0 1438997636 925.710449 280.688873
0 1478194158 498.303284 315.618683
0 1478201168 344.708679 304.671692
0 1478187150 433.629791 268.494293
0 1478205172 365.597443 298.284607
0 1524838306 1354.262573 299.781036
0 1568514660 791.064514 276.315643
0 1524865342 1202.947266 272.292480
0 2085418945 818.084900 324.909058
0 1524808268 1260.577026 271.729584
0 1478200167 417.628418 291.702484
0 1478194159 356.023743 310.830811
0 1568501643 820.301147 287.565491
0 1478239216 530.763367 315.250427
0 1524820283 1253.520386 260.886047
0 1438989625 803.559692 305.876923
0 1568505649 850.829529 275.731873
0 1478255237 470.968109 257.249268
0 1524804262 1220.623779 277.734314
0 1568506650 788.535461 299.878723
0 1478217187 506.084961 273.409882
0 1568505648 818.852112 311.982178
0 1568497640 821.646729 264.893646
0 1578511665 806.503418 270.549469
0 1478258241 425.777191 279.883636
0 1524796253 1345.195068 287.965485
0 1478206173 334.623657 317.475555
0 1524826291 1305.218384 294.299042
0 1578529688 833.953979 331.366089
0 1478233207 403.234375 268.776367
0 1708834178 850.697632 287.253204
0 1478189153 412.390137 323.103607
0 1568499641 944.595703 310.555695
0 1478245224 422.401642 263.089539
0 1524852325 1324.366577 300.112000
0 1478219190 406.615234 357.721283
0 1578525682 866.248657 317.827423
0 1478232206 403.401886 336.620178
0 1524818280 1299.672729 265.853760
0 1524850322 1363.673706 312.044800
0 1438996635 805.558289 281.892639
0 1524832299 1317.911133 271.169556
0 1478242220 394.807983 280.186157
0 1524789245 1459.967407 269.782013
0 1438999639 985.312988 280.091766
0 1478196161 456.663879 279.581970
0 1478252234 518.191040 278.980957
0 1524803261 1329.701172 249.685013
0 1478211179 347.513367 344.225800
0 1578523680 898.778870 330.575043
0 1578530689 955.550964 280.389923
0 1568508653 938.436157 263.809937
0 1524826290 1383.850708 318.170044
0 1524847319 1374.478882 287.657013
0 1524810270 1236.072754 255.732300
0 1524835302 1307.608276 276.862885
0 1524821284 1421.720947 259.325226
0 1524799257 1336.453003 276.573883
0 1478233208 453.396729 309.752991
0 1608354172 787.197937 312.341309
0 1524835303 1231.799194 272.010651
0 1478251232 482.478516 262.546295
0 1524812273 1267.890137 282.967010
0 1706512175 1004.158875 297.550201
0 1438986622 899.600952 344.219971
0 1478211180 397.512848 297.948395
0 1524823286 1393.863525 259.583710
0 1478223195 499.534485 284.958527
0 1478244223 429.340790 297.613129
0 1438987623 834.420044 318.197418
0 1478193157 421.029755 310.111237
0 1478198164 414.409851 274.282745
0 1524862339 1337.938110 260.102722
0 1478236212 511.163910 321.955353
0 1478240217 517.860229 309.039398
0 1478214183 354.412323 292.351959
0 1578521678 924.494629 269.425995
0 1524844314 1343.848755 306.026367
0 1524848320 1274.440186 250.171814
0 1524806265 1326.243774 282.367493
0 1524787243 1393.978760 293.340485
0 1478241219 445.408447 322.719788
0 1524799256 1297.105103 282.666870
0 1478190154 470.697113 335.798950
0 1478226198 433.108459 316.358307
0 1478208176 346.070343 323.874603
0 1478214184 543.035156 290.414093
0 2084722944 850.418640 311.624115
0 1578522679 926.971497 292.371033
0 1524825289 1451.090088 275.425385
0 1774531078 939.892395 274.861938
0 1525674169 942.969055 298.210999
0 1478197162 290.652191 311.554413
0 1524815276 1286.395508 288.584869
0 1768901071 915.494934 337.125610
0 1578526684 897.228271 304.840088
0 1478182144 374.812836 286.208038
0 1524853326 1353.157227 318.535645
0 1478218189 549.957642 308.684082
0 1578513667 865.939209 293.013977
0 1438983618 835.299805 293.336761
0 1478224196 485.673401 309.395660
0 1478247227 322.674927 292.678040
0 1524792248 1287.348877 230.098083
0 1524795252 1431.701172 270.058105
0 1524808267 1309.869751 260.363159
0 1478191155 437.098389 336.208954
0 1524856330 1423.408691 293.022675
0 1478236211 494.182556 267.932434
0 1478258242 279.891693 305.371643
0 1478212181 478.332916 322.337006
0 1478185147 492.735382 296.945312
0 1568502645 880.191406 264.350403
0 1568508652 850.560791 299.208923
0 1438984619 773.772522 293.984863
0 1659977623 881.228088 292.852936
0 1478209177 383.689514 274.575226
0 1438982617 896.496399 292.692108
0 1524805264 1284.613281 244.961517
0 1771287074 879.802124 253.647995
0 2087111947 882.366150 324.143402
0 1524817279 1313.637085 306.369080
0 1524795251 1364.470459 293.659180
0 1478230204 441.261597 303.628967
0 1478230203 312.345276 305.021179
0 1524847318 1347.673096 254.723206
0 1578516671 836.502686 259.345184
0 1568513659 912.249756 298.542725
0 1578529687 894.455688 258.821198
0 1524819282 1334.883789 293.978668
0 1478253235 465.751801 315.987946
0 1524836304 1346.467896 270.890625
0 1478243221 333.594177 298.621735
0 1568501644 759.264038 288.192596
0 1438998637 923.321655 258.560181
0 1524816278 1246.706787 250.416092
0 1705773174 975.815063 310.201538
0 1524845316 1442.041260 281.177826
0 1524842312 1432.815918 287.042511
0 1568507651 1001.471680 285.704163
0 1438999638 866.412598 330.970001
0 1478252233 530.505920 284.648193
0 1438993630 931.053101 330.181213
0 1478237214 381.709869 343.798309
0 1524857332 1331.296631 234.602875
0 1478248228 461.081451 297.278778
0 1478225197 428.446655 350.252777
0 1524859335 1384.293335 281.771118
0 1524832298 1355.306396 282.068939
0 1478200166 384.291901 365.358032
0 1478250231 475.607208 273.700043
0 1478245225 369.607300 337.032562
0 1438995633 990.130676 303.811737
0 1524804263 1319.877563 254.974518
0 1524839308 1365.223389 276.285645
0 1524849321 1242.762817 266.395599
0 1568512658 973.605286 297.880157
0 1568514661 910.282349 275.151154
0 1478231205 452.479034 262.817535
0 1773608077 913.290100 310.910858
0 1438977615 836.116150 270.267456
0 1524834301 1312.013062 244.726440
0 1607644171 789.823425 287.878601
0 1524800258 1413.204956 281.474060
0 1568504647 882.853149 337.533630
0 1568500642 881.013123 286.941742
0 1478256239 449.107758 291.379089
0 1524815277 1257.146240 245.197174
0 1568503646 851.079468 253.901016
0 1478220191 357.729523 330.392487
0 1478207174 406.119263 285.894409
0 1524841311 1348.815918 239.392715
0 1478213182 391.227905 329.993500
0 1524813274 1292.012451 255.226471
0 1568516663 850.270874 324.525696
0 1578517672 866.583130 344.642700
0 1578527685 775.321106 282.195557
0 1478240218 468.479706 285.269623
0 1478215185 415.806000 343.372070
0 1524838307 1267.396362 240.072906
0 1478197163 437.341461 285.581604
0 1478221192 487.468353 279.281067
0 1524819281 1403.685669 287.349335
0 2086284946 911.247864 286.631134
0 1524824288 1256.879150 288.895813
0 1524802260 1297.061035 225.242752
0 1478226199 409.166473 303.975586
0 1578518673 802.502136 318.568512
0 1438981616 961.203247 316.723572
0 1478238215 449.802124 342.947083
0 1609135173 909.351135 264.079834
0 1524837305 1304.411865 234.821518
0 1524793249 1281.730591 260.624268
0 1568515662 908.452515 253.395630
0 1568516664 969.425354 274.573456
0 1438991628 953.801880 269.146942
0 1478249230 491.146362 328.803345
0 1438996634 928.280396 304.496368
0 1578519675 772.164917 306.224457
0 1524829295 1375.399414 254.472473
0 1524864341 1302.104858 249.928101
0 1478255238 359.538330 351.135101
0 1438993631 893.822571 248.314224
0 1524788244 1264.077637 255.479080
0 1772785076 850.117310 337.942871
0 1524828293 1315.834106 288.274780
0 1478203171 335.714111 337.446198
0 1524798255 1384.078369 299.451050
0 1478199165 400.372925 316.729675
0 1578528686 895.791260 280.988647
0 1478192156 367.544800 317.102051
0 1478228201 445.048920 273.990997
0 1772037075 971.476807 286.012329
0 1578515670 865.652039 269.986267
0 1524851323 1328.019165 265.583832
0 1478218188 312.767975 324.261749
0 1478202169 480.501770 291.056549
0 1478254236 301.609161 317.850067
0 1478246226 371.795502 358.177856
0 1524809269 1365.936035 259.842865
0 1524822285 1373.978638 305.684540
0 1524841310 1214.198853 266.667572
0 1478235210 301.502625 298.959778
0 1578515669 742.884033 294.310242
0 1524854328 1356.293823 265.314636
0 0 342.143219 354.212555
0 1 946.616333 386.709290
0 2 896.224182 146.485992
0 3 650.436279 204.441605
0 4 762.955933 137.641830
0 5 922.359497 499.315430
0 6 748.029724 176.845627
0 7 799.162476 129.790909
0 8 685.317261 161.506516
0 9 868.603088 125.493340
0 10 884.334290 113.680153
0 11 1288.554565 210.765930
0 12 846.816467 134.631989
0 13 1217.464722 374.617584
0 14 915.770264 119.123390
0 15 864.639221 414.800720
0 16 942.312561 536.556763
0 17 902.698486 130.590164
0 18 1001.521667 479.988007
0 19 1043.234253 178.900070
0 20 959.338196 119.729790
0 21 819.275269 114.411324
0 22 998.370544 135.906113
0 23 937.346558 138.814178
0 24 1146.841309 413.848267
0 25 959.907532 160.310699
0 26 995.303894 171.569427
0 27 1135.274902 179.491043
0 28 712.698547 172.475403
0 29 1093.059570 181.822784
0 30 646.222656 272.333252
0 31 1325.953857 315.211060
0 32 775.939941 119.471069
0 33 1135.575439 298.314728
0 34 527.308044 197.791931
0 35 850.584473 145.115341
0 36 990.117859 343.334900
0 37 685.149353 145.443970
0 38 619.002991 195.094131
0 39 727.305725 128.300232
