0 1578512666 1000.270142 557.272522
0 1524823287 1094.609741 343.910706
0 1478234209 385.122620 832.980225
0 1707269176 811.970520 584.166992
0 1438989626 997.257263 498.876099
0 1524801259 1115.499878 391.344879
0 1438992629 958.206055 526.620239
0 1478227200 391.679474 951.807068
0 1524854327 1054.424927 399.046509
0 1478249229 414.673248 1035.283081
0 1524807266 1250.960815 390.165405
0 1524863340 1155.784668 343.085052
0 1524831297 1235.195557 376.251099
0 1478229202 433.668640 944.472717
0 1568509654 932.902588 530.132263
0 1524790246 1162.013184 349.045197
0 1578523681 776.096619 540.269531
0 1478207175 332.235748 1019.448669
0 1524861337 1038.824829 350.633423
0 1478210178 273.647491 945.755615
0 1524862338 1210.406006 395.352661
0 1478186149 357.212036 931.387146
0 1524797254 1220.248291 363.058624
0 1578518674 839.348694 580.256592
0 1438985621 804.243042 547.989746
0 1524857331 1081.299683 352.116119
0 1478203170 263.483002 974.199341
0 1438994632 979.422791 573.336487
0 1578520676 978.101807 512.485168
0 1478237213 606.110901 776.768433
0 1568511657 952.383362 577.237488
0 1775370079 1026.545410 553.519714
0 1478195160 317.524292 822.972778
0 1568510655 1006.302002 569.458618
0 1478257240 568.981689 803.147095
0 1578521677 902.168030 598.173157
0 1524794250 1048.471313 362.897614
0 1524812272 1089.411255 386.877319
0 1769859072 920.518372 568.663330
0 1578525683 988.814026 534.127319
0 1770636073 874.149780 602.257324
0 1524846317 1180.658936 346.770355
0 1524833300 1109.420410 384.371429
0 1568511656 774.183472 529.287903
0 1438985620 856.140076 540.786621
0 1478185148 309.567078 845.239929
0 1707993177 823.649658 638.844727
0 1478189152 604.917419 797.316223
0 1524791247 1143.288818 351.329620
0 1524830296 1168.399780 355.156647
0 2088218948 859.496765 552.243774
0 1524827292 1100.037598 349.844208
0 1606348170 806.730652 559.635986
0 1524855329 1148.868286 403.223846
0 1478183145 640.985596 771.184814
0 1438990627 925.182373 581.161804
0 1524840309 1062.483154 354.397583
0 1478222194 526.751648 853.947327
0 1709860179 1053.898560 604.552856
0 1478188151 557.474182 922.847412
0 1438988624 862.969788 564.097656
0 1478243222 594.768188 972.045044
0 1524843313 1167.924194 335.075500
0 1524844315 1227.623779 369.568176
0 1524858333 1131.417603 339.474945
0 1524811271 1169.475708 400.587982
0 1524859334 1113.051514 341.688232
0 1478216186 532.771484 809.022644
0 1524851324 1029.265015 365.240814
0 1524814275 1101.216187 401.116119
0 1578514668 845.959473 606.366516
0 1478184146 566.893921 824.864258
0 1524829294 1149.450928 357.483185
0 1478176143 599.550171 889.718506
0 1524860336 1107.364868 408.532471
0 1478222193 470.429108 965.540833
0 1438997636 907.457886 533.663879
0 1478194158 602.360840 841.330017
0 1478201168 341.008331 988.518311
0 1478187150 340.089539 862.176819
0 1478205172 349.322021 959.205688
0 1524838306 1195.654907 381.237213
0 1568514660 786.700684 601.140503
0 1524865342 1065.472900 413.890778
0 2085418945 940.228516 621.482178
0 1524808268 1095.233887 393.900421
0 1478200167 404.906891 898.143982
0 1478194159 384.535339 980.790466
0 1568501643 842.594604 593.076721
0 1478239216 640.159363 812.810974
0 1524820283 1069.312378 389.394409
0 1438989625 878.153809 615.923706
0 1568505649 836.215515 567.881714
0 1478255237 354.558289 817.043457
0 1524804262 1086.467773 411.205353
0 1568506650 849.449951 620.152405
0 1478217187 463.988708 799.523010
0 1568505648 906.679199 611.721375
0 1568497640 782.236816 575.516296
0 1578511665 784.429016 588.100586
0 1478258241 371.844116 879.797424
0 1524796253 1168.915161 376.920593
0 1478206173 376.998718 1011.366150
0 1524826291 1162.523438 393.330627
0 1578529688 968.914368 617.209900
0 1478233207 292.485382 893.040405
0 1708834178 866.565125 576.369324
0 1478189153 516.561279 929.993774
0 1568499641 994.444336 545.502441
0 1478245224 301.230072 868.569763
0 1524852325 1182.772949 390.759125
0 1478219190 637.150879 964.392334
0 1578525682 957.694275 590.079285
0 1478232206 554.810059 950.559814
0 1524818280 1103.500732 377.581299
0 1524850322 1222.996582 385.651062
0 1438996635 814.732178 597.096436
0 1524832299 1123.172485 375.134277
0 1478242220 324.176483 911.815491
0 1524789245 1186.065674 332.889221
0 1438999639 948.617371 505.507202
0 1478196161 416.886719 849.542542
0 1478252234 499.918732 793.770386
0 1524803261 1086.639404 358.240997
0 1478211179 504.668427 1018.746460
0 1578523680 1012.550720 582.083069
0 1578530689 928.429932 519.317200
0 1568508653 874.669678 515.588501
0 1524826290 1242.971802 383.114380
0 1524847319 1181.672241 367.857208
0 1524810270 1049.123169 391.922821
0 1524835302 1129.340454 381.876770
0 1524821284 1149.708374 337.270691
0 1524799257 1142.758057 372.697937
0 1478233208 523.520935 878.056885
0 1608354172 882.309631 630.108276
0 1524835303 1080.592163 403.735229
0 1478251232 391.311646 811.159058
0 1524812273 1121.745728 398.509033
0 1706512175 1002.735535 509.096985
0 1438986622 1046.685669 591.095642
0 1478211180 398.461029 924.294617
0 1524823286 1137.279541 345.328735
0 1478223195 496.283813 814.943115
0 1478244223 444.771667 891.392944
0 1438987623 935.027649 607.545044
0 1478193157 479.914734 910.289124
0 1478198164 332.326752 886.391846
0 1524862339 1111.309448 362.166138
0 1478236212 639.717041 835.096252
0 1478240217 603.668701 818.814270
0 1478214183 306.591553 966.669495
0 1578521678 878.211121 526.224426
0 1524844314 1202.930542 388.199280
0 1524848320 1058.620361 375.800842
0 1524806265 1149.171753 379.393158
0 1524787243 1201.002319 365.452698
0 1478241219 560.005371 896.518005
0 1524799256 1135.674316 388.800842
0 1478190154 638.766785 882.975464
0 1478226198 520.128296 903.374634
0 1478208176 421.351318 1003.357666
0 1478214184 570.976868 782.393555
0 2084722944 930.015625 594.113953
0 1578522679 937.526184 541.312378
0 1524825289 1192.564941 338.625519
0 1774531078 903.389465 522.761353
0 1525674169 963.242432 537.709717
0 1478197162 276.453613 1060.681030
0 1524815276 1142.181274 395.913910
0 1768901071 1039.731445 578.121033
0 1578526684 947.258057 564.844116
0 1478182144 315.609070 938.540527
0 1524853326 1230.729980 392.753052
0 1478218189 640.581787 791.529236
0 1578513667 893.621216 572.504944
0 1438983618 870.289429 589.081116
0 1478224196 564.706848 847.613525
0 1478247227 252.767685 1004.184631
0 1524792248 1024.612305 358.989319
0 1524795252 1174.212891 340.850677
0 1524808267 1097.734497 370.967316
0 1478191155 598.037415 915.762146
0 1524856330 1213.061646 356.715729
0 1478236211 427.787384 805.319031
0 1478258242 229.494995 1069.309692
0 1478212181 600.989563 864.937683
0 1478185147 529.831726 830.961487
0 1568502645 830.264587 544.377991
0 1568508652 897.818176 585.109558
0 1438984619 820.565857 624.407593
0 1659977623 904.931763 564.469299
0 1478209177 283.302429 918.737488
0 1438982617 916.014954 556.595154
0 1524805264 1053.480469 369.266235
0 1771287074 801.837708 536.729004
0 2087111947 985.205505 586.069153
0 1524817279 1189.988159 397.964294
0 1524795251 1188.571411 374.458923
0 1478230204 484.308350 884.697510
0 1478230203 287.056580 1027.606323
0 1524847318 1105.602539 355.927460
0 1578516671 780.119751 563.363953
0 1568513659 942.308594 552.876282
0 1578529687 827.436462 533.208130
0 1524819282 1175.751221 383.747131
0 1478253235 562.413391 871.470520
0 1524836304 1136.509766 366.175629
0 1478243221 297.087524 996.316040
0 1568501644 791.499939 628.689575
0 1438998637 849.752747 518.985474
0 1524816278 1043.961670 384.987610
0 1705773174 1014.242004 530.565002
0 1524845316 1199.226562 344.505035
0 1524842312 1206.056641 350.533203
0 1568507651 973.002441 502.182739
0 1438999638 991.200623 599.269714
0 1478252233 535.580444 788.060791
0 1438993630 1033.022217 565.603638
0 1478237214 552.002075 979.767029
0 1524857332 1057.496948 348.383209
0 1478248228 488.491394 860.331970
0 1478225197 637.717590 935.840393
0 1524859335 1174.950684 361.425293
0 1524832298 1162.257690 370.272308
0 1478200166 636.553101 994.512512
0 1478250231 422.462555 826.921387
0 1478245225 508.847595 987.559143
0 1438995633 1008.394104 519.654358
0 1524804263 1092.115845 364.522675
0 1524839308 1155.771729 363.795349
0 1524849321 1074.875732 396.467621
0 1568512658 983.369507 523.127625
0 1568514661 881.870789 537.215271
0 1478231205 347.491882 839.086182
0 1773608077 973.841492 561.047302
0 1438977615 809.304932 571.687805
0 1524834301 1067.595825 360.564331
0 1607644171 817.595459 610.501099
0 1524800258 1187.268188 352.840027
0 1568504647 1019.028259 595.170105
0 1568500642 889.569153 560.335571
0 1478256239 449.922638 866.768127
0 1524815277 1038.934814 378.233459
0 1568503646 778.074219 551.621826
0 1478220191 465.299072 995.422363
0 1478207174 364.709930 904.951233
0 1524841311 1076.091553 346.142334
0 1478213182 512.806213 958.017212
0 1524813274 1078.219971 373.378815
0 1568516663 963.200928 603.394592
0 1578517672 1025.747803 608.745483
0 1578527685 789.056030 614.661194
0 1478240218 454.831573 843.300110
0 1478215185 596.445557 943.167786
0 1524838307 1034.037720 371.653412
0 1478197163 411.041473 873.256409
0 1478221192 459.515228 820.909241
0 1524819281 1194.047119 359.065430
0 2086284946 911.664062 544.935486
0 1524824288 1128.164917 405.872009
0 1524802260 1020.075195 352.892975
0 1478226199 439.360443 917.262207
0 1578518673 911.360779 625.781555
0 1438981616 1020.289062 541.847046
0 1478238215 638.255493 908.737183
0 1609135173 852.893860 529.706604
0 1524837305 1043.587524 356.688629
0 1524793249 1083.741943 380.039185
0 1568515662 824.700195 522.400879
0 1568516664 924.100891 508.849548
0 1438991628 899.452026 512.209961
0 1478249230 639.253418 858.457764
0 1438996634 968.451233 549.178772
0 1578519675 853.073120 634.462585
0 1524829295 1118.697388 347.581787
0 1524864341 1072.839722 366.889374
0 1478255238 549.038635 1010.593323
0 1438993631 799.510803 525.834961
0 1524788244 1063.895752 382.507904
0 1772785076 997.420227 612.964417
0 1524828293 1155.757935 386.268280
0 1478203171 459.881958 1026.975952
0 1524798255 1208.140625 372.008148
0 1478199165 475.294373 937.201904
0 1578528686 885.654663 548.579224
0 1478192156 427.673889 973.131653
0 1478228201 378.640564 855.834595
0 1772037075 953.333618 515.891846
0 1578515670 833.189209 555.929321
0 1524851323 1117.164185 368.566284
0 1478218188 369.036377 1043.668945
0 1478202169 492.478760 837.106567
0 1478254236 322.965240 1052.134521
0 1478246226 592.998291 1002.515747
0 1524809269 1124.485352 353.623657
0 1524822285 1215.469482 378.738586
0 1524841310 1059.872803 406.366425
0 1478235210 241.455460 1035.840210
0 1578515669 794.037354 643.254944
0 1524854328 1130.420898 359.819641
0 0 675.425171 1002.649597
0 1 395.151062 565.624084
0 2 1215.234131 617.811279
0 3 426.023987 694.801331
0 4 1089.842407 417.732056
0 5 1404.472290 865.948242
0 6 489.704010 632.467346
0 7 868.493164 398.260559
0 8 802.633972 405.336243
0 9 480.511902 708.975891
0 10 990.732056 382.082825
0 11 1648.726685 779.859314
0 12 584.842529 390.164154
0 13 1216.808105 896.162354
0 14 595.478943 404.745331
0 15 892.633972 376.996429
0 16 498.562378 1031.479248
0 17 838.510254 376.000336
0 18 927.529053 964.089111
0 19 1120.917603 634.767944
0 20 1166.536377 322.139801
0 21 796.845276 727.335266
0 22 1217.974609 329.998993
0 23 795.515320 367.062317
0 24 1338.981812 928.008057
0 25 735.992432 680.738464
0 26 581.444580 714.265442
0 27 1536.543701 615.156372
0 28 1097.140747 328.258484
0 29 515.345398 765.930664
0 30 1121.230835 455.124390
0 31 1085.748169 967.131226
0 32 1123.943481 394.095551
0 33 348.736542 664.709351
0 34 1027.312012 357.800934
0 35 1659.630615 838.922485
0 36 849.250549 665.156860
0 37 1203.037720 461.432129
0 38 920.562805 358.047699
0 39 1091.884888 372.910980
