0 1578512666 949.658508 496.674438
0 1524823287 413.722931 552.359619
0 1478234209 1446.815918 562.475830
0 1707269176 1056.909546 539.000671
0 1438989626 856.322998 515.777649
0 1524801259 573.876038 519.296936
0 1438992629 917.356812 517.506958
0 1478227200 1479.935913 527.818298
0 1524854327 608.308105 538.502441
0 1478249229 1490.087524 506.690918
0 1524807266 549.052795 475.192657
0 1524863340 406.882080 526.548401
0 1524831297 511.191772 484.333038
0 1478229202 1459.898315 521.737366
0 1568509654 932.003540 523.640747
0 1524790246 428.689087 521.106018
0 1578523681 1010.516602 569.522522
0 1478207175 1520.323608 523.443665
0 1524861337 444.879486 574.034302
0 1478210178 1532.569702 552.549622
0 1524862338 569.462830 485.973175
0 1478186149 1490.119629 539.481750
0 1524797254 471.829590 493.835815
0 1578518674 1040.609131 532.567688
0 1438985621 1010.119995 556.354553
0 1524857331 446.717377 553.308472
0 1478203170 1542.620483 546.841553
0 1438994632 979.007690 497.500549
0 1578520676 886.831909 516.642029
0 1478237213 1315.645264 528.791992
0 1568511657 993.700317 503.190155
0 1775370079 935.551575 491.107208
0 1478195160 1478.963257 582.994263
0 1568510655 964.606384 491.923706
0 1478257240 1346.395996 529.663269
0 1578521677 1038.664917 509.842377
0 1524794250 490.639740 561.343384
0 1524812272 564.922180 531.058411
0 1769859072 993.726074 514.065552
0 1578525683 918.870361 506.459564
0 1770636073 1054.280762 515.778381
0 1524846317 419.129547 514.896973
0 1524833300 553.789856 524.669495
0 1568511656 993.872009 575.844971
0 1438985620 977.854248 542.842285
0 1478185148 1490.156128 576.637451
0 1707993177 1114.898560 517.492981
0 1478189152 1327.559082 523.508240
0 1524791247 438.455566 527.449402
0 1524830296 450.045746 515.776062
0 2088218948 993.780640 537.202454
0 1524827292 436.424530 546.394104
0 1606348170 1026.050781 550.445923
0 1524855329 601.651978 502.975464
0 1478183145 1297.131470 522.647522
0 1438990627 1008.693237 508.996033
0 1524840309 457.245728 560.381104
0 1478222194 1388.462158 525.230896
0 1709860179 993.629028 473.022888
0 1478188151 1402.177612 504.220490
0 1438988624 1009.376587 531.679688
0 1478243222 1404.669189 489.309784
0 1524843313 375.325806 525.647888
0 1524844315 491.703857 489.037811
0 1524858333 394.099945 538.708496
0 1524811271 590.703857 497.192657
0 1524859334 403.801788 545.457764
0 1478216186 1365.631104 535.948364
0 1524851324 501.801178 568.592834
0 1524814275 604.875000 520.178406
0 1578514668 1070.222290 521.838196
0 1478184146 1358.002686 524.369324
0 1524829294 459.938965 521.996216
0 1478176143 1372.903809 503.397797
0 1524860336 624.238098 514.905396
0 1478222193 1450.618896 510.774872
0 1438997636 946.961853 529.905029
0 1478194158 1350.679810 513.254150
0 1478201168 1510.459106 528.681641
0 1478187150 1479.308472 563.404846
0 1478205172 1500.393066 534.026611
0 1524838306 531.236206 495.513397
0 1568514660 1088.499634 539.900452
0 1524865342 647.793030 527.347107
0 2085418945 1051.857788 494.375702
0 1524808268 585.107361 525.561523
0 1478200167 1458.972656 538.597717
0 1478194159 1490.103027 522.590271
0 1568501643 1055.567749 527.147888
0 1478239216 1320.847778 512.413147
0 1524820283 576.298340 537.587280
0 1438989625 1068.652222 510.689148
0 1568505649 1025.336670 538.101318
0 1478255237 1456.936646 575.684021
0 1524804262 635.890564 521.060242
0 1568506650 1084.581787 516.635437
0 1478217187 1393.740723 554.710388
0 1568505648 1053.045166 504.863220
0 1568497640 1058.309570 551.368286
0 1578511665 1073.564697 545.573547
0 1478258241 1468.923706 550.736694
0 1524796253 521.779968 506.298737
0 1478206173 1500.068970 517.465759
0 1524826291 571.601929 502.125488
0 1578529688 1036.871704 488.880188
0 1478233207 1511.819336 564.334351
0 1708834178 1024.652100 526.270386
0 1478189153 1421.031128 509.942047
0 1568499641 934.416077 501.518799
0 1478245224 1501.105591 570.419006
0 1524852325 560.962402 496.352814
0 1478219190 1386.685303 484.002045
0 1578525682 1008.371765 498.327026
0 1478232206 1412.690918 499.425171
0 1524818280 533.279541 530.155457
0 1524850322 540.319946 485.152893
0 1438996635 1071.858276 533.456238
0 1524832299 522.489319 523.777893
0 1478242220 1500.738037 551.642944
0 1524789245 366.239990 519.327209
0 1438999639 884.614136 528.132263
0 1478196161 1437.126709 549.830994
0 1478252234 1373.584717 548.020996
0 1524803261 469.065735 547.330933
0 1478211179 1451.740479 495.526184
0 1578523680 979.268066 487.263916
0 1578530689 915.779602 529.018433
0 1568508653 929.381592 547.682129
0 1524826290 530.304565 479.718842
0 1524847319 491.462524 505.439697
0 1524810270 587.926331 544.260742
0 1524835302 542.893616 518.416077
0 1524821284 384.610229 532.106812
0 1524799257 511.927765 517.535583
0 1478233208 1399.535400 520.032776
0 1608354172 1082.740234 505.700378
0 1524835303 616.441711 526.454102
0 1478251232 1435.401367 568.536865
0 1524812273 593.551147 514.034424
0 1706512175 872.805664 510.645233
0 1438986622 979.518555 477.416656
0 1478211180 1469.561279 533.153015
0 1524823286 416.514191 533.018921
0 1478223195 1385.276978 542.367798
0 1478244223 1438.745605 532.279846
0 1438987623 1037.750610 499.153961
0 1478193157 1429.708984 520.884827
0 1478198164 1490.137329 557.461304
0 1524862339 480.374908 534.844727
0 1478236212 1332.357788 507.446198
0 1478240217 1339.234863 518.329956
0 1478214183 1521.283325 540.366272
0 1578521678 945.985840 541.932800
0 1524844314 550.537231 490.696442
0 1524848320 534.403320 549.206177
0 1524806265 532.226013 512.293823
0 1524787243 481.545227 499.578156
0 1478241219 1391.458374 509.109680
0 1524799256 562.880432 513.163879
0 1478190154 1354.714600 497.798431
0 1478226198 1410.389526 514.937500
0 1478208176 1480.221680 511.608093
0 1478214184 1334.550415 535.066223
0 2084722944 1023.365112 504.026459
0 1578522679 947.897766 518.372253
0 1524825289 388.229858 514.018433
0 1774531078 930.720337 535.406189
0 1525674169 933.234375 512.354492
0 1478197162 1550.559814 524.297485
0 1524815276 582.462524 508.018097
0 1768901071 965.140686 481.893707
0 1578526684 978.736816 508.150085
0 1478182144 1511.117676 545.945862
0 1524853326 559.156982 480.529663
0 1478218189 1309.108032 517.479248
0 1578513667 1009.027832 520.104309
0 1438983618 1039.616943 520.971069
0 1478224196 1369.377319 519.181152
0 1478247227 1552.463623 541.251282
0 1524792248 479.041656 575.022827
0 1524795252 397.456116 520.216370
0 1524808267 512.331665 535.758423
0 1478191155 1383.695679 498.611603
0 1524856330 451.557373 498.729950
0 1478236211 1414.341309 561.547363
0 1478258242 1571.553223 530.409729
0 1478212181 1361.900635 508.277710
0 1478185147 1377.162964 530.535034
0 1568502645 993.809875 549.524170
0 1568508652 1023.995483 514.921692
0 1438984619 1100.843750 522.705811
0 1659977623 993.739258 519.671143
0 1478209177 1522.304932 558.379272
0 1438982617 978.454712 519.238037
0 1524805264 512.762817 555.207886
0 1771287074 993.840271 562.392578
0 2087111947 993.675598 492.740662
0 1524817279 579.976257 491.526367
0 1524795251 511.548553 500.426819
0 1478230204 1418.937500 526.092896
0 1478230203 1540.998169 529.545471
0 1524847318 458.636627 540.557129
0 1578516671 1042.723877 557.288513
0 1568513659 963.472351 513.209778
0 1578529687 977.534302 555.421143
0 1524819282 541.567444 501.275940
0 1478253235 1380.527100 514.095642
0 1524836304 491.205719 522.886780
0 1478243221 1531.241455 534.900635
0 1568501644 1117.448486 528.904236
0 1438998637 944.966980 554.488220
0 1524816278 567.099854 550.144592
0 1705773174 904.796692 500.683777
0 1524845316 409.770325 508.818115
0 1524842312 430.875183 503.723022
0 1568507651 870.319763 521.889954
0 1438999638 1008.062805 488.071869
0 1478252233 1353.859131 541.474487
0 1438993630 950.487732 486.456390
0 1478237214 1423.004272 494.721100
0 1524857332 434.253723 566.642273
0 1478248228 1407.946167 531.407227
0 1478225197 1376.229126 488.514191
0 1524859335 470.965820 510.555054
0 1524832298 501.587799 511.424194
0 1478200166 1396.947998 479.573303
0 1478250231 1425.855225 555.626892
0 1478245225 1441.700806 500.239136
0 1438995633 888.960266 505.614960
0 1524804263 490.932037 541.482239
0 1524839308 480.978455 516.655579
0 1524849321 596.581970 531.961853
0 1568512658 903.012146 511.499634
0 1568514661 962.242004 536.304077
0 1478231205 1468.244263 569.477661
0 1773608077 964.050659 502.354279
0 1438977615 1041.643799 544.662598
0 1524834301 479.730682 554.257935
0 1607644171 1086.499878 528.025818
0 1524800258 440.359955 509.686371
0 1568504647 993.651917 482.692444
0 1568500642 993.752869 525.393372
0 1478256239 1427.842163 537.714172
0 1524815277 545.813843 556.158325
0 1568503646 1026.796631 563.338501
0 1478220191 1460.769531 505.867035
0 1478207174 1479.632202 545.050598
0 1524841311 423.870972 559.419250
0 1478213182 1431.466309 505.043549
0 1524813274 523.245361 542.407898
0 1568516663 1022.759521 493.557953
0 1578517672 1007.765564 478.206818
0 1578527685 1103.124390 534.345276
0 1478240218 1416.711670 543.261597
0 1478215185 1394.282227 493.916443
0 1524838307 524.052917 562.306213
0 1478197163 1448.163574 544.155884
0 1478221192 1405.347046 548.925781
0 1524819281 461.160889 504.581116
0 2086284946 962.869934 524.516785
0 1524824288 612.827698 508.878448
0 1524802260 455.756775 581.601318
0 1478226199 1449.428711 526.955383
0 1578518673 1067.144409 499.981293
0 1438981616 920.324158 495.848816
0 1478238215 1365.574219 493.112183
0 1609135173 961.586731 548.602844
0 1524837305 468.017609 567.617249
0 1524793249 544.306152 536.672607
0 1568515662 960.902466 561.447205
0 1568516664 899.215820 534.508850
0 1438991628 914.134827 541.023926
0 1478249230 1343.644653 502.575562
0 1438996634 948.795898 507.304626
0 1578519675 1098.655029 511.536377
0 1524829295 426.359253 539.632568
0 1524864341 501.725281 548.268250
0 1478255238 1433.123291 490.105743
0 1438993631 977.200012 568.564392
0 1524788244 555.576843 543.334045
0 1772785076 1022.177124 483.491608
0 1524828293 552.113281 507.158173
0 1478203171 1470.724976 501.053528
0 1524798255 501.525299 494.674377
0 1478199165 1440.267456 515.779785
0 1578528686 978.160889 530.792114
0 1478192156 1470.160522 516.622559
0 1478228201 1457.987427 556.543823
0 1772037075 901.153442 522.765076
0 1578515670 1009.740234 543.752197
0 1524851323 501.654327 529.252930
0 1478218188 1509.839355 512.441711
0 1478202169 1396.728394 536.831055
0 1478254236 1529.992676 518.309387
0 1478246226 1414.862427 484.789093
0 1524809269 448.435730 533.931580
0 1524822285 521.113098 489.866913
0 1524841310 628.259155 532.865845
0 1478235210 1562.105957 535.775146
0 1578515669 1131.481079 523.573914
0 1524854328 470.046326 528.350952
0 0 1119.606567 357.822693
0 1 660.256104 489.135040
0 2 769.315125 456.492554
0 3 1150.787598 367.076294
0 4 612.960693 501.878723
0 5 901.728455 372.586761
0 6 1499.496948 468.150970
0 7 746.710999 570.333008
0 8 1068.857910 739.609863
0 9 1037.495239 700.794617
0 10 713.132751 544.799866
0 11 579.663269 433.681396
0 12 1375.555420 524.207520
0 13 988.284546 365.561432
0 14 1350.298828 558.886230
0 15 1305.714844 476.023804
0 16 1077.781982 353.441162
0 17 1154.881104 658.343567
0 18 466.764740 464.600098
0 19 1237.624512 483.299866
0 20 965.866699 722.054016
0 21 1138.750000 779.923096
0 22 845.501282 711.036255
0 23 1418.228882 507.914246
0 24 631.081299 426.379150
0 25 1322.973877 514.188416
0 26 1292.771240 496.629730
0 27 677.184326 405.341827
0 28 763.047363 669.679199
0 29 844.932129 667.147461
0 30 636.831299 475.637482
0 31 1016.108093 352.002960
0 32 1430.121338 577.034119
0 33 1485.035034 580.180115
0 34 1361.308228 490.217590
0 35 942.425415 361.469208
0 36 830.941772 428.898254
0 37 1432.481323 601.447510
0 38 869.547913 754.700867
0 39 1440.138916 531.681458
