0 1578512666 970.217529 711.125916
0 1524823287 1359.126465 1067.342163
0 1478234209 1053.884888 538.550903
0 1707269176 1072.019897 657.560852
0 1438989626 1051.526978 754.443420
0 1524801259 1154.060059 948.628113
0 1438992629 1042.492188 722.259705
0 1478227200 975.495422 527.088196
0 1524854327 1207.598022 903.916687
0 1478249229 926.184570 522.194641
0 1524807266 971.485840 1022.976074
0 1524831297 1028.314575 1053.642700
0 1478229202 964.275024 531.378296
0 1568509654 1057.532471 713.726440
0 1578523681 1159.527344 672.327515
0 1478207175 961.025269 516.940002
0 1524861337 1408.416138 1009.875977
0 1478210178 1020.987732 517.580994
0 1524862338 1017.126160 987.680420
0 1478186149 999.567932 525.909851
0 1578518674 1058.491089 664.679260
0 1438985621 1127.384155 674.095032
0 1524857331 1341.205566 1031.875977
0 1478203170 1007.999023 514.660461
0 1438994632 967.777039 696.737854
0 1578520676 1046.897705 737.952942
0 1478237213 999.968628 570.781799
0 1568511657 983.069946 688.880310
0 1775370079 954.202087 719.552795
0 1478195160 1089.069946 532.889343
0 1568510655 952.106201 704.789673
0 1478257240 997.524719 562.075928
0 1578521677 995.055420 668.134949
0 1524794250 1341.062622 981.597412
0 1524812272 1201.036377 945.537170
0 1769859072 1015.949158 687.063477
0 1578525683 1007.681580 724.232971
0 1770636073 1009.348083 660.959290
0 1524833300 1182.793579 961.409607
0 1568511656 1179.092041 678.048767
0 1438985620 1100.461426 689.370056
0 1478185148 1075.018311 529.729797
0 1707993177 1003.298828 637.037659
0 1478189152 985.601440 567.052795
0 1524791247 1251.849854 1074.960449
0 1524830296 1197.870117 1078.793823
0 2088218948 1081.456055 683.443787
0 1524827292 1323.750854 1051.126587
0 1606348170 1108.542358 668.468018
0 1524855329 1079.725830 939.269409
0 1478183145 987.847961 575.936523
0 1438990627 997.998291 681.209961
0 1524840309 1358.004639 1013.348389
0 1478222194 981.345642 550.223206
0 1709860179 883.924805 694.358704
0 1478188151 929.382263 544.719482
0 1438988624 1062.854492 677.643555
0 1478243222 891.561890 542.644775
0 1524844315 1058.231079 1069.786621
0 1524811271 1059.586304 954.844177
0 1478216186 1009.222656 557.193176
0 1524851324 1356.998657 964.920166
0 1524814275 1144.850342 921.264526
0 1578514668 1023.315247 653.947083
0 1478184146 983.435425 558.487366
0 1524829294 1218.205688 1058.544067
0 1478176143 930.523254 552.757263
0 1524860336 1118.004395 909.666870
0 1478222193 939.931824 532.573425
0 1438997636 1072.198486 705.405518
0 1478194158 957.596375 559.784058
0 1478201168 973.673523 519.883545
0 1478187150 1050.678101 530.928345
0 1478205172 986.519531 522.873169
0 1524838306 1073.356689 1016.026367
0 1568514660 1067.603394 645.446289
0 1524865342 1153.829346 881.961731
0 2085418945 946.368774 664.374390
0 1524808268 1172.514893 933.215759
0 1478200167 1001.858704 533.332336
0 1478194159 962.623230 524.039429
0 1568501643 1040.722290 659.257935
0 1478239216 959.292908 568.382019
0 1524820283 1218.657959 930.205383
0 1438989625 992.239624 655.624573
0 1568505649 1076.633057 670.214417
0 1478255237 1078.641235 537.324341
0 1524804262 1136.208618 895.588745
0 1568506650 1006.258850 648.743164
0 1478217187 1046.185303 551.127075
0 1568505648 977.896973 662.664734
0 1568497640 1103.241333 655.867798
0 1578511665 1085.241455 650.604126
0 1478258241 1026.291626 532.129211
0 1524796253 1123.990234 1012.572083
0 1478206173 949.950928 521.038025
0 1524826291 1086.933350 967.772034
0 1578529688 931.304932 671.607727
0 1478233207 1047.578125 523.559814
0 1708834178 1044.644043 671.965210
0 1478189153 941.223999 540.191833
0 1568499641 988.737915 717.605469
0 1478245224 1061.189331 526.620361
0 1524852325 1066.236572 984.391663
0 1478219190 879.241882 547.203735
0 1578525682 965.446838 682.999939
0 1478232206 916.416809 541.417114
0 1524818280 1212.447021 974.600342
0 1524850322 1022.522400 1019.494324
0 1438996635 1054.315674 652.273560
0 1524832299 1193.782227 991.551086
0 1478242220 1023.595398 524.733765
0 1438999639 1082.466919 735.914551
0 1478196161 1029.080811 539.779846
0 1478252234 1034.958252 555.901611
0 1524803261 1307.391846 1016.834595
0 1478211179 903.006348 530.636475
0 1578523680 934.390686 698.591736
0 1578530689 1077.208618 720.291748
0 1568508653 1125.959839 709.868042
0 1524826290 999.416565 1038.048340
0 1524847319 1133.466187 1046.327637
0 1524810270 1235.689453 915.387024
0 1524835302 1163.895996 977.851685
0 1524799257 1174.423828 1009.131470
0 1478233208 967.751526 546.824402
0 1608354172 975.476440 650.397522
0 1524835303 1162.879883 906.786743
0 1478251232 1068.021118 541.840820
0 1524812273 1126.204590 936.237122
0 1706512175 1031.139648 747.134644
0 1438986622 900.917542 700.450500
0 1478211180 988.572266 530.185486
0 1478223195 1020.701782 552.401794
0 1478244223 990.695312 537.748291
0 1438987623 963.219666 669.869202
0 1478193157 965.983398 538.968872
0 1478198164 1037.029297 527.806458
0 1524862339 1256.576416 1020.334900
0 1478236212 945.381348 564.701538
0 1478240217 971.479431 563.387451
0 1478214183 997.352356 518.731201
0 1578521678 1106.012573 703.508728
0 1524844314 1044.780518 1001.621033
0 1524848320 1277.938721 955.094604
0 1524806265 1144.307617 994.894653
0 1524787243 1111.778687 1066.023438
0 1478241219 942.561401 548.076355
0 1524799256 1134.953369 964.584839
0 1478190154 918.258972 557.526062
0 1478226198 954.379395 543.481018
0 1478208176 938.682434 525.207886
0 1478214184 1011.856262 565.726379
0 2084722944 980.425659 675.479858
0 1578522679 1038.294800 707.307251
0 1774531078 1091.791870 711.794678
0 1525674169 1023.181335 715.663330
0 1478197162 959.478638 510.068359
0 1524815276 1106.910278 951.730408
0 1768901071 918.286194 706.677063
0 1578526684 1001.076965 694.888733
0 1478182144 1010.371399 521.709045
0 1524853326 994.725464 1005.003845
0 1478218189 973.446350 572.126404
0 1578513667 1030.467285 679.424500
0 1438983618 1026.812500 666.404968
0 1478224196 969.582397 554.958801
0 1478247227 995.208557 511.784515
0 1524792248 1389.778809 978.305054
0 1524808267 1243.065430 988.220276
0 1478191155 917.321838 549.330811
0 1478236211 1057.204346 546.440918
0 1478258242 970.203674 506.162140
0 1478212181 943.946289 556.241211
0 1478185147 995.167480 553.679016
0 1568502645 1114.084351 681.640930
0 1568508652 1012.574951 673.720276
0 1438984619 1019.965576 642.015137
0 1659977623 1032.357300 686.156799
0 1478209177 1034.179077 520.547058
0 1438982617 1034.290771 693.044373
0 1524805264 1308.997314 968.134705
0 1771287074 1146.629517 679.842529
0 2087111947 950.106323 690.701721
0 1524817279 1038.732666 970.971252
0 1524795251 1102.901855 1030.920166
0 1478230204 979.328125 542.244873
0 1478230203 971.910522 512.911926
0 1524847318 1289.587891 1035.466797
0 1578516671 1121.614502 661.240662
0 1568513659 1019.480774 701.029602
0 1578529687 1133.418945 687.539917
0 1524819282 1094.640747 998.251282
0 1478253235 955.959534 551.488953
0 1524836304 1205.557007 1023.849182
0 1478243221 984.533630 515.799133
0 1568501644 1033.370117 635.435425
0 1438998637 1139.737549 701.616943
0 1524816278 1264.634399 927.205811
0 1705773174 991.780457 733.024536
0 1568507651 1067.201782 745.056396
0 1438999638 932.812927 684.794495
0 1478252233 1023.517212 560.767212
0 1438993630 936.043274 713.042908
0 1478237214 903.660095 538.167847
0 1524857332 1392.613770 1028.299683
0 1478248228 992.892395 545.574829
0 1478225197 892.032776 550.587708
0 1524859335 1165.103027 1062.275879
0 1524832298 1154.332642 1027.377563
0 1478200166 866.658875 543.874817
0 1478250231 1043.027100 543.083008
0 1478245225 915.542480 533.770813
0 1438995633 1011.229736 739.997009
0 1524804263 1274.696655 1002.290833
0 1524839308 1185.719482 1042.692627
0 1524849321 1190.350830 918.320557
0 1568512658 1027.063110 731.013672
0 1568514661 1086.503662 697.289246
0 1478231205 1064.546875 534.100586
0 1773608077 985.837646 702.907166
0 1438977615 1090.091675 662.957886
0 1524834301 1324.538208 998.890625
0 1607644171 1036.967773 647.092773
0 1568504647 917.058044 692.527893
0 1568500642 1048.744507 685.251343
0 1478256239 1004.228577 541.011169
0 1524815277 1294.472412 939.389404
0 1568503646 1140.372437 666.726013
0 1478220191 927.214722 529.451477
0 1478207174 1012.823608 528.994873
0 1524841311 1376.196045 1047.440796
0 1478213182 928.280029 536.955505
0 1524813274 1260.813843 971.361328
0 1568516663 948.195740 677.243713
0 1578517672 900.096008 686.593567
0 1578527685 1050.316406 640.391052
0 1478240218 1017.984253 544.327759
0 1478215185 904.336426 545.960449
0 1524838307 1325.245605 951.954712
0 1478197163 1015.359741 536.530090
0 1478221192 1031.967896 547.699219
0 2086284946 1053.036011 699.156921
0 1524824288 1099.187256 924.218994
0 1524802260 1423.637085 992.130066
0 1478226199 977.379211 534.537781
0 1578518673 961.088684 657.306152
0 1438981616 972.776306 726.211609
0 1478238215 905.036743 554.027954
0 1609135173 1119.884033 695.426270
0 1524837305 1374.184570 995.503784
0 1524793249 1230.455078 958.246155
0 1568515662 1153.177368 693.568237
0 1568516664 1097.338379 727.008484
0 1438991628 1111.831299 718.329163
0 1478249230 931.705261 561.083435
0 1438996634 1004.301208 709.214111
0 1578519675 989.542908 643.643066
0 1524829295 1305.601562 1071.143188
0 1524864341 1292.158569 984.902527
0 1478255238 891.106934 534.970459
0 1438993631 1166.291748 685.714478
0 1524788244 1247.840210 942.457642
0 1772785076 915.884888 679.012085
0 1524828293 1115.159424 981.115479
0 1478203171 914.697144 526.378479
0 1524798255 1080.998291 1049.977661
0 1478199165 952.853027 535.745483
0 1578528686 1067.418823 691.204834
0 1478192156 951.377747 528.268738
0 1478228201 1039.976929 535.314148
0 1772037075 1062.248779 729.008362
0 1578515670 1095.160034 675.867065
0 1524851323 1224.658936 1005.704468
0 1478218188 937.473877 518.082825
0 1478202169 1006.681702 548.959961
0 1478254236 948.570312 514.041382
0 1478246226 878.993042 539.382507
0 1524809269 1271.087891 1054.827637
0 1524822285 1051.263672 1034.477051
0 1524841310 1180.322998 892.779724
0 1478235210 982.611450 508.952026
0 1578515669 1016.754578 630.576538
0 1524854328 1237.759644 1039.072388
0 0 861.665588 901.827698
0 1 1575.989624 620.470825
0 2 1015.011963 557.816284
0 3 669.051514 837.300232
0 4 829.406250 627.561951
0 5 1332.976196 894.917969
0 6 477.342499 660.217346
0 7 724.697021 671.363464
0 8 1012.924133 786.488892
0 9 878.936890 498.083466
0 10 798.233337 644.861450
0 11 1534.858276 733.238953
0 12 527.238586 596.472229
0 13 999.939636 987.679749
0 14 640.226013 561.633789
0 15 842.390137 750.722778
0 16 936.932983 938.606262
0 17 839.302673 507.882843
0 18 1590.269775 642.948608
0 19 1486.782959 591.212585
0 20 925.710327 495.567719
0 21 1053.442627 516.650635
0 22 1014.663940 521.222351
0 23 463.210693 613.415100
0 24 1519.466553 704.632874
0 25 1514.025024 615.567688
0 26 1318.488770 537.766235
0 27 1470.976562 746.893616
0 28 1094.777344 533.418518
0 29 1323.345703 550.569031
0 30 928.963745 590.457214
0 31 1083.560547 988.495972
0 32 754.042786 634.088074
0 33 1462.097778 664.248352
0 34 781.761902 730.449585
0 35 1247.762451 920.608215
0 36 861.848633 592.216309
0 37 793.647339 616.715881
0 38 981.112732 509.648193
0 39 676.451599 692.450073
