0 1578512666 974.040771 515.579712
0 1524823287 431.604340 373.737976
0 1478234209 1473.181519 1035.859619
0 1707269176 966.473328 643.886719
0 1438989626 828.031128 497.595184
0 1524801259 598.409241 387.287079
0 1438992629 881.494080 530.345032
0 1478227200 1698.685791 1002.961121
0 1524854327 577.472656 423.709747
0 1478249229 1820.194458 968.908508
0 1524807266 681.227295 324.292114
0 1524863340 481.214050 342.067169
0 1524831297 634.912964 323.782684
0 1478229202 1679.891968 965.038513
0 1568509654 878.760986 547.168701
0 1524790246 504.845337 342.339905
0 1578523681 824.932190 662.552551
0 1478207175 1817.650024 1046.059448
0 1524861337 403.098480 408.748077
0 1524862338 671.118652 344.259155
0 1478186149 1669.254272 1041.665405
0 1524797254 588.714478 323.274536
0 1578518674 967.688049 623.290833
0 1438985621 863.374634 641.877014
0 1524857331 447.438751 385.364960
0 1438994632 1003.710144 532.359558
0 1578520676 854.252441 513.657654
0 1478237213 1364.751221 826.374268
0 1568511657 1003.296448 549.277954
0 1775370079 974.966003 499.890991
0 1568510655 1004.108643 516.062195
0 1478257240 1415.840088 857.669922
0 1578521677 1034.923340 585.707275
0 1524794250 454.795013 409.440002
0 1524812272 566.008789 398.708954
0 1769859072 971.049255 566.299744
0 1578525683 914.050171 514.617126
0 1770636073 1035.115479 604.746460
0 1524846317 512.345764 332.284454
0 1524833300 573.161377 386.965637
0 1568511656 790.028503 661.852051
0 1438985620 869.900940 601.705078
0 1707993177 1104.831665 646.583679
0 1478189152 1406.090210 827.371826
0 1524791247 497.122375 352.693695
0 1524830296 528.507019 342.613037
0 2088218948 902.826721 602.311218
0 1524827292 456.269623 374.044373
0 1606348170 897.677368 642.545715
0 1524855329 654.791016 376.510101
0 1478183145 1356.492432 797.607666
0 1438990627 1002.866699 566.853577
0 1524840309 438.329529 397.042389
0 1478222194 1513.471191 891.812195
0 1709860179 1093.354126 501.740723
0 1478188151 1629.319336 862.991943
0 1438988624 935.810974 602.918396
0 1478243222 1698.025513 834.416992
0 1524843313 465.783661 331.759857
0 1524844315 611.799255 323.528442
0 1524858333 449.200409 352.126953
0 1524811271 660.398193 365.434509
0 1524859334 440.534668 362.769989
0 1478216186 1426.102661 889.560791
0 1524851324 445.502411 421.898193
0 1524814275 617.329407 399.378845
0 1578514668 1035.315674 624.571655
0 1478184146 1458.343506 858.729553
0 1524829294 521.130310 352.977661
0 1478176143 1572.358643 831.384338
0 1524860336 643.043335 399.714478
0 1478222193 1707.481689 930.384521
0 1438997636 875.921997 564.643738
0 1478194158 1489.041626 829.373718
0 1478201168 1768.056030 1044.590820
0 1478187150 1537.057861 1079.514282
0 1478205172 1718.590820 1043.126221
0 1524838306 623.458862 343.709045
0 1568514660 1000.440796 666.075073
0 1524865342 630.526611 424.438019
0 2085418945 1098.645874 568.520935
0 1524808268 591.651245 399.043671
0 1478200167 1603.013062 1000.227905
0 1478194159 1746.703491 1004.332947
0 1568501643 1001.471191 623.930603
0 1478239216 1437.225098 799.494751
0 1524820283 558.626404 410.829712
0 1438989625 1068.334839 605.357910
0 1568505649 933.966064 622.652100
0 1478255237 1436.540161 1076.427002
0 1524804262 636.885742 411.877197
0 1568506650 1069.221558 625.213806
0 1478217187 1402.363281 957.383118
0 1568505648 1067.483276 586.290039
0 1568497640 930.038513 664.662109
0 1578511665 965.206360 665.367920
0 1478258241 1570.963989 1038.754883
0 1524796253 593.342346 353.831665
0 1478206173 1794.842773 1005.708191
0 1524826291 635.838989 365.136871
0 1578529688 1097.247070 550.869202
0 1708834178 968.853699 603.526611
0 1478189153 1645.285522 895.208740
0 1568499641 944.021301 515.098022
0 1524852325 641.641357 354.402863
0 1478219190 1681.514038 805.204651
0 1578525682 1034.560913 549.807495
0 1478232206 1672.305542 864.063538
0 1524818280 547.948059 386.644623
0 1524850322 652.742432 333.866333
0 1438996635 1000.966736 644.559082
0 1524832299 555.262939 375.273926
0 1524789245 473.722443 322.009674
0 1438999639 820.685974 529.342773
0 1478196161 1507.821167 997.508423
0 1478252234 1392.199585 921.981628
0 1524803261 472.514587 385.684204
0 1478211179 1778.022339 898.629211
0 1578523680 1034.224976 516.545410
0 1578530689 847.756897 546.643616
0 1568508653 808.582703 581.656189
0 1524826290 658.055603 324.037262
0 1524847319 575.921814 343.160339
0 1524810270 551.002808 423.346405
0 1524835302 580.094604 375.582336
0 1524821284 457.613129 341.794739
0 1524799257 562.356995 364.246338
0 1478233208 1557.307373 892.941711
0 1608354172 1101.613281 605.970581
0 1524835303 610.762390 411.527527
0 1478251232 1424.479370 1034.417480
0 1524812273 623.691650 387.608948
0 1706512175 857.325317 498.052887
0 1438986622 1063.686646 501.277191
0 1478211180 1650.789185 1001.592834
0 1524823286 473.145752 352.410156
0 1478223195 1436.919189 923.173462
0 1478244223 1586.929443 962.474182
0 1438987623 1066.664917 567.964233
0 1478193157 1616.864136 927.969360
0 1524862339 505.699646 374.658295
0 1478236212 1477.721436 800.441345
0 1478240217 1447.520386 828.371643
0 1578521678 840.748901 582.231873
0 1524844314 647.273376 343.983917
0 1524848320 506.637451 410.133881
0 1524806265 586.818542 364.542786
0 1524787243 582.410400 333.073914
0 1478241219 1586.430420 861.922668
0 1524799256 604.959839 375.891205
0 1478190154 1558.975464 802.340515
0 1478226198 1601.245361 894.073914
0 1478208176 1773.311768 967.615356
0 1478214184 1373.432495 856.612671
0 2084722944 1034.738525 567.408447
0 1578522679 909.816772 547.694702
0 1524825289 496.663452 322.261993
0 1774531078 844.320679 564.093567
0 1525674169 911.972961 530.847473
0 1524815276 629.858521 376.200439
0 1768901071 1034.066162 500.814362
0 1578526684 972.084412 548.749329
0 1524853326 676.246094 334.131165
0 1478218189 1396.815430 798.550232
0 1578513667 969.973206 584.544800
0 1438983618 1001.955200 604.135986
0 1478224196 1500.942749 859.791504
0 1524792248 419.221649 421.537445
0 1524795252 489.049988 332.021973
0 1524808267 522.769226 386.324036
0 1478191155 1614.155029 832.393005
0 1524856330 565.658569 323.020935
0 1478236211 1413.106201 994.802551
0 1478212181 1530.654175 830.377930
0 1478185147 1469.736328 890.685120
0 1568502645 866.704834 621.378235
0 1568508652 1002.419922 585.125549
0 1438984619 1070.145752 645.907593
0 1659977623 954.472778 575.049683
0 1438982617 939.286133 565.746765
0 1524805264 480.697968 409.786713
0 1771287074 829.135010 641.209595
0 2087111947 1034.389771 532.865234
0 1524817279 665.838257 354.689056
0 1524795251 599.674988 343.434509
0 1478230204 1571.717163 926.766113
0 1524847318 480.968048 374.351135
0 1578516671 894.937012 663.957581
0 1568513659 940.924561 548.221619
0 1578529687 833.165283 620.742981
0 1524819282 617.476074 354.117096
0 1478253235 1543.638306 860.855896
0 1524836304 537.927917 363.950287
0 1568501644 1071.109741 667.493408
0 1438998637 804.223877 600.496094
0 1524816278 524.570984 422.983582
0 1705773174 916.052673 498.970459
0 1524845316 519.633057 322.514679
0 1524842312 542.631470 322.767609
0 1568507651 824.425598 513.179016
0 1438999638 1065.119873 533.371765
0 1478252233 1382.569702 888.439026
0 1438993630 1004.492676 500.352295
0 1478237214 1715.389404 865.137634
0 1524857332 412.899750 396.710449
0 1478248228 1526.677490 925.565674
0 1478225197 1640.579834 804.247864
0 1524859335 552.199097 342.886505
0 1524832298 569.240234 353.546631
0 1478200166 1722.536743 806.163574
0 1478250231 1460.404297 996.153809
0 1478245225 1733.673584 897.486389
0 1438995633 886.665833 498.511322
0 1524804263 497.624756 386.003906
0 1524839308 545.169556 353.261963
0 1524849321 584.675964 411.178406
0 1568512658 884.127258 514.136963
0 1568514661 872.970886 582.808594
0 1478231205 1486.732178 1077.968628
0 1773608077 973.080811 531.854675
0 1438977615 932.043579 643.215576
0 1524834301 463.794556 397.374786
0 1607644171 1035.524292 645.232666
0 1524800258 535.671021 332.547272
0 1568504647 1064.390137 517.029480
0 1568500642 937.582886 583.965027
0 1478256239 1540.618652 961.196777
0 1524815277 498.177002 422.621277
0 1568503646 859.901611 663.254456
0 1478220191 1752.953247 931.596375
0 1478207174 1620.045410 1040.208252
0 1524841311 422.397064 385.046143
0 1478213182 1689.428101 896.346313
0 1524813274 514.830750 398.040955
0 1568516663 1065.877686 550.337830
0 1578517672 1094.604004 517.514282
0 1578527685 1035.741821 666.783569
0 1478240218 1494.420898 959.922424
0 1478215185 1656.043945 833.403931
0 1524838307 471.820862 422.259460
0 1478197163 1555.357300 998.866516
0 1478221192 1448.335938 958.651245
0 1524819281 559.025940 332.810425
0 2086284946 907.577087 565.194763
0 1524824288 649.008728 387.931305
0 1524802260 392.978485 421.177216
0 1478226199 1633.353638 963.754761
0 1578518673 1100.100220 586.873840
0 1438981616 945.486084 499.430359
0 1478238215 1599.733643 803.293152
0 1609135173 837.033386 601.100037
0 1524837305 428.928558 409.093811
0 1524793249 540.401978 398.374725
0 1568515662 799.686218 620.108948
0 1568516664 816.804565 546.119385
0 1438991628 812.773071 563.544373
0 1478249230 1518.304810 801.389832
0 1438996634 942.501831 531.350647
0 1578519675 1103.189209 625.857117
0 1524829295 464.834686 363.064484
0 1524864341 489.294952 397.707642
0 1478255238 1758.571045 866.214111
0 1438993631 794.958496 640.543396
0 1524788244 532.613586 410.481567
0 1772785076 1095.900757 533.879150
0 1524828293 611.312500 364.839630
0 1478203171 1798.533691 932.811218
0 1524798255 605.824707 333.337708
0 1478199165 1662.118896 929.175415
0 1578528686 905.248840 583.386292
0 1478192156 1726.544434 966.325378
0 1478228201 1522.009521 1037.305420
0 1772037075 851.065186 529.843506
0 1578515670 900.305054 622.014648
0 1524851323 530.464600 374.965912
0 1478218188 1843.104004 1007.086914
0 1478202169 1481.745117 924.368103
0 1478254236 1867.373413 1047.531616
0 1478246226 1740.099976 835.432373
0 1524809269 489.166840 363.359344
0 1524822285 629.268677 333.601868
0 1524841310 603.980530 424.073639
0 1578515669 1106.544800 668.204590
0 1524854328 513.531250 363.654633
0 0 1124.938477 273.471649
0 1 652.579224 305.838409
0 2 233.806122 488.505615
0 3 460.550415 331.974670
0 4 579.952271 318.763580
0 6 1262.028809 321.203918
0 7 1175.814575 316.024841
0 10 1090.345459 291.220428
0 11 1300.651611 279.595581
0 13 1184.478394 288.057281
0 14 1179.190063 263.173126
0 16 1662.194336 385.725586
0 17 1820.844727 411.724335
0 19 1559.738770 340.334473
0 20 294.654449 431.214752
0 23 783.622314 803.808472
0 25 995.669861 828.923096
0 26 538.219055 705.342041
0 27 699.743042 565.035767
0 28 1467.686401 817.323181
0 29 633.017212 834.833740
0 31 1359.862427 802.776306
0 33 514.703735 827.544800
0 43 1292.702271 259.018982
0 73 302.112061 268.683105
0 77 1077.234741 323.995331
0 81 1002.025574 335.117157
0 108 1901.371460 818.680542
0 109 1838.387329 614.323792
0 110 1655.433594 339.205048
0 114 1784.255615 379.351196
0 115 33.712578 140.181534
0 116 7.605759 176.058792
0 117 436.904541 183.377029
0 118 1862.680786 448.481812
0 120 196.329910 158.706390
0 122 417.485657 171.761307
0 123 376.064880 167.482956
0 125 247.423431 160.639938
0 126 498.909698 277.496368
0 127 506.313843 243.304718
0 130 382.085358 183.516144
0 133 307.920074 177.365646
0 136 0.000000 0.000000
0 137 0.000000 0.000000
