0 1578512666 974.836365 435.771271
0 1524823287 521.884521 960.486694
0 1478234209 1456.176880 301.605865
0 1707269176 1176.091797 437.593628
0 1438989626 944.701965 517.430115
0 1524801259 631.195496 735.208923
0 1438992629 1005.927673 483.431824
0 1478227200 1400.509644 251.594635
0 1524854327 747.487915 736.114746
0 1478249229 1361.877197 224.584900
0 1524807266 422.982269 681.705078
0 1524863340 398.473969 922.165527
0 1524831297 398.270782 733.394592
0 1478229202 1377.983398 251.372894
0 1568509654 1036.243164 483.700317
0 1524790246 413.064880 886.734436
0 1578523681 1222.682129 502.285828
0 1478207175 1410.982422 233.716766
0 1524861337 660.524048 961.435547
0 1478210178 1474.941284 261.681732
0 1524862338 497.253448 682.299683
0 1478186149 1429.301025 261.234222
0 1524797254 371.178162 790.064819
0 1578518674 1147.361816 437.333466
0 1438985621 1187.705322 485.041718
0 1524857331 578.566711 923.426270
0 1478203170 1468.062500 252.259628
0 1438994632 1002.886475 421.291748
0 1578520676 975.879272 500.117523
0 1478237213 1316.409302 311.023071
0 1568511657 1031.168823 421.549591
0 1775370079 946.057861 435.510681
0 1478195160 1512.335938 312.902222
0 1568510655 974.597534 421.033844
0 1478257240 1335.463013 300.442657
0 1578521677 1085.617432 407.803528
0 1524794250 676.084778 888.614685
0 1524812272 663.143799 763.197144
0 1769859072 1061.130249 436.552673
0 1578525683 975.339417 466.807892
0 1770636073 1113.413940 408.058624
0 1524846317 369.171967 886.420593
0 1524833300 623.454651 762.892578
0 1568511656 1227.565186 519.894348
0 1438985620 1127.143555 484.505371
0 1478185148 1504.428345 302.070831
0 1707993177 1162.336792 381.396210
0 1478189152 1311.305542 300.209839
0 1524791247 456.941772 887.048035
0 1524830296 426.917542 853.096130
0 2088218948 1124.203735 468.136505
0 1524827292 533.568970 923.111267
0 1606348170 1183.697510 468.667480
0 1524855329 608.573792 683.190979
0 1478183145 1291.895874 310.787933
0 1438990627 1059.444580 421.807373
0 1524840309 623.547607 923.741211
0 1478222194 1348.490112 279.944702
0 1709860179 946.986633 379.395599
0 1478188151 1310.379272 250.707397
0 1438988624 1121.365967 452.335480
0 1478243222 1279.304932 232.410568
0 1524843313 336.781464 959.219849
0 1524844315 385.043121 761.063171
0 1524858333 429.368805 959.853516
0 1524811271 571.478577 682.893921
0 1524859334 475.635590 960.170166
0 1478216186 1359.615601 300.675385
0 1524851324 719.865234 888.927673
0 1524814275 676.494202 709.067444
0 1578514668 1141.203979 408.313629
0 1478184146 1330.162598 289.932983
0 1524829294 469.682037 853.407837
0 1478176143 1292.275269 259.890717
0 1524860336 682.729858 683.784668
0 1478222193 1350.239502 241.988068
0 1438997636 1066.551025 483.968719
0 1478194158 1301.525146 279.488068
0 1478201168 1416.927490 242.647079
0 1478187150 1472.960938 291.315308
0 1478205172 1423.031494 251.816345
0 1524838306 475.962799 733.999756
0 1568514660 1200.722412 423.095337
0 1524865342 756.839905 684.377991
0 2085418945 1054.710327 380.396362
0 1524808268 669.972229 735.510986
0 1478200167 1412.603149 270.685028
0 1478194159 1394.702271 242.427444
0 1568501643 1144.231201 422.580322
0 1478239216 1282.525024 289.471832
0 1524820283 702.819702 763.501587
0 1438989625 1110.935181 394.257233
0 1568505649 1150.600830 452.598328
0 1478255237 1487.862793 312.667511
0 1524804262 719.790649 684.081360
0 1568506650 1138.274780 394.509705
0 1478217187 1414.412842 311.963043
0 1568505648 1083.589355 394.004700
0 1568497640 1209.049438 453.123840
0 1578511665 1204.814819 437.853699
0 1478258241 1442.364502 280.857452
0 1524796253 504.308289 761.978394
0 1478206173 1389.046387 233.499130
0 1524826291 562.742126 708.168701
0 1578529688 1027.788452 380.146240
0 1478233207 1489.273926 281.313568
0 1708834178 1118.624878 437.073273
0 1478189153 1332.918335 250.929245
0 1568499641 975.083557 451.020233
0 1478245224 1496.744019 291.545563
0 1524852325 524.800720 707.869019
0 1478219190 1257.344482 232.192734
0 1578525682 1030.004883 407.293213
0 1478232206 1305.760132 241.548492
0 1524818280 615.341248 791.908752
0 1524850322 448.881683 707.269226
0 1438996635 1172.480225 422.837891
0 1524832299 574.682007 791.601685
0 1478242220 1458.878296 271.136902
0 1524789245 290.460876 958.902832
0 1438999639 1007.618408 517.978271
0 1478196161 1425.380493 290.854736
0 1478252234 1389.919678 311.728088
0 1524803261 588.475830 887.988403
0 1478211179 1318.548584 224.153503
0 1578523680 974.366577 406.782684
0 1578530689 1037.627930 500.660034
0 1568508653 1101.931030 518.799927
0 1524826290 410.904114 706.969177
0 1524847319 452.621277 790.679871
0 1524810270 742.482422 763.805908
0 1524835302 583.752441 762.588013
0 1524821284 383.084045 959.536804
0 1524799257 534.008972 791.294495
0 1478233208 1343.156738 270.006927
0 1608354172 1108.535767 380.896393
0 1524835303 714.387512 709.366760
0 1478251232 1463.384521 312.432739
0 1524812273 638.588867 708.767944
0 1706512175 944.992981 499.846191
0 1438986622 946.765747 392.741272
0 1478211180 1406.474365 261.010406
0 1524823286 443.522552 922.480896
0 1478223195 1383.763306 300.908051
0 1478244223 1389.458862 270.459045
0 1438987623 1056.237183 393.752136
0 1478193157 1360.807861 260.562653
0 1478198164 1465.821533 281.085510
0 1524862339 555.165161 854.031006
0 1478236212 1278.035645 279.259705
0 1478240217 1306.346191 289.702454
0 1478214183 1445.549072 252.037994
0 1578521678 1099.344482 501.202240
0 1524844314 486.847168 707.569153
0 1524848320 690.111267 822.974121
0 1524806265 544.036987 762.283203
0 1524787243 411.906616 790.372437
0 1478241219 1315.123901 260.114746
0 1524799256 592.406189 734.906738
0 1478190154 1269.422363 259.666626
0 1478226198 1337.968140 260.338715
0 1478208176 1367.106079 233.281509
0 1478214184 1340.917725 311.258118
0 2084722944 1057.814331 407.548431
0 1578522679 1034.907471 467.339539
0 1524825289 308.325775 921.534485
0 1774531078 1068.490234 500.931183
0 1525674169 1005.127136 467.073730
0 1478197162 1426.840942 225.231644
0 1524815276 600.671509 708.468445
0 1768901071 946.537598 406.527313
0 1578526684 1032.372559 436.292236
0 1478182144 1452.123413 261.457977
0 1524853326 460.123657 682.002441
0 1478218189 1287.143188 299.976990
0 1578513667 1089.881104 436.812988
0 1438983618 1115.975708 422.322754
0 1478224196 1325.009888 279.716431
0 1478247227 1461.365356 243.086243
0 1524792248 713.458557 924.370544
0 1524795252 353.408386 921.850037
0 1524808267 606.827759 822.355835
0 1478191155 1287.836182 250.485458
0 1524856330 356.628693 820.498352
0 1478236211 1438.901245 312.197906
0 1478258242 1448.487671 225.447159
0 1478212181 1296.836548 269.554626
0 1478185147 1353.974243 290.163483
0 1568502645 1157.428345 484.773590
0 1568508652 1087.713379 422.065094
0 1438984619 1165.608154 394.762085
0 1659977623 1076.494629 444.246368
0 1478209177 1482.009155 271.362732
0 1438982617 1062.874512 451.809570
0 1524805264 683.275269 854.964966
0 1771287074 1191.859741 502.015015
0 2087111947 1002.188965 407.037994
0 1524817279 534.371765 682.596924
0 1524795251 464.566437 761.673462
0 1478230204 1366.310059 270.233032
0 1478230203 1432.914551 233.934296
0 1524847318 544.647156 887.675049
0 1578516671 1213.433350 468.932861
0 1568513659 1033.618042 451.546509
0 1578529687 1161.029297 501.744171
0 1524819282 514.789856 734.302246
0 1478253235 1319.999023 269.780823
0 1524836304 523.486206 821.737061
0 1478243221 1439.148438 242.866684
0 1568501644 1192.935303 395.014435
0 1438998637 1133.351929 519.073608
0 1524816278 737.236145 792.829224
0 1705773174 945.544250 466.541992
0 1524845316 325.262939 886.106689
0 1524842312 341.342712 852.472290
0 1568507651 976.164307 517.704224
0 1438999638 1001.514038 393.246826
0 1478252233 1365.421143 311.493134
0 1438993630 946.301758 420.775909
0 1478237214 1301.261353 232.628357
0 1524857332 614.328735 961.119324
0 1478248228 1371.965576 280.172974
0 1478225197 1261.264160 241.108780
0 1524859335 440.086517 821.117920
0 1524832298 493.322021 790.987244
0 1478200166 1253.525879 223.506149
0 1478250231 1432.043945 301.373322
0 1478245225 1323.213623 232.846115
0 1438995633 945.273560 482.894623
0 1524804263 597.883789 854.342468
0 1524839308 481.793640 821.427551
0 1524849321 708.736328 735.812927
0 1568512658 975.604492 483.163269
0 1568514661 1096.851074 484.237061
0 1478231205 1480.305054 301.838379
0 1773608077 1003.607910 436.031799
0 1438977615 1179.828735 452.861115
0 1524834301 632.288330 888.301636
0 1607644171 1168.987549 408.568573
0 1524800258 384.137726 852.784241
0 1568504647 974.143066 392.994080
0 1568500642 1092.123779 452.072571
0 1478256239 1395.436523 280.401154
0 1524815277 731.731201 823.283142
0 1568503646 1217.974609 485.309814
0 1478220191 1345.161865 233.063843
0 1478207174 1435.743042 270.910980
0 1524841311 568.115540 960.803040
0 1478213182 1328.001953 241.768295
0 1524813274 648.476746 822.664978
0 1568516663 1028.878784 393.499512
0 1578517672 973.926636 379.645874
0 1578527685 1196.764648 408.823486
0 1478240218 1401.583130 290.624359
0 1478215185 1283.514160 241.328659
0 1524838307 725.948181 855.276062
0 1478197163 1418.902832 280.629303
0 1478221192 1407.906128 301.140747
0 1524819281 398.364838 820.808167
0 2086284946 1064.680298 467.605255
0 1524824288 645.657593 683.487854
0 1524802260 706.701538 961.751526
0 1478226199 1383.643311 260.786560
0 1578518673 1081.625977 380.646393
0 1438981616 945.805481 450.757019
0 1478238215 1265.288696 250.263504
0 1609135173 1130.190918 501.473236
0 1524837305 668.511536 924.055908
0 1524793249 655.986755 792.215637
0 1568515662 1164.764526 519.347290
0 1568516664 1039.064209 518.252197
0 1438991628 1070.501709 518.526123
0 1478249230 1273.669800 269.328430
0 1438996634 1004.354309 451.283417
0 1578519675 1135.439331 381.146332
0 1524829295 488.554291 922.796143
0 1524864341 640.587158 854.653748
0 1478255238 1296.878296 223.937759
0 1438993631 1196.168945 519.620911
0 1524788244 696.618347 792.522461
0 1772785076 1000.860657 379.896088
0 1524828293 553.604309 734.604492
0 1478203171 1340.214844 224.369217
0 1524798255 424.811371 761.368347
0 1478199165 1355.453003 251.151077
0 1578528686 1094.445801 467.870911
0 1478192156 1372.473022 242.207764
0 1478228201 1449.173096 291.085052
0 1772037075 1006.757568 500.388824
0 1578515670 1153.954346 468.402008
0 1524851323 565.164246 822.046509
0 1478218188 1383.535767 224.800522
0 1478202169 1377.781006 290.393951
0 1478254236 1405.190308 225.016098
0 1478246226 1275.204102 223.721985
0 1524809269 500.802490 887.361633
0 1524822285 437.123108 733.697205
0 1524841310 752.268799 709.666016
0 1478235210 1454.842651 234.151810
0 1578515669 1189.228271 381.646057
0 1524854328 512.431213 853.719543
0 0 1611.957031 795.025940
0 1 761.071228 282.848053
0 2 1489.578613 288.155914
0 3 1065.101318 823.291504
0 4 1161.746704 285.455353
0 5 1559.469971 445.084686
0 6 708.256042 828.997253
0 7 812.147705 338.037079
0 8 760.487915 410.012573
0 9 1079.281494 164.764206
0 10 874.285034 274.029480
0 11 1448.374634 302.432861
0 12 614.031372 265.483612
0 13 1462.425293 354.340179
0 14 496.998474 374.336731
0 15 1352.255493 258.799194
0 16 1743.656616 773.520081
0 17 673.181580 220.351807
0 18 1768.207031 718.224365
0 19 1628.203491 326.181732
0 20 1017.053040 165.354355
0 21 1596.014160 722.199646
0 22 849.545471 149.741196
0 23 536.219360 422.610168
0 24 1485.324829 328.839172
0 25 1666.809204 432.996338
0 26 1765.047729 599.134399
0 27 1246.796875 174.896515
0 28 621.117737 304.120819
0 29 673.707642 639.857361
0 30 993.636719 288.840210
0 31 1652.519653 579.517578
0 32 1561.347534 297.776398
0 33 1667.543335 668.585571
0 34 1446.735474 253.568512
0 35 1408.752686 276.084930
0 36 1647.923828 388.648743
0 37 1754.296265 480.113342
0 38 721.170898 179.849197
0 39 1517.864990 266.074219
