0 1578512666 1007.237000 495.667938
0 1524823287 1391.125977 813.211243
0 1478234209 1082.885132 324.437805
0 1707269176 1105.456299 441.184723
0 1438989626 1088.821045 534.696167
0 1524801259 1194.089233 711.950806
0 1438992629 1078.731567 504.320312
0 1478227200 1003.564331 315.337616
0 1524854327 1244.631104 669.901978
0 1478249229 953.752563 311.931091
0 1524807266 1022.754822 782.970825
0 1524863340 1304.298462 855.955322
0 1524831297 1077.713867 808.770264
0 1478229202 992.503967 319.972687
0 1568509654 1093.197388 495.745392
0 1524790246 1270.872070 841.240723
0 1578523681 1192.650269 453.024414
0 1478207175 988.502075 305.599457
0 1524861337 1438.239990 760.957764
0 1478210178 1048.904175 304.414551
0 1524862338 1064.581909 750.429749
0 1478186149 1027.714844 313.426147
0 1524797254 1136.250000 836.248840
0 1578518674 1092.315186 448.474152
0 1438985621 1160.847412 455.644409
0 1524857331 1374.033081 782.191772
0 1478203170 1035.688110 301.875549
0 1438994632 1004.148071 481.945038
0 1578520676 1083.661133 519.161255
0 1478237213 1030.178101 358.142975
0 1568511657 1018.836121 473.966125
0 1775370079 991.923645 504.162415
0 1478195160 1118.084473 317.705017
0 1568510655 989.131714 490.102264
0 1478257240 1027.333008 349.577118
0 1578521677 1029.713745 453.614471
0 1524794250 1373.775024 737.176025
0 1524812272 1239.080078 707.997620
0 1769859072 1051.169922 471.297852
0 1578525683 1044.622437 507.160492
0 1770636073 1043.527832 446.261627
0 1524846317 1251.570435 860.760376
0 1524833300 1221.902100 722.807495
0 1568511656 1212.179565 458.011078
0 1438985620 1134.682007 471.154510
0 1478185148 1103.819214 314.964447
0 1707993177 1036.482178 423.179230
0 1478189152 1015.631897 354.872253
0 1524791247 1289.505981 822.396423
0 1524830296 1238.531128 827.003845
0 2088218948 1115.705444 465.972290
0 1524827292 1357.487915 799.692871
0 1606348170 1142.014160 450.728058
0 1524855329 1122.595947 705.295349
0 1478183145 1018.298401 363.607788
0 1438990627 1033.206543 466.159729
0 1524840309 1390.034790 765.265625
0 1478222194 1010.564575 338.271057
0 1709860179 921.569336 481.992737
0 1478188151 958.203613 334.346893
0 1438988624 1097.113037 460.894989
0 1478243222 920.202942 333.415192
0 1524843313 1320.153687 891.925476
0 1524844315 1106.513428 822.289551
0 1524858333 1356.908691 851.161072
0 1524811271 1103.849609 719.879822
0 1524859334 1374.317871 831.852905
0 1478216186 1038.830322 344.374207
0 1524851324 1389.043945 721.734680
0 1524814275 1184.574951 687.319824
0 1578514668 1057.055542 439.061279
0 1478184146 1013.055481 346.431610
0 1524829294 1257.418213 808.702759
0 1478176143 959.785889 342.315369
0 1524860336 1158.443481 677.406250
0 1478222193 968.124146 321.904297
0 1438997636 1107.337280 487.363708
0 1478194158 987.252625 348.491211
0 1478201168 1001.376099 308.169067
0 1478187150 1079.358032 316.904480
0 1478205172 1014.445618 310.777679
0 1524838306 1119.028931 774.397888
0 1568514660 1100.637085 429.529846
0 1524865342 1192.253418 651.102478
0 2085418945 981.437195 451.351837
0 1524808268 1211.443237 697.512939
0 1478200167 1030.359863 320.790497
0 1478194159 990.471619 312.673309
0 1568501643 1074.512329 443.721527
0 1478239216 989.387268 356.971924
0 1524820283 1255.741943 693.632690
0 1438989625 1026.361206 441.573669
0 1568505649 1110.474854 453.322021
0 1478255237 1107.742920 322.462250
0 1524804262 1175.592163 664.064819
0 1568506650 1039.934937 434.490753
0 1478217187 1075.647827 337.226379
0 1568505648 1012.502869 448.805054
0 1568497640 1136.359741 438.651245
0 1578511665 1118.324951 434.046265
0 1478258241 1054.871582 318.846466
0 1524796253 1167.019531 770.124390
0 1478206173 977.576294 310.049164
0 1524826291 1130.403320 730.872986
0 1578529688 966.946350 458.768372
0 1478233207 1075.942261 309.608917
0 1708834178 1078.893311 455.919434
0 1478189153 969.828308 329.475311
0 1568499641 1025.729736 501.352722
0 1478245224 1089.773315 312.266113
0 1524852325 1111.207520 746.306274
0 1478219190 908.146912 338.325134
0 1578525682 1001.188660 468.797424
0 1478232206 945.028625 331.444244
0 1524818280 1250.534790 733.984314
0 1524850322 1070.940918 778.679932
0 1438996635 1087.710083 436.552155
0 1524832299 1233.008179 749.667419
0 1478242220 1051.840820 311.516571
0 1524789245 1300.734619 913.462891
0 1438999639 1118.495117 516.249512
0 1478196161 1058.001221 326.415436
0 1478252234 1064.577148 342.319031
0 1524803261 1341.730347 769.582458
0 1478211179 930.964722 321.083923
0 1578523680 971.401978 484.651978
0 1578530689 1112.791626 501.484253
0 1568508653 1160.473389 490.153992
0 1524826290 1049.808105 795.670349
0 1524847319 1176.900757 799.873596
0 1524810270 1271.910400 679.693054
0 1524835302 1204.183594 738.083496
0 1524821284 1338.865845 871.172180
0 1524799257 1214.912842 765.859680
0 1478233208 996.769409 335.292450
0 1608354172 1009.525330 436.976013
0 1524835303 1201.576660 673.650696
0 1478251232 1097.225952 327.300171
0 1524812273 1167.061401 701.400452
0 1706512175 1068.574341 528.316162
0 1438986622 938.610535 487.362671
0 1478211180 1016.858826 318.043060
0 1524823286 1322.651733 836.541626
0 1478223195 1050.129150 339.261047
0 1478244223 1019.350220 325.543701
0 1438987623 998.350769 456.189697
0 1478193157 994.602112 327.508484
0 1478198164 1065.493408 314.189758
0 1524862339 1293.326782 773.908020
0 1478236212 975.289185 353.736053
0 1478240217 1001.325439 351.655457
0 1478214183 1025.152100 306.290863
0 1578521678 1140.610107 484.603424
0 1524844314 1091.396606 762.233826
0 1524848320 1313.047607 714.773193
0 1524806265 1185.898560 753.847839
0 1524787243 1156.922119 817.750977
0 1478241219 971.588623 337.295807
0 1524799256 1176.197021 726.836365
0 1478190154 947.778992 347.421722
0 1478226198 983.192505 332.360870
0 1478208176 966.473450 314.570923
0 1478214184 1041.847534 352.774902
0 2084722944 1015.603882 461.124695
0 1578522679 1074.017456 490.127869
0 1524825289 1265.547485 896.945007
0 1774531078 1126.859375 492.947693
0 1525674169 1059.487549 498.547058
0 1478197162 986.592407 298.740845
0 1524815276 1149.012451 715.911560
0 1768901071 956.008972 492.845154
0 1578526684 1036.849121 479.241821
0 1478182144 1038.395264 308.883911
0 1524853326 1044.003784 766.439331
0 1478218189 1003.721680 360.262085
0 1578513667 1065.181396 463.525604
0 1438983618 1061.035156 451.042603
0 1478224196 999.009277 343.337006
0 1478247227 1022.667969 299.374207
0 1524792248 1420.510864 733.028809
0 1524795252 1285.276123 876.076660
0 1524808267 1280.023926 745.495361
0 1478191155 946.381104 339.301331
0 1524856330 1166.970459 850.669922
0 1478236211 1086.529053 332.220825
0 1478258242 997.197998 294.481079
0 1478212181 973.408020 345.378265
0 1478185147 1024.583008 341.297913
0 1568502645 1147.907349 463.314941
0 1568508652 1047.269653 458.520325
0 1438984619 1053.232666 427.551910
0 1659977623 1067.320312 469.965118
0 1478209177 1062.320801 306.992065
0 1438982617 1069.505005 476.542328
0 1524805264 1342.964722 725.809875
0 1771287074 1180.065308 460.661194
0 2087111947 986.458191 476.638000
0 1524817279 1084.520752 734.917480
0 1524795251 1147.516968 786.938477
0 1478230204 1008.154907 330.376984
0 1478230203 999.255066 301.220215
0 1524847318 1324.904419 786.598328
0 1578516671 1154.751709 443.347412
0 1568513659 1055.238892 484.627899
0 1578529687 1167.203247 468.466156
0 1524819282 1138.694824 758.036621
0 1478253235 985.188782 340.292114
0 1524836304 1244.823486 778.242615
0 1478243221 1012.106873 303.736572
0 1568501644 1066.262695 420.752686
0 1438998637 1173.836304 481.846985
0 1524816278 1299.957520 689.759705
0 1705773174 1029.410400 515.974976
0 1524845316 1231.564331 880.992310
0 1524842312 1198.724243 865.576111
0 1568507651 1103.834961 525.362854
0 1438999638 969.127319 471.438721
0 1478252233 1053.312012 347.501099
0 1438993630 973.776062 498.443848
0 1478237214 932.058716 328.586761
0 1524857332 1423.059448 777.794312
0 1478248228 1021.923523 333.291199
0 1478225197 921.146790 341.308960
0 1524859335 1207.223633 813.222046
0 1524832298 1196.220337 782.586121
0 1478200166 895.351318 335.388184
0 1478250231 1072.151733 329.295044
0 1478245225 943.719238 323.837860
0 1438995633 1048.775757 522.077271
0 1524804263 1310.408691 757.356018
0 1524839308 1226.338623 795.439270
0 1524849321 1228.283081 683.502930
0 1568512658 1063.928223 513.095276
0 1568514661 1121.161987 479.168823
0 1478231205 1093.439453 319.661621
0 1773608077 1022.208374 487.363190
0 1438977615 1123.554077 445.909119
0 1524834301 1358.011841 753.117065
0 1607644171 1070.305420 432.008728
0 1524800258 1218.978394 845.950134
0 1568504647 954.035950 479.313538
0 1568500642 1083.459717 468.633270
0 1478256239 1033.091187 328.395203
0 1524815277 1328.805176 700.113770
0 1568503646 1173.511353 448.137543
0 1478220191 955.189270 319.166534
0 1478207174 1041.188599 316.115417
0 1524841311 1407.363647 795.202332
0 1478213182 956.672241 326.634644
0 1524813274 1296.795044 729.893066
0 1568516663 983.895630 463.732544
0 1578517672 937.022705 474.083557
0 1578527685 1083.286255 425.099487
0 1478240218 1047.051025 331.292053
0 1478215185 933.188477 336.334991
0 1524838307 1358.488403 710.767639
0 1478197163 1044.072266 323.580933
0 1478221192 1061.234619 334.235413
0 1524819281 1187.445923 831.621399
0 2086284946 1088.223389 481.896454
0 1524824288 1140.785767 691.143860
0 1524802260 1452.930420 744.664856
0 1478226199 1005.822693 322.736542
0 1578518673 995.627075 444.089294
0 1438981616 1010.464111 510.004791
0 1478238215 934.355774 344.340759
0 1609135173 1154.054688 476.444946
0 1524837305 1405.519043 748.886719
0 1524793249 1267.518921 718.786499
0 1568515662 1186.901855 473.724854
0 1568516664 1132.813721 507.348389
0 1438991628 1146.802734 498.652222
0 1478249230 961.421692 350.553070
0 1438996634 1040.650757 492.895935
0 1578519675 1023.140808 430.007446
0 1524829295 1340.370850 817.798950
0 1524864341 1326.946045 741.331543
0 1478255238 919.289185 325.773438
0 1438993631 1199.679810 465.781525
0 1524788244 1283.985352 704.051941
0 1772785076 952.144897 466.343903
0 1524828293 1157.741211 742.190796
0 1478203171 942.450989 316.470398
0 1524798255 1127.359375 804.317261
0 1478199165 981.260254 324.684601
0 1578528686 1102.115967 473.846588
0 1478192156 979.389160 317.251099
0 1478228201 1068.768799 321.620270
0 1772037075 1098.395996 510.219757
0 1578515670 1129.001709 458.267944
0 1524851323 1262.708984 761.603516
0 1478218188 964.873779 307.464203
0 1478202169 1035.913086 336.252167
0 1478254236 975.819031 303.067993
0 1478246226 907.419678 330.540894
0 1524809269 1307.506104 804.193054
0 1524822285 1098.712891 791.299988
0 1524841310 1218.088623 660.375305
0 1478235210 1009.839233 296.909637
0 1578515669 1049.557495 416.487183
0 1524854328 1275.672974 791.014221
0 0 906.125122 678.321533
0 1 1485.521729 492.180969
0 2 828.242493 495.990448
0 3 831.028687 646.362122
0 4 1168.101074 607.781738
0 5 1424.513916 588.848206
0 6 552.476196 520.287659
0 7 1498.389526 423.284668
0 8 1547.672241 383.834045
0 9 942.694397 290.255127
0 10 1476.793335 446.867065
0 11 1638.808716 459.509491
0 12 641.886353 382.788544
0 13 1411.169312 371.107513
0 14 584.922058 393.371857
0 15 805.285034 438.905548
0 16 939.522644 728.188904
0 17 828.654785 315.081390
0 18 1518.052490 396.721313
0 19 818.958313 454.756073
0 20 1197.479004 725.317688
0 21 1319.925049 312.156281
0 22 1273.979248 697.085266
0 23 549.109802 490.631592
0 24 1591.854370 434.959564
0 25 1064.855713 338.571960
0 26 988.328003 360.852142
0 27 1585.995239 410.109650
0 28 1125.613770 321.405579
0 29 1490.886841 345.328186
0 30 891.382080 506.720764
0 31 1179.119751 772.548462
0 32 987.993835 336.031036
0 33 1163.290527 296.055786
0 34 859.775757 391.902313
0 35 1298.018188 746.208069
0 36 772.720398 429.263550
0 37 1035.053345 316.895294
0 38 1077.889404 305.356873
0 39 894.100098 375.865845
