0 1578512666 910.268738 435.107513
0 1524823287 1030.839844 228.789383
0 1478234209 263.267426 660.751587
0 1707269176 718.930908 446.937012
0 1438989626 914.274536 376.726410
0 1524801259 1045.564209 278.616821
0 1438992629 871.989563 401.261230
0 1478227200 260.777527 776.831970
0 1524854327 983.641785 281.179108
0 1478249229 277.567230 858.438904
0 1524807266 1179.967285 288.935791
0 1524863340 1092.004761 233.291595
0 1524831297 1166.313110 273.620300
0 1478229202 303.839142 772.552429
0 1568509654 846.284546 402.724915
0 1524790246 1097.413696 239.871002
0 1578523681 687.437866 400.185303
0 1478207175 195.511765 838.033569
0 1524861337 974.084106 230.743546
0 1478210178 141.100372 763.065125
0 1524862338 1139.211548 290.713287
0 1478186149 227.335754 754.766357
0 1524797254 1153.329712 259.057281
0 1578518674 746.870056 445.209686
0 1438985621 715.040283 410.198486
0 1524857331 1016.469482 235.961731
0 1478203170 128.760818 789.952209
0 1438994632 887.632446 449.384247
0 1578520676 893.528442 388.763794
0 1478237213 492.335480 621.546021
0 1568511657 860.261963 451.124084
0 1775370079 936.816101 433.466217
0 1478195160 194.794556 646.069336
0 1568510655 914.801941 447.657227
0 1478257240 452.467041 644.678650
0 1578521677 807.779419 467.933533
0 1524794250 982.221802 244.051392
0 1524812272 1020.130554 271.875549
0 1769859072 829.463928 440.103271
0 1578525683 901.633301 411.201263
0 1770636073 779.321106 469.793732
0 1524846317 1116.260254 239.187042
0 1524833300 1040.408569 271.058197
0 1568511656 686.666260 389.004425
0 1438985620 768.089478 407.177643
0 1478185148 185.005005 667.400208
0 1707993177 724.771973 502.093170
0 1478189152 489.241730 641.554565
0 1524791247 1078.467896 240.558533
0 1524830296 1102.953125 246.608932
0 2088218948 770.190857 418.892944
0 1524827292 1035.501587 235.288971
0 1606348170 716.295044 422.046783
0 1524855329 1077.194336 293.417999
0 1478183145 527.997314 618.606750
0 1438990627 832.688293 452.876801
0 1524840309 997.337402 236.638077
0 1478222194 405.363190 691.220459
0 1709860179 957.680542 485.984436
0 1478188151 430.296539 759.984741
0 1438988624 772.361206 430.992340
0 1478243222 463.255676 809.614685
0 1524843313 1105.158203 226.230484
0 1524844315 1159.740723 266.248230
0 1524858333 1068.190186 227.503342
0 1524811271 1097.985840 292.511200
0 1524859334 1049.563232 228.144730
0 1478216186 415.343994 647.832336
0 1524851324 962.663513 244.761185
0 1524814275 1030.078003 287.254059
0 1578514668 750.645386 471.668121
0 1478184146 448.420197 665.725647
0 1524829294 1083.792969 247.322769
0 1478176143 475.428101 730.891541
0 1524860336 1035.248413 295.247345
0 1478222193 339.221558 795.267090
0 1438997636 820.400818 404.198853
0 1478194158 482.641754 684.238464
0 1478201168 206.654251 808.879333
0 1478187150 215.028915 686.168884
0 1478205172 217.249054 781.158020
0 1524838306 1126.513306 275.267181
0 1568514660 691.692261 461.839142
0 1524865342 992.811829 297.098145
0 2085418945 843.046814 493.912872
0 1524808268 1025.040405 279.466064
0 1478200167 278.348389 725.751770
0 1478194159 251.331802 804.291748
0 1568501643 748.725647 458.213837
0 1478239216 523.247986 659.171326
0 1524820283 999.738708 272.697479
0 1438989625 781.803833 483.635101
0 1568505649 745.075562 432.633392
0 1478255237 233.223007 642.902100
0 1524804262 1014.091980 296.170044
0 1568506650 752.632812 485.596283
0 1478217187 346.350159 633.578064
0 1568505648 810.750000 481.689056
0 1568497640 689.905884 435.951508
0 1578511665 690.783997 448.677185
0 1478258241 246.123901 705.607300
0 1524796253 1100.569702 268.633270
0 1478206173 241.400558 833.162842
0 1524826291 1092.050415 284.621429
0 1578529688 872.039978 491.907623
0 1478233207 164.067780 713.020874
0 1708834178 774.603821 443.495026
0 1478189153 388.591370 764.129517
0 1568499641 905.881531 422.961945
0 1478245224 174.772919 689.695068
0 1524852325 1112.473511 283.753845
0 1478219190 506.167145 805.059937
0 1578525682 864.054077 464.255096
0 1478232206 425.210358 786.437622
0 1524818280 1035.381714 263.688324
0 1524850322 1152.973877 282.033386
0 1438996635 720.316345 460.019653
0 1524832299 1055.309692 262.905884
0 1478242220 195.121262 733.510559
0 1524789245 1123.500732 225.598938
0 1438999639 864.880432 379.390900
0 1478196161 294.354431 679.220642
0 1478252234 383.356567 630.528015
0 1524803261 1021.026855 242.643127
0 1478211179 369.211029 848.378662
0 1578523680 919.488586 460.631622
0 1578530689 843.060364 391.560760
0 1568508653 789.536255 383.455261
0 1524826290 1173.053101 281.180389
0 1524847319 1114.442139 260.584167
0 1524810270 979.232117 273.524078
0 1524835302 1060.573853 270.245392
0 1524821284 1086.721680 226.865265
0 1524799257 1075.128418 262.127747
0 1478233208 400.029175 714.408081
0 1608354172 784.375305 497.970795
0 1524835303 1009.182678 288.141693
0 1478251232 271.288361 639.764709
0 1524812273 1050.853760 286.371521
0 1706512175 918.506836 387.379517
0 1438986622 952.196167 472.179596
0 1478211180 269.772583 750.682495
0 1524823286 1073.268433 233.953949
0 1478223195 377.867645 651.016052
0 1478244223 319.323486 721.931885
0 1438987623 839.473755 479.757935
0 1478193157 353.320160 742.642395
0 1478198164 205.304016 709.295288
0 1524862339 1045.165039 248.761932
0 1478236212 520.715820 680.798645
0 1478240217 486.013428 662.432800
0 1478214183 173.246094 785.531128
0 1578521678 791.898926 394.396088
0 1524844314 1132.781006 282.891174
0 1524848320 990.763062 258.019257
0 1524806265 1080.627197 269.437103
0 1524787243 1133.938721 259.818665
0 1478241219 435.145081 734.768066
0 1524799256 1065.972534 277.772308
0 1478190154 515.300110 727.054443
0 1478226198 394.444611 738.684875
0 1478208176 286.772095 828.346924
0 1478214184 456.344452 624.512390
0 2084722944 836.022949 466.087372
0 1578522679 849.611633 414.245483
0 1524825289 1129.187134 231.977219
0 1774531078 817.567261 392.973572
0 1525674169 875.713684 412.718048
0 1478197162 136.055267 873.973450
0 1524815276 1071.510864 285.493988
0 1768901071 946.896606 458.840088
0 1578526684 856.594788 438.425903
0 1478182144 184.447418 758.893677
0 1524853326 1159.647705 289.821991
0 1478218189 525.672852 638.459595
0 1578513667 802.134338 441.792938
0 1438983618 776.922485 456.421509
0 1478224196 444.192719 687.712341
0 1478247227 115.792526 818.209167
0 1524792248 958.769531 238.001419
0 1524795252 1110.644043 232.632721
0 1524808267 1030.478760 256.500244
0 1478191155 471.563782 755.883484
0 1524856330 1147.074341 252.040848
0 1478236211 308.995728 636.656860
0 1478258242 87.767242 879.274292
0 1478212181 479.116852 707.035095
0 1478185147 410.463074 669.050415
0 1568502645 741.658081 408.682739
0 1568508652 804.909180 454.642548
0 1438984619 723.234192 487.572754
0 1659977623 814.360901 434.698822
0 1478209177 152.855850 737.450745
0 1438982617 826.344543 427.745605
0 1524805264 986.440063 250.949783
0 1771287074 713.825012 398.722961
0 2087111947 891.875122 462.436584
0 1524817279 1118.657959 291.609680
0 1524795251 1120.402222 267.833893
0 1478230204 359.881653 718.150757
0 1478230203 149.096634 842.960144
0 1524847318 1040.275269 241.944565
0 1578516671 689.056396 423.640717
0 1568513659 853.046570 426.139618
0 1578529687 740.029663 397.270691
0 1524819282 1106.446045 276.097565
0 1478253235 439.772186 710.703003
0 1524836304 1069.764526 254.997696
0 1478243221 161.477280 813.518188
0 1568501644 693.605408 489.564697
0 1438998637 764.080566 384.828430
0 1524816278 974.933533 266.061737
0 1705773174 927.372314 409.695099
0 1524845316 1135.008301 238.506653
0 1524842312 1140.968994 245.192612
0 1568507651 889.659912 378.054199
0 1438999638 896.264526 475.939880
0 1478252233 420.019714 627.506226
0 1438993630 941.772827 445.942841
0 1478237214 419.868500 814.219910
0 1524857332 993.101013 230.088791
0 1478248228 366.147339 694.763489
0 1478225197 509.359131 777.797058
0 1524859335 1108.627563 253.511292
0 1524832298 1094.838989 261.353821
0 1478200166 502.812469 833.712524
0 1478250231 301.834503 657.475220
0 1478245225 375.997620 818.876404
0 1438995633 922.870667 398.363861
0 1524804263 1025.695312 249.487274
0 1524839308 1089.248535 254.252487
0 1524849321 1004.399902 280.320129
0 1568512658 897.517639 399.807556
0 1568514661 794.336365 405.683075
0 1478231205 224.326004 664.059753
0 1773608077 883.528992 436.760712
0 1438977615 717.591187 434.286407
0 1524834301 1001.675964 243.345383
0 1607644171 721.749939 473.556885
0 1524800258 1122.011353 245.898926
0 1568504647 924.336487 474.052582
0 1568500642 799.450073 429.363129
0 1478256239 326.539459 698.341980
0 1524815277 970.741760 258.784973
0 1568503646 688.234131 411.724915
0 1478220191 331.634888 823.585144
0 1478207174 236.949829 729.611084
0 1524841311 1012.019348 229.437393
0 1478213182 382.449677 790.828369
0 1524813274 1010.674988 257.257660
0 1568516663 867.977783 477.841614
0 1578517672 929.354187 487.943573
0 1578527685 692.632141 475.460175
0 1478240218 333.435638 675.797363
0 1478215185 467.511017 782.094116
0 1524838307 966.653015 251.686966
0 1478197163 286.533661 701.956421
0 1478221192 340.032867 654.230164
0 1524819281 1127.902588 252.774124
0 2086284946 823.325073 415.783661
0 1524824288 1056.282227 294.330017
0 1524802260 954.967834 231.401764
0 1478226199 311.765106 746.641418
0 1578518673 813.826172 495.933868
0 1438981616 932.018433 421.389984
0 1478238215 512.399963 751.825134
0 1609135173 766.053711 395.828461
0 1524837305 978.104309 237.317917
0 1524793249 1015.343628 264.475098
0 1568515662 738.451599 386.210968
0 1568516664 839.934448 380.736572
0 1438991628 814.820312 382.091339
0 1478249230 518.069153 703.403748
0 1438996634 879.558228 424.545135
0 1578519675 754.691467 500.023834
0 1524829295 1054.434204 234.619705
0 1524864341 1006.120605 250.216568
0 1478255238 414.251251 843.434387
0 1438993631 712.647400 387.602936
0 1524788244 995.194458 265.266205
0 1772785076 900.808228 489.917908
0 1524828293 1086.266113 276.932587
0 1478203171 323.652710 853.379822
0 1524798255 1140.125488 267.038879
0 1478199165 346.441315 768.318481
0 1578528686 796.852173 417.332794
0 1478192156 295.518219 799.754639
0 1478228201 254.887421 682.677612
0 1772037075 868.380188 390.157501
0 1578515670 743.339111 420.464233
0 1524851323 1050.174927 255.746933
0 1478218188 230.945511 863.556824
0 1478202169 372.136688 672.407532
0 1478254236 183.778046 868.734619
0 1478246226 458.782257 838.545959
0 1524809269 1059.421997 241.249741
0 1524822285 1146.468506 274.441467
0 1524841310 988.166748 289.034454
0 1478235210 102.146187 847.943542
0 1578515669 694.613831 504.178986
0 1524854328 1064.530640 248.040421
0 0 1425.517334 619.647888
0 1 907.745117 237.177338
0 2 1105.859741 454.248566
0 3 1536.790771 766.284973
0 4 1074.504150 312.490784
0 5 1261.875000 354.770569
0 6 706.001465 856.601501
0 7 982.536865 247.924469
0 8 588.155334 266.309265
0 9 373.417938 393.636658
0 10 1013.885315 284.510254
0 11 1110.304199 208.064590
0 12 275.801514 792.454102
0 13 1361.481934 509.134583
0 14 287.641327 674.266357
0 15 921.644104 547.117920
0 16 1439.514404 576.868103
0 17 347.526215 461.166931
0 18 930.331238 219.972137
0 19 367.754059 530.256470
0 20 388.101440 359.211670
0 21 238.201950 384.443939
0 22 453.478973 290.538208
0 23 351.198059 852.782654
0 24 1125.497070 222.980560
0 25 216.516983 507.812775
0 26 359.830322 570.223694
0 27 1172.793457 238.189743
0 28 414.015930 256.624054
0 29 465.449982 254.958557
0 30 1070.535889 367.697296
0 31 1345.286743 467.777222
0 32 288.904907 608.203918
0 33 263.044617 432.688843
0 34 822.796021 560.947998
0 35 1298.382080 391.328339
0 36 1170.625244 512.290283
0 37 219.410751 583.325623
0 38 394.801880 310.431702
0 39 524.031311 560.644287
