0 1578512666 969.509155 731.588013
0 1524823287 1409.079834 650.664490
0 1478234209 483.242523 686.777039
0 1707269176 853.376648 690.137146
0 1438989626 1058.765625 703.476746
0 1524801259 1325.922852 685.284119
0 1438992629 996.011353 704.947144
0 1478227200 389.989441 725.622559
0 1524854327 1268.035400 669.596313
0 1478249229 331.815002 754.515747
0 1524807266 1434.231934 733.669617
0 1524863340 1460.698608 670.869995
0 1524831297 1452.590698 719.611633
0 1478229202 401.682404 731.963928
0 1568509654 978.897644 699.204529
0 1524790246 1452.508789 676.664001
0 1578523681 897.415344 661.431946
0 1478207175 332.977875 733.619446
0 1524861337 1352.651733 636.906128
0 1478210178 378.131226 700.824341
0 1524862338 1389.594482 721.173401
0 1478186149 400.498199 712.571106
0 1524797254 1470.079102 706.220032
0 1578518674 868.964050 695.700684
0 1438985621 898.279053 672.152039
0 1524857331 1381.370728 651.247559
0 1478203170 356.362122 707.385620
0 1438994632 936.411926 732.408508
0 1578520676 1027.440186 704.210754
0 1478237213 577.803040 714.746216
0 1568511657 919.086975 726.090454
0 1775370079 987.538391 738.023132
0 1478195160 479.659668 670.223267
0 1568510655 954.113281 738.863831
0 1478257240 544.873291 715.517883
0 1578521677 869.556091 720.690125
0 1524794250 1334.877808 647.138306
0 1524812272 1316.140259 674.077271
0 1769859072 917.669495 713.085022
0 1578525683 999.178528 717.566711
0 1770636073 853.260193 714.615356
0 1524846317 1473.453369 681.921143
0 1524833300 1335.685913 679.291016
0 1568511656 911.440613 655.934387
0 1438985620 929.575439 682.653870
0 1478185148 460.274292 676.066101
0 1707993177 788.416870 716.156006
0 1478189152 557.982300 721.631104
0 1524791247 1431.965332 671.507507
0 1524830296 1444.133179 682.589478
0 2088218948 915.017273 688.750977
0 1524827292 1400.649902 656.016479
0 1606348170 883.650452 678.011292
0 1524855329 1326.042969 703.382141
0 1478183145 591.237732 720.840942
0 1438990627 902.126343 719.905334
0 1524840309 1362.443237 646.565735
0 1478222194 491.130066 723.219421
0 1709860179 923.759033 768.957092
0 1478188151 438.326233 751.836792
0 1438988624 900.119080 694.990479
0 1478243222 404.310944 775.009460
0 1524843313 1489.343750 670.234436
0 1524844315 1461.439697 712.835510
0 1524858333 1448.460205 660.266235
0 1524811271 1346.791504 709.190674
0 1524859334 1428.587402 655.420837
0 1478216186 532.036072 709.531372
0 1524851324 1316.515015 642.529236
0 1524814275 1296.135864 685.963135
0 1578514668 837.300598 708.665955
0 1478184146 524.613281 722.423950
0 1524829294 1423.439697 677.317688
0 1478176143 473.575317 750.950195
0 1524860336 1285.786377 692.112366
0 1478222193 390.834900 745.934265
0 1438997636 962.127197 693.576965
0 1478194158 516.842285 735.921204
0 1478201168 356.043579 726.429077
0 1478187150 451.749481 687.466492
0 1478205172 378.543518 719.415100
0 1524838306 1408.638672 707.700439
0 1568514660 822.407593 690.833496
0 1524865342 1247.103394 681.283081
0 2085418945 853.132812 741.403687
0 1524808268 1306.251221 679.953003
0 1478200167 433.548218 711.807312
0 1478194159 367.389954 732.790222
0 1568501643 853.319702 702.106567
0 1478239216 551.006165 735.086243
0 1524820283 1296.967407 668.962952
0 1438989625 836.875061 721.477600
0 1568505649 884.246460 689.442932
0 1478255237 491.090820 675.408997
0 1524804262 1266.254028 686.644287
0 1568506650 820.893066 715.384399
0 1478217187 526.761230 691.591003
0 1568505648 853.197937 727.700745
0 1568497640 853.431274 678.672852
0 1578511665 838.097290 684.683533
0 1478258241 442.849213 699.368958
0 1524796253 1396.673096 695.559204
0 1478206173 344.215912 740.140137
0 1524826291 1356.737061 702.652832
0 1578529688 870.204651 748.063965
0 1478233207 420.155121 688.158142
0 1708834178 884.868652 701.377502
0 1478189153 425.842194 745.066345
0 1568499641 984.526306 724.491150
0 1478245224 440.444611 682.042847
0 1524852325 1377.766113 708.444336
0 1478219190 417.174927 782.473633
0 1578525682 903.200073 733.231873
0 1478232206 415.339417 759.672363
0 1524818280 1345.230957 673.431885
0 1524850322 1421.145752 720.391235
0 1438996635 837.707642 696.413147
0 1524832299 1365.028687 678.631226
0 1478242220 410.543396 700.095459
0 1524789245 1510.376343 675.362671
0 1438999639 1023.736023 692.172607
0 1478196161 475.049164 698.644836
0 1478252234 539.133484 697.203735
0 1524803261 1372.628662 656.613892
0 1478211179 355.337219 768.658997
0 1578523680 938.324219 746.325500
0 1578530689 992.981323 692.873596
0 1568508653 973.741272 676.039062
0 1524826290 1443.524048 726.554260
0 1524847319 1426.798096 694.853333
0 1524810270 1278.156860 663.945374
0 1524835302 1355.615723 684.607300
0 1524821284 1468.708618 665.203186
0 1524799257 1385.214722 683.932556
0 1478233208 469.910889 730.319946
0 1608354172 820.083374 728.510071
0 1524835303 1276.723877 680.617004
0 1478251232 502.746948 680.696899
0 1524812273 1315.934204 691.415649
0 1706512175 1045.203003 710.054871
0 1438986622 940.329590 760.920166
0 1478211180 412.035522 718.630371
0 1524823286 1440.303345 665.825134
0 1478223195 519.462219 703.667664
0 1478244223 445.413879 717.848267
0 1438987623 869.872803 734.058105
0 1478193157 435.855865 731.140503
0 1478198164 431.387695 693.707031
0 1524862339 1383.232178 667.074463
0 1478236212 530.121643 742.481140
0 1478240217 537.668274 728.687195
0 1478214183 367.336853 713.337463
0 1578521678 959.875305 681.981628
0 1524844314 1399.231201 714.355835
0 1524848320 1316.333374 657.814148
0 1524806265 1375.940796 690.028931
0 1524787243 1448.219971 700.479248
0 1478241219 460.725281 744.201599
0 1524799256 1345.985474 690.721191
0 1478190154 486.714661 757.850769
0 1478226198 448.155182 737.599915
0 1478208176 355.702759 746.805298
0 1478214184 564.646484 708.777771
0 2084722944 886.198975 726.894226
0 1578522679 964.478882 705.686035
0 1524825289 1502.681641 681.254883
0 1774531078 976.264221 687.373657
0 1525674169 981.649048 711.564819
0 1478197162 298.445435 734.451477
0 1524815276 1336.130615 696.977783
0 1768901071 956.472229 753.090698
0 1578526684 934.586487 719.123108
0 1478182144 389.199219 706.637085
0 1524853326 1411.676636 727.355286
0 1478218189 571.371826 727.875122
0 1578513667 901.100403 707.171082
0 1438983618 869.253418 707.917236
0 1478224196 503.848175 729.502197
0 1478247227 334.063721 714.106384
0 1524792248 1325.605713 637.453674
0 1524795252 1481.487549 676.012329
0 1524808267 1354.565308 667.702026
0 1478191155 451.091858 758.759888
0 1524856330 1478.516113 699.759399
0 1478236211 514.634827 686.089783
0 1478258242 287.799805 728.050598
0 1478212181 495.484894 743.339783
0 1478185147 511.832214 716.291992
0 1568502645 913.774902 677.351868
0 1568508652 885.518860 713.848877
0 1438984619 805.241455 709.417114
0 1659977623 916.984375 706.798828
0 1478209177 399.389618 694.416992
0 1438982617 932.842041 706.427307
0 1524805264 1325.704956 652.419067
0 1771287074 912.583679 666.422424
0 2087111947 920.571106 739.707458
0 1524817279 1367.970947 715.119812
0 1524795251 1417.824951 701.201416
0 1478230204 457.532074 724.017761
0 1478230203 321.980560 727.238464
0 1524847318 1392.036011 661.485168
0 1578516671 868.421326 672.796997
0 1568513659 949.712646 712.323669
0 1578529687 928.044067 671.508972
0 1524819282 1387.330811 701.925964
0 1478253235 482.558899 736.759094
0 1524836304 1394.279785 677.973450
0 1478243221 344.937347 720.202515
0 1568501644 789.910034 703.571960
0 1438998637 957.717041 670.867981
0 1524816278 1288.058594 658.416992
0 1705773174 1017.078674 723.695557
0 1524845316 1494.810791 687.281860
0 1524842312 1486.757812 693.448425
0 1568507651 1041.073975 697.767578
0 1438999638 904.324890 747.193176
0 1478252233 551.759338 702.931458
0 1438993630 972.203308 745.460815
0 1478237214 391.741486 767.716248
0 1524857332 1371.121582 641.409424
0 1478248228 478.679260 717.068848
0 1478225197 440.977112 774.045715
0 1524859335 1435.565063 688.651001
0 1524832298 1405.800537 689.338867
0 1478200166 392.716217 791.134094
0 1478250231 495.072998 692.294067
0 1478245225 379.456604 760.588135
0 1438995633 1031.311401 716.792419
0 1524804263 1363.695557 662.097412
0 1524839308 1414.720337 683.259949
0 1524849321 1286.958984 674.724731
0 1568512658 1013.478943 710.808594
0 1568514661 945.689758 688.061218
0 1478231205 471.645233 681.368835
0 1773608077 951.862488 725.289429
0 1438977615 868.686890 684.004822
0 1524834301 1353.579102 651.832397
0 1607644171 821.666992 702.838074
0 1524800258 1465.234985 687.965393
0 1568504647 922.126709 753.980164
0 1568500642 916.314270 700.650757
0 1478256239 466.487488 711.046204
0 1524815277 1297.747803 653.007324
0 1568503646 883.079041 667.051514
0 1478220191 367.446716 753.619507
0 1478207174 421.927246 705.890991
0 1524841311 1389.927856 645.994812
0 1478213182 402.950287 752.726562
0 1524813274 1335.269287 662.711487
0 1568516663 886.911133 740.554077
0 1578517672 905.504639 761.835510
0 1578527685 806.349487 697.127991
0 1478240218 487.058136 704.406372
0 1478215185 428.011780 766.776855
0 1524838307 1307.231079 647.712646
0 1478197163 454.546722 705.147400
0 1478221192 507.143799 697.923096
0 1524819281 1456.826172 694.149719
0 2086284946 947.657104 699.926453
0 1524824288 1305.712036 697.690552
0 1524802260 1334.509399 632.482605
0 1478226199 423.818756 724.818787
0 1578518673 836.429626 734.887268
0 1438981616 1002.492126 730.770264
0 1478238215 464.148773 765.841003
0 1609135173 943.804993 676.694397
0 1524837305 1343.858032 641.968506
0 1524793249 1325.810547 668.331543
0 1568515662 941.997864 665.795288
0 1568516664 1006.741211 686.688293
0 1438991628 990.079529 681.311523
0 1478249230 508.698181 750.066772
0 1438996634 966.937073 718.343628
0 1578519675 804.082703 722.267761
0 1524829295 1420.290771 660.874756
0 1524864341 1344.523315 657.213074
0 1478255238 367.507721 775.976868
0 1438993631 926.575134 660.818359
0 1524788244 1306.756470 663.327515
0 1772785076 887.657654 754.872864
0 1524828293 1366.450806 696.267334
0 1478203171 343.442688 761.507202
0 1524798255 1439.409424 706.958984
0 1478199165 413.630493 738.443665
0 1578528686 931.173279 694.282532
0 1478192156 378.984283 739.290405
0 1478228201 463.281982 692.999390
0 1772037075 1010.036438 698.484863
0 1578515670 899.179443 683.328247
0 1524851323 1374.231934 672.788391
0 1478218188 320.445129 747.679321
0 1478202169 499.316589 710.287476
0 1478254236 309.324677 740.992920
0 1478246226 379.964020 783.466492
0 1524809269 1411.811401 666.448792
0 1524822285 1430.387329 713.594482
0 1524841310 1257.686890 675.374207
0 1478235210 311.216431 720.992676
0 1578515669 773.075317 710.170776
0 1524854328 1403.143188 672.146973
0 0 1099.115234 1048.425537
0 1 1181.910767 948.672852
0 2 207.782654 911.410156
0 4 502.587494 1076.019043
0 6 942.377319 836.532532
0 7 1143.613037 883.678833
0 8 925.288757 510.601257
0 9 903.828674 1061.289185
0 10 1120.279175 918.616638
0 11 1400.414551 797.500427
0 12 841.191223 503.661591
0 13 1026.757568 868.087769
0 14 55.964195 583.587097
0 16 1369.434814 613.450500
0 17 885.350159 506.288361
0 19 1198.076294 1016.070068
0 21 1318.375488 572.065308
0 23 825.518799 577.247192
0 24 201.277679 644.275208
0 25 795.687317 590.783936
0 26 1098.633179 678.358582
0 27 985.909424 711.205811
0 28 534.685852 682.824707
0 29 1131.561523 667.138245
0 30 209.204437 662.810364
0 31 876.141907 583.920532
0 33 839.246704 566.280212
0 35 269.056671 686.068298
0 37 166.163300 687.598083
0 40 156.221542 667.270020
0 43 302.833740 505.169525
0 53 866.218445 1006.479004
0 59 220.702286 515.765076
0 131 267.296478 763.125488
0 170 1443.842529 666.025452
0 182 1523.526123 562.801270
0 185 1007.031189 463.409973
0 187 578.487244 566.014099
0 192 328.028717 620.457092
0 201 1575.679443 728.122986
0 206 1562.883789 769.571106
0 218 236.206604 990.242126
0 224 1887.404419 675.975769
0 228 181.809311 611.764771
0 229 576.209167 520.630493
