0 1578512666 1028.361328 760.281799
0 1707269176 1206.243530 840.519287
0 1438989626 899.938477 816.658997
0 1438992629 990.244690 811.620056
0 1568509654 1014.334229 823.527283
0 1578523681 1154.708374 921.118896
0 1578518674 1178.482666 827.997192
0 1438985621 1146.663452 888.935791
0 1438994632 1070.858887 757.927979
0 1578520676 945.108521 814.138611
0 1568511657 1094.688843 768.369202
0 1775370079 1005.776855 750.094666
0 1568510655 1047.691528 747.777039
0 1578521677 1162.892212 776.685242
0 1769859072 1100.105835 792.643677
0 1578525683 987.974304 786.408447
0 1770636073 1188.769165 787.705872
0 1568511656 1132.885620 939.539612
0 1438985620 1091.204346 861.523132
0 1707993177 1277.301880 782.775452
0 2088218948 1111.970215 845.811646
0 1606348170 1167.181763 872.262085
0 1438990627 1119.210327 779.113403
0 1709860179 1080.170166 703.306885
0 1438988624 1132.079956 830.596741
0 1578514668 1215.419067 799.055786
0 1438997636 1039.167114 835.801880
0 1568514660 1253.324951 837.876282
0 2085418945 1173.260376 740.833862
0 1568501643 1197.237915 813.301514
0 1438989625 1206.542236 774.258789
0 1568505649 1159.125366 843.164490
0 1568506650 1233.051758 785.239746
0 1568505648 1180.790405 763.591675
0 1568497640 1215.838623 869.518555
0 1578511665 1234.887207 853.439636
0 1578529688 1149.031616 731.066528
0 1708834178 1151.564087 815.855042
0 1568499641 1008.463989 773.153503
0 1578525682 1113.326416 755.575684
0 1438996635 1224.849609 825.399658
0 1438999639 946.110718 841.014954
0 1578523680 1066.478516 735.623596
0 1578530689 992.656860 838.407410
0 1568508653 1020.974365 880.505859
0 1608354172 1223.794922 761.205505
0 1706512175 922.386169 802.541077
0 1438986622 1062.334717 714.524048
0 1438987623 1155.764160 753.225098
0 1578521678 1043.233643 864.221924
0 2084722944 1137.755005 765.979553
0 1578522679 1035.346924 809.103455
0 1774531078 1017.548889 851.112366
0 1525674169 1011.311523 797.588745
0 1768901071 1044.004639 726.052246
0 1578526684 1075.496704 781.543274
0 1578513667 1125.450439 804.075867
0 1438983618 1170.451538 801.564941
0 1568502645 1118.485352 875.007812
0 1568508652 1144.453857 790.173889
0 1438984619 1260.352905 796.548584
0 1659977623 1102.937134 805.332031
0 1438982617 1080.415527 806.588745
0 1771287074 1125.441772 906.181152
0 2087111947 1089.576904 745.461060
0 1578516671 1196.148438 886.139221
0 1568513659 1055.724976 795.115295
0 1578529687 1097.137695 891.734680
0 1568501644 1288.481567 808.200317
0 1438998637 1047.571167 894.535889
0 1705773174 965.305237 775.548279
0 1568507651 922.673584 828.651794
0 1438999638 1107.769165 733.344299
0 1438993630 1025.159302 737.904480
0 1438995633 944.165283 788.843689
0 1568512658 966.865295 800.063965
0 1568514661 1064.778076 848.460999
0 2079485312 1102.936890 805.278320
0 1773608077 1051.591919 770.760437
0 1438977615 1187.031128 856.132019
0 1607644171 1242.877075 810.749939
0 1568504647 1084.744873 723.807007
0 1568500642 1105.855591 818.410522
0 1568503646 1175.783447 903.329407
0 1568516663 1131.433350 743.146606
0 1578517672 1102.511963 712.313354
0 1578527685 1271.180664 822.804138
0 2086284946 1060.112305 820.967957
0 1578518673 1198.171753 750.876221
0 1438981616 985.833679 762.637451
0 1609135173 1069.749634 877.755737
0 1568515662 1075.057861 909.035156
0 1568516664 970.282654 853.765808
0 1438991628 995.224792 866.922852
0 1438996634 1031.751465 783.974976
0 1578519675 1250.160767 771.834167
0 1438993631 1103.479858 924.027893
0 1772785076 1125.457397 721.563232
0 1578528686 1085.641479 833.198303
0 1772037075 968.521362 826.088623
0 1578515670 1139.136719 858.826477
0 1578515669 1305.253296 794.043274
0 0 1084.444092 657.555664
0 1 1158.154297 653.315491
0 2 1208.541382 632.723572
0 3 973.360413 642.180420
0 4 1087.670776 965.378784
0 5 1499.174072 692.774963
0 6 1326.531860 693.613098
0 7 1208.540283 875.121277
0 8 1400.089355 688.336243
0 9 1270.752808 980.651733
