0 1578512666 1001.328064 662.633240
0 1524823287 1190.302490 481.666931
0 1478234209 77.675690 864.265991
0 1707269176 759.327881 664.908447
0 1438989626 1021.340881 606.525696
0 1524801259 1200.777344 523.465393
0 1438992629 962.625854 627.874084
0 1524854327 1125.895142 523.865906
0 1524807266 1365.761353 536.447144
0 1524863340 1262.296021 486.763702
0 1524831297 1349.555542 522.669556
0 1478229202 29.407555 1008.108887
0 1568509654 930.514038 628.142944
0 1524790246 1268.090454 492.306519
0 1578523681 740.240417 618.989868
0 1524861337 1123.661499 481.941101
0 1524862338 1314.543091 536.742188
0 1524797254 1334.445435 509.823578
0 1578518674 794.109619 664.581421
0 1438985621 769.044128 629.494690
0 1524857331 1172.338623 487.148102
0 1438994632 968.555237 675.805664
0 1578520676 992.655151 616.955627
0 1478237213 388.246552 836.714355
0 1568511657 933.274048 676.150696
0 1775370079 1035.621216 662.310852
0 1478195160 8.951887 842.120544
0 1568510655 1003.763672 675.461365
0 1478257240 322.513184 860.614502
0 1578521677 861.473083 690.412292
0 1524794250 1130.812622 492.915741
0 1524812272 1171.131348 517.016113
0 1769859072 898.032898 663.604370
0 1578525683 996.792297 638.745178
0 1770636073 825.068054 690.782715
0 1524846317 1290.862183 492.205444
0 1524833300 1195.628418 516.889832
0 1568511656 743.755005 608.679626
0 1438985620 833.815002 628.952515
0 1707993177 743.937744 721.002563
0 1478189152 371.070251 859.890320
0 1524791247 1245.287964 492.407715
0 1524830296 1274.074585 498.030853
0 2088218948 832.227112 640.176758
0 1524827292 1194.872681 487.051819
0 1606348170 765.955200 640.753296
0 1524855329 1237.423218 537.186401
0 1478183145 435.082336 836.046753
0 1438990627 897.919678 676.496338
0 1524840309 1149.774414 487.244537
0 1478222194 228.684555 912.926941
0 1709860179 1049.781860 717.628845
0 1478188151 206.047150 1004.753174
0 1438988624 830.564148 651.931458
0 1478243222 208.916245 1078.684448
0 1524843313 1278.751343 481.303101
0 1524844315 1341.870605 516.136108
0 1524858333 1234.584717 481.484802
0 1524811271 1263.168945 537.038086
0 1524859334 1212.458008 481.575836
0 1478216186 273.820129 861.340698
0 1524851324 1107.824463 493.017761
0 1524814275 1180.744507 530.416931
0 1578514668 788.585388 691.153931
0 1478184146 302.443481 885.452820
0 1524829294 1250.902588 498.137604
0 1478176143 289.124664 970.459351
0 1524860336 1185.813965 537.483643
0 1478222193 54.308266 1043.270630
0 1438997636 898.341736 628.412292
0 1478194158 333.029724 911.218323
0 1524838306 1300.108276 522.934082
0 1568514660 720.044128 678.235779
0 1524865342 1134.046997 537.781860
0 2085418945 897.543945 719.308228
0 1524808268 1175.853394 523.598694
0 1478200167 39.882191 944.414124
0 1568501643 791.416077 677.537842
0 1478239216 402.825562 883.884827
0 1524820283 1146.598755 517.142578
0 1438989625 823.044739 705.084900
0 1568505649 796.675659 652.237915
0 1478255237 56.816628 841.438293
0 1524804262 1159.950195 537.632629
0 1568506650 785.606873 705.481445
0 1478217187 199.630310 839.402771
0 1568505648 860.400879 704.689209
0 1568497640 728.697021 652.852539
0 1578511665 724.475586 665.236084
0 1478258241 18.102697 916.375183
0 1524796253 1268.907593 516.512207
0 1524826291 1256.729370 529.995117
0 1578529688 935.730957 718.886963
0 1708834178 828.820801 664.255127
0 1478189153 147.365448 1005.867981
0 1568499641 999.006836 650.408325
0 1524852325 1281.982056 529.854919
0 1478219190 272.377869 1077.344116
0 1578525682 934.051514 689.673828
0 1478232206 176.907227 1040.816772
0 1524818280 1190.654053 510.537598
0 1524850322 1332.374268 529.575256
0 1438996635 755.767212 677.886414
0 1524832299 1214.704346 510.418182
0 1524789245 1300.791382 481.212402
0 1438999639 960.043701 607.001282
0 1478196161 99.925789 888.616089
0 1478252234 246.976410 838.727905
0 1524803261 1176.695557 492.712128
0 1578523680 1006.322693 688.938477
0 1578530689 929.899963 617.461426
0 1568508653 867.683167 607.718018
0 1524826290 1357.514160 529.435669
0 1524847319 1286.650757 510.060913
0 1524810270 1122.030884 517.269165
0 1524835302 1220.090088 516.763794
0 1524821284 1256.682495 481.393860
0 1524799257 1238.720459 510.298920
0 1478233208 203.596390 941.600647
0 1608354172 820.912964 720.153503
0 1524835303 1155.340332 530.557922
0 1478251232 104.551003 840.757935
0 1524812273 1206.110718 530.276123
0 1706512175 1023.946289 616.703491
0 1438986622 1045.966309 702.723755
0 1478211180 6.360893 975.565247
0 1524823286 1239.851440 486.859589
0 1478223195 224.990402 862.068970
0 1478244223 94.624077 943.473389
0 1438987623 897.675720 704.294434
0 1478193157 120.016205 973.513000
0 1524862339 1204.463135 498.351624
0 1478236212 384.968414 910.367798
0 1478240217 352.707092 884.667664
0 1578521678 866.913330 617.968994
0 1524844314 1307.196899 529.714966
0 1524848320 1138.441772 504.624207
0 1524806265 1244.516479 516.637878
0 1524787243 1310.564941 509.942139
0 1478241219 232.937241 971.473999
0 1524799256 1225.664917 523.332275
0 1478190154 345.131165 969.448059
0 1478226198 176.568039 972.491821
0 1478214184 341.284058 837.383728
0 2084722944 897.800781 690.042664
0 1578522679 931.156433 639.316101
0 1524825289 1307.095947 486.572235
0 1774531078 898.435669 617.714966
0 1525674169 964.005859 639.030334
0 1524815276 1231.438965 530.135498
0 1768901071 1042.343628 688.572021
0 1578526684 932.534058 663.280029
0 1524853326 1340.171753 536.594543
0 1478218189 419.491760 859.168152
0 1578513667 863.461792 663.929382
0 1438983618 826.990906 677.189941
0 1478224196 280.935333 912.071350
0 1524792248 1104.555664 487.437744
0 1524795252 1284.710938 486.667877
0 1524808267 1185.845947 504.397400
0 1478191155 264.532043 1003.642151
0 1524856330 1327.267090 503.720856
0 1478236211 152.155396 840.079407
0 1478212181 311.891876 939.739563
0 1478185147 252.034271 886.240173
0 1568502645 801.460144 629.223328
0 1568508652 862.492065 676.842834
0 1438984619 748.087097 705.878845
0 1659977623 881.016907 657.546509
0 1438982617 898.140686 651.320374
0 1524805264 1134.564453 498.673737
0 1771287074 771.996521 618.733948
0 2087111947 970.225403 689.305786
0 1524817279 1288.875610 536.890015
0 1524795251 1293.263672 516.386658
0 1478230204 149.195251 942.535522
0 1524847318 1199.590576 492.610504
0 1578516671 732.722961 641.042419
0 1568513659 931.828979 651.015747
0 1578529687 803.693909 618.478516
0 1524819282 1275.330200 523.066589
0 1478253235 257.828308 940.668640
0 1524836304 1233.117798 504.171265
0 1568501644 710.485168 706.277100
0 1438998637 836.785095 607.957764
0 1524816278 1118.297974 510.896942
0 1705773174 1029.515747 638.460449
0 1524845316 1313.603271 492.104553
0 1524842312 1320.323486 497.817719
0 1568507651 990.719849 606.763306
0 1438999638 971.982178 703.507385
0 1478252233 294.194122 838.054932
0 1438993630 1038.899536 675.117798
0 1524857332 1145.904297 481.849609
0 1478248228 176.276566 913.785156
0 1478225197 298.650940 1038.380127
0 1524859335 1280.257935 503.945740
0 1524832298 1262.702637 510.179810
0 1478250231 126.918800 863.531616
0 1438995633 1026.668579 627.337891
0 1524804263 1181.195679 498.458832
0 1524839308 1256.704346 504.058411
0 1524849321 1150.892700 523.732178
0 1568512658 994.677307 627.605774
0 1568514661 866.108765 628.682129
0 1478231205 28.293701 865.002502
0 1773608077 966.965820 662.956299
0 1438977615 762.719971 652.544861
0 1524834301 1153.769531 492.813873
0 1607644171 752.025024 691.525879
0 1524800258 1297.214966 497.924225
0 1568504647 1009.014465 703.115173
0 1568500642 864.385803 651.625671
0 1478256239 123.710777 914.645874
0 1524815277 1114.690063 504.737823
0 1568503646 736.566711 629.766602
0 1524841311 1168.117920 481.758209
0 1478213182 115.715248 1042.041504
0 1524813274 1162.160400 504.510742
0 1568516663 934.869385 703.900452
0 1578517672 1011.849609 718.047241
0 1578527685 715.386597 691.898743
0 1478240218 150.776001 887.821777
0 1478215185 237.885452 1039.596313
0 1524838307 1111.200684 498.781372
0 1478197163 70.986389 915.509216
0 1478221192 176.023438 862.799255
0 1524819281 1303.778931 503.833221
0 2086284946 898.243530 639.602417
0 1524824288 1211.638306 537.334900
0 1524802260 1101.389404 482.032745
0 1478226199 63.280807 974.537415
0 1578518673 859.271362 719.730347
0 1438981616 1032.496704 650.105530
0 1478238215 322.821106 1002.534790
0 1609135173 835.332825 618.223511
0 1524837305 1127.180054 487.341095
0 1524793249 1166.569702 510.657196
0 1568515662 805.831177 608.197937
0 1568516664 929.312317 607.239807
0 1438991628 898.525513 607.478699
0 1478249230 365.787811 938.813354
0 1438996634 965.451050 650.711792
0 1578519675 782.468567 720.577576
0 1524829295 1217.377075 486.955627
0 1524864341 1157.895996 498.566223
0 1438993631 774.821167 608.438538
0 1524788244 1142.450928 510.776978
0 1772785076 973.832825 718.466675
0 1524828293 1250.515747 523.199341
0 1524798255 1317.584595 516.261292
0 1478199165 88.485939 1006.986511
0 1578528686 865.267212 639.889343
0 1478228201 48.927235 889.412598
0 1772037075 961.306335 617.208313
0 1578515670 799.123169 640.464722
0 1524851323 1209.498413 504.284271
0 1478202169 201.478607 887.029846
0 1524809269 1222.454712 492.509033
0 1524822285 1324.849976 522.801697
0 1524841310 1129.897949 530.699158
0 1578515669 705.320190 721.428589
0 1524854328 1227.698853 498.244537
0 0 1789.748779 727.747192
0 2 0.000000 0.000000
0 5 465.107971 393.705811
0 6 1678.612305 665.361084
0 7 1673.428345 783.743774
0 8 65.653717 499.262665
0 9 763.599548 433.574921
0 10 1588.684448 676.613586
0 13 1584.348389 644.149658
0 15 795.199280 367.258453
0 16 1347.209106 505.988739
0 18 593.204468 393.071381
0 19 1444.755859 511.757446
0 23 497.632812 585.629272
0 25 413.462219 636.811279
0 26 1028.679565 514.276733
0 27 955.093750 529.121887
0 28 447.065033 551.399658
0 29 881.645630 533.507629
0 31 702.770996 523.563171
0 33 945.812195 510.951141
0 34 1385.873535 333.124939
0 36 1104.693237 392.433105
0 41 1267.699707 465.501038
0 42 1301.766479 419.698853
0 50 1332.195190 473.486938
0 52 1335.995972 551.513245
0 53 1443.513550 532.777588
0 59 730.170288 427.264435
0 61 1374.972290 582.954590
0 68 1533.707153 413.970947
0 69 1487.207397 432.047028
0 70 1452.037964 412.863007
0 71 1302.788818 455.512817
0 75 1398.984863 451.698151
0 76 1392.198853 438.589691
0 78 1442.793945 425.366150
0 80 1475.583618 384.566467
0 82 278.849396 473.743988
0 83 1425.768433 356.472473
0 85 36.834690 486.893524
