0 1578512666 979.114624 567.682373
0 1524823287 507.253021 463.175812
0 1478234209 1389.728760 960.319397
0 1707269176 965.893921 666.439819
0 1438989626 850.587341 555.049438
0 1524801259 652.664917 471.808258
0 1438992629 896.341675 579.886230
0 1478227200 1593.627075 936.199890
0 1524854327 633.145142 500.307129
0 1478249229 1706.346313 910.752502
0 1524807266 727.856934 421.572968
0 1524863340 551.350952 437.965637
0 1524831297 686.944336 421.760284
0 1478229202 1579.951172 907.753174
0 1568509654 893.146057 592.877625
0 1524790246 572.019470 437.890778
0 1578523681 840.690796 681.461487
0 1478207175 1696.964233 968.634277
0 1524861337 481.651154 490.580780
0 1478210178 1592.699829 1030.149292
0 1524862338 718.181641 437.361511
0 1478186149 1563.952148 965.034485
0 1524797254 646.234619 421.946686
0 1578518674 968.002991 650.685913
0 1438985621 875.277771 665.519958
0 1524857331 520.748230 472.010498
0 1478203170 1639.485840 1031.589233
0 1438994632 1004.631165 580.426392
0 1578520676 873.032410 567.233276
0 1478237213 1308.288086 803.502075
0 1568511657 1003.371033 593.513672
0 1775370079 980.744812 555.505615
0 1478195160 1362.499390 1023.064392
0 1568510655 1005.847290 567.795532
0 1478257240 1351.667358 827.049561
0 1578521677 1029.532959 621.374268
0 1524794250 526.537842 490.563202
0 1524812272 623.896301 481.045319
0 1769859072 973.864990 606.897034
0 1578525683 925.904663 567.457153
0 1770636073 1028.674805 636.019470
0 1524846317 578.875610 429.950745
0 1524833300 630.530273 471.842163
0 1568511656 810.221252 681.122192
0 1438985620 882.831848 634.809265
0 1478185148 1408.048828 1024.466309
0 1707993177 1088.265015 667.682007
0 1478189152 1345.131714 804.164917
0 1524791247 564.971008 446.053680
0 1524830296 592.740601 437.815765
0 2088218948 911.797058 635.049683
0 1524827292 528.729797 463.131195
0 1606348170 905.373657 665.825500
0 1524855329 702.611328 462.769714
0 1478183145 1302.913208 781.732666
0 1438990627 1002.064453 607.082581
0 1524840309 512.529724 481.153473
0 1478222194 1436.440430 852.680725
0 1709860179 1086.351074 555.875732
0 1478188151 1542.929443 830.745300
0 1438988624 940.863403 635.290833
0 1478243222 1607.565674 808.886230
0 1524843313 538.135742 430.118042
0 1524844315 666.564148 421.853607
0 1524858333 523.126587 446.184326
0 1524811271 707.950500 454.057068
0 1524859334 515.302429 454.559479
0 1478216186 1358.526367 851.066223
0 1524851324 518.144592 500.283386
0 1524814275 668.871643 481.001617
0 1578514668 1027.783203 651.236328
0 1478184146 1389.580200 827.782166
0 1524829294 585.974121 445.988068
0 1478176143 1494.112671 806.845154
0 1524860336 691.452209 480.979706
0 1478222193 1607.795898 881.672119
0 1438997636 889.833679 606.343872
0 1478194158 1419.298706 805.499207
0 1478201168 1652.400146 967.428284
0 1478187150 1443.102539 992.771362
0 1478205172 1608.063354 966.228271
0 1524838306 676.154297 437.513672
0 1568514660 994.737732 683.176636
0 1524865342 679.602356 500.316681
0 2085418945 1087.237305 607.643250
0 1524808268 646.353088 481.023499
0 1478200167 1508.068359 934.030701
0 1478194159 1636.725830 937.292542
0 1568501643 997.839661 650.960632
0 1478239216 1375.032959 782.938354
0 1524820283 617.060974 490.527740
0 1438989625 1058.151123 636.264099
0 1568505649 938.272400 650.412231
0 1478255237 1354.387573 990.210266
0 1524804262 685.617554 490.500854
0 1568506650 1057.834229 651.512939
0 1478217187 1332.578979 901.883057
0 1568505648 1058.456421 621.588928
0 1568497640 932.776550 682.486755
0 1578511665 963.699646 682.831116
0 1478258241 1476.399414 962.665039
0 1524796253 649.309570 445.790344
0 1478206173 1680.039307 938.390686
0 1524826291 686.319885 454.113464
0 1578529688 1087.003662 593.996338
0 1478233207 1499.879639 1027.292480
0 1708834178 970.031433 635.532898
0 1478189153 1554.652466 855.130127
0 1568499641 952.467224 567.569641
0 1478245224 1453.841553 1025.875610
0 1524852325 691.807007 445.657684
0 1478219190 1595.103516 786.617554
0 1578525682 1031.156006 593.674011
0 1478232206 1581.697021 831.494385
0 1524818280 608.455383 471.876038
0 1524850322 702.328491 429.443787
0 1438996635 996.319519 666.748657
0 1524832299 615.208252 462.951416
0 1478242220 1532.743652 995.359192
0 1524789245 545.338013 422.408600
0 1438999639 842.720703 579.618713
0 1478196161 1423.350342 931.882812
0 1478252234 1326.045288 875.420776
0 1524803261 542.586670 471.977020
0 1478211179 1674.503784 857.613525
0 1578523680 1032.665649 567.909119
0 1578530689 865.816345 592.719910
0 1568508653 829.826111 619.891602
0 1524826290 707.375183 421.666748
0 1524847319 634.341125 437.665131
0 1524810270 610.015015 500.302338
0 1524835302 636.971741 462.906189
0 1524821284 530.734741 438.040283
0 1524799257 621.768066 454.281830
0 1478233208 1475.664429 853.493408
0 1608354172 1087.731445 636.509583
0 1524835303 662.701538 490.509827
0 1478251232 1346.719849 959.155457
0 1524812273 674.859497 471.774200
0 1706512175 876.456360 555.140137
0 1438986622 1059.824585 555.782776
0 1478211180 1550.741821 935.112610
0 1524823286 544.021912 446.119080
0 1478223195 1365.733398 876.301331
0 1478244223 1496.700806 905.777649
0 1438987623 1058.750122 607.455688
0 1478193157 1526.350342 879.864990
0 1478198164 1487.806396 994.061951
0 1524862339 571.854370 463.041534
0 1478236212 1411.322388 783.545044
0 1478240217 1382.134766 804.830566
0 1478214183 1623.325317 997.974243
0 1578521678 858.063843 620.101257
0 1524844314 697.141113 437.437683
0 1524848320 571.673767 490.545502
0 1524806265 643.228882 454.225861
0 1524787243 640.369324 429.698212
0 1478241219 1504.335083 829.999512
0 1524799256 658.793274 462.860809
0 1478190154 1484.364990 784.766174
0 1478226198 1515.068115 854.309937
0 1478208176 1664.010132 909.747864
0 1478214184 1313.921997 826.320190
0 2084722944 1030.359375 607.268860
0 1578522679 920.565979 593.035828
0 1524825289 565.417725 422.316650
0 1774531078 862.010803 606.160706
0 1525674169 923.282471 580.020569
0 1478197162 1760.994019 1001.948547
0 1524815276 680.673096 462.815338
0 1768901071 1033.381714 555.690063
0 1578526684 975.677979 593.353882
0 1478182144 1577.916016 996.663330
0 1524853326 723.085876 429.358521
0 1478218189 1338.896973 782.334229
0 1578513667 971.984131 620.947021
0 1438983618 999.301758 635.775757
0 1478224196 1427.661743 828.518005
0 1478247227 1686.525146 1033.036987
0 1524792248 495.338165 500.278687
0 1524795252 558.480225 430.034515
0 1524808267 586.440002 471.909790
0 1478191155 1531.765015 807.522522
0 1524856330 625.955322 422.039520
0 1478236211 1339.461060 929.756042
0 1478258242 1781.372559 1035.956055
0 1478212181 1456.624268 806.170715
0 1478185147 1397.394775 851.871643
0 1568502645 879.127869 649.867676
0 1568508652 1000.709045 621.160278
0 1438984619 1057.504517 667.369812
0 1659977623 958.739624 613.757507
0 1478209177 1546.165039 1028.717041
0 1438982617 945.760315 606.712036
0 1524805264 549.074524 490.554382
0 1771287074 845.290527 665.215576
0 2087111947 1031.924316 580.562561
0 1524817279 713.138550 445.591095
0 1524795251 655.221069 437.589478
0 1478230204 1485.913940 878.967834
0 1478230203 1714.862305 1000.616760
0 1524847318 550.263550 463.086426
0 1578516671 901.967834 682.143738
0 1568513659 948.076477 593.194580
0 1578529687 849.712646 649.596863
0 1524819282 670.530762 445.724121
0 1478253235 1465.912964 829.257141
0 1524836304 600.363525 454.337646
0 1478243221 1668.973511 999.291992
0 1568501644 1057.161255 683.871704
0 1438998637 825.202881 634.331055
0 1524816278 586.950195 500.297577
0 1705773174 928.437378 555.322327
0 1524845316 585.547058 422.224518
0 1524842312 605.726196 422.132141
0 1568507651 846.721985 567.121887
0 1438999638 1059.306519 580.699158
0 1478252233 1319.834106 850.264526
0 1438993630 1007.021851 555.597717
0 1478237214 1620.638672 832.246887
0 1524857332 490.438110 481.174927
0 1478248228 1445.666504 878.074829
0 1478225197 1558.032715 785.997742
0 1524859335 613.514465 437.740540
0 1524832298 628.143188 445.856415
0 1478200166 1632.333496 787.239929
0 1478250231 1381.302856 930.816833
0 1478245225 1634.369141 856.781921
0 1438995633 902.406250 555.231018
0 1524804263 564.483826 471.943451
0 1524839308 607.031494 445.922333
0 1524849321 639.849487 490.518768
0 1568512658 899.426453 567.345032
0 1568514661 886.397949 620.311584
0 1478231205 1398.630127 991.487549
0 1773608077 977.426819 580.290710
0 1438977615 935.578857 666.132080
0 1524834301 534.681519 481.131958
0 1607644171 1026.856201 667.058716
0 1524800258 599.322083 429.866791
0 1568504647 1059.570068 568.023010
0 1568500642 943.357605 620.734436
0 1478256239 1455.375122 904.796997
0 1524815277 563.950378 500.292847
0 1568503646 871.272766 681.802002
0 1478220191 1648.807495 882.582031
0 1478207174 1520.064697 963.846741
0 1524841311 498.968414 472.043915
0 1478213182 1594.419189 855.954102
0 1524813274 579.166870 481.088745
0 1568516663 1059.033447 593.834900
0 1578517672 1086.561035 568.137268
0 1578527685 1025.891357 683.523560
0 1478240218 1414.247070 903.821045
0 1478215185 1569.582275 808.202881
0 1524838307 541.015259 500.288116
0 1478197163 1465.604980 932.954163
0 1478221192 1373.315674 902.849731
0 1524819281 619.819946 429.782623
0 2086284946 917.750000 606.527649
0 1524824288 697.114258 471.740082
0 1524802260 472.595703 500.273987
0 1478226199 1538.225708 906.763000
0 1578518673 1087.479736 621.804443
0 1438981616 954.550110 555.413818
0 1478238215 1521.120361 785.380676
0 1609135173 853.967346 634.569763
0 1524837305 504.063477 490.571991
0 1524793249 601.500977 481.067047
0 1568515662 820.401489 649.327026
0 1568516664 838.576294 592.562683
0 1438991628 834.280945 605.978210
0 1478249230 1447.766113 784.154297
0 1438996634 950.310669 580.155457
0 1578519675 1087.993042 651.790649
0 1524829295 536.484558 454.504242
0 1524864341 556.893799 481.110413
0 1478255238 1659.756104 833.002747
0 1438993631 815.411377 664.912231
0 1524788244 594.335815 490.536652
0 1772785076 1086.778442 580.836182
0 1524828293 664.746094 454.169708
0 1478203171 1690.013550 883.496338
0 1524798255 660.970398 429.613647
0 1478199165 1566.977295 880.766479
0 1578528686 914.829102 620.522644
0 1478192156 1621.878906 908.748169
0 1478228201 1432.954712 961.489258
0 1772037075 869.487854 579.752258
0 1578515670 908.647583 650.139465
0 1524851323 593.502502 462.996552
0 1478218188 1723.569336 939.494324
0 1478202169 1405.606812 877.185974
0 1478254236 1741.757446 969.846558
0 1478246226 1645.716064 809.572571
0 1524809269 557.721924 454.448853
0 1524822285 681.623413 429.528778
0 1524841310 656.340881 500.311890
0 1478235210 1733.820068 1034.492554
0 1578515669 1088.548218 684.221191
0 1524854328 579.014832 454.393311
0 0 1643.778809 617.492126
0 1 760.125854 448.057281
0 2 636.916504 478.326019
0 3 1637.254272 662.069092
0 4 503.625641 643.447815
0 5 1481.663818 410.573914
0 6 1124.226807 850.818176
0 7 370.720642 846.895447
0 8 819.267212 927.872742
0 9 325.894135 683.055847
0 10 413.903839 782.118286
0 11 1078.609375 390.124237
0 12 673.231995 829.566650
0 13 1154.934814 376.371246
0 14 541.946777 850.124695
0 15 1357.568115 1027.640869
0 16 1613.843384 575.652954
0 17 257.784332 769.859436
0 18 906.883423 391.545319
0 19 1206.745483 482.588501
0 20 404.606049 630.621948
0 21 404.581635 693.449036
0 22 476.884155 540.017334
0 23 970.748840 836.739319
0 24 1138.054688 394.083160
0 25 1223.973022 564.744873
0 26 1233.208008 513.931641
0 27 1197.384033 389.144653
0 28 513.577026 495.534760
0 29 543.598999 517.473511
0 30 597.167969 554.392700
0 31 1571.562134 455.719604
0 32 585.229980 1025.029663
0 33 1280.014038 709.128845
0 34 1182.224731 1025.835571
0 35 1480.587646 433.033417
0 36 659.861084 447.586700
0 37 476.808960 1000.185852
0 38 438.153748 576.521362
0 39 959.269958 996.065430
