0 1578512666 986.091248 489.724274
0 1524823287 1775.379639 630.643494
0 1478234209 746.895996 281.067627
0 1707269176 983.393555 395.493683
0 1438989626 1133.495850 496.488647
0 1524801259 1510.300659 622.814514
0 1438992629 1070.662354 469.820221
0 1478227200 637.964233 296.539490
0 1524854327 1477.693726 563.562805
0 1478249229 569.513245 309.547974
0 1524807266 1509.180176 771.053528
0 1524863340 1792.948730 702.517090
0 1524831297 1589.654907 767.013245
0 1478229202 633.707703 305.375031
0 1568509654 1068.811646 455.523926
0 1524790246 1754.041138 704.529846
0 1578523681 1084.258911 377.398621
0 1478207175 600.375488 290.664093
0 1524861337 1725.718750 569.310364
0 1478210178 670.482666 270.013794
0 1524862338 1484.050781 718.496643
0 1478186149 663.017578 286.561279
0 1524797254 1670.497437 762.954529
0 1578518674 983.742371 407.677521
0 1438985621 1060.425415 390.736145
0 1524857331 1722.508057 611.270020
0 1478203170 650.095032 271.358582
0 1438994632 957.426025 476.554962
0 1578520676 1101.502075 482.909576
0 1478237213 751.741821 334.460876
0 1568511657 957.492188 462.190674
0 1775370079 986.531433 505.101471
0 1478195160 772.783691 263.265869
0 1568510655 957.357666 491.420929
0 1478257240 732.154663 326.147522
0 1578521677 930.803101 436.495850
0 1524794250 1657.508545 573.101379
0 1524812272 1533.437988 600.354553
0 1769859072 984.858276 446.657104
0 1578525683 1043.701050 486.322571
0 1770636073 931.293213 423.476959
0 1524846317 1772.794189 730.061951
0 1524833300 1545.492310 620.900024
0 1568511656 1109.651855 375.821716
0 1438985620 1063.617920 415.398773
0 1478185148 752.274902 264.618652
0 1707993177 881.212219 401.804535
0 1478189152 728.959839 335.917603
0 1524791247 1736.135254 680.151062
0 1524830296 1715.218384 706.538147
0 2088218948 1037.072266 417.019348
0 1524827292 1738.975342 632.601257
0 1606348170 1034.710205 392.324310
0 1524855329 1450.401245 648.119751
0 1478183145 748.776672 344.493317
0 1438990627 957.556030 448.303070
0 1524840309 1706.723755 590.823486
0 1478222194 691.012634 319.496063
0 1709860179 869.847229 511.939728
0 1478188151 620.238281 333.334625
0 1438988624 1010.567200 418.637421
0 1478243222 570.323059 346.061066
0 1524843313 1852.583862 725.993835
0 1524844315 1630.030151 764.986206
0 1524858333 1812.234131 676.160278
0 1524811271 1461.125732 670.549866
0 1524859334 1793.398926 652.898132
0 1478216186 735.262878 316.642426
0 1524851324 1643.660156 554.246765
0 1524814275 1464.596313 604.140930
0 1578514668 931.767822 410.869293
0 1478184146 709.713196 327.588684
0 1524829294 1698.207642 682.140137
0 1478176143 638.131409 341.725281
0 1524860336 1430.276001 606.028687
0 1478222193 607.630066 315.851837
0 1438997636 1067.022705 441.703583
0 1478194158 683.485779 338.825287
0 1478201168 621.230835 289.298126
0 1478187150 728.876770 274.102142
0 1478205172 642.111572 287.930542
0 1524838306 1560.771729 714.527771
0 1568514660 957.846191 385.248993
0 1524865342 1411.741577 567.264832
0 2085418945 875.906006 453.225586
0 1524808268 1498.983521 602.249634
0 1478200167 680.340698 293.774231
0 1478194159 616.815002 297.919556
0 1568501643 957.735657 409.274597
0 1478239216 702.603394 347.432556
0 1524820283 1521.871094 580.639832
0 1438989625 904.948730 425.085205
0 1568505649 1009.787964 406.078094
0 1478255237 770.387451 271.373566
0 1524804262 1420.821899 586.255981
0 1568506650 905.838745 412.461609
0 1478217187 762.818726 296.982147
0 1568505648 904.029663 438.120300
0 1568497640 1008.301147 382.115692
0 1578511665 983.055359 383.683502
0 1478258241 704.905823 283.817810
0 1524796253 1584.909058 688.081848
0 1478206173 595.691772 299.297913
0 1524826291 1497.738403 668.604858
0 1578529688 874.467834 467.162842
0 1478233207 711.330322 267.319397
0 1708834178 984.102417 420.253052
0 1478189153 624.849487 323.762756
0 1568499641 1014.872375 488.024841
0 1478245224 731.790527 265.969849
0 1524852325 1509.777588 692.021973
0 1478219190 564.820984 356.203278
0 1578525682 929.773254 463.850708
0 1478232206 597.942017 334.766479
0 1524818280 1580.754150 618.981689
0 1524850322 1535.553467 742.157959
0 1438996635 957.791809 397.074890
0 1524832299 1594.100098 640.392090
0 1478242220 687.465698 276.824158
0 1524789245 1874.228638 752.726013
0 1438999639 1127.557373 466.436340
0 1478196161 722.821716 291.002197
0 1478252234 760.160767 305.975464
0 1524803261 1686.963257 613.203735
0 1478211179 558.939697 328.013153
0 1578523680 928.671570 493.114777
0 1578530689 1096.753174 453.850555
0 1568508653 1119.380249 425.054138
0 1524826290 1549.371826 769.035706
0 1524847319 1637.826782 710.541687
0 1524810270 1510.762573 561.706604
0 1524835302 1558.065552 642.329895
0 1524821284 1831.941772 700.499939
0 1524799257 1608.033691 662.745483
0 1478233208 668.929993 320.920105
0 1608354172 878.644165 426.691071
0 1524835303 1454.440674 584.387512
0 1478251232 767.929443 279.690002
0 1524812273 1475.179077 624.725220
0 1706512175 1104.003784 498.217010
0 1438986622 898.944824 510.234467
0 1478211180 659.139465 295.157715
0 1524823286 1774.144043 678.157837
0 1478223195 738.287903 307.391754
0 1478244223 676.637451 302.584351
0 1438987623 903.080078 451.587341
0 1478193157 651.072693 313.038940
0 1478198164 708.158875 275.463989
0 1524862339 1666.389771 636.504639
0 1478236212 679.562988 348.899231
0 1478240217 706.207825 337.372375
0 1478214183 646.153870 279.539673
0 1578521678 1092.315430 426.696259
0 1524844314 1522.369629 716.514404
0 1524848320 1589.559814 576.877808
0 1524806265 1571.192139 664.702698
0 1524787243 1653.776978 736.130249
0 1478241219 642.563477 331.900940
0 1524799256 1522.104492 644.263794
0 1478190154 633.574402 351.826691
0 1478226198 646.875610 322.342346
0 1478208176 590.884766 308.158722
0 1478214184 754.625366 324.704498
0 2084722944 930.296692 449.946503
0 1578522679 1040.915039 457.194611
0 1524825289 1833.295288 754.781067
0 1774531078 1094.497314 440.047211
0 1525674169 1042.284058 471.508026
0 1478197162 584.371277 283.600739
0 1524815276 1486.216431 646.193787
0 1768901071 928.091370 508.526337
0 1578526684 985.255371 460.527985
0 1478182144 666.797363 278.182709
0 1524853326 1496.320557 744.158264
0 1478218189 725.674622 345.963928
0 1578513667 984.474121 433.239410
0 1438983618 957.677734 421.866211
0 1478224196 687.300903 329.027954
0 1478247227 629.731506 272.701843
0 1524792248 1677.041016 552.373047
0 1524795252 1812.644287 728.030151
0 1524808267 1616.086426 617.059509
0 1478191155 615.498962 343.172455
0 1524856330 1711.057373 760.918152
0 1478236211 765.407410 288.223328
0 1478258242 589.076599 275.383484
0 1478212181 660.793701 340.276245
0 1478185147 713.123596 318.070160
0 1568502645 1061.996338 402.871948
0 1568508652 957.617920 434.868896
0 1438984619 906.701233 400.230286
0 1659977623 998.219116 439.073212
0 1478209177 690.894409 268.667419
0 1438982617 1012.203369 445.008545
0 1524805264 1623.501709 574.991455
0 1771287074 1086.178711 389.145569
0 2087111947 929.231873 478.231812
0 1524817279 1472.331421 693.985779
0 1524795251 1599.257202 712.536926
0 1478230204 672.835205 311.629791
0 1478230203 604.940796 282.248657
0 1524847318 1702.645386 634.554871
0 1578516671 1033.583740 380.545624
0 1568513659 1013.062927 458.862610
0 1578529687 1088.159302 401.265259
0 1524819282 1547.303345 690.054016
0 1478253235 664.917725 330.465393
0 1524836304 1644.952148 660.784241
0 1478243221 625.534973 280.894958
0 1568501644 907.537231 388.373260
0 1438998637 1116.830444 412.150269
0 1524816278 1543.893433 559.846924
0 1705773174 1045.168579 501.665070
0 1524845316 1792.455933 756.831482
0 1524842312 1751.710205 758.877197
0 1568507651 1130.474487 481.198792
0 1438999638 901.083313 479.905945
0 1478252233 757.430603 315.212891
0 1438993630 957.286865 506.815369
0 1478237214 575.674561 336.196411
0 1524857332 1741.585083 588.906006
0 1478248228 694.625183 310.218903
0 1478225197 587.708313 354.746368
0 1524859335 1676.480347 708.542053
0 1524832298 1622.594849 686.105530
0 1478200166 541.964172 357.658295
0 1478250231 744.101440 289.613617
0 1478245225 580.881531 326.598175
0 1438995633 1074.561279 499.942505
0 1524804263 1651.489502 615.133545
0 1524839308 1660.360962 684.124939
0 1524849321 1488.123657 582.515503
0 1568512658 1072.577637 484.617493
0 1568514661 1065.292358 428.335815
0 1478231205 749.619629 272.738678
0 1773608077 985.666138 474.875366
0 1438977615 1009.033020 393.910156
0 1524834301 1671.930908 592.737122
0 1607644171 932.227722 398.653748
0 1524800258 1733.033081 732.089294
0 1568504647 900.032715 494.805817
0 1568500642 1011.371948 431.607422
0 1478256239 698.142456 301.186432
0 1524815277 1577.086548 557.983704
0 1568503646 1058.902954 378.973267
0 1478220191 585.949829 317.255615
0 1478207174 683.948975 285.190399
0 1524841311 1758.124146 609.332397
0 1478213182 602.851440 325.181396
0 1524813274 1602.548950 596.553284
0 1568516663 902.098511 465.508087
0 1578517672 871.441101 496.494080
0 1578527685 932.673523 386.812286
0 1478240218 719.674316 299.786743
0 1478215185 592.896179 344.617737
0 1524838307 1610.342041 556.117004
0 1478197163 701.568115 292.389069
0 1478221192 741.233093 298.385315
0 1524819281 1693.360718 734.112000
0 2086284946 1039.591431 443.357361
0 1524824288 1440.127197 626.632141
0 1524802260 1710.484741 550.495850
0 1478226199 655.159180 303.980560
0 1578518673 877.297363 439.742279
0 1438981616 1015.825317 503.384705
0 1478238215 610.626038 353.287506
0 1609135173 1090.203857 413.775757
0 1524837305 1691.580811 571.207703
0 1524793249 1567.959717 598.455811
0 1568515662 1114.361572 399.656189
0 1568516664 1124.739258 452.174530
0 1438991628 1122.015137 438.388245
0 1478249230 656.553345 350.363953
0 1438996634 1013.952148 473.193085
0 1578519675 879.948486 414.051514
0 1524829295 1756.170776 654.875854
0 1524864341 1637.205811 594.647095
0 1478255238 553.435913 337.624573
0 1438993631 1111.969971 387.552704
0 1524788244 1555.683105 578.760681
0 1772785076 872.980408 481.577362
0 1524828293 1534.427124 666.655762
0 1478203171 564.296814 318.657654
0 1524798255 1614.281250 738.143921
0 1478199165 629.337646 314.446259
0 1578528686 1038.311401 429.972900
0 1478192156 612.282959 306.767731
0 1478228201 725.888184 282.443542
0 1772037075 1099.086670 468.129669
0 1578515670 1035.872559 404.476196
0 1524851323 1630.208008 638.450378
0 1478218188 574.594360 300.674591
0 1478202169 716.442749 308.806213
0 1478254236 579.545349 292.028351
0 1478246226 547.779602 347.502502
0 1524809269 1719.020508 656.849365
0 1524822285 1574.873535 740.153137
0 1524841310 1444.686768 565.415588
0 1478235210 609.392029 274.043427
0 1578515669 882.437378 389.931976
0 1524854328 1681.947632 658.818848
0 0 761.026001 257.735596
0 1 1339.138550 549.250610
0 2 892.823608 219.086075
0 3 1606.782471 469.527435
0 4 773.935059 360.730682
0 5 203.311157 649.417786
0 6 1540.532593 398.914459
0 7 811.379211 554.027832
0 8 737.919922 551.326660
0 9 1211.141602 729.384827
0 10 745.635803 496.115814
0 11 801.222107 738.778687
0 12 1449.166016 294.172241
0 13 558.423767 733.261047
0 14 1453.365356 247.954102
0 15 650.067871 558.714539
0 16 499.788605 300.358276
0 17 1532.345337 473.648224
0 18 460.797791 350.706635
0 19 1096.884888 212.486893
0 20 1326.995483 722.919312
0 21 966.730469 200.393661
0 22 1610.484497 681.682800
0 23 1429.538330 265.211884
0 24 281.451050 681.407715
0 25 1303.356201 211.870010
0 26 1257.542236 200.199173
0 27 1095.560547 744.100647
0 28 650.335205 325.709717
0 29 1397.808594 322.451050
0 30 766.153503 409.972198
0 31 427.353638 398.108948
0 32 692.257202 406.602081
0 33 1298.922119 235.438919
0 34 668.424561 508.770111
0 35 983.809998 739.567688
0 36 1339.957642 253.847427
0 37 735.403076 290.861420
0 38 1663.453125 600.480225
0 39 690.706360 443.031036
