0 1578512666 997.087891 372.136383
0 1524823287 472.676636 464.918457
0 1478234209 1505.943726 403.262665
0 1707269176 1109.396973 407.102722
0 1438989626 905.848328 397.903290
0 1524801259 625.683533 421.134521
0 1438992629 967.077393 395.347351
0 1478227200 1536.976929 365.829224
0 1524854327 662.289734 437.840454
0 1478249229 1545.707764 343.627655
0 1524807266 595.105042 378.882080
0 1524863340 462.222473 439.872162
0 1524831297 558.929016 390.669891
0 1478229202 1516.030029 361.092651
0 1568509654 982.437866 400.468353
0 1524790246 482.854156 432.977905
0 1578523681 1066.114502 440.889252
0 1478207175 1577.937622 358.490875
0 1524861337 506.328552 484.168823
0 1478210178 1592.649048 387.145203
0 1524862338 616.789124 388.222504
0 1478186149 1548.287354 376.929901
0 1524797254 521.417419 402.892944
0 1578518674 1092.338501 401.791718
0 1438985621 1064.296997 427.759186
0 1524857331 505.179108 463.602386
0 1478203170 1602.500732 380.645538
0 1438994632 1026.647461 370.886078
0 1578520676 936.439148 396.626312
0 1478237213 1369.739868 378.538605
0 1568511657 1042.035400 375.572235
0 1775370079 982.303284 367.533325
0 1478195160 1540.290283 421.689117
0 1568510655 1011.561584 366.291901
0 1478257240 1401.053711 377.231445
0 1578521677 1087.961914 379.082947
0 1524794250 549.448730 468.538696
0 1524812272 618.435486 433.444946
0 1769859072 1043.253784 386.509674
0 1578525683 967.329712 384.152740
0 1770636073 1104.303833 383.952484
0 1524846317 472.560944 427.481445
0 1524833300 606.575806 427.868378
0 1568511656 1050.142578 448.350922
0 1438985620 1030.498535 416.491180
0 1478185148 1551.196899 414.493439
0 1707993177 1165.542236 381.387390
0 1478189152 1381.372314 372.346985
0 1524791247 493.365448 438.590820
0 1524830296 503.089722 426.216034
0 2088218948 1045.840088 409.727509
0 1524827292 494.087799 457.475281
0 1606348170 1079.632446 420.735352
0 1524855329 650.959900 402.941620
0 1478183145 1350.396240 373.644470
0 1438990627 1057.734863 380.353271
0 1524840309 516.518372 469.866425
0 1478222194 1443.469116 369.745972
0 1709860179 1038.646729 345.152191
0 1478188151 1455.685181 347.447388
0 1438988624 1060.882935 403.095520
0 1478243222 1456.982056 332.102142
0 1524843313 431.129089 441.151428
0 1524844315 540.344788 396.725525
0 1524858333 451.453979 452.778168
0 1524811271 639.341553 397.936981
0 1524859334 461.949432 458.782013
0 1478216186 1421.149170 382.218658
0 1524851324 561.426636 474.934814
0 1524814275 656.452148 419.859161
0 1578514668 1120.983643 388.922668
0 1478184146 1412.396729 371.047485
0 1524829294 513.711304 431.703522
0 1478176143 1425.767334 348.716827
0 1524860336 674.916260 413.260773
0 1478222193 1505.674927 350.623840
0 1438997636 998.121277 405.696991
0 1478194158 1403.984863 360.311005
0 1478201168 1568.243286 364.519531
0 1478187150 1539.116699 401.903046
0 1478205172 1558.361694 370.664795
0 1524838306 580.290771 400.418701
0 1568514660 1141.251953 405.787140
0 1524865342 699.882446 424.014984
0 2085418945 1099.596558 362.556488
0 1524808268 637.628723 426.585968
0 1478200167 1516.427124 378.255219
0 1478194159 1546.959961 359.792755
0 1568501643 1106.799316 395.295105
0 1478239216 1373.570190 361.593445
0 1524820283 630.549805 439.141327
0 1438989625 1118.234985 377.810669
0 1568505649 1077.593018 408.416138
0 1478255237 1517.297485 415.871796
0 1524804262 687.269165 418.581818
0 1568506650 1134.899414 382.670929
0 1478217187 1451.313477 399.177338
0 1568505648 1101.904785 373.047943
0 1568497640 1112.103516 419.404480
0 1578511665 1126.822754 412.528046
0 1478258241 1527.536865 389.834229
0 1524796253 572.447632 411.820801
0 1478206173 1556.755493 353.869598
0 1524826291 621.104858 404.192139
0 1578529688 1083.913574 358.078186
0 1478233207 1572.344482 400.541168
0 1708834178 1075.635742 396.591461
0 1478189153 1475.396606 351.904572
0 1568499641 982.346436 378.088959
0 1478245224 1561.879395 407.445618
0 1524852325 609.793884 399.178772
0 1478219190 1438.172485 327.998505
0 1578525682 1056.251099 369.633850
0 1478232206 1466.014771 341.815826
0 1524818280 587.092957 434.734497
0 1524850322 587.837708 389.447083
0 1438996635 1123.843872 400.485809
0 1524832299 575.572021 429.148804
0 1478242220 1560.066650 388.490814
0 1524789245 421.285675 435.520569
0 1438999639 935.557861 408.290222
0 1478196161 1495.059937 391.175476
0 1478252234 1430.263306 393.851471
0 1524803261 526.279114 456.166382
0 1478211179 1505.595215 335.029236
0 1578523680 1025.774658 360.552612
0 1578530689 966.814819 406.994659
0 1568508653 982.536865 424.714874
0 1524826290 577.179504 384.723053
0 1524847319 542.417419 413.074371
0 1524810270 642.927185 444.961395
0 1524835302 594.963074 422.407867
0 1524821284 441.182892 446.902649
0 1524799257 564.290649 423.679260
0 1478233208 1454.312744 363.686432
0 1608354172 1131.907349 371.782867
0 1524835303 668.730957 425.301514
0 1478251232 1494.814941 410.183502
0 1524812273 644.426636 414.529083
0 1706512175 921.715271 391.600525
0 1438986622 1024.934204 350.599213
0 1478211180 1526.801270 371.982239
0 1524823286 472.616974 445.614319
0 1478223195 1441.671753 387.311859
0 1478244223 1495.290283 373.297607
0 1438987623 1085.898926 368.379761
0 1478193157 1485.147583 362.390533
0 1478198164 1549.697021 395.129456
0 1524862339 535.637207 443.031372
0 1478236212 1384.835327 355.735168
0 1478240217 1392.785400 366.272217
0 1478214183 1580.198120 375.602448
0 1578521678 998.494141 417.807983
0 1524844314 598.707092 394.264740
0 1524848320 590.821106 453.542114
0 1524806265 583.589417 417.059845
0 1524787243 531.811523 407.932343
0 1478241219 1445.163940 353.183350
0 1524799256 613.984436 415.795441
0 1478190154 1406.751831 344.338074
0 1478226198 1464.953369 357.740326
0 1478208176 1535.999023 349.341156
0 1478214184 1389.490356 383.535583
0 2084722944 1071.947510 374.311035
0 1578522679 997.763123 394.066406
0 1524825289 442.079803 428.744873
0 1774531078 982.486389 412.343933
0 1525674169 982.391174 389.059021
0 1478197162 1608.963135 357.186981
0 1524815276 632.646729 409.307831
0 1768901071 1010.977234 356.143280
0 1578526684 1027.553955 381.621674
0 1478182144 1570.231567 381.983063
0 1524853326 605.841614 383.506866
0 1478218189 1362.092407 367.562134
0 1578513667 1059.277588 391.498535
0 1438983618 1090.106567 390.211609
0 1478224196 1423.525391 364.980316
0 1478247227 1612.159790 374.272888
0 1524792248 539.974609 482.824219
0 1524795252 452.045654 434.250244
0 1524808267 567.223694 441.736786
0 1478191155 1436.361328 343.077881
0 1524856330 502.137329 409.175293
0 1478236211 1472.825562 404.620026
0 1478258242 1630.922485 361.894135
0 1478212181 1414.976929 354.460236
0 1478185147 1432.416748 375.922211
0 1568502645 1047.214355 422.064026
0 1568508652 1073.755249 385.232056
0 1438984619 1151.908691 387.631744
0 1659977623 1043.881104 392.141266
0 1478209177 1582.598999 393.775757
0 1438982617 1028.496582 392.783478
0 1524805264 570.346619 460.963654
0 1771287074 1048.647217 434.927002
0 2087111947 1040.863159 365.048584
0 1524817279 627.953491 393.031586
0 1524795251 561.530762 406.687500
0 1478230204 1474.589966 368.442413
0 1478230203 1599.558472 363.207886
0 1524847318 515.070435 450.181061
0 1578516671 1097.085205 426.420593
0 1568513659 1012.799133 387.785339
0 1578529687 1031.562866 429.095520
0 1524819282 591.295166 405.440765
0 1478253235 1434.445923 359.026672
0 1524836304 544.617249 430.427185
0 1478243221 1589.971924 369.345245
0 1568501644 1169.273560 392.696289
0 1438998637 998.882812 430.429657
0 1524816278 623.171997 452.226746
0 1705773174 952.569214 379.344482
0 1524845316 462.479065 422.097839
0 1524842312 482.494690 415.575775
0 1568507651 920.548767 403.042847
0 1438999638 1054.822876 359.316315
0 1478252233 1409.660400 388.638733
0 1438993630 996.769165 361.787109
0 1478237214 1476.158325 336.285828
0 1524857332 494.857910 477.607117
0 1478248228 1463.828735 374.610962
0 1478225197 1427.885864 333.347809
0 1524859335 522.940552 419.582703
0 1524832298 553.241516 418.322266
0 1478200166 1448.278809 322.742981
0 1478250231 1484.054321 397.830261
0 1478245225 1495.712402 340.551880
0 1438995633 937.286194 385.415344
0 1524804263 546.956482 448.879333
0 1524839308 533.666260 424.948608
0 1524849321 649.828064 432.153381
0 1568512658 952.029968 390.330750
0 1568514661 1014.137878 411.036774
0 1478231205 1528.319092 408.815704
0 1773608077 1012.168457 376.831573
0 1438977615 1094.662720 413.851227
0 1524834301 537.735779 462.284119
0 1607644171 1138.011841 393.996735
0 1524800258 492.686401 420.841248
0 1568504647 1039.734375 354.915710
0 1568500642 1044.520996 397.885773
0 1478256239 1484.617432 379.578461
0 1524815277 603.011963 459.641022
0 1568503646 1081.758789 433.580719
0 1478220191 1515.655273 344.902832
0 1478207174 1538.014282 383.318451
0 1524841311 483.643463 471.191986
0 1478213182 1485.647705 346.176056
0 1524813274 578.894531 447.575470
0 1568516663 1070.208130 363.803467
0 1578517672 1053.447144 349.378448
0 1578527685 1155.399536 399.177856
0 1478240218 1473.734497 385.982880
0 1478215185 1446.764648 337.540558
0 1524838307 582.434509 467.208740
0 1478197163 1505.848633 384.651764
0 1478221192 1462.635376 392.514557
0 1524819281 512.433044 414.326050
0 2086284946 1013.455139 399.178070
0 1524824288 662.815674 408.048492
0 1524802260 518.064270 490.882172
0 1478226199 1505.759277 367.136810
0 1578518673 1115.591309 367.123840
0 1438981616 967.572449 373.384827
0 1478238215 1417.414062 338.793457
0 1609135173 1014.849243 423.390533
0 1524837305 528.113953 476.272095
0 1524793249 598.861145 440.440125
0 1568515662 1015.590820 436.271088
0 1568516664 950.885376 413.648987
0 1438991628 966.541443 419.122589
0 1478249230 1395.894165 349.984375
0 1438996634 997.418884 382.888153
0 1578519675 1148.554199 376.536438
0 1524829295 483.236328 451.480652
0 1524864341 558.523499 454.855316
0 1478255238 1486.120483 330.854645
0 1438993631 1032.673218 442.243317
0 1524788244 610.884705 446.269501
0 1772785076 1068.533325 353.686340
0 1524828293 602.524109 410.565308
0 1478203171 1525.453857 339.286102
0 1524798255 550.831970 401.656769
0 1478199165 1495.507446 356.452057
0 1578528686 1029.477295 404.397308
0 1478192156 1526.108154 355.161804
0 1478228201 1516.848755 396.480957
0 1772037075 951.469116 401.756592
0 1578515670 1062.554688 415.172302
0 1524851323 555.800537 436.022003
0 1478218188 1566.368896 348.056549
0 1478202169 1452.858154 380.899567
0 1478254236 1587.449707 352.575409
0 1478246226 1467.018433 326.759979
0 1524809269 504.101776 444.323914
0 1524822285 569.504211 395.496063
0 1524841310 681.271057 430.859680
0 1478235210 1621.631958 368.023590
0 1578515669 1182.881958 386.338806
0 1524854328 524.558105 437.307434
0 0 1058.286255 220.022705
0 1 778.995239 335.652588
0 2 858.807678 471.468781
0 3 1119.244263 215.230408
0 4 1107.703491 599.106934
0 5 721.071838 312.916077
0 6 709.707275 299.886810
0 7 1481.802002 440.087616
0 8 1530.146362 416.047089
0 9 1143.950684 526.296814
0 10 1432.448608 461.005096
0 11 1303.903320 435.429016
0 12 1439.116455 348.398041
0 13 1529.636108 353.875763
0 14 1482.254395 338.192596
0 15 1492.446899 386.615356
0 16 977.267395 229.342804
0 17 1374.522583 438.569702
0 18 591.724548 447.979187
0 19 673.552246 398.658569
0 20 803.184265 540.088318
0 21 872.439392 521.131165
0 22 975.976868 570.710754
0 23 1399.324829 265.141846
0 24 533.638489 404.811493
0 25 887.567139 320.682465
0 26 812.952820 344.445129
0 27 579.470093 419.490051
0 28 1015.308960 606.098694
0 29 751.499207 479.784485
0 30 915.010071 491.858734
0 31 930.549500 252.983673
0 32 1394.086060 528.989197
0 33 1056.583252 280.005554
0 34 1553.813110 452.067017
0 35 883.568726 260.558624
0 36 676.406677 378.502594
0 37 1315.481934 569.891541
0 38 1112.128662 561.926697
0 39 1507.573364 470.766449
