0 1578512666 984.946777 528.229797
0 1524823287 804.772156 401.846100
0 1478234209 874.162415 782.447571
0 1707269176 887.256531 574.081116
0 1438989626 918.741699 499.969788
0 1524801259 877.573669 426.230835
0 1438992629 923.377197 520.129639
0 1478227200 1016.058105 822.997498
0 1524854327 842.413940 438.531555
0 1478249229 1115.762695 843.341797
0 1524807266 967.768372 409.199097
0 1524863340 849.522156 394.088409
0 1524831297 942.521057 403.508789
0 1478229202 1035.083618 808.890015
0 1568509654 909.882996 526.057129
0 1524790246 861.133179 396.783173
0 1578523681 806.318604 559.184021
0 1478207175 1050.186401 861.875793
0 1524861337 769.748657 412.803955
0 1478210178 928.775330 855.867065
0 1524862338 947.013245 416.714691
0 1478186149 970.581665 825.955322
0 1524797254 917.957336 397.972595
0 1578518674 902.201050 567.066833
0 1438985621 837.710999 557.759460
0 1524857331 804.835449 408.283630
0 1478203170 954.886353 868.356506
0 1438994632 988.695923 539.251526
0 1578520676 921.014771 509.855652
0 1478237213 965.422302 702.985168
0 1568511657 975.448486 545.614685
0 1775370079 997.684692 522.251160
0 1478195160 808.669922 798.417786
0 1568510655 1001.648621 533.029907
0 1478257240 969.882568 722.382751
0 1578521677 965.323242 564.147461
0 1524794250 793.061523 418.743225
0 1524812272 853.477905 427.101593
0 1769859072 944.989441 546.983948
0 1578525683 952.420776 518.881775
0 1770636073 951.197632 571.095093
0 1524846317 871.821289 393.335144
0 1524833300 865.015442 423.132294
0 1568511656 790.675354 553.921021
0 1438985620 867.562744 544.646790
0 1478185148 831.391846 809.286255
0 1707993177 957.963989 597.374084
0 1478189152 987.332153 711.432983
0 1524791247 850.265198 400.289215
0 1524830296 872.901855 399.514526
0 2088218948 883.670166 549.740540
0 1524827292 816.291992 404.644379
0 1606348170 853.913147 563.096924
0 1524855329 914.480530 428.495026
0 1478183145 982.482605 692.598633
0 1438990627 961.896179 552.124329
0 1524840309 793.180847 411.985870
0 1478222194 997.851196 752.286194
0 1709860179 1066.034180 541.542419
0 1478188151 1088.521851 769.265442
0 1438988624 900.078613 554.929443
0 1478243222 1156.665405 776.723145
0 1524843313 848.801147 388.070801
0 1524844315 930.155457 400.721832
0 1524858333 827.152100 394.844086
0 1524811271 925.518066 424.498260
0 1524859334 816.055786 398.315796
0 1478216186 951.902405 733.665344
0 1524851324 781.012573 422.630249
0 1524814275 878.837585 433.458923
0 1578514668 936.731934 578.209900
0 1478184146 992.447571 731.299744
0 1524829294 862.059143 403.067719
0 1478176143 1080.458862 747.340027
0 1524860336 891.799011 436.708221
0 1478222193 1079.449829 806.045593
0 1438997636 896.089355 532.116150
0 1478194158 1032.757812 728.947876
0 1478201168 1022.898071 849.562317
0 1478187150 876.377502 806.442566
0 1478205172 996.373657 837.593567
0 1524838306 921.619690 410.821228
0 1568514660 889.168518 587.057922
0 1524865342 868.271057 445.227844
0 2085418945 1014.558472 568.136047
0 1524808268 866.065247 430.257080
0 1478200167 965.492126 800.809204
0 1478194159 1042.399414 834.555969
0 1568501643 919.300049 572.584656
0 1478239216 1026.584717 709.199646
0 1524820283 841.731812 431.142700
0 1438989625 968.899048 576.692871
0 1568505649 885.425354 561.653381
0 1478255237 830.490540 785.133179
0 1524804262 880.143738 440.928680
0 1568506650 954.506409 583.945740
0 1478217187 891.899109 747.746887
0 1568505648 982.950073 569.612183
0 1568497640 855.065918 575.584412
0 1578511665 871.950562 581.265076
0 1478258241 921.076721 803.616882
0 1524796253 898.430603 411.636322
0 1478206173 1069.486084 846.441650
0 1524826291 912.659546 421.422577
0 1578529688 1027.879272 561.254211
0 1478233207 878.730286 831.929382
0 1708834178 916.796753 560.216309
0 1478189153 1071.286011 782.045837
0 1568499641 968.540039 523.514465
0 1478245224 854.736694 820.452637
0 1524852325 923.537964 417.551270
0 1478219190 1172.444214 764.104614
0 1578525682 992.600891 550.731018
0 1478232206 1114.107788 779.376282
0 1524818280 852.636353 420.077911
0 1524850322 944.732178 410.008789
0 1438996635 904.416077 579.734009
0 1524832299 863.998901 416.232697
0 1478242220 924.806702 828.932556
0 1524789245 859.362610 384.766388
0 1438999639 892.407959 511.063568
0 1478196161 917.564270 779.778564
0 1478252234 911.120483 736.044739
0 1524803261 816.535522 411.170471
0 1478211179 1150.725098 814.238770
0 1578523680 1018.653625 537.917175
0 1578530689 894.212463 521.382751
0 1568508653 850.730530 528.621277
0 1524826290 955.057495 406.334290
0 1524847319 896.925354 405.090027
0 1524810270 829.771362 435.257477
0 1524835302 876.349915 419.232849
0 1524821284 838.065735 391.429565
0 1524799257 875.164551 412.454102
0 1478233208 1021.704834 761.952942
0 1608354172 986.947632 582.400452
0 1524835303 867.149841 437.618286
0 1478251232 851.614014 772.272949
0 1524812273 890.314697 429.374512
0 1706512175 933.992371 504.274261
0 1438986622 1048.482666 536.588562
0 1478211180 990.431885 811.752808
0 1524823286 838.630615 397.548279
0 1478223195 933.367310 745.296265
0 1478244223 984.840454 787.434998
0 1438987623 996.671448 562.697632
0 1478193157 1028.197754 784.732056
0 1478198164 900.261353 817.533875
0 1524862339 839.813049 410.357788
0 1478236212 1049.431763 717.799805
0 1478240217 1009.770935 720.084717
0 1478214183 975.995544 852.704041
0 1578521678 866.217834 533.422668
0 1524844314 934.227234 413.747223
0 1524848320 817.046143 424.853638
0 1524806265 887.486572 415.401428
0 1524787243 907.530151 401.501251
0 1478241219 1063.586792 759.411804
0 1524799256 888.877930 422.275970
0 1478190154 1096.816528 735.636536
0 1478226198 1046.175049 771.869568
0 1478208176 1088.121582 831.538513
0 1478214184 947.857239 713.678955
0 2084722944 979.120422 557.361328
0 1578522679 925.834167 530.815186
0 1524825289 870.772583 387.338013
0 1774531078 880.369080 527.336487
0 1525674169 939.273071 524.783142
0 1478197162 1058.492065 891.014465
0 1524815276 901.586914 425.363037
0 1768901071 1031.245972 531.723633
0 1578526684 958.608887 540.591614
0 1478182144 950.041626 840.651367
0 1524853326 957.480957 412.924255
0 1478218189 1004.274536 700.801636
0 1578513667 931.055725 553.523804
0 1438983618 933.833374 565.603882
0 1478224196 1015.572266 740.437988
0 1478247227 981.765869 881.213684
0 1524792248 769.256348 419.585724
0 1524795252 860.234680 390.685455
0 1524808267 840.432434 417.066711
0 1478191155 1105.216797 756.886047
0 1524856330 905.923218 395.260345
0 1478236211 872.073242 759.817139
0 1478258242 1037.969849 908.097351
0 1478212181 1056.313477 738.030212
0 1478185147 974.591003 742.859924
0 1568502645 852.808228 551.127930
0 1568508652 948.028137 558.785583
0 1438984619 939.759521 591.377075
0 1659977623 929.709900 547.670837
0 1478209177 903.400146 843.729553
0 1438982617 928.391602 541.937439
0 1524805264 804.968079 421.776581
0 1771287074 821.810242 552.521362
0 2087111947 1005.775085 544.251404
0 1524817279 936.360596 420.572083
0 1524795251 909.186890 407.935760
0 1478230204 1003.568237 774.489746
0 1478230203 1030.186768 877.869812
0 1524847318 827.971191 407.481323
0 1578516671 838.505188 570.012817
0 1568513659 942.073486 535.659241
0 1578529687 836.949524 546.010315
0 1524819282 910.895874 414.572937
0 1478253235 1039.278076 749.805786
0 1524836304 863.013916 409.547791
0 1478243221 1002.699646 865.105042
0 1568501644 924.645203 598.993530
0 1438998637 836.218689 534.734741
0 1524816278 817.313965 432.031342
0 1705773174 965.286743 513.106934
0 1524845316 882.333984 389.943726
0 1524842312 894.049805 392.584290
0 1568507651 905.713806 505.458130
0 1438999638 1023.170837 549.343872
0 1478252233 929.764648 724.693970
0 1438993630 1014.316040 526.945251
0 1478237214 1140.370483 789.754517
0 1524857332 781.623657 409.088623
0 1478248228 979.569031 764.509460
0 1478225197 1146.597534 754.375305
0 1524859335 884.831482 402.283203
0 1524832298 886.138428 408.740448
0 1478200166 1198.961426 774.086304
0 1478250231 894.525940 769.669312
0 1478245225 1123.533447 803.219177
0 1438995633 949.505127 508.652649
0 1524804263 828.399963 414.097870
0 1524839308 874.015747 405.884521
0 1524849321 854.347290 434.356628
0 1568512658 936.581421 514.329529
0 1568514661 881.986145 538.311157
0 1478231205 853.128906 795.646179
0 1773608077 971.924622 534.341797
0 1438977615 870.425293 568.536499
0 1524834301 804.900757 414.923859
0 1607644171 921.913696 585.498169
0 1524800258 883.563965 396.020538
0 1568504647 1035.970093 542.893982
0 1568500642 914.396912 548.359253
0 1478256239 960.698792 777.125977
0 1524815277 805.037598 428.852112
0 1568503646 822.259033 564.546997
0 1478220191 1106.126953 817.139404
0 1478207174 945.492065 814.634033
0 1524841311 793.296448 405.436554
0 1478213182 1097.063110 792.492065
0 1524813274 828.842529 420.925781
0 1568516663 1010.074768 555.943359
0 1578517672 1053.606689 547.962769
0 1578527685 906.729980 592.966248
0 1478240218 937.176819 767.081543
0 1478215185 1130.610718 766.677124
0 1524838307 792.938416 425.718750
0 1478197163 941.211548 790.154907
0 1478221192 914.251038 757.291748
0 1524819281 895.465820 398.742310
0 2086284946 912.094238 536.982361
0 1524824288 903.242676 432.564362
0 1524802260 757.666199 416.584167
0 1478226199 1009.626587 798.019287
0 1578518673 1000.918457 575.182739
0 1438981616 981.344116 517.639038
0 1478238215 1121.396240 744.888977
0 1609135173 851.748230 539.645691
0 1524837305 781.322937 415.752655
0 1524793249 841.071655 423.991486
0 1568515662 821.379761 540.986023
0 1568516664 878.815186 516.789917
0 1438991628 864.925903 522.641052
0 1478249230 1072.835571 726.609497
0 1438996634 955.453003 529.519775
0 1578519675 972.633728 589.795349
0 1524829295 827.555420 401.066437
0 1524864341 816.786743 417.903564
0 1478255238 1167.336914 800.410889
0 1438993631 806.202576 547.379761
0 1524788244 829.299438 427.975342
0 1772785076 1040.891724 554.531616
0 1524828293 899.983643 418.390625
0 1478203171 1133.543579 828.540771
0 1524798255 919.760315 404.298096
0 1478199165 1053.482788 795.247009
0 1578528686 898.043152 543.289185
0 1478192156 1061.238892 820.058899
0 1478228201 897.308594 792.891907
0 1772037075 907.757812 515.557190
0 1578515670 868.964050 556.341370
0 1524851323 851.821167 413.274628
0 1478218188 1097.350220 858.668457
0 1478202169 956.176270 754.781494
0 1478254236 1078.272461 874.549072
0 1478246226 1183.407104 787.033936
0 1524809269 839.212769 403.854736
0 1524822285 932.159851 407.133698
0 1524841310 855.245728 441.854645
0 1478235210 1009.448181 894.454773
0 1578515669 942.924927 605.143555
0 1524854328 851.031128 406.681610
0 0 851.487183 381.131195
0 1 608.465698 711.546021
0 2 818.881104 425.252472
0 3 861.018066 739.251160
0 4 555.692566 521.880981
0 5 492.575806 548.890564
0 6 1043.691040 703.899658
0 7 601.500244 660.258362
0 8 533.564148 621.790222
0 9 1078.130859 780.741821
0 10 451.028748 579.693604
0 11 886.660889 692.077881
0 12 1409.070312 494.006317
0 13 715.208252 430.736694
0 14 1220.911133 581.453064
0 15 371.109558 577.543762
0 16 465.888916 497.003418
0 17 1517.801758 591.891846
0 18 430.519104 513.535278
0 19 944.000671 426.333771
0 20 1168.876953 791.705933
0 21 950.519226 442.323151
0 22 1313.232666 723.718750
0 23 1345.218262 475.645020
0 24 601.771606 604.383667
0 25 1108.274902 465.187805
0 26 1035.527466 450.423706
0 27 1004.249817 754.692993
0 28 699.496277 630.346375
0 29 1130.365234 584.069153
0 30 427.962982 563.211121
0 31 402.241180 537.876343
0 32 519.494751 506.236053
0 33 1218.485718 499.937683
0 34 447.944916 528.480469
0 35 944.375183 726.548340
0 36 1160.507446 534.186035
0 37 597.228760 474.204865
0 38 1094.265137 408.209564
0 39 496.761475 525.010437
