0 1578512666 1040.742920 458.822845
0 1524823287 553.223389 344.558319
0 1478234209 1474.481812 838.091248
0 1707269176 1039.141113 555.058350
0 1438989626 911.788391 443.813660
0 1524801259 702.035278 356.530121
0 1438992629 960.303589 469.226105
0 1478227200 1663.858521 818.185608
0 1524854327 686.465881 384.758636
0 1478249229 1767.460083 796.117065
0 1524807266 770.911072 307.470001
0 1524863340 594.192200 320.000763
0 1524831297 729.517029 306.703552
0 1478229202 1649.234497 791.896484
0 1568509654 958.729492 481.941681
0 1524790246 615.216614 320.402710
0 1578523681 917.891907 567.477905
0 1478207175 1761.982422 848.911743
0 1524861337 531.509338 371.685760
0 1478210178 1668.951904 903.678406
0 1524862338 763.338501 323.234650
0 1478186149 1638.023560 844.246399
0 1524797254 688.252747 305.939545
0 1578518674 1039.395142 539.803284
0 1438985621 949.982849 552.595337
0 1524857331 568.339661 353.798798
0 1478203170 1712.377197 905.405579
0 1438994632 1067.389404 471.846985
0 1578520676 935.624207 456.298950
0 1478237213 1384.364014 691.350830
0 1568511657 1067.634033 484.659393
0 1775370079 1040.942139 446.856598
0 1478195160 1453.880493 895.124268
0 1568510655 1067.152832 459.456970
0 1478257240 1427.726440 714.064331
0 1578521677 1096.482422 512.376404
0 1524794250 577.108826 372.649902
0 1524812272 674.300354 365.197754
0 1769859072 1040.104004 497.208984
0 1578525683 988.079712 457.558411
0 1770636073 1097.263672 526.622620
0 1524846317 620.982483 312.497620
0 1524833300 679.657837 356.072968
0 1568511656 887.817017 566.629150
0 1438985620 953.669250 522.817505
0 1478185148 1496.622925 896.824280
0 1707993177 1158.954834 558.368225
0 1478189152 1419.593262 692.489563
0 1524791247 609.294922 328.521698
0 1524830296 636.274902 320.805328
0 2088218948 982.264343 523.575195
0 1524827292 575.072083 344.997192
0 1606348170 979.635864 553.414490
0 1524855329 751.185425 348.534912
0 1478183145 1377.333740 670.743347
0 1438990627 1067.887085 497.916107
0 1524840309 561.414795 362.851898
0 1478222194 1510.228638 739.129456
0 1709860179 1145.174805 449.312378
0 1478188151 1609.282349 720.075989
0 1438988624 1010.921143 524.334656
0 1478243222 1668.798218 700.544617
0 1524843313 579.510559 311.717407
0 1524844315 708.868713 306.321289
0 1524858333 566.721924 327.694366
0 1524811271 755.348145 339.868896
0 1524859334 560.065063 336.010925
0 1478216186 1436.228760 736.618164
0 1524851324 570.103027 382.255005
0 1524814275 719.727905 366.141815
0 1578514668 1098.073486 541.390625
0 1478184146 1463.843384 715.260193
0 1524829294 630.633362 328.936401
0 1478176143 1561.435303 697.074341
0 1524860336 742.500671 366.615021
0 1478222193 1673.649536 768.171448
0 1438997636 957.100952 495.096375
0 1478194158 1490.328613 694.775940
0 1478201168 1720.537598 847.351929
0 1478187150 1527.030029 868.321289
0 1478205172 1679.218140 845.796814
0 1524838306 720.847351 322.422272
0 1568514660 1069.296753 571.750427
0 1524865342 733.301331 385.766296
0 2085418945 1151.585449 500.046387
0 1524808268 696.994507 365.669373
0 1478200167 1583.650757 815.246399
0 1478194159 1704.140259 819.661682
0 1568501643 1068.702026 540.596069
0 1478239216 1446.365723 672.922485
0 1524820283 668.786926 374.588226
0 1438989625 1126.169189 527.388611
0 1568505649 1010.152588 539.012207
0 1478255237 1443.636475 865.095825
0 1524804262 737.968140 376.050903
0 1568506650 1127.509766 542.186951
0 1478217187 1415.822021 783.563782
0 1568505648 1124.875977 513.113647
0 1568497640 1008.527893 570.035522
0 1578511665 1038.877686 570.892029
0 1478258241 1556.006348 841.159485
0 1524796253 694.857849 330.184418
0 1478206173 1744.541260 821.142212
0 1524826291 733.506165 339.437378
0 1578529688 1149.900513 486.712341
0 1478233207 1582.514160 900.240417
0 1708834178 1039.639893 525.095642
0 1478189153 1621.991211 742.922180
0 1568499641 1014.385193 458.190002
0 1478245224 1539.500488 898.529663
0 1524852325 737.849243 331.019897
0 1478219190 1655.598022 679.527466
0 1578525682 1094.999878 485.342285
0 1478232206 1645.886597 721.288025
0 1524818280 657.318481 355.616608
0 1524850322 746.190491 314.853149
0 1438996635 1068.993896 555.882996
0 1524832299 662.833496 346.760162
0 1478242220 1610.939575 871.566833
0 1524789245 585.655945 304.039948
0 1438999639 907.082581 467.923553
0 1478196161 1503.913452 812.324463
0 1478252234 1407.410522 758.906982
0 1524803261 590.527771 354.252075
0 1478211179 1734.679321 746.746338
0 1578523680 1093.615234 460.092316
0 1578530689 931.642151 481.265717
0 1568508653 899.405029 507.259003
0 1524826290 750.197754 307.086487
0 1524847319 678.493103 321.612518
0 1524810270 663.110596 384.256104
0 1524835302 684.865906 347.202728
0 1524821284 573.201416 319.599426
0 1524799257 668.196838 338.147186
0 1478233208 1547.380737 740.390259
0 1608354172 1155.137329 528.156250
0 1524835303 714.867249 375.562500
0 1478251232 1433.902954 836.563965
0 1524812273 724.450806 356.988068
0 1706512175 937.518799 444.419891
0 1438986622 1119.040161 448.696625
0 1478211180 1623.695557 816.713806
0 1524823286 587.991089 328.107727
0 1478223195 1445.125977 760.219360
0 1478244223 1570.983521 789.102966
0 1438987623 1123.627686 499.334778
0 1478193157 1597.046875 765.505859
0 1478198164 1568.919922 869.941589
0 1524862339 618.879333 345.877197
0 1478236212 1481.014404 674.016296
0 1478240217 1454.914673 693.631226
0 1478214183 1695.369995 874.832397
0 1578521678 927.380554 507.985443
0 1524844314 742.075806 322.828125
0 1524848320 622.867737 373.617340
0 1524806265 689.930603 338.576538
0 1524787243 683.437317 313.672577
0 1478241219 1572.776245 718.867188
0 1524799256 706.935242 347.646057
0 1478190154 1550.578613 676.212280
0 1478226198 1584.634644 741.654480
0 1478208176 1727.937744 794.706116
0 1478214184 1391.705688 712.871582
0 2084722944 1095.728271 498.624725
0 1578522679 985.872131 482.619019
0 1524825289 606.111145 304.418671
0 1774531078 929.548157 494.395142
0 1525674169 986.994324 469.879333
0 1478197162 1823.002686 879.769043
0 1524815276 729.041748 348.090149
0 1768901071 1092.956665 448.082092
0 1578526684 1040.324219 483.977875
0 1478182144 1653.089478 873.197021
0 1524853326 767.174866 315.247955
0 1478218189 1411.805664 671.831543
0 1578513667 1039.876099 510.906525
0 1438983618 1068.420654 525.858337
0 1478224196 1500.057251 716.459290
0 1478247227 1755.941040 907.138245
0 1524792248 546.954041 381.756958
0 1524795252 600.230164 312.107239
0 1524808267 635.017090 355.160980
0 1478191155 1597.128784 698.228027
0 1524856330 667.669128 305.558441
0 1478236211 1424.642700 809.419556
0 1478258242 1843.487183 910.620300
0 1478212181 1525.835205 695.923584
0 1478185147 1473.178101 737.872070
0 1568502645 951.859619 537.435303
0 1568508652 1068.149170 511.640686
0 1438984619 1128.900513 557.537903
0 1659977623 1026.000122 503.638245
0 1478209177 1625.664307 901.956726
0 1438982617 1012.378662 496.503326
0 1524805264 599.968323 373.133209
0 1771287074 920.395935 551.778015
0 2087111947 1094.295898 472.505524
0 1524817279 759.397644 331.438599
0 1524795251 699.653198 322.017059
0 1478230204 1558.906860 764.178711
0 1478230203 1780.326172 878.118347
0 1524847318 596.957336 345.436829
0 1578516671 978.247131 569.181030
0 1568513659 1013.070374 483.297729
0 1578529687 922.808899 536.649414
0 1524819282 716.335999 330.601807
0 1478253235 1536.367920 717.661621
0 1524836304 646.499023 337.718506
0 1478243221 1737.781982 876.472778
0 1568501644 1130.344116 573.473206
0 1438998637 896.663147 521.306824
0 1524816278 639.796753 383.754517
0 1705773174 989.129883 445.635864
0 1524845316 626.598389 304.798004
0 1524842312 647.117676 305.177917
0 1568507651 909.474060 455.671051
0 1438999638 1121.256836 473.165405
0 1478252233 1399.380127 735.367737
0 1438993630 1066.923950 447.468750
0 1478237214 1682.589600 722.503296
0 1524857332 538.953979 362.385132
0 1478248228 1520.873657 762.855286
0 1478225197 1620.501343 678.419556
0 1524859335 657.367004 321.208618
0 1524832298 673.414795 329.767731
0 1478200166 1690.785278 680.638245
0 1478250231 1464.220093 810.869873
0 1478245225 1697.013062 745.468140
0 1438995633 963.299316 445.027283
0 1524804263 612.753540 354.706146
0 1524839308 652.006653 329.351685
0 1524849321 691.806885 375.074921
0 1568512658 961.826050 456.928040
0 1568514661 955.415283 508.713409
0 1478231205 1485.269043 866.706055
0 1773608077 1040.537109 471.189789
0 1438977615 1009.355286 554.235535
0 1524834301 583.914246 363.319427
0 1607644171 1098.913574 556.709534
0 1524800258 641.767761 312.888641
0 1568504647 1120.130249 460.728943
0 1568500642 1011.662842 510.173920
0 1478256239 1532.026123 787.712219
0 1524815277 616.524353 383.253784
0 1568503646 948.035217 568.328491
0 1478220191 1712.112915 769.509888
0 1478207174 1596.953125 842.700684
0 1524841311 546.189087 353.346283
0 1478213182 1659.450562 744.193420
0 1524813274 629.029419 364.256989
0 1568516663 1122.421997 486.026611
0 1578517672 1146.697876 461.366852
0 1578527685 1099.785522 572.610779
0 1478240218 1493.180542 786.325500
0 1478215185 1632.916260 699.384827
0 1524838307 593.293152 382.753967
0 1478197163 1543.723511 813.783264
0 1478221192 1454.446045 784.942627
0 1524819281 662.585999 313.280304
0 2086284946 984.711121 495.799103
0 1524824288 746.904663 357.446777
0 1524802260 523.845947 381.259766
0 1478226199 1610.052734 790.497742
0 1578518673 1153.329956 513.852539
0 1438981616 1015.010742 446.245636
0 1478238215 1585.494995 677.314453
0 1609135173 925.135559 522.061340
0 1524837305 554.289185 372.167419
0 1524793249 651.645386 364.726959
0 1568515662 893.821594 535.865234
0 1568516664 904.610107 480.591156
0 1438991628 902.052368 493.695312
0 1478249230 1515.751831 675.112854
0 1438996634 1013.738831 470.533905
0 1578519675 1157.011108 542.984985
0 1524829295 581.620117 336.436798
0 1524864341 606.452393 363.787811
0 1478255238 1719.391724 723.721863
0 1438993631 890.874878 550.962524
0 1524788244 645.807251 374.102356
0 1772785076 1148.272339 473.826569
0 1524828293 711.700317 339.006622
0 1478203171 1750.684937 770.852051
0 1524798255 704.321838 314.065460
0 1478199165 1635.294312 766.836792
0 1578528686 983.509277 509.442871
0 1478192156 1688.529419 793.299316
0 1478228201 1515.182861 839.623108
0 1772037075 933.666382 468.574188
0 1578515670 980.974182 538.222900
0 1524851323 640.837952 346.318298
0 1478218188 1785.062012 822.627014
0 1478202169 1482.946777 761.535461
0 1478254236 1803.553223 850.476318
0 1478246226 1704.774658 701.707520
0 1524809269 603.210754 336.863312
0 1524822285 725.239502 314.458984
0 1524841310 709.862793 385.262024
0 1478235210 1799.644165 908.876526
0 1578515669 1160.972656 574.337524
0 1524854328 624.836975 337.290558
0 0 1443.125244 305.042969
0 1 656.947754 345.919128
0 2 973.383179 350.352112
0 3 1665.490356 460.517273
0 4 658.053528 400.430054
0 5 640.519104 287.365173
0 6 1718.809326 566.863708
0 7 714.143616 372.596008
0 8 602.642456 493.934631
0 9 1410.683838 742.807495
0 10 640.256165 375.909576
0 11 566.624939 713.531006
0 12 1648.193604 710.778015
0 13 512.611755 440.835693
0 14 1270.644653 711.435608
0 15 676.672058 323.826843
0 16 691.263000 272.533478
0 17 1500.084961 725.978638
0 18 611.610352 317.316711
0 19 1067.999756 337.028107
0 20 1219.857422 749.466980
0 21 1448.253784 794.220886
0 22 1124.847656 730.309814
0 23 699.947510 290.056458
0 24 537.577515 388.018402
0 25 1083.983154 358.778076
0 26 1173.059937 359.851013
0 27 690.948975 683.602356
0 28 518.997437 507.759979
0 29 698.098572 847.708862
0 30 609.485779 784.297974
0 31 443.141174 512.204285
0 32 1425.000854 647.704102
0 33 1348.922852 493.254883
0 34 1296.966431 379.749664
0 35 594.122131 357.584290
0 36 1350.344604 709.705078
0 37 1287.293213 497.538300
0 38 449.049530 588.341614
0 39 1419.843750 547.826416
