0 1578512666 940.286987 383.147430
0 1524823287 1375.104004 313.326721
0 1478234209 480.640289 332.965515
0 1707269176 833.094788 342.205444
0 1438989626 1028.180542 358.238770
0 1524801259 1287.596191 345.357422
0 1438992629 968.072327 358.591461
0 1478227200 393.955750 368.005859
0 1524854327 1234.397217 329.349030
0 1478249229 341.082214 393.771729
0 1524807266 1382.216553 392.860443
0 1524863340 1421.057251 333.747589
0 1524831297 1402.730103 380.003052
0 1478229202 405.197510 374.098053
0 1568509654 952.295044 352.876373
0 1524790246 1411.843140 339.187927
0 1578523681 877.426208 315.417755
0 1478207175 340.952820 374.504364
0 1524861337 1322.739502 298.964386
0 1478210178 381.634796 344.559296
0 1524862338 1342.017456 380.415894
0 1478186149 403.260468 355.975952
0 1524797254 1422.415527 367.664703
0 1578518674 847.599731 347.745575
0 1438985621 877.417358 325.753082
0 1524857331 1347.951050 313.440765
0 1478203170 361.439148 350.384277
0 1438994632 908.865295 383.361084
0 1578520676 998.161011 358.414886
0 1478237213 570.514160 360.924164
0 1568511657 892.976929 377.180023
0 1775370079 956.748535 389.434906
0 1478195160 476.834290 317.100922
0 1568510655 925.051880 389.658173
0 1478257240 539.431396 361.106506
0 1578521677 846.419922 371.307587
0 1524794250 1303.407227 308.678131
0 1524812272 1280.188110 334.452515
0 1769859072 892.687195 364.966705
0 1578525683 969.818481 370.527161
0 1770636073 831.366272 365.340393
0 1524846317 1431.004028 344.579071
0 1524833300 1298.141846 339.780762
0 1568511656 891.390991 310.330231
0 1438985620 906.594238 336.321960
0 1478185148 458.527710 322.381073
0 1707993177 769.757935 365.715820
0 1478189152 551.835327 367.043762
0 1524791247 1393.006470 333.887970
0 1524830296 1402.449951 344.734039
0 2088218948 892.139893 341.897614
0 1524827292 1365.775879 318.392029
0 1606348170 862.928467 331.131287
0 1524855329 1284.402100 362.579681
0 1478183145 583.187622 366.852753
0 1438990627 877.378662 371.111755
0 1524840309 1330.415161 308.569824
0 1478222194 488.907898 367.427246
0 1709860179 893.918579 416.874298
0 1478188151 440.212372 393.073456
0 1438988624 877.398743 347.583832
0 1478243222 409.430511 413.699249
0 1524843313 1449.046875 333.607544
0 1524844315 1412.673218 373.770966
0 1524858333 1411.461914 323.298859
0 1524811271 1303.262329 368.418304
0 1524859334 1393.133301 318.271759
0 1478216186 527.250427 355.275970
0 1524851324 1286.352661 303.879608
0 1524814275 1258.722290 345.514160
0 1578514668 816.582947 359.480316
0 1478184146 520.408875 367.235291
0 1524829294 1383.511841 339.335663
0 1478176143 473.092834 392.841827
0 1524860336 1247.671387 351.208801
0 1478222193 395.655945 386.850647
0 1438997636 936.794373 347.261505
0 1478194158 513.295044 379.670593
0 1478201168 362.154388 368.199646
0 1478187150 450.771820 333.108795
0 1478205172 382.919098 362.024841
0 1524838306 1362.976807 368.040619
0 1568514660 803.472412 342.359894
0 1524865342 1212.203369 340.228790
0 2085418945 829.499207 390.331268
0 1524808268 1269.559082 339.929749
0 1478200167 434.366241 355.800354
0 1478194159 373.113770 374.300964
0 1568501643 832.246887 353.554077
0 1478239216 545.354614 379.460266
0 1524820283 1262.536743 329.214020
0 1438989625 815.388062 371.503815
0 1568505649 862.650574 342.051331
0 1478255237 487.845947 322.252167
0 1524804262 1229.783569 345.671234
0 1568506650 800.598206 365.527893
0 1478217187 522.036255 338.246307
0 1568505648 830.451111 377.590149
0 1568497640 833.911804 331.270538
0 1578511665 818.840698 336.761108
0 1478258241 442.723572 344.240784
0 1524796253 1353.897095 356.327637
0 1478206173 351.829224 380.729736
0 1524826291 1314.049927 362.398987
0 1578529688 845.144592 396.777740
0 1478233207 420.836212 333.252441
0 1708834178 862.362122 353.384064
0 1478189153 428.319733 386.628540
0 1568499641 955.205933 376.771820
0 1478245224 439.865234 327.763916
0 1524852325 1333.154175 368.229279
0 1478219190 421.639557 420.687378
0 1578525682 877.367981 383.575256
0 1478232206 419.069458 399.885406
0 1524818280 1308.485352 334.310944
0 1524850322 1372.409546 380.209198
0 1438996635 817.732971 347.907715
0 1524832299 1326.661377 339.632080
0 1478242220 412.214111 344.399841
0 1524789245 1468.319214 338.893494
0 1438999639 995.921631 346.940552
0 1478196161 473.163422 344.082062
0 1478252234 533.835083 343.765747
0 1524803261 1338.360229 318.512573
0 1478211179 363.716187 407.102356
0 1578523680 909.490356 396.308380
0 1578530689 966.391418 347.100830
0 1568508653 949.595459 330.715485
0 1524826290 1392.580078 386.364838
0 1524847319 1383.104736 356.156219
0 1524810270 1245.180298 324.062988
0 1524835302 1316.405762 345.201080
0 1524821284 1430.097168 328.410065
0 1524799257 1345.151123 345.045074
0 1478233208 469.134674 373.693695
0 1608354172 799.076233 377.795959
0 1524835303 1240.912964 340.079132
0 1478251232 499.046875 327.491913
0 1524812273 1276.842651 351.044128
0 1706512175 1014.474426 364.224548
0 1438986622 910.141174 409.789490
0 1478211180 414.368927 361.840302
0 1524823286 1402.321533 328.543335
0 1478223195 515.286499 349.549286
0 1478244223 445.744751 361.656189
0 1438987623 845.794861 383.789917
0 1478193157 437.204407 373.895630
0 1478198164 431.683899 338.698395
0 1524862339 1346.589355 328.810730
0 1478236212 525.833618 385.965515
0 1478240217 532.766418 373.291260
0 1478214183 372.082062 356.151947
0 1578521678 935.715454 336.176239
0 1524844314 1352.604248 374.165009
0 1524848320 1283.353394 318.754425
0 1524806265 1334.988037 350.715881
0 1524787243 1402.586060 361.859497
0 1478241219 460.903778 386.406982
0 1524799256 1305.948120 350.879791
0 1478190154 485.516907 399.400757
0 1478226198 448.943054 380.092682
0 1478208176 362.912048 387.073273
0 1478214184 558.068298 355.101959
0 2084722944 861.751221 377.384857
0 1578522679 937.914307 358.768402
0 1524825289 1459.494629 344.424408
0 1774531078 950.920288 341.591095
0 1525674169 953.722595 364.594788
0 1478197162 308.714417 374.708252
0 1524815276 1295.282349 356.671539
0 1768901071 926.012939 402.857880
0 1578526684 908.264465 370.916443
0 1478182144 392.350861 350.216522
0 1524853326 1361.931519 386.580719
0 1478218189 564.468445 373.090759
0 1578513667 877.388855 359.123535
0 1438983618 847.021057 359.301727
0 1478224196 500.988586 373.492249
0 1478247227 340.830780 356.328400
0 1524792248 1296.182373 299.060944
0 1524795252 1440.112305 339.040558
0 1524808267 1318.632690 328.944855
0 1478191155 452.334564 399.642792
0 1524856330 1431.963135 361.680481
0 1478236211 510.441925 332.822510
0 1478258242 298.323944 368.588623
0 1478212181 493.408295 386.185944
0 1478185147 508.275787 361.289307
0 1568502645 891.881226 330.992371
0 1568508652 862.062561 365.153320
0 1438984619 786.074097 359.659302
0 1659977623 892.546448 359.034607
0 1478209177 401.429871 338.849792
0 1438982617 907.686523 358.945770
0 1524805264 1293.473022 313.669678
0 1771287074 891.631714 320.476776
0 2087111947 893.278259 389.881989
0 1524817279 1322.464233 374.362732
0 1524795251 1373.141602 362.038940
0 1478230204 457.332275 367.619659
0 1478230203 330.277191 368.393921
0 1524847318 1356.272705 323.552490
0 1578516671 848.694336 325.885071
0 1568513659 923.240417 364.780518
0 1578529687 906.077698 325.621368
0 1524819282 1343.629639 362.218750
0 1478253235 481.157898 379.881378
0 1524836304 1355.118042 339.483673
0 1478243221 351.395203 362.209808
0 1568501644 771.808716 353.895294
0 1438998637 934.675415 325.489960
0 1524816278 1255.761841 318.875763
0 1705773174 986.209839 376.568420
0 1524845316 1450.497314 350.063751
0 1524842312 1441.321899 355.814667
0 1568507651 1011.908813 352.539795
0 1438999638 877.356873 396.542755
0 1478252233 545.843872 349.383423
0 1438993630 941.545166 396.074585
0 1478237214 397.460022 406.847626
0 1524857332 1339.913940 303.674896
0 1478248228 477.046936 361.472534
0 1478225197 443.405823 413.433960
0 1524859335 1392.872314 350.389099
0 1524832298 1363.962769 350.552277
0 1478200166 399.377930 428.105896
0 1478250231 491.986877 338.396637
0 1478245225 385.721222 400.128632
0 1438995633 1000.487122 370.333191
0 1524804263 1328.589111 323.679688
0 1524839308 1373.832397 344.889374
0 1524849321 1251.828735 334.594421
0 1568512658 984.133789 364.409454
0 1568514661 921.563049 341.744171
0 1478231205 469.488922 327.627747
0 1773608077 924.128357 376.975647
0 1438977615 848.157043 336.614380
0 1524834301 1320.740723 313.555115
0 1607644171 802.062500 353.724487
0 1524800258 1421.717163 350.226227
0 1568504647 893.591858 403.102600
0 1568500642 892.408386 353.214447
0 1478256239 465.399689 355.625122
0 1524815277 1266.147583 313.784485
0 1568503646 863.196472 320.601807
0 1478220191 374.207367 393.538422
0 1478207174 423.191223 350.049164
0 1524841311 1357.366577 308.461731
0 1478213182 407.250610 393.305634
0 1524813274 1300.846069 323.807190
0 1568516663 861.427490 390.106384
0 1578517672 877.345398 410.045563
0 1578527685 787.798157 348.070190
0 1478240218 484.658783 349.715515
0 1478215185 431.118927 406.593597
0 1524838307 1276.342773 308.786652
0 1478197163 453.960388 349.882141
0 1478221192 503.533813 343.923706
0 1524819281 1412.246338 355.985260
0 2086284946 922.385986 353.045227
0 1524824288 1265.874878 356.844086
0 1524802260 1305.836548 294.328278
0 1478226199 425.681641 367.812531
0 1578518673 814.145752 384.005127
0 1438981616 971.633484 382.934296
0 1478238215 464.693054 406.340149
0 1609135173 920.770142 330.853790
0 1524837305 1313.161133 303.777161
0 1524793249 1290.615112 329.079315
0 1568515662 920.005493 320.352020
0 1568516664 980.211731 341.438416
0 1438991628 964.771973 336.030853
0 1478249230 505.892303 392.610809
0 1438996634 939.077637 370.721558
0 1578519675 784.282837 371.700562
0 1524829295 1383.896973 323.425537
0 1524864341 1310.886108 318.633392
0 1478255238 375.368561 413.965210
0 1438993631 905.579346 315.299500
0 1524788244 1273.043091 323.934967
0 1772785076 861.090454 403.347961
0 1524828293 1324.623047 356.499359
0 1478203171 352.289551 400.372467
0 1524798255 1392.730469 367.852448
0 1478199165 416.650177 380.304504
0 1578528686 907.130188 347.422485
0 1478192156 384.279053 380.516876
0 1478228201 461.869537 338.547394
0 1772037075 982.135986 352.707886
0 1578515670 877.408203 336.468018
0 1524851323 1336.720703 334.169617
0 1478218188 330.087891 387.296478
0 1478202169 496.360992 355.450348
0 1478254236 319.300568 380.943115
0 1478246226 387.253479 420.965027
0 1524809269 1374.485596 328.676910
0 1524822285 1382.673828 373.967773
0 1524841310 1223.406982 334.736633
0 1478235210 319.796814 362.395203
0 1578515669 755.494446 359.838745
0 1524854328 1364.894409 334.028625
0 0 1163.653198 264.086029
0 1 801.364258 459.382721
0 2 1120.994751 353.933044
0 3 970.993286 193.885620
0 4 1122.017212 276.639984
0 5 463.822540 511.672668
0 6 1012.906616 204.374557
0 7 870.081177 196.389053
0 8 898.083740 205.208862
0 9 1219.853882 444.351501
0 10 937.985291 213.363327
0 11 934.097412 577.809814
0 12 1223.701904 267.324341
0 13 610.073364 492.760193
0 14 1257.628174 278.812469
0 15 499.843781 306.934113
0 16 371.079346 420.646545
0 17 1401.708618 321.103638
0 18 412.373413 449.023407
0 19 940.788330 435.548218
0 20 1275.841675 428.883331
0 21 868.166504 182.027863
0 22 1391.501465 341.390533
0 23 1141.311523 239.098709
0 24 1147.500854 529.314392
0 25 830.688721 429.715820
0 26 884.467834 444.934845
0 27 1167.098389 467.748474
0 28 652.788757 703.627319
0 29 1194.592407 348.717010
0 30 975.920349 225.094208
0 31 499.012512 544.949097
0 32 609.482056 239.860428
0 33 749.035278 386.022125
0 34 467.544098 290.800079
0 35 1029.317139 537.110779
0 36 526.887451 279.178284
0 37 471.314545 278.329895
0 38 583.302917 289.192444
0 39 542.656494 262.268860
