0 1578512666 841.649780 501.227478
0 1524823287 1027.095947 222.491882
0 1478234209 30.618288 806.245667
0 1707269176 618.540222 513.906433
0 1438989626 860.451050 420.437775
0 1524801259 1033.230103 289.059723
0 1438992629 805.884277 453.502014
0 1524854327 961.971375 291.767578
0 1524807266 1185.747925 304.590332
0 1524863340 1095.767212 229.035019
0 1524831297 1172.953491 283.750214
0 1478229202 36.052578 972.908203
0 1568509654 776.017578 455.063171
0 1524790246 1100.599976 237.832916
0 1578523681 595.626160 448.751648
0 1524861337 962.360352 224.547562
0 1524862338 1138.313477 306.488800
0 1524797254 1160.850708 264.036652
0 1578518674 650.971558 512.063416
0 1438985621 624.198792 462.998901
0 1524857331 1009.243347 231.853638
0 1438994632 811.919250 520.743469
0 1578520676 833.705933 436.643738
0 1478237213 306.199280 756.281860
0 1568511657 779.830017 522.619507
0 1775370079 872.792847 499.457672
0 1568510655 843.820862 518.878418
0 1478257240 252.684753 788.708557
0 1578521677 714.887573 545.092041
0 1524794250 968.623108 242.243469
0 1524812272 1005.626709 279.727631
0 1769859072 747.138672 506.598419
0 1578525683 837.537598 467.795380
0 1770636073 681.594971 547.094849
0 1524846317 1122.281738 237.108337
0 1524833300 1028.954834 278.863739
0 1568511656 597.845337 433.434052
0 1438985620 685.428833 459.798340
0 1707993177 609.929443 591.373657
0 1478189152 296.089752 785.280762
0 1524791247 1078.829224 238.560455
0 1524830296 1105.560547 246.863312
0 2088218948 684.716919 476.007324
0 1524827292 1031.006104 231.144669
0 1606348170 622.380493 479.357056
0 1524855329 1066.355835 309.368866
0 1478183145 348.228607 753.066589
0 1438990627 747.551453 524.506592
0 1524840309 987.391785 232.565460
0 1478222194 182.563904 855.423157
0 1709860179 884.415588 573.873840
0 1478188151 187.580444 958.775452
0 1438988624 683.979126 492.807312
0 1478243222 208.887268 1035.418335
0 1524843313 1112.208008 219.789108
0 1524844315 1166.819092 273.758392
0 1524858333 1069.822021 221.135101
0 1524811271 1090.450195 308.404510
0 1524859334 1048.501587 221.812134
0 1478216186 208.948792 792.162476
0 1524851324 946.307556 242.989227
0 1524814275 1013.651062 300.481812
0 1578514668 648.100403 549.109863
0 1478184146 240.956635 819.344971
0 1524829294 1083.511719 247.619263
0 1478176143 250.251953 916.764893
0 1524860336 1017.838013 311.310730
0 1478222193 68.755066 1008.577942
0 1438997636 745.986938 456.632874
0 1478194158 274.332947 847.689514
0 1524838306 1126.786621 285.504517
0 1568514660 583.259888 534.111389
0 1524865342 968.876465 313.270386
0 2085418945 748.888550 582.514343
0 1524808268 1009.582336 289.958344
0 1478200167 23.981062 902.118225
0 1568501643 649.563171 530.235168
0 1478239216 329.659973 812.110352
0 1524820283 982.196533 280.595276
0 1438989625 680.737732 566.614014
0 1568505649 652.328369 494.556152
0 1478255237 3.066820 779.472168
0 1524804262 993.413086 312.288330
0 1568506650 646.579773 568.729126
0 1478217187 134.929535 769.384399
0 1568505648 714.685608 564.511902
0 1568497640 588.479248 498.084045
0 1578511665 585.918457 515.760315
0 1524796253 1098.334229 276.294525
0 1524826291 1085.259399 297.689240
0 1578529688 783.087036 580.333984
0 1708834178 683.213928 510.231140
0 1478189153 137.509583 963.445496
0 1568499641 839.556702 484.211029
0 1524852325 1108.916382 296.766724
0 1478219190 261.074860 1030.194458
0 1578525682 780.874146 541.122314
0 1478232206 172.345673 998.572083
0 1524818280 1024.796631 268.946899
0 1524850322 1155.916382 294.933868
0 1438996635 616.510437 532.167480
0 1524832299 1047.715210 268.119751
0 1524789245 1133.274902 219.120148
0 1438999639 803.171204 423.272552
0 1478196161 59.341194 834.157410
0 1478252234 178.226898 766.072021
0 1524803261 1012.978271 240.761169
0 1578523680 846.074463 537.200012
0 1578530689 775.146179 439.621887
0 1568508653 716.109741 427.581177
0 1524826290 1179.260498 294.023468
0 1524847319 1115.885498 265.659485
0 1524810270 958.663574 281.466736
0 1524835302 1052.181763 278.003601
0 1524821284 1091.057129 220.460785
0 1524799257 1070.535767 267.296143
0 1478233208 168.333481 889.541992
0 1608354172 679.846130 586.916138
0 1524835303 989.566956 301.421021
0 1478251232 47.353233 776.084167
0 1524812273 1037.627319 299.546783
0 1706512175 862.751465 435.166626
0 1438986622 881.341614 554.192322
0 1478211180 4.854226 938.879333
0 1524823286 1074.267456 229.735382
0 1478223195 164.878113 795.642822
0 1478244223 72.497635 897.891357
0 1438987623 748.425415 562.422668
0 1478193157 104.262337 929.921021
0 1524862339 1039.138550 249.140594
0 1478236212 319.672333 843.868652
0 1478240217 285.480316 815.713623
0 1578521678 715.953186 442.632233
0 1524844314 1132.468506 295.848236
0 1524848320 975.225708 260.899261
0 1524806265 1075.307983 277.147217
0 1524787243 1138.415771 264.846313
0 1478241219 201.998123 921.113342
0 1524799256 1056.773804 288.165070
0 1478190154 298.103363 912.452698
0 1478226198 153.336639 925.498596
0 1478214184 263.858185 759.521057
0 2084722944 747.980042 543.101257
0 1578522679 776.919922 471.052734
0 1524825289 1138.507080 227.642715
0 1774531078 745.629517 441.123016
0 1525674169 807.312927 469.419556
0 1524815276 1061.496460 298.615967
0 1768901071 878.384033 535.256348
0 1578526684 778.824219 504.797791
0 1524853326 1162.083984 305.537445
0 1478218189 339.167480 781.878784
0 1578513667 715.269104 508.409515
0 1438983618 682.419800 528.314331
0 1478224196 228.631561 851.540894
0 1524792248 943.420227 233.997894
0 1524795252 1117.180298 228.337479
0 1524808267 1020.750854 259.297913
0 1478191155 237.220367 954.145630
0 1524856330 1155.041260 254.574219
0 1478236211 91.306229 772.721741
0 1478212181 262.605591 881.328857
0 1478185147 196.085083 823.004639
0 1568502645 654.898499 461.394165
0 1568508652 715.081970 526.404785
0 1438984619 612.209961 570.857361
0 1659977623 731.171753 498.773468
0 1438982617 746.740845 489.339478
0 1524805264 971.880249 251.446548
0 1771287074 625.953857 447.209259
0 2087111947 813.571716 539.155334
0 1524817279 1114.435791 307.444489
0 1524795251 1121.260986 275.445496
0 1478230204 120.613449 893.699463
0 1524847318 1035.018921 240.024582
0 1578516671 590.947632 481.046143
0 1568513659 777.854858 487.620300
0 1578529687 656.116760 445.675293
0 1524819282 1103.551392 286.387482
0 1478253235 215.662598 885.418579
0 1524836304 1065.891968 257.710052
0 1568501644 577.626099 572.998840
0 1438998637 686.779968 429.032715
0 1524816278 955.446899 271.449768
0 1705773174 867.595337 466.180206
0 1524845316 1143.875366 236.386703
0 1524842312 1149.384888 245.360794
0 1568507651 831.886414 421.851410
0 1438999638 815.288391 558.282410
0 1478252233 221.201935 762.784363
0 1438993630 875.536499 517.024292
0 1478237214 156.222321 1040.689941
0 1524857332 984.025757 223.859573
0 1478248228 136.125504 859.336609
0 1478225197 274.111053 988.742432
0 1524859335 1110.653809 256.135529
0 1524832298 1093.259033 266.476074
0 1478200166 247.262711 1074.113770
0 1478250231 75.716774 802.684082
0 1478245225 103.073357 1046.010010
0 1438995633 865.131531 450.405121
0 1524804263 1016.812805 249.906036
0 1524839308 1088.319946 256.921143
0 1524849321 985.829651 290.860931
0 1568512658 835.588501 451.949371
0 1568514661 715.791199 458.211243
0 1773608077 810.327393 503.007507
0 1438977615 620.495605 496.315033
0 1524834301 990.846497 241.500778
0 1607644171 614.401917 551.137085
0 1524800258 1127.517944 246.110504
0 1568504647 848.415283 556.231140
0 1568500642 715.449463 491.068451
0 1478256239 89.311882 863.281738
0 1524815277 952.317627 261.705048
0 1568503646 593.328369 464.612488
0 1478220191 49.433777 1051.379150
0 1524841311 1005.604004 223.174347
0 1478213182 120.781563 1003.552673
0 1524813274 998.036621 260.096893
0 1568516663 781.959045 560.346252
0 1578517672 850.848572 576.013916
0 1578527685 580.497803 553.176697
0 1478240218 105.281494 830.410583
0 1478215185 223.453461 993.635498
0 1524838307 949.272339 252.221664
0 1478197163 42.118408 867.258911
0 1478221192 120.468681 799.149902
0 1524819281 1132.894043 255.353241
0 2086284946 746.357239 472.695038
0 1524824288 1042.151978 310.337616
0 1524802260 940.607300 225.238342
0 1478226199 54.770027 934.381104
0 1578518673 714.475525 584.708374
0 1438981616 870.147522 482.520752
0 1478238215 286.434937 949.555420
0 1609135173 686.116089 444.149628
0 1524837305 965.450928 233.280212
0 1524793249 1001.779541 269.777618
0 1568515662 657.293457 430.491974
0 1568516664 774.304077 424.701141
0 1438991628 745.284058 426.137329
0 1478249230 309.167206 877.272339
0 1438996634 808.792969 485.910828
0 1578519675 644.998108 589.137878
0 1524829295 1052.680664 230.438614
0 1524864341 994.393616 250.674683
0 1438993631 627.649048 431.959076
0 1524788244 978.663147 270.611908
0 1772785076 817.073059 578.167297
0 1524828293 1080.213867 287.274292
0 1524798255 1144.089111 274.600128
0 1478199165 87.002197 968.156250
0 1578528686 715.623352 474.346558
0 1478192156 16.259930 1013.648499
0 1478228201 13.036054 837.934021
0 1772037075 804.504517 438.128845
0 1578515670 653.636536 477.677490
0 1524851323 1043.369019 258.502289
0 1478202169 150.861404 826.693054
0 1478246226 193.449936 1079.699707
0 1524809269 1056.969116 239.291016
0 1524822285 1149.920410 284.625458
0 1524841310 965.374390 302.364471
0 1578515669 574.638123 593.623596
0 1524854328 1061.371338 248.378342
0 0 261.594910 416.260803
0 2 73.269188 677.240417
0 3 435.860138 232.919800
0 4 683.225647 636.768616
0 5 96.340317 1055.734497
0 6 552.071106 228.894775
0 7 546.988464 656.381897
0 8 998.257568 619.216980
0 9 824.706238 223.754486
0 10 107.503464 444.304230
0 11 1363.071289 606.321655
0 12 917.718384 224.335007
0 14 1143.011108 226.830734
0 17 1172.061401 261.700531
0 19 154.600433 346.376221
0 20 1195.423950 297.102722
0 21 954.003113 240.500641
0 22 1231.957886 336.772766
0 23 201.201187 539.804138
0 24 1271.841309 315.239288
0 25 76.115593 586.257202
0 26 184.675232 380.979980
0 27 1305.045166 474.107697
0 28 430.394196 821.071838
0 29 1072.133423 525.678101
0 30 983.555725 284.486786
0 32 871.088318 240.175125
0 33 287.130554 281.667877
0 34 393.963806 261.626434
0 35 38.541122 802.182495
0 36 486.193787 285.127411
0 37 488.567841 257.274231
0 38 778.872131 786.623535
0 39 769.914001 239.988892
