0 1578512666 981.260925 460.823792
0 1524823287 1406.250854 351.934906
0 1478234209 523.607422 453.048248
0 1707269176 870.485718 430.210022
0 1438989626 1065.599365 428.221832
0 1524801259 1322.834717 391.682098
0 1438992629 1005.947998 434.054901
0 1478227200 442.370361 495.145264
0 1524854327 1267.510010 380.776672
0 1478249229 393.203766 525.141663
0 1524807266 1424.275513 430.065918
0 1524863340 1455.203979 367.850037
0 1524831297 1443.161377 415.400421
0 1478229202 453.895233 500.115021
0 1568509654 989.628662 429.858704
0 1524790246 1446.692017 374.088440
0 1578523681 911.237549 399.851776
0 1478207175 391.339600 506.249084
0 1524861337 1351.851807 342.635559
0 1478210178 428.212280 473.286743
0 1524862338 1382.136108 421.401672
0 1478186149 450.324615 482.524109
0 1524797254 1461.276001 401.333649
0 1578518674 885.430115 434.340057
0 1438985621 912.401367 410.001251
0 1524857331 1379.042236 354.568665
0 1478203170 409.092163 480.795013
0 1438994632 950.118591 463.886353
0 1578520676 1035.793945 431.136353
0 1478237213 614.225952 472.359894
0 1568511657 933.661499 459.224701
0 1775370079 998.341614 465.544220
0 1478195160 518.375732 437.880463
0 1568510655 966.902405 468.640503
0 1478257240 583.803955 475.334717
0 1578521677 886.914001 457.654236
0 1524794250 1333.800537 354.003448
0 1524812272 1313.974854 381.587952
0 1769859072 931.974304 447.202942
0 1578525683 1009.089783 445.673950
0 1770636073 871.363708 453.137970
0 1524846317 1466.712646 377.650391
0 1524833300 1332.659180 385.195038
0 1568511656 924.448730 393.581940
0 1438985620 942.450134 417.727661
0 1478185148 501.033203 444.690674
0 1707993177 810.586060 459.089355
0 1478189152 596.537659 480.049133
0 1524791247 1427.031372 370.590485
0 1524830296 1438.013062 380.449280
0 2088218948 928.792358 424.531036
0 1524827292 1397.583008 357.801910
0 1606348170 898.699463 416.607330
0 1524855329 1321.915283 409.019714
0 1478183145 627.242981 477.042419
0 1438990627 917.521606 454.652924
0 1524840309 1360.820190 351.391022
0 1478222194 534.999084 486.075012
0 1709860179 939.157654 498.386322
0 1478188151 489.857422 515.622681
0 1438988624 914.863159 431.469604
0 1478243222 461.718323 538.655884
0 1524843313 1483.340088 365.113129
0 1524844315 1452.312012 408.294525
0 1524858333 1444.115723 358.407837
0 1524811271 1341.605591 413.068268
0 1524859334 1425.017822 355.143097
0 1478216186 571.310547 470.709290
0 1524851324 1316.108398 350.855804
0 1524814275 1293.944824 394.499573
0 1578514668 856.107788 448.707184
0 1478184146 565.789734 483.059967
0 1524829294 1418.239746 376.859619
0 1478176143 521.982117 512.458862
0 1524860336 1283.630737 401.148071
0 1478222193 445.771637 513.483948
0 1438997636 973.611389 425.740143
0 1478194158 560.044373 495.912994
0 1478201168 411.408203 498.177063
0 1478187150 494.489410 455.877136
0 1478205172 431.065704 490.270416
0 1524838306 1401.523193 407.192871
0 1568514660 841.274353 433.055145
0 1524865342 1246.741455 393.563293
0 2085418945 872.314209 477.956085
0 1524808268 1304.057495 387.980804
0 1478200167 480.632904 479.564362
0 1478194159 422.639404 503.179932
0 1568501643 870.916199 441.451477
0 1478239216 591.421204 492.831818
0 1524820283 1295.624268 378.045319
0 1438989625 856.263855 460.659698
0 1568505649 899.658325 427.368622
0 1478255237 529.608826 441.921265
0 1524804262 1265.016479 397.320801
0 1568506650 840.995850 456.111633
0 1478217187 564.543823 454.488129
0 1568505648 871.829407 465.296478
0 1568497640 870.071228 419.388611
0 1578511665 855.813354 426.155151
0 1478258241 487.694214 467.493286
0 1524796253 1390.807861 396.420898
0 1478206173 402.491760 511.384216
0 1524826291 1351.624756 406.110535
0 1578529688 888.521484 482.909729
0 1478233207 465.333160 458.709717
0 1708834178 900.654358 438.547424
0 1478189153 477.631866 510.350800
0 1568499641 995.320374 453.169983
0 1478245224 483.355682 451.632446
0 1524852325 1371.585083 410.128540
0 1478219190 474.307617 544.452820
0 1578525682 918.932068 466.953247
0 1478232206 469.842316 524.205933
0 1524818280 1342.293945 378.833252
0 1524850322 1412.670166 418.398956
0 1438996635 855.957764 437.214355
0 1524832299 1361.223389 382.412933
0 1478242220 457.973114 470.388092
0 1524789245 1503.485229 368.556854
0 1438999639 1032.203125 420.025970
0 1478196161 517.375610 464.602356
0 1478252234 576.619690 458.832092
0 1524803261 1370.113770 360.464081
0 1478211179 416.478210 536.228821
0 1578523680 952.234985 476.625366
0 1578530689 1002.926758 422.881195
0 1568508653 984.361267 408.285126
0 1524826290 1433.817749 422.655975
0 1524847319 1420.133545 393.553253
0 1524810270 1277.598511 374.565338
0 1524835302 1351.686401 388.868317
0 1524821284 1463.553467 361.730652
0 1524799257 1380.500000 386.058258
0 1478233208 516.275513 493.998169
0 1608354172 840.848145 468.338745
0 1524835303 1275.418335 390.770203
0 1478251232 541.044189 446.034790
0 1524812273 1312.814819 398.298126
0 1706512175 1052.696533 435.381775
0 1438986622 954.441223 489.905243
0 1478211180 461.697449 487.275085
0 1524823286 1435.655029 364.441040
0 1478223195 559.050476 466.170288
0 1478244223 492.287048 484.283844
0 1438987623 887.701294 470.024475
0 1478193157 485.107208 497.054443
0 1478198164 476.411011 463.061188
0 1524862339 1379.750732 369.872223
0 1478236212 572.939331 500.978210
0 1478240217 578.480957 487.898438
0 1478214183 419.974976 485.487915
0 1578521678 971.253418 414.925842
0 1524844314 1391.929688 414.223907
0 1524848320 1315.071045 365.798553
0 1524806265 1371.066040 392.609650
0 1524787243 1440.510864 397.406799
0 1478241219 509.446442 507.222137
0 1524799256 1341.959839 395.451965
0 1478190154 534.771729 517.801636
0 1478226198 497.157257 502.088318
0 1478208176 413.865753 516.621582
0 1478214184 601.454285 467.765625
0 2084722944 902.767151 462.258453
0 1578522679 976.061523 436.977356
0 1524825289 1495.374390 374.855103
0 1774531078 986.945007 418.867065
0 1525674169 992.418335 441.284241
0 1478197162 359.995758 509.322601
0 1524815276 1332.038208 402.167786
0 1768901071 969.392639 481.608459
0 1578526684 948.086670 451.655792
0 1478182144 439.164856 477.862152
0 1524853326 1402.998779 425.691193
0 1478218189 609.518494 484.854980
0 1578513667 916.166382 442.834320
0 1438983618 886.157532 445.768738
0 1478224196 547.400024 490.946198
0 1478247227 389.583893 488.455719
0 1524792248 1325.299927 345.196869
0 1524795252 1475.107178 371.320831
0 1524808267 1351.744629 372.593109
0 1478191155 502.330688 521.001404
0 1524856330 1470.059082 394.513367
0 1478236211 552.687317 450.223083
0 1478258242 349.354431 504.253448
0 1478212181 541.215576 504.097931
0 1478185147 553.340271 478.313690
0 1568502645 927.290466 413.829651
0 1568508652 901.689880 450.168427
0 1438984619 826.016968 451.649658
0 1659977623 931.155457 441.368561
0 1478209177 446.955566 465.926422
0 1438982617 946.134338 439.903839
0 1524805264 1324.522949 359.846100
0 1771287074 925.843567 403.520355
0 2087111947 935.418152 471.741272
0 1524817279 1361.675659 417.194794
0 1524795251 1410.922363 400.304077
0 1478230204 504.165741 489.094238
0 1478230203 380.402893 501.213135
0 1524847318 1388.751343 363.779968
0 1578516671 884.056091 412.751648
0 1568513659 962.217041 444.241577
0 1578529687 940.710205 407.254333
0 1524819282 1381.293701 403.205353
0 1478253235 528.623108 498.998444
0 1524836304 1389.750244 379.634460
0 1478243221 400.391754 493.269928
0 1568501644 811.319153 447.271423
0 1438998637 968.982605 404.511017
0 1524816278 1287.497559 368.470795
0 1705773174 1026.085083 450.148956
0 1524845316 1487.103027 381.278137
0 1524842312 1478.666260 387.829559
0 1568507651 1048.745361 424.085663
0 1438999638 920.401245 479.765259
0 1478252233 588.921021 463.257172
0 1438993630 984.022644 473.489990
0 1478237214 449.387207 532.977844
0 1524857332 1369.675903 345.682526
0 1478248228 522.834595 481.296692
0 1478225197 494.909698 535.371887
0 1524859335 1429.161987 386.936310
0 1524832298 1400.133301 389.771088
0 1478200166 453.237946 553.739868
0 1478250231 535.205078 457.342041
0 1478245225 437.306366 527.415100
0 1438995633 1039.527954 442.689270
0 1524804263 1361.016235 366.471130
0 1524839308 1409.275513 383.251923
0 1524849321 1285.619019 384.346252
0 1568512658 1022.578125 438.330963
0 1568514661 957.887878 421.697174
0 1478231205 512.218689 448.831818
0 1773608077 964.512512 456.195221
0 1438977615 884.730164 423.342316
0 1524834301 1351.799683 357.205750
0 1607644171 841.137817 444.359467
0 1524800258 1458.151855 384.105316
0 1568504647 937.248657 484.783844
0 1568500642 930.352478 435.647247
0 1478256239 510.899902 476.608673
0 1524815277 1297.212036 362.489777
0 1568503646 897.775757 406.240540
0 1478220191 425.468262 521.964111
0 1478207174 469.196930 474.933258
0 1524841311 1387.806396 348.781860
0 1478213182 457.686127 518.791077
0 1524813274 1333.245728 369.165771
0 1568516663 903.888794 474.846466
0 1578517672 921.932861 493.121674
0 1578527685 826.445923 440.092499
0 1478240218 529.139648 469.087372
0 1478215185 482.247559 529.731689
0 1524838307 1306.747437 356.619110
0 1478197163 499.188538 472.008362
0 1478221192 547.017395 461.715302
0 1524819281 1449.419678 390.689484
0 2086284946 960.010498 432.751007
0 1524824288 1302.593750 405.047028
0 1524802260 1334.326172 339.639557
0 1478226199 473.289520 492.117645
0 1578518673 856.426208 473.100067
0 1438981616 1012.359253 457.765594
0 1478238215 515.059448 526.490356
0 1609135173 955.844360 411.055603
0 1524837305 1342.908691 348.267548
0 1524793249 1323.702515 375.317444
0 1568515662 953.875671 400.803619
0 1568516664 1015.963684 416.040680
0 1438991628 1000.019043 412.127716
0 1478249230 554.060486 509.299561
0 1438996634 978.609375 448.662811
0 1578519675 825.570923 463.669403
0 1524829295 1416.451172 361.092163
0 1524864341 1342.609741 363.129639
0 1478255238 428.477417 541.944763
0 1438993631 939.033386 397.161133
0 1524788244 1305.439941 371.863861
0 1772785076 905.057617 487.963867
0 1524828293 1361.442993 399.292389
0 1478203171 404.722809 530.628967
0 1524798255 1431.420166 404.261261
0 1478199165 465.646851 505.182556
0 1578528686 944.256897 428.602936
0 1478192156 434.091675 508.281189
0 1478228201 505.827484 460.199707
0 1772037075 1019.206909 426.970215
0 1578515670 913.609070 420.533142
0 1524851323 1370.576416 376.082092
0 1478218188 381.914062 519.763672
0 1478202169 541.125732 473.656982
0 1478254236 370.846924 514.491699
0 1478246226 440.727966 547.780518
0 1524809269 1407.720825 367.154907
0 1524822285 1422.141846 411.257141
0 1524841310 1257.226196 387.108124
0 1478235210 369.675476 496.273560
0 1578515669 795.885132 454.596130
0 1524854328 1398.822266 373.334534
0 0 795.523987 711.860229
0 1 535.432861 424.796478
0 2 582.232727 415.182587
0 3 414.266174 564.071716
0 4 849.146484 498.306519
0 5 1124.937866 592.874878
0 6 370.065826 500.185638
0 7 1096.612061 459.752625
0 8 1148.152832 431.700226
0 9 870.774048 313.356201
0 10 977.206299 514.905762
0 11 1310.984985 481.277954
0 12 1187.221436 311.720123
0 13 998.762878 656.145630
0 14 666.733459 377.822845
0 15 900.297241 274.272095
0 16 668.912659 625.575989
0 17 862.308167 301.980560
0 18 617.366760 497.722382
0 19 558.624329 401.638306
0 20 1099.898804 292.647522
0 21 1053.820312 521.184692
0 22 1151.040283 294.776581
0 23 1381.610474 343.407806
0 24 561.466614 485.188934
0 25 626.616882 356.044922
0 26 696.907288 329.461975
0 27 1406.356934 403.498383
0 28 1061.212891 285.836426
0 29 911.115845 552.164185
0 30 767.175537 467.406799
0 31 909.280945 690.881592
0 32 1060.649170 306.452789
0 33 853.408020 283.266663
0 34 924.182251 284.834961
0 35 1271.731934 506.619019
0 36 620.851074 371.655304
0 37 1194.513306 327.393005
0 38 948.094238 273.583313
0 39 974.229370 293.409210
