0 1578512666 1021.035583 443.724609
0 1524823287 630.805603 1028.297974
0 1478234209 1493.503906 253.568878
0 1707269176 1225.204956 424.036285
0 1438989626 1000.936646 530.569153
0 1524801259 712.883728 785.996765
0 1438992629 1058.486694 489.248627
0 1478227200 1429.734131 208.414963
0 1524854327 829.602173 775.336243
0 1478249229 1386.641479 185.064072
0 1524807266 499.183502 751.975647
0 1524863340 503.200897 1000.554565
0 1524831297 480.771973 807.196777
0 1478229202 1406.658569 210.712997
0 1568509654 1089.197144 486.311646
0 1524790246 513.519897 962.780273
0 1578523681 1281.132080 485.612366
0 1478207175 1438.068604 188.898544
0 1524861337 769.928772 1016.124451
0 1478210178 1507.394775 210.419159
0 1524862338 572.965210 745.172119
0 1478186149 1460.511963 215.080795
0 1524797254 460.574799 867.773560
0 1578518674 1195.955078 426.856903
0 1438985621 1243.208984 471.582794
0 1524857331 683.047424 984.703125
0 1478203170 1499.063599 201.510544
0 1438994632 1047.520874 425.906128
0 1578520676 1030.231567 509.535583
0 1478237213 1351.643921 278.763733
0 1568511657 1076.136353 423.139648
0 1775370079 991.978577 446.526611
0 1478195160 1552.767944 258.937195
0 1568510655 1018.931946 428.670074
0 1478257240 1369.706421 265.795013
0 1578521677 1129.492432 403.206421
0 1524794250 776.626587 939.431824
0 1524812272 748.279968 811.564819
0 1769859072 1108.371338 435.302704
0 1578525683 1025.468872 475.451416
0 1770636073 1157.705322 400.472076
0 1524846317 469.887909 966.652222
0 1524833300 708.501892 815.179321
0 1568511656 1288.427734 503.242126
0 1438985620 1181.512085 477.483154
0 1478185148 1543.161255 248.664749
0 1707993177 1203.925293 367.839935
0 1478189152 1345.005981 268.234406
0 1524791247 557.214294 958.902771
0 1524830296 523.312317 926.933838
0 2088218948 1176.408813 460.974792
0 1524827292 637.986572 988.674805
0 1606348170 1236.991943 455.164276
0 1524855329 683.972290 734.935974
0 1478183145 1326.594849 281.233063
0 1438990627 1104.778320 420.370575
0 1524840309 728.174500 980.725708
0 1478222194 1380.302124 243.314758
0 1709860179 985.854614 389.074249
0 1478188151 1337.535034 217.596924
0 1438988624 1171.485596 445.048767
0 1478243222 1303.467896 202.343735
0 1524843313 446.285980 1044.443848
0 1524844315 470.912476 836.768188
0 1524858333 538.406616 1036.383057
0 1524811271 646.925171 738.352173
0 1524859334 584.571228 1032.343506
0 1478216186 1394.426270 263.353699
0 1524851324 820.697998 935.520813
0 1524814275 755.044128 754.652527
0 1578514668 1185.943848 397.735229
0 1478184146 1362.901367 255.599991
0 1524829294 565.897766 923.130371
0 1478176143 1320.287109 229.023560
0 1524860336 758.201050 728.091248
0 1478222193 1377.060913 204.202042
0 1438997636 1119.938110 483.371765
0 1478194158 1332.295776 248.072403
0 1478201168 1445.348267 197.391006
0 1478187150 1509.355835 241.110611
0 1478205172 1452.826660 206.115189
0 1524838306 557.947144 800.147949
0 1568514660 1248.388306 406.486511
0 1524865342 832.609802 721.229919
0 2085418945 1094.697266 378.475830
0 1524808268 751.740601 782.447754
0 1478200167 1444.666504 226.655182
0 1478194159 1422.569214 199.663040
0 1568501643 1190.864136 412.047882
0 1478239216 1314.236572 260.414642
0 1524820283 788.109558 807.945740
0 1438989625 1153.414673 386.592377
0 1568505649 1201.225708 442.188507
0 1478255237 1527.556152 261.422577
0 1524804262 795.382935 724.662659
0 1568506650 1181.185791 383.894409
0 1478217187 1452.043091 268.866547
0 1568505648 1125.668335 389.287903
0 1568497640 1260.791870 436.459747
0 1578511665 1254.482300 421.213013
0 1478258241 1476.538452 233.777252
0 1524796253 589.476562 825.994690
0 1478206173 1415.594604 191.143494
0 1524826291 641.252869 765.096741
0 1578529688 1067.450684 381.128937
0 1478233207 1524.768799 228.997391
0 1708834178 1166.732910 429.674835
0 1478189153 1360.558960 215.303986
0 1568499641 1023.213257 459.308868
0 1478245224 1533.832153 238.689056
0 1524852325 603.416138 768.569458
0 1478219190 1281.091064 204.578934
0 1578525682 1073.144165 408.667542
0 1478232206 1331.619385 208.734421
0 1524818280 703.906677 845.782715
0 1524850322 527.882690 775.502197
0 1438996635 1219.612915 409.268463
0 1524832299 663.216858 849.460022
0 1478242220 1492.177246 221.938782
0 1524789245 400.329651 1048.465088
0 1438999639 1064.592529 524.518433
0 1478196161 1460.460938 245.948013
0 1478252234 1426.912720 271.343842
0 1524803261 688.673035 947.236938
0 1478211179 1342.366577 189.493073
0 1578523680 1016.898682 414.118805
0 1578530689 1092.765869 503.572998
0 1568508653 1160.323486 515.418884
0 1524826290 490.185822 778.962097
0 1524847319 541.470642 860.462708
0 1524810270 827.990967 804.321838
0 1524835302 668.775391 818.789185
0 1524821284 492.311615 1040.416504
0 1524799257 622.580994 853.132446
0 1478233208 1373.536865 233.716278
0 1608354172 1149.263062 373.162598
0 1524835303 793.068604 751.162537
0 1478251232 1502.364746 263.905914
0 1524812273 717.066772 758.138245
0 1706512175 999.011963 512.512390
0 1438986622 987.310059 402.729340
0 1478211180 1437.097046 217.408966
0 1524823286 548.063477 996.600464
0 1478223195 1419.166138 260.910431
0 1478244223 1420.938477 229.010696
0 1438987623 1097.947021 391.981018
0 1478193157 1390.320312 222.060043
0 1478198164 1500.644287 231.388275
0 1524862339 651.246948 915.507568
0 1478236212 1308.320435 250.448517
0 1478240217 1338.559448 258.008270
0 1478214183 1475.936523 203.813721
0 1578521678 1155.427124 497.598267
0 1524844314 565.626099 772.038025
0 1524848320 782.654968 870.403625
0 1524806265 629.100403 822.394226
0 1524787243 500.995972 864.120605
0 1478241219 1343.614014 226.704132
0 1524799256 674.076050 789.541260
0 1478190154 1296.977905 231.341232
0 1478226198 1366.958252 224.382965
0 1478208176 1393.136841 193.386765
0 1478214184 1376.713257 276.292419
0 2084722944 1101.305542 405.938232
0 1578522679 1085.756226 469.669250
0 1524825289 413.672760 1008.445496
0 1774531078 1124.080566 500.587128
0 1525674169 1055.597900 472.561737
0 1478197162 1453.172729 178.408691
0 1524815276 679.136414 761.619629
0 1768901071 988.814270 416.840668
0 1578526684 1079.231934 438.112640
0 1478182144 1483.944458 212.750839
0 1524853326 536.052063 748.575928
0 1478218189 1320.325439 270.671814
0 1578513667 1137.538330 432.490082
0 1438983618 1162.142212 414.824677
0 1478224196 1356.289673 245.694504
0 1478247227 1490.956909 192.841965
0 1524792248 818.628357 972.753296
0 1524795252 458.404053 1004.502869
0 1524808267 699.082214 877.913269
0 1478191155 1314.527954 219.888138
0 1524856330 449.723389 900.319885
0 1478236211 1477.193604 266.387207
0 1478258242 1475.381470 176.187042
0 1478212181 1326.207397 238.414703
0 1478185147 1387.262573 253.189850
0 1568502645 1212.345215 474.534454
0 1568508652 1133.447021 417.598907
0 1438984619 1208.982056 381.194031
0 1659977623 1124.922852 441.547943
0 1478209177 1515.959839 219.577866
0 1438982617 1112.091064 450.761047
0 1524805264 779.718018 904.033325
0 1771287074 1249.657959 488.613403
0 2087111947 1045.008545 411.394440
0 1524817279 609.922852 741.764221
0 1524795251 549.904114 829.590515
0 1478230204 1397.228638 231.364395
0 1478230203 1460.558960 186.651978
0 1524847318 644.790771 951.131165
0 1578516671 1267.328125 452.254761
0 1568513659 1082.436646 453.613068
0 1578529687 1218.215820 491.611420
0 1524819282 596.607849 796.616821
0 1478253235 1349.863037 236.066376
0 1524836304 615.736633 885.402405
0 1478243221 1468.144287 195.117310
0 1568501644 1236.803223 378.491180
0 1438998637 1192.299683 512.379456
0 1524816278 826.301147 834.721497
0 1705773174 995.369324 478.338257
0 1524845316 426.318085 970.518738
0 1524842312 438.318939 934.524902
0 1568507651 1032.748291 527.545349
0 1438999638 1042.578979 397.359985
0 1478252233 1401.802856 273.819153
0 1438993630 990.369507 431.431458
0 1478237214 1325.860718 200.106918
0 1524857332 723.484192 1020.188416
0 1478248228 1404.333252 240.933151
0 1478225197 1286.244507 213.260147
0 1524859335 532.617371 892.871338
0 1524832298 581.998901 856.800049
0 1478200166 1276.072510 196.124756
0 1478250231 1468.704712 256.018036
0 1478245225 1348.269897 197.868500
0 1438995633 997.157471 495.113861
0 1524804263 694.010803 911.688110
0 1524839308 574.148743 889.139404
0 1524849321 790.646729 778.894226
0 1568512658 1027.806763 492.182678
0 1568514661 1150.709717 480.428925
0 1478231205 1518.322632 251.117798
0 1773608077 1050.119995 440.919952
0 1438977615 1230.994385 439.325531
0 1524834301 732.618286 943.337158
0 1607644171 1214.208252 394.995880
0 1524800258 480.786102 930.731995
0 1568504647 1014.932129 400.045898
0 1568500642 1141.774048 447.906281
0 1478256239 1428.382935 238.549698
0 1524815277 824.526794 866.641174
0 1568503646 1274.103760 468.628143
0 1478220191 1370.695190 195.628433
0 1478207174 1468.412842 224.297913
0 1524841311 677.109863 1024.246216
0 1478213182 1354.331787 206.469086
0 1524813274 740.840149 874.161011
0 1568516663 1070.250488 394.671692
0 1578517672 1013.029297 386.428131
0 1578527685 1242.498535 392.254089
0 1478240218 1436.042236 248.363846
0 1478215185 1308.923706 210.998123
0 1524838307 822.661499 900.197876
0 1478197163 1452.451416 236.164413
0 1478221192 1443.925537 258.465179
0 1524819281 491.142242 896.598145
0 2086284946 1115.944336 466.773956
0 1524824288 721.064270 731.515686
0 1524802260 816.443726 1012.054260
0 1478226199 1413.699829 219.735397
0 1578518673 1121.968140 375.820374
0 1438981616 993.644165 462.152710
0 1478238215 1291.538208 222.177673
0 1609135173 1186.805542 494.606323
0 1524837305 773.368103 976.742371
0 1524793249 744.650635 842.100586
0 1568515662 1224.309204 509.336823
0 1568516664 1096.469849 521.488403
0 1438991628 1128.380127 518.455200
0 1478249230 1302.569824 240.761215
0 1438996634 1052.810791 456.462341
0 1578519675 1176.582031 370.502441
0 1524829295 592.992065 992.640503
0 1524864341 736.834473 907.863403
0 1478255238 1320.252808 191.705215
0 1438993631 1256.351807 506.291046
0 1524788244 785.448730 838.413452
0 1772785076 1040.227905 383.779724
0 1524828293 635.317505 793.081299
0 1478203171 1364.496094 187.279373
0 1524798255 510.382751 833.181702
0 1478199165 1383.600220 213.009369
0 1578528686 1146.161743 463.875793
0 1478192156 1399.806763 201.933350
0 1478228201 1484.898682 243.530243
0 1772037075 1061.482910 506.555817
0 1578515670 1206.685547 458.070953
0 1524851323 657.381104 881.660400
0 1478218188 1408.802734 182.847198
0 1478202169 1411.642822 250.777786
0 1478254236 1430.979736 180.628723
0 1478246226 1298.154663 193.915771
0 1524809269 600.971252 955.019714
0 1524822285 519.335205 803.674561
0 1524841310 831.140137 747.668213
0 1478235210 1483.065674 184.403809
0 1578515669 1231.292725 365.175079
0 1524854328 608.542542 919.321594
0 0 1024.273926 216.871170
0 1 1909.782471 691.272095
0 2 1291.935059 664.432495
0 3 529.163513 459.669891
0 4 1863.507324 616.618103
0 5 542.429077 586.893433
0 6 502.931335 515.041504
0 7 1635.331909 315.502075
0 8 1691.798950 351.369324
0 9 1252.402222 796.242371
0 10 1752.641113 414.489044
0 11 909.271851 830.358398
0 12 1525.190430 323.190033
0 13 524.302551 649.368958
0 14 777.851074 894.919250
0 15 975.803589 761.734802
0 16 689.970276 262.113190
0 17 1646.664062 477.728851
0 18 665.323730 308.980682
0 19 989.640442 666.794617
0 20 1398.907104 805.471863
0 21 918.587524 292.390778
0 22 1878.016235 782.114380
0 23 1454.166748 206.536194
0 24 487.551941 712.825317
0 25 802.766602 538.621094
0 26 832.888428 588.465149
0 27 1148.605347 830.506226
0 28 1656.187256 578.791687
0 29 1728.247925 312.601044
0 30 1844.992310 494.798248
0 31 637.998779 345.205475
0 32 734.539368 668.846741
0 33 839.930908 456.500549
0 34 865.607056 745.530762
0 35 1033.122681 837.612122
0 36 692.053223 604.352112
0 37 744.345398 487.184967
0 38 1743.000854 557.294495
0 39 742.798218 737.010193
