0 1578512666 852.718567 739.680542
0 1707269176 838.843323 976.389099
0 1438989626 658.500183 705.408081
0 1438992629 728.279297 764.827332
0 1568509654 723.484375 795.295471
0 1578523681 639.385132 1013.760254
0 1578518674 841.146301 937.101501
0 1438985621 695.499268 973.120544
0 1438994632 891.659241 769.947876
0 1578520676 692.631836 734.472290
0 1568511657 890.867676 800.332153
0 1775370079 854.341003 712.002441
0 1568510655 892.414124 740.971985
0 1578521677 932.770935 866.952332
0 1769859072 847.365540 831.002075
0 1578525683 772.937378 737.084961
0 1770636073 932.994385 902.203979
0 1568511656 589.630432 1012.710571
0 1438985620 707.580200 896.355164
0 1707993177 1027.381348 980.688354
0 2088218948 752.997253 897.533569
0 1606348170 743.467590 974.214294
0 1438990627 890.036682 832.230042
0 1709860179 1008.778381 717.202698
0 1438988624 798.246338 898.707703
0 1578514668 933.229858 939.349915
0 1438997636 718.448914 827.292053
0 1568514660 885.172363 1018.945557
0 2085418945 1017.157959 835.888367
0 1568501643 887.275208 938.227844
0 1438989625 977.580505 903.360840
0 1568505649 794.842041 935.970825
0 1568506650 979.011292 940.467773
0 1568505648 976.222595 868.142883
0 1568497640 787.449951 1016.883911
0 1578511665 836.409058 1017.916809
0 1578529688 1014.911133 804.064758
0 1708834178 843.328247 899.877441
0 1568499641 812.893188 738.384888
0 1578525682 932.356567 801.580566
0 1438996635 886.252930 977.470215
0 1438999639 645.763306 762.241211
0 1578523680 931.980530 742.259216
0 1578530689 681.277954 794.025452
0 1568508653 624.191223 858.497681
0 1608354172 1022.003052 904.513489
0 1706512175 697.919922 706.735474
0 1438986622 970.352905 715.908875
0 1438987623 974.932129 834.673218
0 1578521678 668.753418 859.718628
0 2084722944 932.558594 833.453735
0 1578522679 765.545837 796.561096
0 1774531078 675.173035 826.046631
0 1525674169 769.329773 766.113892
0 1768901071 931.805237 714.610840
0 1578526684 849.236755 799.079468
0 1578513667 845.398499 864.558533
0 1438983618 888.243958 901.042847
0 1568502645 701.703613 933.696716
0 1568508652 889.163269 865.757507
0 1438984619 980.520752 979.619751
0 1659977623 824.731323 846.959656
0 1438982617 804.544434 829.769714
0 1771287074 647.342468 972.022400
0 2087111947 932.164062 771.217407
0 1578516671 738.293640 1015.846863
0 1568513659 807.463074 797.822449
0 1578529687 654.867371 932.553101
0 1568501644 982.115967 1020.990723
0 1438998637 616.238098 893.985168
0 1705773174 776.380798 709.377380
0 1568507651 652.280823 733.159546
0 1438999638 972.534241 772.482544
0 1438993630 893.134827 713.308777
0 1438995633 737.213257 708.058533
0 1568512658 732.850464 735.780823
0 1568514661 713.154358 860.935120
0 2079485312 824.732056 846.901855
0 1773608077 851.019043 768.674133
0 1438977615 791.248657 975.303833
0 1607644171 933.478394 978.547119
0 1568504647 971.418335 743.542236
0 1568500642 801.476074 863.355042
0 1568503646 688.939148 1014.805664
0 1568516663 973.704163 802.824768
0 1578517672 1010.728333 744.821167
0 1578527685 933.740967 1019.970154
0 2086284946 761.572449 828.533142
0 1578518673 1019.518982 869.329163
0 1438981616 815.423157 710.692017
0 1609135173 661.994080 895.172302
0 1568515662 607.851868 931.405151
0 1568516664 638.925720 792.751038
0 1438991628 631.743896 824.796875
0 1438996634 810.242737 767.396179
0 1578519675 1024.620239 941.581421
0 1438993631 598.996155 970.919922
0 1772785076 1012.770325 773.743652
0 1578528686 757.395020 862.147278
0 1772037075 687.090759 763.536438
0 1578515670 748.361450 934.835938
0 1578515669 1030.298584 1022.007263
0 0 683.652222 615.296936
0 1 515.670532 614.526123
0 2 789.293762 633.193481
0 3 676.591125 704.119568
0 4 1214.163574 874.289917
0 6 1356.021118 1037.005249
0 9 512.590454 819.068665
