0 1578512666 1052.701416 395.223480
0 1707269176 1103.752075 187.426086
0 1438989626 1265.077026 461.248871
0 1438992629 1187.625122 380.243713
0 1568509654 1193.455933 347.958435
0 1578523681 1263.812256 178.430817
0 1578518674 1097.107910 214.470474
0 1438985621 1220.016602 200.888123
0 1438994632 1019.261963 356.954315
0 1578520676 1225.497803 419.853821
0 1568511657 1027.614014 325.692902
0 1775370079 1044.443115 428.837952
0 1568510655 1010.639526 389.227997
0 1578521677 1004.291748 261.054688
0 1769859072 1075.938232 300.639648
0 1578525683 1138.175171 407.406921
0 1770636073 1012.452942 232.771957
0 1568511656 1303.135010 182.851898
0 1438985620 1209.879150 257.020447
0 1707993177 953.792847 170.062592
0 2088218948 1169.613159 252.074844
0 1606348170 1180.889893 196.357742
0 1438990627 1035.708008 295.396790
0 1709860179 876.303284 404.138336
0 1438988624 1129.743408 247.177917
0 1578514668 1020.374451 205.319962
0 1438997636 1199.102783 316.690552
0 1568514660 1072.698120 156.943695
0 2085418945 917.405457 279.979523
0 1568501643 1058.557129 209.873260
0 1438989625 974.110596 228.062622
0 1568505649 1136.032471 219.112244
0 1568506650 982.554810 200.809982
0 1568505648 965.412048 256.135925
0 1568497640 1148.064697 165.417221
0 1578511665 1110.204834 161.160614
0 1578529688 907.606018 309.580933
0 1708834178 1090.263794 242.328934
0 1568499641 1095.210815 401.282776
0 1578525682 987.205322 320.267731
0 1438996635 1065.730347 183.023636
0 1438999639 1274.507812 392.262024
0 1578523680 969.018188 383.295319
0 1578530689 1236.001221 353.670471
0 1568508653 1287.545532 296.889465
0 1608354172 936.136292 223.398514
0 1706512175 1219.979614 454.624115
0 1438986622 917.670532 410.215149
0 1438987623 956.447510 285.067535
0 1578521678 1245.849731 291.614471
0 2084722944 995.879761 290.206360
0 1578522679 1151.351196 342.305542
0 1774531078 1241.003540 322.151062
0 1525674169 1144.869751 374.329437
0 1768901071 959.478149 416.356659
0 1578526684 1068.436768 331.173676
0 1578513667 1083.210571 271.038757
0 1438983618 1051.168945 237.527161
0 1568502645 1215.024170 228.532013
0 1568508652 1043.555908 266.022064
0 1438984619 990.755737 174.342468
0 1659977623 1099.723022 288.308746
0 1438982617 1116.576660 305.935669
0 1771287074 1259.522339 205.462402
0 2087111947 978.255981 351.282074
0 1578516671 1186.282471 169.714066
0 1568513659 1109.680420 336.710938
0 1578529687 1255.102661 233.311401
0 1568501644 998.723694 148.626724
0 1438998637 1291.623291 267.060516
0 1705773174 1131.256592 441.590790
0 1568507651 1269.871338 426.178772
0 1438999638 937.670471 345.667938
0 1438993630 1001.733276 422.563873
0 1438995633 1175.375488 448.071777
0 1568512658 1181.601685 413.596893
0 1568514661 1204.574585 286.392700
0 2079485312 1099.725220 288.251953
0 1773608077 1060.695068 362.685730
0 1438977615 1142.136841 191.870590
0 1607644171 1028.066650 178.662643
0 1568504647 927.830688 377.424500
0 1568500642 1123.261108 276.105621
0 1568503646 1224.863159 174.051727
0 1568516663 947.204773 314.897369
0 1578517672 887.070190 371.614471
0 1578527685 1035.539307 152.765900
0 2086284946 1157.629395 311.285706
0 1578518673 926.911194 251.265152
0 1438981616 1087.614990 435.179840
0 1609135173 1250.547119 262.015442
0 1568515662 1295.577148 238.138016
0 1568516664 1278.994385 359.442596
0 1438991628 1283.338013 327.668121
0 1438996634 1102.562012 368.477112
0 1578519675 945.092957 196.342621
0 1438993631 1299.412598 210.081238
0 1772785076 897.499207 340.111145
0 1578528686 1163.713745 281.223328
0 1772037075 1230.835449 386.220917
0 1578515670 1175.335938 223.799194
0 1578515669 962.246704 144.525574
0 0 1166.413574 380.969818
0 1 917.073486 353.859955
0 2 792.880615 296.414490
0 3 649.168030 382.526428
0 4 1349.035889 186.733917
0 5 704.255249 21.201141
0 6 769.270813 69.376816
0 7 940.015991 113.327179
0 9 1489.432007 123.577950
