0 1578512666 931.693665 386.637695
0 1524823287 1366.958740 320.579926
0 1478234209 471.087677 332.128967
0 1707269176 824.759338 344.602295
0 1438989626 1019.942871 362.437714
0 1524801259 1279.336670 351.855347
0 1438992629 959.780701 362.253571
0 1478227200 383.461212 366.568756
0 1524854327 1226.376221 335.343170
0 1478249229 329.912750 392.011200
0 1524807266 1373.307739 400.264313
0 1524863340 1412.593872 341.434021
0 1524831297 1393.889526 387.571106
0 1478229202 394.694183 372.794952
0 1568509654 944.046997 356.380310
0 1524790246 1403.356323 346.795746
0 1578523681 869.478699 318.131531
0 1478207175 330.033081 372.630035
0 1524861337 1314.857056 305.725677
0 1478210178 371.364716 342.883514
0 1524862338 1333.316650 387.448761
0 1478186149 392.976898 354.556946
0 1524797254 1413.635376 375.393494
0 1578518674 839.233521 350.292053
0 1438985621 869.354980 328.498352
0 1524857331 1339.872803 320.446625
0 1478203170 350.966370 348.557678
0 1438994632 900.220276 386.574127
0 1578520676 989.900452 362.345764
0 1478237213 561.061646 361.033203
0 1568511657 884.372192 380.231506
0 1775370079 948.109375 393.090637
0 1478195160 467.460083 316.152985
0 1568510655 916.364380 393.035187
0 1478257240 529.829102 360.937592
0 1578521677 837.786682 373.924927
0 1524794250 1295.472290 315.272461
0 1524812272 1272.047119 340.868256
0 1769859072 884.217041 367.974854
0 1578525683 961.399719 374.240204
0 1770636073 822.766052 367.802307
0 1524846317 1422.411377 352.363556
0 1524833300 1289.917114 346.365723
0 1568511656 883.523438 313.156738
0 1438985620 898.463745 339.364441
0 1478185148 448.988953 321.291046
0 1707993177 760.993408 367.628845
0 1478189152 542.220154 367.014557
0 1524791247 1384.621216 341.321411
0 1524830296 1393.937988 352.262421
0 2088218948 883.924133 344.826630
0 1524827292 1357.607056 325.564789
0 1606348170 854.779297 333.761780
0 1524855329 1275.980957 369.074921
0 1478183145 573.720764 367.102997
0 1438990627 868.811829 374.004059
0 1524840309 1322.423706 315.410858
0 1478222194 478.968811 366.836945
0 1709860179 884.876343 420.073547
0 1478188151 429.677612 392.185394
0 1438988624 869.093628 350.398102
0 1478243222 398.447479 412.656158
0 1524843313 1440.498901 341.546356
0 1524844315 1403.863647 381.419800
0 1524858333 1403.123291 330.890503
0 1524811271 1294.752075 375.090302
0 1524859334 1384.893311 325.693115
0 1478216186 517.660034 354.969482
0 1524851324 1278.497314 310.312378
0 1524814275 1250.507812 351.752930
0 1578514668 808.013733 361.789062
0 1478184146 510.636292 366.925873
0 1524829294 1375.100952 346.688629
0 1478176143 462.749298 392.243134
0 1524860336 1239.416992 357.357605
0 1478222193 384.930481 385.533539
0 1438997636 928.587646 350.609436
0 1478194158 503.331970 379.359863
0 1478201168 351.455902 366.478912
0 1478187150 441.055054 332.001160
0 1478205172 372.432587 360.455872
0 1524838306 1354.346802 375.242279
0 1568514660 795.065369 344.489746
0 1524865342 1204.101562 346.040405
0 2085418945 820.612427 392.868011
0 1524808268 1261.382446 346.257568
0 1478200167 424.269440 354.660492
0 1478194159 362.407043 372.712585
0 1568501643 823.781616 355.982391
0 1478239216 535.555725 379.433624
0 1524820283 1254.475952 335.462769
0 1438989625 806.679688 373.845612
0 1568505649 854.378845 344.714600
0 1478255237 478.465088 321.429688
0 1524804262 1221.607300 351.650269
0 1568506650 791.920105 367.715698
0 1478217187 512.630371 337.811310
0 1568505648 821.710449 380.088165
0 1568497640 825.701416 333.638062
0 1578511665 810.534180 339.010468
0 1478258241 432.820984 343.116516
0 1524796253 1345.398682 363.433868
0 1478206173 340.900909 378.988312
0 1524826291 1305.577393 369.158051
0 1578529688 836.222351 399.476318
0 1478233207 410.947021 331.873047
0 1708834178 853.963257 356.082245
0 1478189153 417.796356 385.599915
0 1568499641 946.702148 380.374084
0 1478245224 430.154816 326.530060
0 1524852325 1324.587769 375.166382
0 1478219190 410.642883 419.791138
0 1578525682 868.662598 386.510406
0 1478232206 408.321838 398.848511
0 1524818280 1300.293579 340.981964
0 1524850322 1363.642822 387.510010
0 1438996635 809.297668 350.185730
0 1524832299 1318.381592 346.473633
0 1478242220 402.132172 343.000153
0 1524789245 1459.659912 347.009216
0 1438999639 987.781921 350.819702
0 1478196161 463.431580 343.232544
0 1478252234 524.419067 343.463745
0 1524803261 1330.256104 325.436157
0 1478211179 352.524963 405.620087
0 1578523680 900.703918 399.570953
0 1578530689 958.222107 350.714722
0 1568508653 941.584839 334.131226
0 1524826290 1383.706421 393.851227
0 1524847319 1374.537354 363.523041
0 1524810270 1237.196289 330.146881
0 1524835302 1308.093628 351.957458
0 1524821284 1421.655884 336.174164
0 1524799257 1336.779419 352.059418
0 1478233208 459.009338 372.958984
0 1608354172 790.254395 380.016174
0 1524835303 1232.777344 346.149109
0 1478251232 489.658539 326.796722
0 1524812273 1268.545898 357.453979
0 1706512175 1006.164429 368.317291
0 1438986622 901.207458 413.104645
0 1478211180 404.077515 360.552704
0 1524823286 1393.960327 336.056305
0 1478223195 505.706909 349.107330
0 1478244223 435.639282 360.649323
0 1438987623 837.020081 386.446503
0 1478193157 426.894836 372.877075
0 1478198164 421.788391 337.445648
0 1524862339 1338.368408 335.819763
0 1478236212 515.857117 385.797913
0 1478240217 522.981201 373.122101
0 1478214183 361.602753 354.453156
0 1578521678 927.628296 339.481812
0 1524844314 1343.939941 381.282715
0 1524848320 1275.359253 325.177917
0 1524806265 1326.584839 357.646027
0 1524787243 1393.914551 369.406067
0 1478241219 450.572479 385.666077
0 1524799256 1297.601685 357.550140
0 1478190154 475.160034 398.946594
0 1478226198 438.623077 379.211853
0 1478208176 351.974518 385.466980
0 1478214184 548.628967 355.071960
0 2084722944 853.082947 380.159943
0 1578522679 929.583496 362.161133
0 1524825289 1450.814331 352.464447
0 1774531078 942.793091 345.049805
0 1525674169 945.349060 368.146545
0 1478197162 297.571838 372.547241
0 1524815276 1286.899658 363.254822
0 1768901071 917.182434 406.287811
0 1578526684 899.755554 374.082947
0 1478182144 382.074463 348.668182
0 1524853326 1353.129028 393.797852
0 1478218189 554.839294 373.203369
0 1578513667 868.955444 361.975586
0 1438983618 838.523926 361.882446
0 1478224196 491.037994 373.040619
0 1478247227 330.146576 354.349060
0 1524792248 1288.354736 305.578491
0 1524795252 1431.542603 346.902618
0 1524808267 1310.471924 335.701019
0 1478191155 441.787476 398.897614
0 1524856330 1423.210327 369.488342
0 1478236211 501.045288 332.256470
0 1478258242 287.188934 366.298431
0 1478212181 483.259277 385.732086
0 1478185147 498.514832 360.841766
0 1568502645 883.785706 333.885254
0 1568508652 853.531616 367.888702
0 1438984619 777.424500 361.695435
0 1659977623 884.141724 362.022064
0 1478209177 391.354218 337.323090
0 1438982617 899.308472 362.068481
0 1524805264 1285.509277 320.179077
0 1771287074 883.652222 323.335480
0 2087111947 884.533508 392.979614
0 1524817279 1313.860840 381.213959
0 1524795251 1364.543823 369.323608
0 1478230204 447.217346 366.747772
0 1478230203 319.365234 366.388763
0 1524847318 1348.078613 330.643829
0 1578516671 840.575684 328.369385
0 1568513659 914.822815 368.060822
0 1578529687 898.064148 328.627045
0 1524819282 1335.098267 369.240906
0 1478253235 471.021210 379.285980
0 1524836304 1346.776123 346.581268
0 1478243221 340.704132 360.358734
0 1568501644 763.185913 355.781860
0 1438998637 926.703552 328.755371
0 1524816278 1247.812866 325.048370
0 1705773174 977.743591 380.445068
0 1524845316 1441.794434 358.027222
0 1524842312 1432.594849 363.700745
0 1568507651 1003.721375 356.577759
0 1438999638 868.507202 399.523682
0 1478252233 536.416687 349.216400
0 1438993630 932.812744 399.618042
0 1478237214 386.489716 405.660248
0 1524857332 1331.947388 310.598175
0 1478248228 467.118286 360.745667
0 1478225197 432.632263 412.686676
0 1524859335 1384.333496 357.837097
0 1524832298 1355.495361 357.741669
0 1478200166 388.147522 427.059052
0 1478250231 482.426208 337.689697
0 1478245225 374.762665 398.799255
0 1438995633 992.100891 374.318481
0 1524804263 1320.457642 330.520020
0 1524839308 1365.394165 352.161011
0 1524849321 1243.731567 340.754272
0 1568512658 975.796143 368.232025
0 1568514661 913.395508 344.938324
0 1478231205 459.943604 326.663544
0 1773608077 915.578430 380.302887
0 1438977615 839.916992 339.128754
0 1524834301 1312.723022 320.313019
0 1607644171 793.522583 355.882263
0 1524800258 1413.099854 357.932281
0 1568504647 884.701355 406.249420
0 1568500642 884.067810 356.181854
0 1478256239 455.480591 354.763763
0 1524815277 1258.231689 320.044830
0 1568503646 855.165405 323.201538
0 1478220191 363.259674 392.069427
0 1478207174 413.102173 348.778381
0 1524841311 1349.312500 315.548950
0 1478213182 396.514557 392.127502
0 1524813274 1292.770264 330.395966
0 1568516663 852.616272 392.923889
0 1578517672 868.345459 413.075378
0 1578527685 779.285706 350.079102
0 1478240218 474.918152 348.997955
0 1478215185 420.358826 405.700287
0 1524838307 1268.458008 315.133698
0 1478197163 444.049988 348.888336
0 1478221192 493.964203 343.348297
0 1524819281 1403.602783 363.612000
0 2086284946 914.095642 356.281219
0 1524824288 1257.538818 363.164948
0 1524802260 1298.034912 300.929626
0 1478226199 415.381561 366.658386
0 1578518673 805.292419 386.382416
0 1438981616 963.082947 386.701111
0 1478238215 454.132629 405.740234
0 1609135173 912.720825 334.008362
0 1524837305 1305.253296 310.455414
0 1524793249 1282.507812 335.582031
0 1568515662 912.070251 323.469147
0 1568516664 972.117371 345.160980
0 1438991628 956.720642 339.598938
0 1478249230 495.729919 392.300720
0 1438996634 930.618103 374.161682
0 1578519675 775.490540 373.766083
0 1524829295 1375.633789 330.767334
0 1524864341 1302.840332 325.307159
0 1478255238 364.165192 412.625610
0 1438993631 897.678833 318.270355
0 1524788244 1265.016602 330.271576
0 1772785076 852.130432 406.210876
0 1524828293 1316.186157 363.344452
0 1478203171 341.109589 398.749908
0 1524798255 1384.029297 375.317993
0 1478199165 406.137238 379.137543
0 1578528686 898.878174 350.503906
0 1478192156 373.563293 379.063049
0 1478228201 452.145599 337.567810
0 1772037075 973.922058 356.479156
0 1578515670 869.226746 339.246735
0 1524851323 1328.471313 341.095398
0 1478218188 318.928070 385.400208
0 1478202169 486.610687 354.866791
0 1478254236 308.149750 378.913422
0 1478246226 376.037079 419.770508
0 1524809269 1366.197876 335.938171
0 1524822285 1373.940674 381.351379
0 1524841310 1215.346680 340.640015
0 1478235210 308.891998 360.261353
0 1578515669 746.755981 361.601593
0 1524854328 1356.580322 341.208527
0 0 1087.258423 234.002686
0 1 585.390381 237.879059
0 2 579.307007 303.044006
0 3 1118.597656 247.954544
0 4 705.791382 377.235321
0 5 760.307922 233.496155
0 6 1409.516724 309.774536
0 7 1055.912720 381.045166
0 8 1180.703979 326.506042
0 9 841.022949 605.681274
0 10 1006.996399 400.013824
0 11 1393.414307 327.895294
0 12 1265.714600 427.408905
0 13 1143.937012 237.844421
0 14 1220.296509 453.509399
0 15 1265.961060 316.986328
0 16 1038.602539 220.512344
0 17 980.623169 564.599731
0 18 366.524902 338.415619
0 19 657.432495 237.711014
0 20 1071.913696 518.179626
0 21 702.357727 416.757690
0 22 1149.180664 522.254578
0 23 1371.416260 348.283447
0 24 499.287689 289.672241
0 25 848.837646 191.111801
0 26 795.006897 199.693497
0 27 438.514038 324.755219
0 28 494.890656 558.520203
0 29 499.456207 310.092712
0 30 597.387329 317.615021
0 31 935.126465 192.819229
0 32 1107.351685 396.555359
0 33 965.960999 223.902252
0 34 1206.876831 349.896057
0 35 884.335144 199.705429
0 36 539.015198 297.817627
0 37 1060.950806 414.322052
0 38 627.924316 608.107056
0 39 1146.489990 376.391266
