0 1578512666 907.353027 594.479004
0 1524823287 448.122253 442.092773
0 1478234209 1260.753418 1030.069580
0 1707269176 879.581665 692.672058
0 1438989626 780.445679 569.085144
0 1524801259 593.866455 465.522705
0 1438992629 822.656494 598.608093
0 1478227200 1466.129517 1024.121460
0 1524854327 569.757874 492.246765
0 1478249229 1580.540527 1008.633057
0 1524807266 677.274475 422.684387
0 1524863340 496.745453 421.194702
0 1524831297 636.092590 418.715393
0 1478229202 1456.451416 994.120239
0 1568509654 817.516663 611.379028
0 1524790246 517.662476 423.225006
0 1578523681 751.498291 695.713745
0 1478207175 1563.685303 1066.243896
0 1524861337 417.812683 467.137421
0 1524862338 665.145752 437.540436
0 1478186149 1432.923218 1050.629028
0 1524797254 595.055725 414.760345
0 1578518674 884.020630 676.977112
0 1438985621 788.712952 682.947571
0 1524857331 460.414429 452.368958
0 1438994632 930.992310 609.796143
0 1578520676 801.155334 583.569763
0 1478237213 1201.681396 863.704712
0 1568511657 927.819336 622.832703
0 1775370079 910.768127 582.403870
0 1568510655 934.052795 597.221741
0 1478257240 1241.487549 891.545959
0 1578521677 949.899414 653.422058
0 1524794250 463.367035 471.664917
0 1524812272 563.393372 471.913605
0 1769859072 896.341248 633.414001
0 1578525683 854.134277 589.012085
0 1770636073 946.905334 668.086060
0 1524846317 525.828918 415.939301
0 1524833300 571.517517 463.319855
0 1568511656 720.835022 692.410339
0 1438985620 800.903442 652.658020
0 1707993177 1001.840942 705.755859
0 1478189152 1238.187744 867.820435
0 1524791247 509.261841 430.719635
0 1524830296 538.617188 425.259003
0 2088218948 829.959167 655.728333
0 1524827292 469.898987 444.230652
0 1606348170 818.924500 686.180664
0 1524855329 645.601196 461.479889
0 1478183145 1199.392822 841.218384
0 1438990627 924.527466 636.357422
0 1524840309 450.641693 460.754578
0 1478222194 1322.024292 925.307739
0 1709860179 1016.073853 593.165955
0 1478188151 1430.288086 913.015564
0 1438988624 859.086975 658.806274
0 1478243222 1496.894287 896.986755
0 1524843313 484.599548 411.951752
0 1524844315 615.556091 416.736115
0 1524858333 466.882904 426.590942
0 1524811271 652.306824 453.266449
0 1524859334 457.638763 434.229340
0 1478216186 1244.953369 916.464417
0 1524851324 453.324219 480.624634
0 1524814275 608.802673 476.407745
0 1578514668 943.792236 683.332581
0 1478184146 1279.010620 895.812927
0 1524829294 530.509583 432.789673
0 1478176143 1385.337524 884.409973
0 1524860336 631.573975 478.661407
0 1478222193 1487.409302 970.327454
0 1438997636 812.185242 624.625916
0 1478194158 1311.536865 876.089722
0 1478201168 1519.940552 1061.020142
0 1478187150 1309.324585 1067.873901
0 1478205172 1476.353394 1055.815308
0 1524838306 622.816528 433.431763
0 1568514660 906.028687 712.361694
0 1524865342 616.660400 496.928497
0 2085418945 1009.492249 645.229858
0 1524808268 586.075867 474.158447
0 1478200167 1381.830688 1014.161560
0 1478194159 1508.500854 1029.127686
0 1568501643 913.868591 680.150818
0 1478239216 1270.798584 849.202148
0 1524820283 555.017334 480.773773
0 1438989625 976.323975 671.194763
0 1568505649 854.248108 673.811340
0 1478255237 1221.380127 1057.254639
0 1524804262 624.233154 487.652924
0 1568506650 973.791992 686.522522
0 1478217187 1212.045288 965.535706
0 1568505648 978.759033 656.453369
0 1568497640 843.972412 705.676270
0 1578511665 874.959656 709.014587
0 1478258241 1346.529663 1040.312378
0 1524796253 594.487305 439.022583
0 1478206173 1551.021484 1034.151611
0 1524826291 630.515320 451.135376
0 1578529688 1011.228760 631.493774
0 1708834178 888.287109 661.891846
0 1478189153 1438.567139 938.679993
0 1568499641 880.713562 591.742432
0 1524852325 637.335571 443.196991
0 1478219190 1487.603516 873.442566
0 1578525682 955.557068 625.712952
0 1478232206 1468.406616 917.350220
0 1524818280 549.211609 461.121307
0 1524850322 650.402588 427.987610
0 1438996635 910.027954 695.930298
0 1524832299 557.417725 452.822662
0 1478242220 1397.919189 1078.571655
0 1524789245 493.093292 404.933411
0 1438999639 768.860779 593.052551
0 1478196161 1298.118896 1004.270874
0 1478252234 1209.254150 938.111511
0 1524803261 482.549988 454.550751
0 1478211179 1556.247925 952.182922
0 1578523680 960.813110 599.970703
0 1578530689 790.101990 608.532349
0 1568508653 749.837646 632.408386
0 1524826290 656.665283 420.698120
0 1524847319 580.640625 429.337952
0 1524810270 546.377380 489.912994
0 1524835302 579.401001 454.980774
0 1524821284 475.866211 419.168091
0 1524799257 565.384460 444.766052
0 1478233208 1360.746582 929.750732
0 1608354172 1005.816101 674.311218
0 1524835303 601.115417 485.355316
0 1478251232 1218.094849 1024.975464
0 1524812273 616.258362 467.729767
0 1706512175 806.394836 571.737122
0 1438986622 989.659302 590.466370
0 1478211180 1423.906372 1019.132874
0 1524823286 488.052979 428.653412
0 1478223195 1248.597656 942.668274
0 1478244223 1374.428711 984.527222
0 1438987623 981.102783 642.265320
0 1478193157 1407.277222 961.046509
0 1478198164 1353.540283 1073.212891
0 1524862339 513.575684 448.518494
0 1478236212 1306.661987 853.211914
0 1478240217 1274.806152 871.948730
0 1578521678 778.210144 635.388428
0 1524844314 643.961914 435.484222
0 1524848320 509.101532 476.210327
0 1524806265 587.054260 446.885193
0 1524787243 587.948853 421.947296
0 1478241219 1392.289795 908.694519
0 1524799256 601.425903 457.143036
0 1478190154 1378.712280 861.267700
0 1478226198 1399.593872 934.208130
0 1478208176 1539.035889 1003.778870
0 1478214184 1204.082031 887.292297
0 2084722944 952.781311 639.307800
0 1578522679 844.995544 614.232361
0 1524825289 513.414246 406.891937
0 1774531078 784.266724 621.710510
0 1525674169 849.647095 601.395447
0 1524815276 623.492615 459.309387
0 1768901071 963.303711 587.772888
0 1578526684 900.146606 619.959229
0 1524853326 671.295166 430.008240
0 1478218189 1235.042358 845.204346
0 1578513667 892.390930 647.381592
0 1438983618 917.559753 664.985107
0 1478224196 1316.651733 900.093323
0 1524792248 430.177399 478.314178
0 1524795252 505.195892 413.943726
0 1524808267 526.948425 458.926910
0 1478191155 1422.408447 888.589294
0 1524856330 574.591492 412.788055
0 1478236211 1214.988037 994.448853
0 1478212181 1348.380493 880.243469
0 1478185147 1283.426758 920.878906
0 1568502645 794.928467 667.503906
0 1568508652 921.110107 650.398193
0 1438984619 971.157288 702.472229
0 1659977623 880.185364 638.844849
0 1438982617 868.222351 630.477600
0 1524805264 486.211670 473.935394
0 1771287074 758.579041 679.722717
0 2087111947 958.232544 612.609192
0 1524817279 658.818909 445.289978
0 1524795251 601.709473 431.383026
0 1478230204 1367.410278 956.429077
0 1524847318 491.716736 446.372559
0 1578516671 813.066650 702.346680
0 1568513659 872.538757 617.092407
0 1578529687 765.380737 664.362061
0 1524819282 615.891724 441.107849
0 1478253235 1354.411133 904.387146
0 1524836304 543.755066 442.650879
0 1568501644 968.413452 719.082581
0 1438998637 743.006958 646.540039
0 1524816278 523.043945 487.583923
0 1705773174 858.465698 577.058655
0 1524845316 533.770874 408.853851
0 1524842312 554.163208 410.819183
0 1568507651 774.755249 580.857849
0 1438999638 985.535889 615.428894
0 1478252233 1206.603149 912.064087
0 1438993630 937.006653 585.085388
0 1478237214 1506.645874 921.698669
0 1524857332 428.222595 458.535767
0 1478248228 1327.675049 951.827026
0 1478225197 1451.197021 869.372009
0 1524859335 559.609924 427.296631
0 1524832298 573.122253 436.941132
0 1478200166 1524.119995 877.525391
0 1478250231 1256.481201 999.351318
0 1478245225 1516.893555 947.667297
0 1438995633 832.401428 574.394958
0 1524804263 504.727936 456.736725
0 1524839308 551.796326 434.863464
0 1524849321 578.043457 483.062256
0 1568512658 827.614929 586.287842
0 1568514661 806.651489 638.375793
0 1478231205 1265.271606 1062.554565
0 1773608077 903.814758 606.989441
0 1438977615 849.213989 689.422180
0 1524834301 473.104401 462.977692
0 1607644171 940.553040 699.197021
0 1524800258 546.498657 417.938354
0 1568504647 987.634277 602.725891
0 1568500642 863.741577 644.372375
0 1478256239 1333.626099 979.755188
0 1524815277 499.757355 485.259491
0 1568503646 782.242004 699.025879
0 1478220191 1527.675781 974.991089
0 1478207174 1389.648804 1045.461548
0 1524841311 438.321167 450.191345
0 1478213182 1477.666748 943.166321
0 1524813274 518.160950 467.436920
0 1568516663 983.360107 628.599915
0 1578517672 1014.516357 605.487366
0 1578527685 937.179871 715.717651
0 1478240218 1292.961792 974.999268
0 1478215185 1459.593872 892.781555
0 1524838307 476.517517 482.939758
0 1478197163 1339.901855 1009.207581
0 1478221192 1252.435059 970.259460
0 1524819281 567.205322 419.941040
0 2086284946 840.170410 627.548340
0 1524824288 638.693359 469.941071
0 1524802260 407.076874 476.008331
0 1478226199 1415.370239 989.315613
0 1578518673 1007.689331 659.492065
0 1438981616 884.587830 579.728333
0 1478238215 1414.900146 865.313721
0 1609135173 771.919434 649.595276
0 1524837305 440.567413 469.398926
0 1524793249 540.755127 469.673096
0 1568515662 735.907349 661.228088
0 1568516664 762.751160 605.692322
0 1438991628 756.414490 618.802063
0 1478249230 1342.633057 857.233765
0 1438996634 876.699768 604.189209
0 1578519675 1003.868042 689.720520
0 1524829295 479.107849 436.328827
0 1524864341 495.610779 465.205139
0 1478255238 1545.006592 926.060852
0 1438993631 728.522461 676.506165
0 1524788244 532.036682 478.489777
0 1772785076 1012.902283 618.255066
0 1524828293 608.764526 449.008301
0 1478203171 1568.076782 979.670288
0 1524798255 608.729614 423.957153
0 1478199165 1447.276733 965.679260
0 1578528686 835.161865 641.370422
0 1478192156 1497.673096 998.941284
0 1478228201 1303.564941 1035.181885
0 1772037075 795.727783 595.827148
0 1578515670 824.550903 670.653625
0 1524851323 535.476013 450.668549
0 1478218188 1593.691650 1039.193237
0 1478202169 1288.071045 947.240051
0 1478254236 1607.588745 1071.486572
0 1478246226 1534.310303 901.204956
0 1524809269 500.616882 438.432251
0 1524822285 629.547485 425.970581
0 1524841310 593.185486 494.585297
0 1578515669 999.729858 722.456360
0 1524854328 522.165955 440.539612
0 0 873.315491 396.772766
0 1 442.082855 535.426697
0 2 1030.142212 1007.204346
0 3 1653.462036 910.411682
0 4 1122.418091 641.322205
0 5 700.344849 395.908722
0 6 1564.996948 956.345032
0 7 974.506958 493.981049
0 8 1074.733032 504.477478
0 9 219.152679 664.763733
0 10 1132.143188 510.921936
0 11 403.339813 496.055023
0 12 1054.670044 886.463379
0 13 806.278992 895.778809
0 14 856.753418 838.332092
0 15 755.413330 467.122803
0 16 919.901184 419.296478
0 17 608.810974 827.786377
0 18 823.454346 408.852905
0 19 446.212433 957.352539
0 20 131.411636 731.342896
0 21 1222.395752 785.898682
0 22 186.192780 797.819214
0 23 1183.319092 896.484741
0 24 599.194580 381.036285
0 25 202.846878 909.311646
0 26 351.016449 912.524719
0 27 302.988953 625.401489
0 28 536.042542 396.436584
0 29 83.345154 965.658875
0 30 1180.185913 531.184998
0 31 762.341125 401.692291
0 32 1093.291748 481.447418
0 33 290.400024 770.680725
0 34 824.642090 465.800720
0 35 343.587891 538.521057
0 36 556.187134 512.832642
0 37 1115.681763 532.968811
0 38 338.865356 568.602356
0 39 1010.411133 475.902985
