0 1578512666 944.191895 699.880737
0 1707269176 1109.367432 794.947327
0 1438989626 809.757080 743.892212
0 1438992629 900.078064 747.118103
0 1568509654 922.473389 761.043213
0 1578523681 1048.598145 869.249573
0 1578518674 1083.732056 780.192932
0 1438985621 1044.764160 837.081604
0 1438994632 986.545166 701.457825
0 1578520676 854.980957 745.507446
0 1568511657 1008.778931 713.948547
0 1775370079 923.064941 687.721130
0 1568510655 964.892334 689.293457
0 1578521677 1074.945312 728.360413
0 1769859072 1011.072449 738.373779
0 1578525683 900.925903 722.008972
0 1770636073 1098.977783 741.548340
0 1568511656 1024.872437 885.338867
0 1438985620 993.662109 805.307190
0 1707993177 1186.401733 744.705444
0 2088218948 1016.082886 791.733459
0 1606348170 1067.013428 822.570496
0 1438990627 1031.617310 726.778992
0 1709860179 1002.613220 648.285950
0 1438988624 1037.792603 778.590210
0 1578514668 1123.681030 755.104370
0 1438997636 945.516541 775.371033
0 1568514660 1155.806152 796.547241
0 2085418945 1089.723755 693.985962
0 1568501643 1104.017944 767.453064
0 1438989625 1118.156128 729.937561
0 1568505649 1062.793213 793.342712
0 1568506650 1142.749634 743.129028
0 1568505648 1094.220825 717.099060
0 1568497640 1115.055420 824.181946
0 1578511665 1135.763062 810.139282
0 1578529688 1067.106689 682.120667
0 1708834178 1058.824463 765.857422
0 1568499641 922.878845 710.781189
0 1578525682 1028.786865 703.030762
0 1438996635 1129.539673 781.790955
0 1438999639 852.706726 772.133301
0 1578523680 985.006470 679.006104
0 1578530689 899.178650 773.754517
0 1568508653 922.016174 817.706909
0 1608354172 1136.770996 718.668030
0 1706512175 833.802368 731.972046
0 1438986622 983.548950 657.736816
0 1438987623 1070.917358 704.599609
0 1578521678 946.013367 803.686951
0 2084722944 1051.556885 715.525879
0 1578522679 945.048950 748.724304
0 1774531078 922.251831 788.500793
0 1525674169 922.682007 735.181763
0 1768901071 963.951416 667.452087
0 1578526684 988.171814 725.193298
0 1578513667 1034.614258 751.923218
0 1438983618 1079.209717 753.516052
0 1568502645 1018.826782 820.954224
0 1568508652 1055.085571 739.963257
0 1438984619 1168.028809 756.688293
0 1659977623 1012.269836 751.125183
0 1438982617 989.894165 750.326050
0 1771287074 1021.750488 852.091064
0 2087111947 1006.611084 690.861694
0 1578516671 1093.649780 838.698059
0 1568513659 966.938110 736.779968
0 1578529687 995.728455 835.460266
0 1568501644 1194.022705 770.630859
0 1438998637 946.542358 833.833862
0 1705773174 879.755859 709.191162
0 1568507651 830.924866 757.810852
0 1438999638 1026.109375 680.565369
0 1438993630 943.798157 677.442871
0 1438995633 857.124512 720.410339
0 1568512658 878.303589 733.579102
0 1568514661 969.236084 790.119507
0 2079485312 1012.274414 751.072510
0 1773608077 965.886353 712.367004
0 1438977615 1088.536255 808.533386
0 1607644171 1149.083862 769.044189
0 1568504647 1004.558838 669.006165
0 1568500642 1013.502930 764.257263
0 1568503646 1071.510132 853.711914
0 1568516663 1048.221313 692.425903
0 1578517672 1023.572510 659.281677
0 1578527685 1175.216064 783.384460
0 2086284946 968.052734 762.652466
0 1578518673 1112.937134 706.164246
0 1438981616 901.726440 698.299438
0 1609135173 970.494568 819.333008
0 1568515662 971.835693 850.465210
0 1568516664 875.129822 786.877258
0 1438991628 898.222778 802.061829
0 1438996634 944.608093 723.603271
0 1578519675 1161.250244 731.510437
0 1438993631 997.932800 867.625000
0 1772785076 1045.063477 670.556335
0 1578528686 991.720947 776.982971
0 1772037075 876.764282 759.429321
0 1578515670 1041.169556 806.922668
0 1578515669 1212.253540 758.267822
0 0 1037.029297 607.589722
0 1 1053.325562 576.373108
0 2 998.070496 563.966003
0 3 687.813721 678.483765
0 4 983.324646 823.587769
0 5 1406.125000 684.515564
0 6 1060.369263 996.765442
0 7 884.013489 828.816956
0 8 1199.784546 732.495422
0 9 1470.185669 716.987793
