0 1578512666 1030.381348 451.040131
0 1524823287 640.088623 1032.560669
0 1478234209 1503.131104 261.859161
0 1707269176 1234.433472 431.617218
0 1438989626 1010.199158 537.496338
0 1524801259 722.425049 791.348083
0 1438992629 1067.725220 496.413635
0 1478227200 1439.242065 216.866486
0 1524854327 838.817200 781.020935
0 1478249229 1396.097656 193.616302
0 1524807266 509.778381 756.954529
0 1524863340 513.093872 1004.450317
0 1524831297 491.316711 811.853760
0 1478229202 1416.132690 219.158493
0 1568509654 1098.408813 493.523926
0 1524790246 523.465515 966.854614
0 1578523681 1290.354248 493.049377
0 1478207175 1447.592529 197.423676
0 1524861337 778.825867 1020.925964
0 1478210178 1517.051880 218.853745
0 1524862338 583.191101 750.359253
0 1478186149 1470.071899 223.503998
0 1524797254 471.061737 872.086060
0 1578518674 1205.177979 434.401917
0 1438985621 1252.411377 479.020416
0 1524857331 692.252869 989.281067
0 1478203170 1508.701660 209.977325
0 1438994632 1056.849487 433.324188
0 1578520676 1039.479736 516.585388
0 1478237213 1361.032837 286.945526
0 1568511657 1085.431885 430.594574
0 1775370079 1001.370728 453.801544
0 1478195160 1562.547729 267.216278
0 1568510655 1028.300781 436.050568
0 1478257240 1379.119385 274.028778
0 1578521677 1138.760376 410.788544
0 1524794250 785.659973 944.453979
0 1524812272 757.650513 816.911926
0 1769859072 1117.622314 442.736023
0 1578525683 1034.767090 482.635132
0 1770636073 1166.959595 408.087006
0 1524846317 480.043427 970.564453
0 1524833300 717.995483 820.406799
0 1568511656 1297.647217 510.636932
0 1438985620 1190.693359 484.832825
0 1478185148 1552.912476 256.973969
0 1707993177 1213.194702 375.616699
0 1478189152 1354.392456 276.455292
0 1524791247 566.966431 963.138184
0 1524830296 533.306824 931.181641
0 2088218948 1185.604370 468.377136
0 1524827292 647.337769 993.083984
0 1606348170 1246.202515 462.649048
0 1524855329 693.732849 740.428345
0 1478183145 1335.959961 289.400269
0 1438990627 1114.048096 427.861755
0 1524840309 737.252075 985.471008
0 1478222194 1389.734497 251.635025
0 1709860179 995.338318 396.613525
0 1478188151 1346.935547 226.021622
0 1438988624 1180.695679 452.504089
0 1478243222 1312.856934 210.838287
0 1524843313 456.343079 1047.969604
0 1524844315 481.429382 841.255798
0 1524858333 548.039917 1040.279907
0 1524811271 656.829102 743.743713
0 1524859334 594.020203 1036.423950
0 1478216186 1403.871460 271.599792
0 1524851324 829.638062 940.696716
0 1524814275 764.509766 760.230774
0 1578514668 1195.191772 405.382324
0 1478184146 1372.310303 263.871857
0 1524829294 575.703064 927.528687
0 1478176143 1329.671265 237.401337
0 1524860336 767.710510 733.782288
0 1478222193 1386.501221 212.677475
0 1438997636 1129.131348 490.630554
0 1478194158 1341.679565 256.371796
0 1478201168 1454.883057 205.882065
0 1478187150 1519.019653 249.442322
0 1478205172 1462.373291 214.572281
0 1524838306 568.105957 805.040466
0 1568514660 1257.636719 414.149078
0 1524865342 841.916016 727.115845
0 2085418945 1104.022095 386.138672
0 1524808268 761.159973 787.911316
0 1478200167 1454.196899 235.037460
0 1478194159 1432.067749 208.149307
0 1568501643 1200.099487 419.643860
0 1478239216 1323.602417 268.662537
0 1524820283 797.370850 813.411316
0 1438989625 1162.683838 394.260437
0 1568505649 1210.436401 449.682831
0 1478255237 1537.267334 269.691376
0 1524804262 804.784668 730.451599
0 1568506650 1190.446533 391.592560
0 1478217187 1461.582520 277.101257
0 1568505648 1134.952881 396.925232
0 1568497640 1270.027344 444.029938
0 1578511665 1263.723999 428.829163
0 1478258241 1486.128906 242.133408
0 1524796253 599.421082 830.856995
0 1478206173 1425.084961 199.664581
0 1524826291 651.118042 770.356140
0 1578529688 1076.805420 388.761780
0 1478233207 1534.469116 237.368484
0 1708834178 1175.957642 437.183289
0 1478189153 1369.979492 223.736084
0 1568499641 1032.535522 466.558807
0 1478245224 1543.556885 247.028946
0 1524852325 613.439270 773.720703
0 1478219190 1290.473267 213.066879
0 1578525682 1082.459961 416.182312
0 1478232206 1341.019653 217.197189
0 1524818280 713.349609 850.884094
0 1524850322 538.258667 780.433960
0 1438996635 1228.851074 416.898102
0 1524832299 672.798218 854.432617
0 1478242220 1501.800781 230.335144
0 1524789245 410.625977 1051.803589
0 1438999639 1073.782959 531.554993
0 1478196161 1470.018555 254.261795
0 1478252234 1436.406250 279.566132
0 1524803261 697.943787 951.948059
0 1478211179 1351.781860 198.036621
0 1578523680 1026.289795 421.563538
0 1578530689 1101.955688 510.724152
0 1568508653 1169.472412 522.613708
0 1524826290 500.756561 783.782715
0 1524847319 551.552917 865.042480
0 1524810270 837.156799 809.904907
0 1524835302 678.405701 823.895935
0 1524821284 502.147644 1044.128540
0 1524799257 632.315063 857.975220
0 1478233208 1382.964233 242.073792
0 1608354172 1158.547119 380.883606
0 1524835303 802.426025 756.845032
0 1478251232 1512.012939 272.163879
0 1524812273 726.653198 763.611206
0 1706512175 1008.301941 519.510376
0 1438986622 996.771912 410.203827
0 1478211180 1446.615601 225.825775
0 1524823286 557.758423 1000.668640
0 1478223195 1428.648560 269.168335
0 1478244223 1430.429565 237.385193
0 1438987623 1107.253662 399.587006
0 1478193157 1399.770630 230.462677
0 1478198164 1510.287109 239.752106
0 1524862339 660.720764 920.203491
0 1478236212 1317.687622 258.736694
0 1478240217 1347.944214 266.268402
0 1478214183 1485.526489 212.275879
0 1578521678 1164.593140 504.847748
0 1524844314 575.819580 777.079956
0 1524848320 791.808960 875.648376
0 1524806265 638.880981 827.379272
0 1524787243 511.273560 868.567200
0 1478241219 1353.015381 235.090683
0 1524799256 683.752319 794.779480
0 1478190154 1306.349609 239.709824
0 1478226198 1376.381836 232.777786
0 1478208176 1402.597900 201.903458
0 1478214184 1386.131348 284.488251
0 2084722944 1110.593872 413.487000
0 1578522679 1094.989624 476.942566
0 1524825289 424.013611 1011.992737
0 1774531078 1133.254272 507.787842
0 1525674169 1064.859619 479.790588
0 1478197162 1462.722412 186.970764
0 1524815276 688.856018 766.986328
0 1768901071 998.253479 424.249481
0 1578526684 1088.507202 445.507355
0 1478182144 1493.550537 221.179993
0 1524853326 546.456726 753.659363
0 1478218189 1329.690552 278.879395
0 1578513667 1146.772461 439.961304
0 1438983618 1171.381714 422.386414
0 1478224196 1365.695190 254.004578
0 1478247227 1500.577393 201.341187
0 1524792248 827.503479 977.829468
0 1524795252 468.512299 1008.225037
0 1524808267 708.471313 882.886353
0 1478191155 1323.913330 228.304993
0 1524856330 460.177979 904.450989
0 1478236211 1486.784790 274.633820
0 1478258242 1484.971069 184.751556
0 1478212181 1335.591064 246.753296
0 1478185147 1396.700684 261.472961
0 1568502645 1221.532715 481.928467
0 1568508652 1142.697998 425.125671
0 1438984619 1218.240723 388.921661
0 1659977623 1134.155518 448.971893
0 1478209177 1525.637573 227.980545
0 1438982617 1121.322998 458.136292
0 1524805264 788.813477 909.166809
0 1771287074 1258.852905 496.004669
0 2087111947 1054.358643 418.874481
0 1524817279 619.981873 747.054016
0 1524795251 560.026001 834.328918
0 1478230204 1406.685425 239.730637
0 1478230203 1470.120850 195.180695
0 1524847318 654.205261 955.684875
0 1578516671 1276.558228 459.779663
0 1568513659 1091.691040 460.947235
0 1578529687 1227.392334 498.956177
0 1524819282 606.592896 801.625610
0 1478253235 1359.266113 244.414688
0 1524836304 625.421265 890.099426
0 1478243221 1477.719482 203.612686
0 1568501644 1246.066895 386.247681
0 1438998637 1201.452881 519.625427
0 1524816278 835.415100 840.202454
0 1705773174 1004.711853 485.476105
0 1524845316 436.699951 974.267517
0 1524842312 448.738647 938.468201
0 1568507651 1041.970215 534.527588
0 1438999638 1051.949829 404.901489
0 1478252233 1411.255859 282.028442
0 1438993630 999.785645 438.773773
0 1478237214 1335.261230 208.607681
0 1524857332 732.491211 1024.811646
0 1478248228 1413.797485 249.263138
0 1478225197 1295.622681 221.708527
0 1524859335 542.657349 897.287537
0 1524832298 591.900024 861.511780
0 1478200166 1285.458862 204.652054
0 1478250231 1478.278442 264.298004
0 1478245225 1357.686157 206.375000
0 1438995633 1006.474121 502.182098
0 1524804263 703.342651 916.531128
0 1524839308 584.003601 893.696594
0 1524849321 799.957336 784.468872
0 1568512658 1037.080322 499.299683
0 1568514661 1159.892822 487.733551
0 1478231205 1528.009155 259.417786
0 1773608077 1059.426880 448.275391
0 1438977615 1240.213623 446.858093
0 1524834301 741.761963 948.204407
0 1607644171 1223.456665 402.674469
0 1524800258 490.985413 934.828125
0 1568504647 1024.345215 407.554169
0 1568500642 1150.991089 455.321899
0 1478256239 1437.884277 246.888901
0 1524815277 833.586060 872.020020
0 1568503646 1283.329346 476.108612
0 1478220191 1380.131714 204.140228
0 1478207174 1477.987305 232.687454
0 1524841311 686.245605 1028.689819
0 1478213182 1363.749878 214.938400
0 1524813274 750.104065 879.270508
0 1568516663 1079.585938 402.245758
0 1578517672 1022.463562 393.999207
0 1578527685 1251.754395 399.963440
0 1478240218 1445.554810 256.667938
0 1478215185 1318.310669 219.453918
0 1524838307 831.662842 905.474854
0 1478197163 1461.994751 244.512314
0 1478221192 1453.450928 266.734406
0 1524819281 501.382141 900.872375
0 2086284946 1125.156860 474.090973
0 1524824288 730.693237 737.107849
0 1524802260 825.249817 1017.032837
0 1478226199 1423.181885 228.145340
0 1578518673 1131.269287 383.512604
0 1438981616 1003.011841 469.359467
0 1478238215 1300.912842 230.586227
0 1609135173 1195.972534 501.903900
0 1524837305 782.335571 981.653809
0 1524793249 753.969421 847.329529
0 1568515662 1233.475342 516.633179
0 1568516664 1105.637573 528.578491
0 1438991628 1137.534058 525.598022
0 1478249230 1311.938965 249.089645
0 1438996634 1062.095215 463.754730
0 1578519675 1185.855591 378.251617
0 1524829295 602.506287 996.879822
0 1524864341 746.040100 912.852234
0 1478255238 1329.654175 200.243774
0 1438993631 1265.540039 513.637024
0 1524788244 794.657898 843.768982
0 1772785076 1049.619263 391.381958
0 1524828293 645.141663 798.205261
0 1478203171 1373.929688 195.827454
0 1524798255 520.695496 837.795227
0 1478199165 1393.045288 221.448364
0 1578528686 1155.361816 471.235840
0 1478192156 1409.273926 210.414459
0 1478228201 1494.506836 251.853256
0 1772037075 1070.697510 513.656677
0 1578515670 1215.884521 465.514893
0 1524851323 666.910461 886.495972
0 1478218188 1418.285645 191.403137
0 1478202169 1421.115479 259.071625
0 1478254236 1440.493896 189.187973
0 1478246226 1307.546387 202.448898
0 1524809269 610.546265 959.414917
0 1524822285 529.680664 808.449829
0 1524841310 840.401917 753.453979
0 1478235210 1492.670044 192.935623
0 1578515669 1240.564697 372.978790
0 1524854328 618.174255 923.869385
0 0 1478.999878 252.855148
0 1 1651.048584 259.730774
0 2 823.265015 462.871155
0 3 570.307922 412.197327
0 4 893.972778 727.525757
0 5 941.793518 842.119263
0 6 641.149536 294.744537
0 7 1698.177979 625.381348
0 8 1612.098145 644.981812
0 9 1669.792358 466.774323
0 10 1297.583740 655.371582
0 12 1165.225220 160.213562
0 13 1032.635864 802.200867
0 14 488.116547 613.540771
0 15 1857.598633 641.959351
0 16 525.017090 693.539673
0 17 1401.207642 162.693573
0 18 481.728119 779.619690
0 19 878.746216 312.126556
0 20 1611.250610 406.212097
0 21 762.743774 561.725159
0 22 1538.455566 282.065460
0 23 961.894348 171.739288
0 24 1364.226929 821.517822
0 25 1068.384277 279.629791
0 26 1085.116699 305.381287
0 27 1807.124756 575.229919
0 28 1066.803955 733.147217
0 29 1138.428467 254.662949
0 30 1203.257324 687.431946
0 31 529.768921 853.854736
0 32 1617.879639 709.530579
0 33 1316.917725 277.135834
0 34 1829.695435 692.776733
0 36 941.506775 290.814697
0 37 1138.962280 797.975220
0 38 1403.310059 187.281265
0 39 1725.491943 701.461487
