0 1578512666 1035.495850 493.193298
0 1524823287 558.911377 411.295258
0 1478234209 1470.746948 872.583740
0 1707269176 1027.179688 593.979431
0 1438989626 905.463806 486.759430
0 1524801259 703.204224 412.487091
0 1438992629 952.726929 509.677979
0 1478227200 1680.271240 840.303772
0 1524854327 685.563538 442.307587
0 1478249229 1797.031616 809.905457
0 1524807266 775.111389 357.523254
0 1524863340 600.788513 383.542480
0 1524831297 734.306702 359.910217
0 1478229202 1665.152954 811.951660
0 1568509654 950.206421 522.999634
0 1524790246 621.210632 382.377991
0 1578523681 902.432800 614.895081
0 1478207175 1788.879395 869.229187
0 1524861337 535.505920 440.200989
0 1478210178 1682.299805 935.444763
0 1524862338 766.373779 374.100616
0 1478186149 1650.423218 870.689148
0 1524797254 693.806641 362.279358
0 1578518674 1028.502563 577.946838
0 1438985621 936.157532 597.252563
0 1524857331 572.764282 419.505676
0 1478203170 1730.872925 935.200500
0 1438994632 1061.934448 504.892944
0 1578520676 928.641052 497.998413
0 1478237213 1381.146729 717.424744
0 1568511657 1061.314453 518.263916
0 1775370079 1036.525146 480.719788
0 1478195160 1445.287476 936.636719
0 1568510655 1062.533325 491.977448
0 1478257240 1426.565552 739.448975
0 1578521677 1089.160156 545.303162
0 1524794250 579.647034 437.903320
0 1524812272 675.227966 423.317932
0 1769859072 1032.187012 533.293823
0 1578525683 981.811279 495.607422
0 1770636073 1089.011963 560.212952
0 1524846317 627.497375 373.979553
0 1524833300 681.243591 413.668732
0 1568511656 872.015442 615.943604
0 1438985620 942.087708 565.909790
0 1478185148 1491.925293 936.402222
0 1707993177 1150.900024 589.530457
0 1478189152 1418.954102 716.512878
0 1524791247 614.753357 391.004364
0 1524830296 641.710754 381.209045
0 2088218948 971.163574 564.782410
0 1524827292 580.062927 410.139435
0 1606348170 966.332581 596.167542
0 1524855329 752.340576 400.725189
0 1478183145 1374.753174 695.574097
0 1438990627 1060.672119 532.114990
0 1524840309 565.256592 429.140167
0 1478222194 1514.744629 761.890625
0 1709860179 1143.639282 475.783661
0 1478188151 1624.162354 735.078857
0 1438988624 1000.392700 563.649109
0 1478243222 1690.730713 709.957886
0 1524843313 587.243530 376.304993
0 1524844315 714.018799 361.096985
0 1524858333 573.460388 393.327179
0 1524811271 757.148804 391.602783
0 1524859334 566.285522 402.188110
0 1478216186 1434.545776 763.496155
0 1524851324 572.003479 448.114441
0 1524814275 719.853027 420.955322
0 1578514668 1088.858154 575.689941
0 1478184146 1465.551147 738.586792
0 1524829294 635.519653 389.836243
0 1478176143 1572.702881 712.804626
0 1524860336 742.304199 419.766724
0 1478222193 1693.274536 784.275391
0 1438997636 947.596375 536.794739
0 1478194158 1495.319702 714.671021
0 1478201168 1742.366699 869.719604
0 1478187150 1526.716064 903.254639
0 1478205172 1696.216187 870.206299
0 1524838306 724.499756 376.488312
0 1568514660 1057.080566 609.564514
0 1524865342 731.665955 439.950134
0 2085418945 1147.006958 528.541931
0 1524808268 697.494446 422.139069
0 1478200167 1591.568604 841.465210
0 1478194159 1725.128418 839.716431
0 1568501643 1058.598877 576.821411
0 1478239216 1448.857666 693.644897
0 1524820283 669.035706 433.250397
0 1438989625 1118.866455 559.055298
0 1568505649 998.567993 579.066223
0 1478255237 1435.729248 903.969788
0 1524804262 737.063660 429.709351
0 1568506650 1119.281738 574.552307
0 1478217187 1409.963623 815.911194
0 1568505648 1118.466431 544.127869
0 1568497640 994.703491 611.714600
0 1578511665 1025.804810 610.642578
0 1478258241 1559.894043 871.643738
0 1524796253 698.303528 386.304535
0 1478206173 1770.327881 839.124695
0 1524826291 735.605713 392.797577
0 1578529688 1146.120239 514.649353
0 1478233207 1586.338623 935.927368
0 1708834178 1029.776367 562.509766
0 1478189153 1637.152344 759.440002
0 1568499641 1008.588867 494.403259
0 1478245224 1538.940796 936.165771
0 1524852325 740.568298 383.927032
0 1478219190 1677.017578 687.705017
0 1578525682 1089.440796 517.065125
0 1478232206 1664.496094 734.186829
0 1524818280 659.372009 414.845551
0 1524850322 750.095581 366.897125
0 1438996635 1057.854370 592.876404
0 1524832299 665.513794 405.469910
0 1478242220 1619.147339 902.528076
0 1524789245 593.866516 368.125549
0 1438999639 898.919250 512.035645
0 1478196161 1504.189819 842.609314
0 1478252234 1402.224731 789.462585
0 1524803261 594.285461 418.347687
0 1478211179 1762.163574 756.937378
0 1578523680 1089.702148 490.755707
0 1578530689 922.773621 524.168884
0 1568508653 888.219116 553.361694
0 1524826290 754.670715 358.718964
0 1524847319 682.946594 378.857727
0 1524810270 662.658936 443.478790
0 1524835302 687.090149 404.290863
0 1524821284 580.443848 384.702576
0 1524799257 671.485535 396.353699
0 1478233208 1555.262939 761.079468
0 1608354172 1148.880493 557.891602
0 1524835303 714.292480 430.894653
0 1478251232 1426.681885 873.048462
0 1524812273 725.254272 411.300629
0 1706512175 931.429138 485.562897
0 1438986622 1116.668335 477.026550
0 1478211180 1635.752686 840.886719
0 1524823286 594.067078 392.167999
0 1478223195 1442.922119 788.737183
0 1478244223 1578.843872 813.290833
0 1438987623 1118.080933 529.739075
0 1478193157 1608.627808 785.783936
0 1478198164 1572.749023 902.892761
0 1524862339 622.618408 407.813965
0 1478236212 1486.269531 692.670898
0 1478240217 1457.010986 715.594971
0 1478214183 1713.057373 901.789856
0 1578521678 916.482727 552.228210
0 1524844314 745.396362 375.296783
0 1524848320 624.155396 435.586548
0 1524806265 692.774536 395.173004
0 1524787243 688.448730 370.458405
0 1478241219 1584.103638 735.964783
0 1524799256 708.753113 403.107086
0 1478190154 1561.823608 690.703979
0 1478226198 1596.064575 760.262634
0 1478208176 1752.745361 810.592590
0 1478214184 1387.841553 740.305420
0 2084722944 1089.302979 530.930054
0 1578522679 977.775879 521.824585
0 1524825289 613.706543 366.964966
0 1774531078 919.683960 537.949890
0 1525674169 979.828247 508.490509
0 1478197162 1856.774292 900.660217
0 1524815276 730.503052 401.918518
0 1768901071 1089.826416 478.263519
0 1578526684 1033.328857 519.456787
0 1478182144 1665.915161 902.160461
0 1524853326 770.801086 365.700989
0 1478218189 1411.686401 694.612549
0 1578513667 1031.003662 547.635498
0 1438983618 1059.315674 561.364380
0 1478224196 1504.800903 737.718689
0 1478247227 1779.847412 934.954224
0 1524792248 549.577332 449.261200
0 1524795252 607.332703 375.144440
0 1524808267 637.588806 416.017670
0 1478191155 1611.782471 711.862061
0 1524856330 673.669739 363.457306
0 1478236211 1418.105225 843.736389
0 1478258242 1879.021240 934.455444
0 1478212181 1533.882812 713.740906
0 1478185147 1474.506470 762.696167
0 1568502645 939.178284 581.287048
0 1568508652 1060.006226 546.472412
0 1438984619 1119.713135 590.651917
0 1659977623 1017.285339 540.983215
0 1478209177 1634.123291 935.687012
0 1438982617 1003.846802 534.466736
0 1524805264 601.855042 436.747314
0 1771287074 906.146301 598.331787
0 2087111947 1089.573730 503.681915
0 1524817279 761.824707 382.731323
0 1524795251 703.683289 377.675293
0 1478230204 1566.757568 786.530151
0 1478230203 1808.482300 901.039856
0 1524847318 601.298401 408.979004
0 1578516671 963.775391 612.780701
0 1568513659 1005.482910 520.643616
0 1578529687 909.720764 582.388611
0 1524819282 719.394714 385.118103
0 1478253235 1544.317505 736.844727
0 1524836304 650.280151 397.529755
0 1478243221 1760.578247 901.416382
0 1568501644 1120.161621 607.390198
0 1438998637 884.390930 568.146973
0 1524816278 639.851257 444.645050
0 1705773174 983.728394 483.152802
0 1524845316 633.620056 365.800079
0 1524842312 653.607666 364.630890
0 1568507651 902.246460 499.185364
0 1438999638 1117.350098 502.464874
0 1478252233 1394.859619 764.290710
0 1438993630 1063.112183 479.494568
0 1478237214 1705.107910 733.288635
0 1524857332 543.530701 430.290375
0 1478248228 1525.185303 787.271118
0 1478225197 1638.368042 688.711243
0 1524859335 662.289307 380.035675
0 1524832298 677.294250 387.486328
0 1478200166 1715.922241 686.692261
0 1478250231 1460.987427 843.174866
0 1478245225 1720.198730 757.777466
0 1438995633 957.517029 484.360687
0 1524804263 615.893433 417.185028
0 1524839308 656.366455 388.663544
0 1524849321 691.616760 432.075012
0 1568512658 955.162415 496.805817
0 1568514661 944.891846 551.088867
0 1478231205 1481.044189 903.613647
0 1773608077 1034.431152 506.098053
0 1438977615 996.672913 595.076477
0 1524834301 587.071289 427.985229
0 1607644171 1088.698486 591.767212
0 1524800258 647.737915 372.810272
0 1568504647 1117.003418 489.528015
0 1568500642 1002.151245 548.792603
0 1478256239 1536.161621 813.953064
0 1524815277 617.139832 445.806396
0 1568503646 933.018982 613.840881
0 1478220191 1736.057983 783.512939
0 1478207174 1604.983887 871.168274
0 1524841311 551.329346 420.659027
0 1478213182 1678.529419 758.611755
0 1524813274 630.968872 425.661133
0 1568516663 1117.708984 515.860291
0 1578517672 1144.437866 488.294312
0 1578527685 1088.532349 608.480408
0 1478240218 1493.789795 814.610596
0 1478215185 1651.124146 710.913208
0 1524838307 594.524109 446.962830
0 1478197163 1547.715576 842.039368
0 1478221192 1451.724854 815.263184
0 1524819281 668.054932 371.636566
0 2086284946 975.650269 535.633667
0 1524824288 747.394348 410.109344
0 1524802260 527.245056 450.403168
0 1478226199 1621.839844 812.623718
0 1578518673 1147.926392 542.946411
0 1438981616 1010.064148 481.939178
0 1478238215 1599.970825 689.710815
0 1609135173 913.163940 567.031311
0 1524837305 557.530884 439.054535
0 1524793249 653.052979 424.491943
0 1568515662 880.419800 583.484314
0 1568516664 895.476501 525.332397
0 1438991628 891.911926 539.099304
0 1478249230 1523.923950 691.690613
0 1438996634 1007.062683 507.297211
0 1578519675 1149.870850 573.408447
0 1524829295 587.161133 401.030334
0 1524864341 608.975159 426.825531
0 1478255238 1746.000610 732.384216
0 1438993631 876.297546 599.405151
0 1524788244 646.548767 434.420929
0 1772785076 1145.264404 501.241791
0 1524828293 714.147766 393.987640
0 1478203171 1779.152344 782.744934
0 1524798255 708.919800 369.275818
0 1478199165 1650.798950 785.032410
0 1578528686 973.447632 549.943726
0 1478192156 1708.786987 811.274658
0 1478228201 1515.149658 872.115601
0 1772037075 925.757568 510.859680
0 1578515670 968.793518 580.179626
0 1524851323 644.023315 406.644287
0 1478218188 1815.873779 838.528320
0 1478202169 1483.907837 788.006775
0 1478254236 1835.758179 868.734863
0 1478246226 1730.604614 708.996216
0 1524809269 608.118408 399.868042
0 1524822285 729.468628 368.088745
0 1524841310 708.565674 441.131348
0 1478235210 1829.228516 934.705872
0 1578515669 1151.970093 606.293762
0 1524854328 629.157959 398.701202
0 0 613.335876 796.832520
0 1 604.239075 470.945953
0 2 648.629578 505.433228
0 3 410.393097 645.109619
0 4 375.764587 909.138367
0 5 1233.604980 759.088196
0 6 462.680481 554.793762
0 7 1156.592285 898.639954
0 8 1268.519165 866.669006
0 9 1525.805420 415.803375
0 10 874.151611 900.290039
0 11 1482.347534 736.639954
0 12 1458.837402 818.034729
0 13 992.401794 771.789551
0 14 795.165283 329.903564
0 15 1215.738403 376.941437
0 16 521.222656 804.462585
0 17 1126.210327 312.387207
0 18 725.824341 785.689880
0 19 662.130676 471.395935
0 20 1499.763184 320.359070
0 21 495.525696 913.227356
0 22 1541.915649 304.088013
0 23 1063.068970 825.108704
0 24 1387.366577 764.435364
0 25 723.119873 398.622864
0 26 1046.670410 380.413666
0 27 1770.840088 560.430603
0 28 1364.896362 305.299896
0 29 301.918823 853.064575
0 30 415.529724 828.908630
0 31 857.513611 782.006897
0 32 1336.317261 469.601685
0 33 1316.871826 380.022736
0 34 1284.656738 398.707367
0 35 1837.225464 715.844666
0 36 684.107910 429.669525
0 37 1441.736572 663.682434
0 38 1217.092651 307.249725
0 39 1289.098511 436.661194
