0 1578512666 884.040894 662.185913
0 1707269176 598.870422 660.084595
0 1438989626 926.670227 533.626709
0 1438992629 849.917419 581.237732
0 1568509654 811.869934 580.915955
0 1578523681 590.338989 554.297607
0 1578518674 639.743530 660.385803
0 1438985621 621.044617 579.301941
0 1438994632 841.074768 691.272949
0 1578520676 889.112976 556.924133
0 1568511657 799.477478 690.982910
0 1775370079 924.600952 662.484802
0 1568510655 882.625366 691.562622
0 1578521677 710.681519 721.221252
0 1769859072 762.093384 661.287354
0 1578525683 886.687195 607.265808
0 1770636073 667.943604 720.941101
0 1568511656 597.605957 530.628845
0 1438985620 697.492493 579.948486
0 1707993177 564.106689 786.732666
0 2088218948 692.098145 605.687561
0 1606348170 613.975891 605.053955
0 1438990627 757.833496 690.692627
0 1709860179 922.573120 788.762329
0 1438988624 686.463379 632.574036
0 1578514668 625.156433 720.660522
0 1438997636 773.783264 580.593750
0 1568514660 548.909607 689.236023
0 2085418945 743.773010 787.750000
0 1568501643 632.620239 689.819641
0 1438989625 661.166077 753.280212
0 1568505649 646.549011 632.264893
0 1568506650 617.327148 753.011902
0 1568505648 704.953308 753.548218
0 1568497640 566.591370 631.645325
0 1578511665 557.952393 659.783142
0 1578529688 788.553955 788.003540
0 1708834178 680.571594 660.686584
0 1568499641 885.393433 634.115356
0 1578525682 796.010010 721.780640
0 1438996635 590.788513 689.528015
0 1438999639 853.796875 532.962830
0 1578523680 881.142456 722.338745
0 1578530689 814.644897 556.269470
0 1568508653 744.217346 531.964539
0 1608354172 654.048523 787.241943
0 1706512175 926.290833 557.250916
0 1438986622 923.117188 754.883301
0 1438987623 748.688965 753.815796
0 1578521678 740.026794 555.613464
0 2084722944 753.370300 721.501160
0 1578522679 808.974121 606.635498
0 1774531078 777.354614 555.941650
0 1525674169 847.851074 606.950745
0 1768901071 923.635315 722.617371
0 1578526684 802.787109 661.587158
0 1578513667 721.354858 660.987183
0 1438983618 674.404968 690.110901
0 1568502645 659.288208 579.625366
0 1568508652 716.142639 690.401978
0 1438984619 573.436401 752.743347
0 1659977623 744.017578 646.929077
0 1438982617 766.163513 633.191589
0 1771287074 627.817627 554.627075
0 2087111947 838.600647 722.059875
0 1578516671 574.853027 604.736572
0 1568513659 805.949463 633.499878
0 1578529687 665.258362 554.956238
0 1568501644 529.493896 752.474426
0 1438998637 707.618774 531.631104
0 1705773174 925.482666 607.580444
0 1568507651 890.251526 533.294922
0 1438999638 836.005737 754.350220
0 1438993630 924.129333 691.851929
0 1438995633 925.895325 581.880310
0 1568512658 887.925842 581.559204
0 1568514661 735.657532 580.271301
0 2079485312 744.011047 646.871338
0 1773608077 843.436279 661.886719
0 1438977615 606.591675 631.955261
0 1607644171 582.319946 720.379761
0 1568504647 879.587036 754.616943
0 1568500642 726.334900 632.882996
0 1568503646 582.761475 578.978149
0 1568516663 792.373047 754.083191
0 1578517672 877.953918 788.509705
0 1578527685 539.434021 720.098572
0 2086284946 770.056396 606.319824
0 1578518673 698.937866 787.496094
0 1438981616 925.051575 634.422668
0 1609135173 702.661438 555.285034
0 1568515662 670.984009 531.297363
0 1568516664 817.306396 532.630371
0 1438991628 780.779846 532.297607
0 1438996634 845.692810 633.807800
0 1578519675 609.104736 786.987488
0 1438993631 634.313110 530.963257
0 1772785076 833.280884 788.256775
0 1578528686 731.097778 606.003845
0 1772037075 851.897644 556.596985
0 1578515670 653.057556 605.370911
0 1578515669 519.054016 786.477661
0 0 991.351990 517.285400
0 1 822.164856 379.517639
0 2 893.237427 475.989563
0 3 887.271484 592.599487
0 4 715.565308 446.633301
0 5 261.286041 930.815186
0 6 443.123016 462.440277
0 7 603.478821 454.859406
0 8 337.453491 1022.976318
0 9 335.716797 551.228760
