0 1578512666 1020.952515 371.089172
0 1524823287 472.433563 237.243469
0 1478234209 1520.242920 878.886902
0 1707269176 1015.013123 500.621979
0 1438989626 873.359741 355.521484
0 1524801259 639.420105 247.485855
0 1438992629 927.832092 387.777924
0 1478227200 1748.387817 846.021362
0 1524854327 620.012939 285.216125
0 1478249229 1873.689941 812.185059
0 1524807266 720.308350 180.546768
0 1524863340 520.207825 203.600922
0 1524831297 673.558655 181.115448
0 1478229202 1730.797852 809.369141
0 1568509654 925.417847 404.853516
0 1524790246 543.825562 203.339386
0 1578523681 874.148132 521.280518
0 1478207175 1867.328003 887.011230
0 1524861337 446.060974 273.598907
0 1478210178 1754.429199 967.135742
0 1524862338 710.816833 201.490219
0 1478186149 1717.106079 883.494934
0 1524797254 627.037292 181.681366
0 1578518674 1015.958862 479.996002
0 1438985621 911.943481 500.156158
0 1524857331 488.772461 248.796112
0 1478203170 1807.209717 968.588135
0 1438994632 1051.176392 387.617188
0 1578520676 900.089539 371.349884
0 1478237213 1415.379883 676.485474
0 1568511657 1050.939209 404.800903
0 1775370079 1021.686646 355.079163
0 1478195160 1494.611328 959.986389
0 1568510655 1051.405273 371.023468
0 1478257240 1466.419434 706.709106
0 1578521677 1083.241943 441.116302
0 1524794250 497.314117 273.219604
0 1524812272 607.503113 259.897736
0 1769859072 1018.591003 422.590698
0 1578525683 960.332214 371.219940
0 1770636073 1083.594116 460.305756
0 1524846317 550.845886 192.791901
0 1524833300 614.145386 247.705673
0 1568511656 839.492371 521.085571
0 1438985620 917.634766 459.902069
0 1478185148 1546.037231 961.401489
0 1707993177 1154.164307 501.250793
0 1478189152 1457.145142 677.041321
0 1524791247 536.610779 214.179199
0 1524830296 567.502441 203.077194
0 2088218948 950.599915 459.982239
0 1524827292 496.966888 237.014862
0 1606348170 946.178040 500.310883
0 1524855329 695.555725 235.164490
0 1478183145 1407.482422 648.226807
0 1438990627 1050.693481 422.606659
0 1524840309 480.338013 260.922516
0 1478222194 1564.373413 739.255554
0 1709860179 1142.003296 354.720398
0 1478188151 1683.067993 709.915039
0 1438988624 983.677856 460.062714
0 1478243222 1754.508911 680.999023
0 1524843313 504.286438 193.333206
0 1524844315 650.269531 181.398758
0 1524858333 488.800232 214.681427
0 1524811271 700.787048 223.621445
0 1524859334 480.731628 225.804352
0 1478216186 1476.142334 737.812378
0 1524851324 488.742096 286.098389
0 1524814275 658.850464 259.483978
0 1578514668 1083.959961 480.231018
0 1478184146 1509.374023 707.344727
0 1524829294 560.606995 213.927124
0 1478176143 1625.982910 679.288452
0 1524860336 684.628357 259.276245
0 1478222193 1760.266357 775.385925
0 1438997636 922.916809 422.543152
0 1478194158 1541.206421 678.160156
0 1478201168 1817.005127 885.833374
0 1478187150 1583.018066 920.285034
0 1478205172 1766.931885 884.661255
0 1524838306 662.805176 202.021881
0 1568514660 1049.318237 522.265808
0 1524865342 673.033936 284.859772
0 2085418945 1147.641479 422.654816
0 1524808268 633.142090 259.691132
0 1478200167 1651.682983 843.941162
0 1478194159 1797.091187 847.068970
0 1568501643 1049.900024 480.113312
0 1478239216 1489.264771 649.198914
0 1524820283 600.661926 272.454834
0 1438989625 1117.129150 460.387329
0 1568505649 982.136108 479.879150
0 1478255237 1482.804199 917.738892
0 1524804262 678.918274 271.875732
0 1568506650 1118.139648 480.349121
0 1478217187 1450.976440 803.854797
0 1568505648 1116.155884 441.163910
0 1568497640 978.869263 521.869568
0 1578511665 1014.029724 522.067322
0 1478258241 1618.190063 881.179565
0 1524796253 632.962097 213.167023
0 1478206173 1846.030762 848.121643
0 1524826291 676.083252 223.866486
0 1578529688 1146.156372 404.760956
0 1478233207 1649.691406 964.253723
0 1708834178 1016.869141 460.143433
0 1478189153 1698.199585 741.444397
0 1568499641 990.594971 371.154633
0 1478245224 1597.729736 962.823853
0 1524852325 681.506714 212.657074
0 1478219190 1738.718018 652.164185
0 1578525682 1082.574951 404.787628
0 1478232206 1726.966431 710.564636
0 1524818280 588.937744 247.924927
0 1524850322 691.911621 191.151825
0 1438996635 1049.614746 500.778320
0 1524832299 595.741882 236.094528
0 1478242220 1684.248047 922.856995
0 1524789245 511.721252 183.084076
0 1438999639 866.745117 387.857574
0 1478196161 1555.902588 841.880981
0 1478252234 1441.416992 769.649536
0 1524803261 513.714539 248.579178
0 1478211179 1833.833252 743.662903
0 1578523680 1081.953857 370.957550
0 1578530689 894.290405 404.866577
0 1568508653 855.917969 440.787445
0 1524826290 696.904907 180.831482
0 1524847319 615.034302 202.550858
0 1524810270 593.612854 285.393585
0 1524835302 620.597290 235.862946
0 1524821284 496.648926 203.861816
0 1524799257 602.354126 224.597870
0 1478233208 1608.783569 739.981934
0 1608354172 1150.779785 460.469177
0 1524835303 652.761292 272.069305
0 1478251232 1471.628052 877.748901
0 1524812273 664.762085 247.265442
0 1706512175 902.843445 355.433563
0 1438986622 1111.784424 354.810486
0 1478211180 1699.919067 844.978760
0 1524823286 512.675232 214.430634
0 1478223195 1486.347534 770.457825
0 1478244223 1636.650879 807.513794
0 1438987623 1115.218140 422.638733
0 1478193157 1668.124756 773.728210
0 1478198164 1633.505005 921.567688
0 1524862339 546.225525 236.555878
0 1478236212 1530.409912 649.687988
0 1478240217 1499.087036 677.599487
0 1478214183 1786.509521 925.455078
0 1578521678 888.067261 440.833954
0 1524844314 686.780762 201.756393
0 1524848320 548.846985 272.838257
0 1524806265 626.867004 224.354706
0 1524787243 621.117004 191.974899
0 1478241219 1639.360718 709.268188
0 1524799256 645.517944 235.630753
0 1478190154 1613.213501 650.672302
0 1478226198 1653.391846 740.711548
0 1478208176 1825.834229 811.241943
0 1478214184 1423.649780 706.076172
0 2084722944 1082.902344 422.622650
0 1578522679 956.645996 404.840424
0 1524825289 534.672424 182.804886
0 1774531078 891.234680 422.527435
0 1525674169 958.521118 387.737946
0 1524815276 670.503967 235.397934
0 1768901071 1081.659058 354.900360
0 1578526684 1019.406189 404.814117
0 1478182144 1735.248901 924.152710
0 1524853326 715.627136 190.876099
0 1478218189 1448.289307 648.711853
0 1578513667 1017.745972 441.021545
0 1438983618 1050.174438 460.224457
0 1478224196 1552.515137 707.983154
0 1478247227 1860.267822 970.048157
0 1524792248 462.705261 286.273407
0 1524795252 527.537476 193.062881
0 1524808267 563.796875 248.143570
0 1478191155 1668.642334 679.856262
0 1524856330 603.861633 181.963272
0 1478236211 1461.033569 839.840393
0 1478212181 1583.504639 678.723083
0 1478185147 1520.160156 738.532288
0 1568502645 914.843140 479.646606
0 1568508652 1050.438721 441.068848
0 1438984619 1119.189697 501.092712
0 1659977623 1002.015259 431.706451
0 1478209177 1701.923706 965.691040
0 1438982617 986.594482 422.574799
0 1524805264 523.045471 273.029205
0 1771287074 877.829834 500.002014
0 2087111947 1082.258911 387.576660
0 1524817279 705.872070 212.401138
0 1524795251 638.889771 202.286713
0 1478230204 1622.369385 772.904968
0 1478230203 1889.818481 928.079895
0 1524847318 521.564148 236.785675
0 1578516671 943.835938 521.672485
0 1568513659 987.975220 404.827301
0 1578529687 881.371765 479.530914
0 1524819282 657.203491 212.912399
0 1478253235 1595.843628 708.624268
0 1524836304 577.904297 224.840408
0 1478243221 1838.031982 926.764160
0 1568501644 1120.281738 522.664978
0 1438998637 852.040527 459.742523
0 1524816278 567.286072 285.570526
0 1705773174 962.082458 355.256897
0 1524845316 557.679382 182.525024
0 1524842312 580.742371 182.244507
0 1568507651 870.108704 371.414551
0 1438999638 1113.441162 387.536011
0 1478252233 1432.318970 737.095581
0 1438993630 1051.626587 354.989899
0 1478237214 1771.057373 711.217041
0 1524857332 455.109039 261.125824
0 1478248228 1576.822388 772.085571
0 1478225197 1696.708496 651.664795
0 1524859335 591.238586 202.814362
0 1524832298 608.782410 213.421066
0 1478200166 1780.903687 652.665649
0 1478250231 1508.354980 840.858276
0 1478245225 1788.418945 742.920105
0 1438995633 932.417542 355.345367
0 1524804263 538.722534 248.361649
0 1524839308 584.664062 213.674393
0 1524849321 626.675903 272.262329
0 1568512658 930.163940 371.284973
0 1568514661 920.324158 440.880615
0 1478231205 1532.785156 919.008728
0 1773608077 1020.192810 387.657562
0 1438977615 980.534363 500.466156
0 1524834301 505.634583 260.718658
0 1607644171 1084.340088 500.935242
0 1524800258 574.211792 192.520233
0 1568504647 1112.598633 370.891479
0 1568500642 985.162903 440.974396
0 1478256239 1589.907227 806.592651
0 1524815277 541.032227 285.746979
0 1568503646 908.929077 521.476135
0 1478220191 1806.655273 776.220459
0 1478207174 1667.526001 882.334412
0 1524841311 463.896210 249.012451
0 1478213182 1743.208130 742.180603
0 1524813274 556.431885 260.309296
0 1568516663 1114.313843 404.774323
0 1578517672 1143.339966 370.825165
0 1578527685 1084.735352 522.465027
0 1478240218 1543.381226 805.675781
0 1478215185 1711.483887 680.426392
0 1524838307 514.850952 285.922913
0 1478197163 1603.677979 842.908630
0 1478221192 1497.071411 804.763184
0 1524819281 597.635437 192.247910
0 2086284946 954.703247 422.558960
0 1524824288 690.171753 247.044449
0 1524802260 436.740173 286.447906
0 1478226199 1683.613892 808.439270
0 1578518673 1149.181519 441.211700
0 1438981616 991.838745 355.168182
0 1478238215 1654.874023 651.167480
0 1609135173 884.781799 459.822144
0 1524837305 471.652740 273.409515
0 1524793249 581.933105 260.103821
0 1568515662 848.016296 479.415649
0 1568516664 863.263123 404.879578
0 1438991628 859.656372 422.511749
0 1478249230 1571.725830 650.179138
0 1438996634 989.307861 387.697815
0 1578519675 1152.439453 480.467651
0 1524829295 504.931305 225.564301
0 1524864341 530.999146 260.514252
0 1478255238 1815.341919 711.872375
0 1438993631 843.836548 499.848389
0 1524788244 574.719116 272.646820
0 1772785076 1144.723389 387.495239
0 1524828293 651.443298 224.110916
0 1478203171 1853.258423 777.058899
0 1524798255 644.656738 191.701218
0 1478199165 1714.089966 774.555115
0 1578528686 952.689148 440.927429
0 1478192156 1778.204102 810.303345
0 1478228201 1569.096191 880.030457
0 1772037075 897.240234 387.817810
0 1578515670 948.431091 479.762665
0 1524851323 570.951416 236.325516
0 1478218188 1895.208252 849.179443
0 1478202169 1531.482178 771.269836
0 1478254236 1917.902100 888.195068
0 1478246226 1797.718628 681.574158
0 1524809269 529.193176 225.323624
0 1524822285 668.254883 191.426880
0 1524841310 646.486450 285.038208
0 1478235210 1913.605469 971.515808
0 1578515669 1155.958252 522.865662
0 1524854328 553.517395 225.082336
0 1 0.000000 0.000000
0 6 1334.906616 240.937057
0 7 1320.967773 186.340744
0 8 595.641602 183.602692
0 9 287.378326 293.991730
0 10 1279.072876 119.804672
0 12 1076.447021 119.304558
0 13 1290.434448 155.115601
0 19 25.608063 1053.830811
0 21 1141.057373 122.169624
0 23 1336.554199 346.591370
0 25 1227.143799 302.645294
0 26 645.203979 457.164642
0 27 1399.403564 641.305298
0 28 1312.772461 705.314514
0 29 1362.951660 540.023438
0 31 1301.727783 286.787231
0 33 631.875305 527.452454
0 36 300.306885 187.077438
0 38 322.156403 125.406242
0 40 1903.098145 637.296326
0 44 799.059082 169.431305
0 53 270.010101 353.731781
0 59 1221.249146 104.111824
0 100 1778.575562 218.911972
0 104 1910.032471 287.806519
0 107 442.284882 45.292694
0 112 196.019241 39.740089
0 113 75.692993 37.172207
0 115 67.916412 23.173151
