0 1578512666 992.281616 469.163544
0 1524823287 800.731995 348.072662
0 1478234209 899.739807 731.970093
0 1707269176 897.219238 520.232056
0 1438989626 923.395264 443.309052
0 1524801259 876.237793 369.796417
0 1438992629 929.584534 463.663483
0 1478227200 1045.058472 766.424500
0 1524854327 841.634644 383.950470
0 1478249229 1146.389160 782.385803
0 1524807266 966.129456 348.343262
0 1524863340 845.410950 338.130737
0 1524831297 940.182678 343.640472
0 1478229202 1063.112183 751.346680
0 1568509654 916.416809 470.310333
0 1524790246 857.364197 340.374908
0 1578523681 814.471619 508.701996
0 1478207175 1082.040405 804.009644
0 1524861337 766.148254 360.858093
0 1478210178 959.985107 803.480957
0 1524862338 945.711731 356.961761
0 1478186149 999.689453 771.467102
0 1524797254 914.929199 339.063354
0 1578518674 911.754150 512.423706
0 1438985621 846.025146 505.842865
0 1524857331 801.295837 354.664337
0 1478203170 987.065063 814.858459
0 1438994632 996.872864 480.225250
0 1578520676 926.430908 453.292389
0 1478237213 985.493286 647.528748
0 1568511657 983.988159 487.299774
0 1775370079 1004.685608 462.499969
0 1478195160 835.201416 751.053345
0 1568510655 1009.472900 473.306946
0 1478257240 991.400085 666.954041
0 1578521677 975.152893 506.621002
0 1524794250 790.197754 365.900421
0 1524812272 851.943481 371.762024
0 1769859072 953.384949 490.059235
0 1578525683 958.788452 461.091095
0 1770636073 961.433960 514.324341
0 1524846317 867.913086 336.365967
0 1524833300 863.305176 367.185089
0 1568511656 798.283997 504.044525
0 1438985620 875.133484 491.149475
0 1478185148 858.836426 760.983582
0 1707993177 970.197693 540.744202
0 1478189152 1008.127319 655.089111
0 1524791247 846.638611 344.450958
0 1524830296 869.477661 342.649170
0 2088218948 891.764404 495.615479
0 1524827292 812.604553 350.425995
0 1606348170 862.771545 510.549805
0 1524855329 913.715088 370.467865
0 1478183145 1001.876099 636.243896
0 1438990627 970.809204 494.535919
0 1524840309 789.792419 358.975586
0 1478222194 1021.670288 695.916626
0 1709860179 1074.980469 479.095123
0 1478188151 1113.863281 708.961060
0 1438988624 908.701233 500.163666
0 1478243222 1182.710815 713.404663
0 1524843313 844.219238 331.995636
0 1524844315 927.471008 341.336548
0 1524858333 822.835083 339.901276
0 1524811271 924.569824 365.885986
0 1524859334 811.875610 343.952911
0 1478216186 974.169983 679.175537
0 1524851324 778.312256 370.417297
0 1524814275 878.065430 377.136108
0 1578514668 947.387512 522.211609
0 1478184146 1014.715942 674.951782
0 1524829294 858.781738 346.771973
0 1478176143 1104.217285 687.185730
0 1524860336 891.412537 379.881989
0 1478222193 1107.378784 746.469238
0 1438997636 902.958923 477.103638
0 1478194158 1055.021606 670.753052
0 1478201168 1053.827759 792.860901
0 1478187150 903.764404 756.075317
0 1478205172 1026.387817 782.017517
0 1524838306 919.600281 352.059479
0 1568514660 900.125183 533.346130
0 1524865342 868.282227 389.645569
0 2085418945 1025.050293 508.471680
0 1524808268 864.910522 374.429718
0 1478200167 992.745544 746.354370
0 1478194159 1072.286011 776.870361
0 1568501643 929.401917 517.271240
0 1478239216 1047.395508 651.057739
0 1524820283 840.377563 376.421234
0 1438989625 979.682922 519.224854
0 1568505649 894.434814 507.666412
0 1478255237 856.097290 736.659851
0 1524804262 879.953735 384.718933
0 1568506650 965.720703 527.247375
0 1478217187 914.947510 696.122314
0 1568505648 993.316406 511.391144
0 1568497640 864.884766 523.206787
0 1578511665 882.335571 528.227722
0 1478258241 948.399780 751.199036
0 1524796253 896.216553 353.927094
0 1478206173 1100.266968 787.605408
0 1524826291 911.341248 363.311401
0 1578529688 1037.967407 500.871796
0 1478233207 908.035034 781.654236
0 1708834178 925.952515 504.796234
0 1478189153 1097.487427 722.637695
0 1568499641 975.389343 465.092224
0 1478245224 883.105591 771.180237
0 1524852325 922.045959 358.864044
0 1478219190 1197.651978 699.957397
0 1578525682 1001.652588 491.741119
0 1478232206 1140.233765 718.006592
0 1524818280 850.554443 364.610504
0 1524850322 942.904480 350.198181
0 1438996635 914.938782 525.212463
0 1524832299 861.750122 360.167511
0 1478242220 954.015991 776.543579
0 1524789245 854.652649 328.138428
0 1438999639 897.655151 455.804626
0 1478196161 943.106201 727.310120
0 1478252234 933.381470 683.424622
0 1524803261 813.356018 357.099487
0 1478211179 1179.369019 751.496216
0 1578523680 1026.971313 477.524384
0 1578530689 900.255432 466.246857
0 1568508653 856.932007 475.573761
0 1524826290 953.067627 345.975830
0 1524847319 894.198425 347.290375
0 1524810270 828.601624 381.165100
0 1524835302 874.467773 362.688354
0 1524821284 833.614807 335.916046
0 1524799257 872.752686 355.801086
0 1478233208 1046.310913 704.600952
0 1608354172 998.283691 524.219849
0 1524835303 866.568665 381.912567
0 1478251232 876.333496 722.720703
0 1524812273 889.356201 372.445282
0 1706512175 939.107849 447.018463
0 1438986622 1056.937012 474.835419
0 1478211180 1018.554504 756.256104
0 1524823286 834.657471 342.160950
0 1478223195 956.414185 691.770081
0 1478244223 1011.175354 731.988647
0 1438987623 1006.632629 503.739777
0 1478193157 1054.468750 727.298340
0 1478198164 928.554138 766.172607
0 1524862339 836.839417 355.229767
0 1478236212 1070.960938 658.726868
0 1478240217 1031.296875 662.828430
0 1478214183 1007.068298 798.152588
0 1578521678 872.923767 479.773529
0 1524844314 932.565430 354.493652
0 1524848320 814.931030 371.086060
0 1524806265 885.436523 358.269684
0 1524787243 904.650940 343.142303
0 1478241219 1088.149902 700.140930
0 1524799256 887.365234 365.244873
0 1478190154 1119.800171 674.621216
0 1478226198 1071.575195 713.505249
0 1478208176 1117.874878 771.757935
0 1478214184 968.631042 659.143921
0 2084722944 988.555420 499.095337
0 1578522679 932.863037 474.445374
0 1524825289 866.394165 330.266571
0 1774531078 886.738892 472.936310
0 1525674169 945.966736 467.695648
0 1478197162 1092.432251 832.922729
0 1524815276 900.446350 367.837769
0 1768901071 1039.212280 470.650970
0 1578526684 966.640686 482.938110
0 1478182144 980.177673 787.199585
0 1524853326 956.008789 352.615295
0 1478218189 1024.373535 643.565430
0 1578513667 939.825745 497.343384
0 1438983618 943.527039 509.515656
0 1478224196 1038.598877 683.144043
0 1478247227 1014.924072 826.563354
0 1524792248 766.181274 367.824677
0 1524795252 855.988464 334.166443
0 1524808267 837.981750 362.071869
0 1478191155 1129.731812 695.708313
0 1524856330 902.553833 336.820374
0 1478236211 895.940613 709.214844
0 1478258242 1073.117554 851.013184
0 1478212181 1079.321289 678.869873
0 1478185147 997.630493 687.444031
0 1568502645 860.745117 498.412445
0 1568508652 957.325684 501.939270
0 1438984619 951.417786 535.465698
0 1659977623 938.031738 491.443634
0 1478209177 933.651917 792.417114
0 1438982617 936.274048 485.663055
0 1524805264 802.477112 368.474945
0 1771287074 829.585327 501.222107
0 2087111947 1014.454529 484.552643
0 1524817279 935.233643 361.384674
0 1524795251 906.812500 349.658600
0 1478230204 1029.021362 718.077881
0 1478230203 1063.161987 821.000427
0 1524847318 824.639221 352.811462
0 1578516671 847.763245 518.280640
0 1568513659 949.601746 478.653992
0 1578529687 844.357666 493.911102
0 1524819282 909.041504 356.378418
0 1478253235 1063.069458 691.537903
0 1524836304 860.243042 353.366394
0 1478243221 1034.718872 809.415100
0 1568501644 936.761475 543.887024
0 1438998637 842.756775 482.455170
0 1524816278 815.756897 378.419891
0 1705773174 971.337341 454.627167
0 1524845316 878.289612 332.422546
0 1524842312 890.341736 334.606995
0 1568507651 910.660156 449.491333
0 1438999638 1032.356812 488.958954
0 1478252233 951.268005 671.103943
0 1438993630 1021.797729 466.539795
0 1478237214 1167.287109 727.286316
0 1524857332 777.873230 356.523438
0 1478248228 1004.212097 709.088745
0 1478225197 1171.058716 691.302856
0 1524859335 881.754639 344.954102
0 1524832298 883.567261 351.509369
0 1478200166 1224.920776 708.831726
0 1478250231 919.225891 718.148315
0 1478245225 1151.357056 741.623596
0 1438995633 955.086243 450.790619
0 1524804263 825.583557 359.568420
0 1524839308 871.090149 349.124542
0 1524849321 853.377991 379.146973
0 1568512658 942.471375 457.158386
0 1568514661 889.201172 484.048340
0 1478231205 879.620422 746.241089
0 1773608077 979.603027 475.974609
0 1438977615 879.833252 515.345337
0 1524834301 801.877258 361.461823
0 1607644171 933.001587 530.289429
0 1524800258 879.996216 338.594727
0 1568504647 1044.785034 481.817810
0 1568500642 922.644043 492.831116
0 1478256239 986.199219 722.679504
0 1524815277 803.096375 375.714111
0 1568503646 830.961853 513.446533
0 1478220191 1134.895386 756.439331
0 1478207174 973.702820 761.197998
0 1524841311 789.399475 352.262238
0 1478213182 1124.072510 732.007385
0 1524813274 826.557678 366.539337
0 1568516663 1019.642578 496.264374
0 1578517672 1062.922729 486.189301
0 1578527685 918.263733 538.564880
0 1478240218 961.851318 713.604431
0 1478215185 1155.888062 704.445190
0 1524838307 790.616089 373.046844
0 1478197163 967.604736 736.708984
0 1478221192 938.108154 704.754822
0 1524819281 892.241089 340.853302
0 2086284946 919.468079 481.345215
0 1524824288 902.664551 375.132446
0 1524802260 754.219299 365.268188
0 1478226199 1036.804443 741.541138
0 1578518673 1011.825928 516.252197
0 1438981616 987.867981 458.529694
0 1478238215 1145.115967 682.859985
0 1609135173 858.800171 486.763397
0 1524837305 778.089355 363.361725
0 1524793249 839.160583 369.132172
0 1568515662 828.264282 489.490540
0 1568516664 884.371521 462.253204
0 1438991628 870.800293 468.841370
0 1478249230 1095.088867 666.579163
0 1438996634 962.636963 471.798706
0 1578519675 984.411621 532.381470
0 1524829295 823.723511 346.258820
0 1524864341 814.131165 363.982819
0 1478255238 1195.049805 736.809448
0 1438993631 813.443726 496.685181
0 1524788244 827.563171 373.734528
0 1772785076 1050.588379 493.446289
0 1524828293 898.298157 360.772888
0 1478203171 1163.158081 766.679810
0 1524798255 917.229126 345.462372
0 1478199165 1080.579102 736.758911
0 1578528686 905.771973 488.400146
0 1478192156 1090.126099 761.415283
0 1478228201 923.753906 741.459717
0 1772037075 913.483093 459.700378
0 1578515670 877.434631 502.996796
0 1524851323 849.208557 357.681549
0 1478218188 1129.033203 798.641724
0 1478202169 980.017212 700.322144
0 1478254236 1111.058838 815.476807
0 1478246226 1210.225586 722.595398
0 1524809269 835.731812 348.595917
0 1524822285 929.979126 347.814087
0 1524841310 854.860046 386.777008
0 1478235210 1043.596191 838.609924
0 1578515669 955.629150 549.315674
0 1524854328 847.903870 350.964905
0 0 715.560120 377.136871
0 1 965.736694 372.031189
0 2 505.206757 585.804932
0 3 423.693878 477.379333
0 4 848.706726 662.658081
0 5 935.950195 671.593811
0 6 546.166382 429.412628
0 7 1134.949463 503.953033
0 8 1188.654053 462.631714
0 9 1504.907715 452.112457
0 10 1095.844238 550.747375
0 11 1196.474731 746.467041
0 12 1059.358887 337.066254
0 13 1013.342957 672.313354
0 14 929.071533 311.194794
0 15 1084.846558 501.721130
0 16 686.015381 575.894409
0 17 1125.253662 353.383636
0 18 719.163330 603.081543
0 19 447.150787 550.871948
0 20 1517.058838 435.963379
0 21 378.293060 576.524597
0 22 1406.608032 412.090790
0 23 879.783325 318.568665
0 24 1052.675659 706.320984
0 25 441.454620 505.205231
0 26 656.997009 438.265533
0 27 1501.514893 505.001648
0 28 1264.820068 382.031769
0 29 683.371033 401.382599
0 30 903.697021 627.179382
0 31 807.575134 626.939941
0 32 1023.688416 590.180115
0 33 762.251648 394.498779
0 34 1047.246094 535.876526
0 35 1278.461792 716.580383
0 36 387.483459 534.660767
0 37 765.084290 722.333923
0 38 1203.001221 365.451904
0 39 1095.986572 579.402771
