0 1578512666 950.262024 412.871887
0 1524823287 414.587616 456.262299
0 1478234209 1443.443115 489.329834
0 1707269176 1056.887085 457.407745
0 1438989626 856.991821 429.801727
0 1524801259 574.455688 426.920013
0 1438992629 917.930115 432.902740
0 1478227200 1477.301880 455.783569
0 1524854327 609.189575 446.841064
0 1478249229 1488.035522 435.056427
0 1524807266 548.890198 382.241119
0 1524863340 407.142700 430.375427
0 1524831297 511.012329 390.533112
0 1478229202 1457.623291 449.307739
0 1568509654 932.524170 439.338165
0 1524790246 428.904846 425.435486
0 1578523681 1010.458618 486.626648
0 1478207175 1517.468872 452.352173
0 1524861337 446.255859 478.513580
0 1478210178 1528.616699 481.424805
0 1524862338 569.546997 393.510010
0 1478186149 1487.024292 467.559937
0 1524797254 471.652466 399.149567
0 1578518674 1040.719482 450.654816
0 1438985621 1010.165771 473.575195
0 1524857331 447.664825 457.947845
0 1478203170 1538.755615 476.006958
0 1438994632 979.565063 414.362122
0 1578520676 887.459595 431.352142
0 1478237213 1314.288574 453.072540
0 1568511657 994.193359 420.367523
0 1775370079 936.193604 406.995697
0 1478195160 1474.618896 510.279327
0 1568510655 965.216187 408.471436
0 1478257240 1344.796387 454.625000
0 1578521677 1038.992310 428.011169
0 1524794250 491.798401 466.925110
0 1524812272 565.658081 438.447266
0 1769859072 994.143555 431.200623
0 1578525683 919.475586 421.931122
0 1770636073 1054.501709 434.271637
0 1524846317 419.172882 419.015442
0 1524833300 554.410889 431.825317
0 1568511656 993.862061 492.514130
0 1438985620 978.135803 459.451202
0 1478185148 1485.882568 504.260437
0 1707993177 1114.870361 437.343170
0 1478189152 1326.242920 448.097748
0 1524791247 438.840027 431.989502
0 1524830296 450.223877 420.596100
0 2088218948 994.037964 454.207916
0 1524827292 437.206818 450.831909
0 1606348170 1026.067017 468.072754
0 1524855329 602.069580 411.252014
0 1478183145 1296.039062 446.561005
0 1438990627 1009.109253 426.490997
0 1524840309 458.353210 465.220459
0 1478222194 1386.658691 451.171661
0 1709860179 994.331604 390.254944
0 1478188151 1400.844604 430.622833
0 1438988624 1009.615845 449.071503
0 1478243222 1403.731201 415.851227
0 1524843313 375.448303 428.761505
0 1524844315 491.523071 394.799591
0 1524858333 394.600739 442.218750
0 1524811271 591.015686 405.221771
0 1524859334 404.486511 449.164856
0 1478216186 1363.725952 461.284576
0 1524851324 503.097778 474.379089
0 1524814275 605.520508 428.501343
0 1578514668 1070.322388 440.657654
0 1478184146 1356.449585 449.634644
0 1524829294 460.277069 427.032715
0 1478176143 1371.785767 429.145233
0 1524860336 624.848999 423.678802
0 1478222193 1448.748047 438.223206
0 1438997636 947.416870 445.905304
0 1478194158 1349.456055 438.437653
0 1478201168 1507.521484 457.321136
0 1478187150 1475.569580 490.966034
0 1478205172 1497.375244 462.389374
0 1524838306 531.328979 402.185394
0 1568514660 1088.315796 459.007874
0 1524865342 648.570007 436.619232
0 2085418945 1052.298340 412.899536
0 1524808268 585.794373 433.423126
0 1478200167 1456.195679 465.990875
0 1478194159 1487.544800 450.829895
0 1568501643 1055.670288 445.605835
0 1478239216 1319.837036 436.931122
0 1524820283 577.142761 445.208923
0 1438989625 1068.877808 429.531525
0 1568505649 1025.461060 455.807770
0 1478255237 1453.063721 502.588348
0 1524804262 636.588196 430.082825
0 1568506650 1084.684814 435.807312
0 1478217187 1391.101929 480.480011
0 1568505648 1053.378662 423.377930
0 1568497640 1058.155029 469.707001
0 1578511665 1073.392334 464.301819
0 1478258241 1465.682617 478.220642
0 1524796253 522.021545 412.755859
0 1478206173 1497.589111 445.972321
0 1524826291 571.928406 409.718414
0 1578529688 1037.395386 407.077667
0 1478233207 1507.699097 492.602417
0 1708834178 1024.879639 444.038696
0 1478189153 1419.405640 436.730927
0 1568499641 935.018005 417.357635
0 1478245224 1496.906738 498.369446
0 1524852325 561.171082 403.703522
0 1478219190 1385.996216 410.159729
0 1578525682 1008.870483 415.852509
0 1478232206 1411.420288 426.093842
0 1524818280 533.949280 436.832611
0 1524850322 540.278381 392.021454
0 1438996635 1071.826050 452.238281
0 1524832299 523.030090 430.227631
0 1478242220 1497.148193 479.822662
0 1524789245 366.168823 422.241425
0 1438999639 885.229004 442.739685
0 1478196161 1434.219849 476.618774
0 1478252234 1371.302734 473.415527
0 1524803261 469.930267 452.499115
0 1478211179 1450.317993 423.099243
0 1578523680 979.888550 404.153900
0 1578530689 916.321533 444.322418
0 1568508653 929.820190 463.170868
0 1524826290 530.131165 386.347687
0 1524847319 491.585724 411.207031
0 1524810270 588.872253 452.114807
0 1524835302 543.393555 425.338806
0 1524821284 384.923492 435.419159
0 1524799257 512.334229 423.757782
0 1478233208 1397.788086 446.263824
0 1608354172 1082.975098 424.883301
0 1524835303 617.180725 435.021088
0 1478251232 1431.968750 495.061554
0 1524812273 594.096375 422.113586
0 1706512175 873.458435 425.060181
0 1438986622 980.200195 394.324036
0 1478211180 1466.854126 460.836243
0 1524823286 416.952667 437.050385
0 1478223195 1383.042969 468.080536
0 1478244223 1436.335693 459.283234
0 1438987623 1038.178345 417.343018
0 1478193157 1427.704468 447.785706
0 1478198164 1486.471191 485.336365
0 1524862339 481.019897 440.313354
0 1478236212 1331.393188 432.254913
0 1478240217 1337.963257 443.220428
0 1478214183 1517.855713 469.129150
0 1578521678 946.389404 457.834625
0 1524844314 550.623108 397.805664
0 1524848320 535.386292 455.834015
0 1524806265 532.599365 418.983643
0 1524787243 481.520172 405.118469
0 1478241219 1390.065674 435.238800
0 1524799256 563.346558 420.548553
0 1478190154 1353.851929 423.166962
0 1478226198 1408.701782 441.451141
0 1478208176 1478.092896 439.715607
0 1478214184 1332.908081 459.716064
0 2084722944 1023.784668 421.872650
0 1578522679 948.403259 434.453461
0 1524825289 388.124603 417.434967
0 1774531078 931.200073 451.008667
0 1525674169 933.795776 428.130127
0 1478197162 1547.395508 453.874603
0 1524815276 582.901306 415.853912
0 1768901071 965.804993 398.469086
0 1578526684 979.228699 424.970886
0 1478182144 1507.607544 474.421387
0 1524853326 559.119995 387.821777
0 1478218189 1308.054565 441.698883
0 1578513667 1009.357422 437.555267
0 1438983618 1039.838623 439.106415
0 1478224196 1367.874390 444.742035
0 1478247227 1548.689941 470.698486
0 1524792248 480.452026 480.257172
0 1524795252 397.535400 423.838379
0 1524808267 513.057922 441.945099
0 1478191155 1382.634888 424.630371
0 1524856330 451.389343 403.585449
0 1478236211 1411.319458 487.693756
0 1478258242 1567.968506 460.396667
0 1478212181 1360.728149 433.746796
0 1478185147 1375.306885 456.177612
0 1568502645 993.981750 466.438629
0 1568508652 1024.321411 432.736053
0 1438984619 1100.808960 442.209015
0 1659977623 994.117920 436.779755
0 1478209177 1518.266846 486.955414
0 1438982617 978.878967 436.004303
0 1524805264 513.828735 461.319397
0 1771287074 993.923157 479.195801
0 2087111947 994.241211 409.947357
0 1524817279 580.176880 399.308868
0 1524795251 511.653687 406.651642
0 1478230204 1416.870483 452.708832
0 1478230203 1537.743774 458.858856
0 1524847318 459.345886 445.516815
0 1578516671 1042.594116 475.227081
0 1568513659 963.968384 429.665314
0 1578529687 977.740540 471.923462
0 1524819282 541.789673 408.184998
0 1478253235 1379.077637 439.944336
0 1524836304 491.652191 428.630096
0 1478243221 1527.899048 463.942657
0 1568501644 1117.259644 448.740479
0 1438998637 945.318237 470.271881
0 1524816278 568.118958 457.501709
0 1705773174 905.434082 415.852844
0 1524845316 409.637848 412.725403
0 1524842312 430.721863 408.109833
0 1568507651 870.967407 436.205200
0 1438999638 1008.640808 405.615753
0 1478252233 1351.908936 466.495667
0 1438993630 951.138794 402.692230
0 1478237214 1421.798462 421.649475
0 1524857332 435.464691 470.931305
0 1478248228 1405.819946 457.730347
0 1478225197 1375.479736 414.415253
0 1524859335 471.113190 415.854248
0 1524832298 501.854950 417.418884
0 1478200166 1396.321777 405.981506
0 1478250231 1422.888794 482.098663
0 1478245225 1440.208008 427.557495
0 1438995633 889.602783 420.411438
0 1524804263 491.722992 447.166077
0 1524839308 481.277679 422.176880
0 1524849321 597.369873 440.062042
0 1568512658 903.625854 426.595093
0 1568514661 962.617615 452.608215
0 1478231205 1464.436279 496.715424
0 1773608077 964.604431 418.862518
0 1438977615 1041.637207 462.684784
0 1524834301 480.745239 459.633545
0 1607644171 1086.463623 447.173096
0 1524800258 440.374176 414.289764
0 1568504647 994.287170 399.916992
0 1568500642 994.091858 442.471741
0 1478256239 1425.369629 464.421997
0 1524815277 546.915405 463.005432
0 1568503646 1026.698975 480.865662
0 1478220191 1458.969482 433.578430
0 1478207174 1476.462280 472.835968
0 1524841311 424.911163 463.515991
0 1478213182 1429.905884 432.100586
0 1524813274 524.103088 448.815491
0 1568516663 1023.268555 411.423370
0 1578517672 1008.419617 395.758392
0 1578527685 1102.935181 453.821838
0 1478240218 1414.179932 469.665527
0 1478215185 1393.281494 420.199829
0 1524838307 525.246826 468.629883
0 1478197163 1445.319824 471.250671
0 1478221192 1402.759766 475.017090
0 1524819281 461.152405 409.658356
0 2086284946 963.306641 440.904877
0 1524824288 613.345215 417.403107
0 1524802260 457.292786 486.268555
0 1478226199 1447.084839 454.246124
0 1578518673 1067.488770 418.833618
0 1438981616 920.961487 411.381744
0 1478238215 1364.766724 418.750275
0 1609135173 961.899475 464.804688
0 1524837305 469.279602 472.655121
0 1524793249 545.098877 443.576904
0 1568515662 961.150452 477.526093
0 1568516664 899.785400 449.409271
0 1438991628 914.645996 456.218201
0 1478249230 1342.729370 427.667725
0 1438996634 949.350891 423.450958
0 1578519675 1098.765869 431.051971
0 1524829295 426.971802 443.867676
0 1524864341 502.656738 454.166473
0 1478255238 1431.984741 417.287292
0 1438993631 977.327942 484.938416
0 1524788244 556.486206 450.465088
0 1772785076 1022.771667 401.364990
0 1524828293 552.460083 414.304840
0 1478203171 1468.998169 429.021240
0 1524798255 501.489441 400.667419
0 1478199165 1438.328369 442.958069
0 1578528686 978.515076 447.488342
0 1478192156 1467.957520 444.465118
0 1478228201 1454.678711 483.717407
0 1772037075 901.744446 437.771637
0 1578515670 1009.885132 461.067932
0 1524851323 502.243317 435.218079
0 1478218188 1507.440430 441.208069
0 1478202169 1394.546509 462.853210
0 1478254236 1527.223145 447.479645
0 1478246226 1413.989136 411.582336
0 1524809269 448.984833 438.681824
0 1524822285 521.071838 396.302551
0 1524841310 629.084473 441.677002
0 1478235210 1558.425537 465.496124
0 1578515669 1131.297852 443.760559
0 1524854328 470.540222 433.603729
0 0 475.668304 402.810608
0 1 668.942871 380.464508
0 2 831.774170 579.251160
0 3 713.046814 320.506256
0 4 1155.208984 626.087463
0 5 683.624268 534.179993
0 6 1411.159180 406.640717
0 7 1392.554077 563.011108
0 8 1426.424316 516.947205
0 9 486.088318 369.101196
0 10 1403.339966 537.235229
0 11 782.883118 605.807007
0 12 832.924622 294.813873
0 13 641.076416 485.290802
0 14 1097.101685 271.626923
0 15 1282.130371 406.440002
0 16 1382.707764 485.654022
0 17 1225.573608 310.569977
0 18 938.880554 625.879272
0 19 697.044922 437.376801
0 20 1371.007446 447.710815
0 21 888.434021 561.764893
0 22 1332.066895 469.612457
0 23 872.426575 282.038208
0 24 854.076660 643.179810
0 25 653.670044 401.746948
0 26 614.252014 389.742981
0 27 1022.300964 632.047180
0 28 1425.156982 438.585480
0 29 817.956055 545.578613
0 30 1064.773926 665.597534
0 31 574.395630 464.113708
0 32 1336.853149 533.761902
0 33 878.894470 339.088104
0 34 1373.293701 417.312653
0 35 734.323730 583.241455
0 36 640.201172 426.961212
0 37 1329.513794 562.459229
0 38 1477.050659 385.149750
0 39 1415.728516 465.045807
