0 1578512666 920.711060 344.976166
0 1524823287 1076.658325 37.882782
0 1478234209 127.809708 675.859680
0 1707269176 690.587830 359.627930
0 1438989626 928.996399 257.140442
0 1524801259 1091.619629 112.260506
0 1438992629 876.858093 293.347778
0 1478227200 113.941383 854.050903
0 1524854327 1017.465454 115.192085
0 1478249229 126.487785 980.786133
0 1524807266 1252.085449 129.613541
0 1524863340 1149.454590 45.409969
0 1524831297 1236.422974 106.535896
0 1478229202 166.147583 848.377136
0 1568509654 845.977722 295.135223
0 1524790246 1155.589844 55.269806
0 1578523681 656.216187 288.762604
0 1478207175 29.512217 947.254395
0 1524861337 1008.866821 40.010765
0 1524862338 1203.134033 131.677231
0 1478186149 75.847618 819.324524
0 1524797254 1221.552246 84.624756
0 1578518674 724.152771 357.490875
0 1438985621 688.483459 304.251526
0 1524857331 1059.129517 48.342331
0 1438994632 892.668640 366.155090
0 1578520676 903.424133 274.899078
0 1478237213 405.815491 620.461914
0 1568511657 859.702637 368.322083
0 1775370079 952.687500 342.940216
0 1478195160 47.315350 652.096680
0 1568510655 925.404724 364.003174
0 1478257240 356.042999 655.026306
0 1578521677 795.648376 392.833588
0 1524794250 1017.830322 59.893909
0 1524812272 1061.572021 101.844330
0 1769859072 823.452942 351.168518
0 1578525683 911.784668 308.790619
0 1770636073 761.387085 395.159058
0 1524846317 1178.152466 54.512466
0 1524833300 1085.852661 100.914993
0 1568511656 656.085083 271.969147
0 1438985620 752.107849 300.568726
0 1478185148 33.550430 684.463867
0 1707993177 693.759583 443.091614
0 1478189152 400.464081 650.971436
0 1524791247 1132.915161 56.030926
0 1524830296 1161.877075 65.373886
0 2088218948 753.840149 318.227356
0 1524827292 1081.877808 47.603836
0 1606348170 689.161438 322.091736
0 1524855329 1128.703735 134.815033
0 1478183145 448.869904 616.662720
0 1438990627 826.504456 370.504364
0 1524840309 1036.268311 49.084503
0 1478222194 295.502838 725.365112
0 1709860179 974.724976 422.751282
0 1478188151 319.598541 831.700012
0 1438988624 755.631042 336.483704
0 1478243222 355.171906 909.192749
0 1524843313 1165.520264 35.093376
0 1524844315 1228.892456 95.440125
0 1524858333 1121.304688 36.481304
0 1524811271 1153.649170 133.763397
0 1524859334 1099.035767 37.180336
0 1478216186 311.220734 659.117676
0 1524851324 994.465027 60.678192
0 1524814275 1072.641846 124.925415
0 1578514668 726.877441 397.501373
0 1478184146 349.415833 687.153076
0 1524829294 1138.936646 66.169884
0 1478176143 376.464600 787.798096
0 1524860336 1078.401855 136.935638
0 1478222193 206.690659 884.237366
0 1438997636 814.893921 296.934479
0 1478194158 389.019135 716.221924
0 1478201168 45.769241 902.369446
0 1478187150 67.660507 713.766174
0 1478205172 61.193596 859.783508
0 1524838306 1188.664795 108.423943
0 1568514660 656.941467 381.650482
0 1524865342 1027.544189 139.079681
0 2085418945 836.331055 432.770233
0 1524808268 1067.033813 113.232468
0 1478200167 139.837387 775.769836
0 1478194159 99.977821 896.261414
0 1568501643 725.491150 377.144409
0 1478239216 439.911774 678.605286
0 1524820283 1037.162964 102.778610
0 1438989625 763.445068 416.137787
0 1568505649 722.859863 338.504852
0 1478255237 93.544632 648.017334
0 1524804262 1053.043091 138.004700
0 1568506650 728.314270 418.600220
0 1478217187 229.760529 635.997375
0 1568505648 798.318542 413.693390
0 1568497640 656.636475 342.589172
0 1578511665 656.786316 361.780060
0 1478258241 103.064476 744.179993
0 1524796253 1157.932983 98.156082
0 1478206173 85.264496 940.738403
0 1524826291 1146.936523 121.892181
0 1578529688 871.313904 430.237671
0 1478233207 4.037284 753.862061
0 1708834178 757.483704 355.368713
0 1478189153 268.968109 837.202576
0 1568499641 916.173584 326.582336
0 1478245224 19.139896 718.349182
0 1524852325 1171.435791 120.891930
0 1478219190 407.447876 903.083008
0 1578525682 863.436523 388.232513
0 1478232206 311.189972 872.462769
0 1524818280 1080.233521 89.860672
0 1524850322 1220.042114 118.907486
0 1438996635 691.338806 379.389435
0 1524832299 1104.092041 88.976715
0 1478242220 39.241421 785.954163
0 1524789245 1187.468262 34.404438
0 1438999639 869.695190 260.362610
0 1478196161 163.338303 704.728943
0 1478252234 274.360016 632.061768
0 1524803261 1064.209961 58.337109
0 1478211179 238.113632 967.246643
0 1578523680 930.262817 383.696716
0 1578530689 842.820129 278.297791
0 1568508653 779.319946 265.273163
0 1524826290 1244.151367 117.923157
0 1524847319 1174.930664 86.352097
0 1524810270 1012.624268 103.717796
0 1524835302 1110.005615 99.990540
0 1524821284 1143.465942 35.785656
0 1524799257 1127.827026 88.097321
0 1478233208 287.080566 760.862915
0 1608354172 765.579163 437.892273
0 1524835303 1047.607666 125.947487
0 1478251232 139.358246 643.974670
0 1524812273 1097.540527 123.908867
0 1706512175 933.435242 273.216034
0 1438986622 968.922058 401.735291
0 1478211180 127.211090 813.937866
0 1524823286 1127.039551 46.137661
0 1478223195 265.991974 663.246277
0 1478244223 189.398087 770.752380
0 1438987623 832.937378 411.266846
0 1478193157 228.402664 803.325684
0 1478198164 53.790565 748.997559
0 1524862339 1092.707642 67.773888
0 1478236212 435.123596 711.714233
0 1478240217 394.870880 682.859558
0 1478214183 7.895778 865.575989
0 1578521678 781.427856 281.740662
0 1524844314 1195.803955 119.897049
0 1524848320 1027.250366 80.790070
0 1524806265 1134.032104 99.070915
0 1524787243 1198.301270 85.486206
0 1478241219 327.597565 792.922852
0 1524799256 1116.074463 111.293686
0 1478190154 424.854279 782.723328
0 1478226198 278.245972 798.098511
0 1478208176 140.413696 934.292786
0 1478214184 362.382385 624.294556
0 2084722944 829.664001 390.524780
0 1578522679 849.239319 312.527527
0 1524825289 1193.957031 43.965225
0 1774531078 812.223450 280.013641
0 1525674169 880.615967 310.652832
0 1524815276 1122.305176 122.897812
0 1768901071 963.321655 381.452881
0 1578526684 856.096069 349.090149
0 1478182144 23.961967 824.765869
0 1524853326 1227.675903 130.642593
0 1478218189 444.489380 646.952759
0 1578513667 790.582947 353.261322
0 1438983618 759.401184 374.915375
0 1478224196 342.480896 720.772034
0 1524792248 990.204407 50.579929
0 1524795252 1171.760254 44.685833
0 1524808267 1074.756958 79.086540
0 1478191155 369.719604 826.252808
0 1524856330 1214.395020 74.079323
0 1478236211 184.761719 639.968140
0 1478212181 382.890381 751.163208
0 1478185147 303.540985 691.486145
0 1568502645 720.401489 302.404022
0 1568508652 793.071411 372.702057
0 1438984619 692.923096 421.080872
0 1659977623 805.696228 342.765930
0 1438982617 820.503967 332.482697
0 1524805264 1022.481079 70.210579
0 1771287074 687.827515 286.989838
0 2087111947 896.968628 385.956573
0 1524817279 1178.458740 132.717468
0 1524795251 1181.709473 97.246048
0 1478230204 238.476822 765.783569
0 1524847318 1087.226074 57.564526
0 1578516671 656.491699 324.043671
0 1568513659 852.610229 330.502563
0 1578529687 719.231873 285.228668
0 1524819282 1164.596191 109.375481
0 1478253235 335.216187 755.989685
0 1524836304 1121.778442 77.400406
0 1568501644 657.268860 423.579987
0 1438998637 748.807983 266.931030
0 1524816278 1007.908264 92.540382
0 1705773174 942.747314 306.940674
0 1524845316 1200.603760 53.758823
0 1524842312 1207.414551 63.793861
0 1568507651 899.439514 258.746429
0 1438999638 901.422485 406.466553
0 1478252233 318.565613 628.161011
0 1438993630 957.913391 361.866241
0 1478237214 302.339508 915.367615
0 1524857332 1031.574707 39.297928
0 1478248228 248.078613 730.001831
0 1478225197 413.544037 860.929871
0 1524859335 1168.322021 75.731461
0 1524832298 1151.439575 87.222466
0 1478200166 401.026276 947.486511
0 1478250231 174.292114 671.616760
0 1478245225 248.941833 921.608459
0 1438995633 938.016541 289.807709
0 1524804263 1069.417480 68.582016
0 1524839308 1145.109619 76.563789
0 1524849321 1042.316040 114.209648
0 1568512658 907.537109 291.571930
0 1568514661 783.604614 298.745575
0 1478231205 80.897812 680.141907
0 1773608077 888.514648 347.026093
0 1438977615 689.862488 340.539978
0 1524834301 1041.078247 59.113560
0 1607644171 692.116699 399.860748
0 1524800258 1184.702759 64.581909
0 1568504647 935.294128 404.092377
0 1568500642 788.178345 334.476410
0 1478256239 200.201797 734.682800
0 1524815277 1003.312805 81.648430
0 1568503646 656.351685 306.111420
0 1478220191 194.969635 927.916504
0 1478207174 89.787575 780.836914
0 1524841311 1054.171631 38.588627
0 1478213182 259.212677 878.319336
0 1524813274 1051.064819 79.936104
0 1568516663 867.304504 408.857971
0 1578517672 940.508057 425.228394
0 1578527685 657.102173 402.237335
0 1478240218 210.508209 700.273499
0 1478215185 362.631012 866.666565
0 1524838307 998.833130 71.031090
0 1478197163 151.865997 739.408630
0 1478221192 220.350906 667.412415
0 1524819281 1191.416992 74.903313
0 2086284946 817.652527 314.414734
0 1524824288 1103.621704 135.872421
0 1524802260 986.047302 40.727077
0 1478226199 178.060211 808.605225
0 1578518673 801.087097 435.321686
0 1438981616 947.635010 324.641937
0 1478238215 419.338928 820.860168
0 1609135173 750.431335 283.478973
0 1524837305 1013.293640 49.830372
0 1524793249 1056.250854 90.749275
0 1568515662 718.099487 268.599579
0 1568516664 839.761658 261.989044
0 1438991628 809.637207 263.625854
0 1478249230 430.109833 746.382629
0 1438996634 884.499390 328.535828
0 1578519675 729.804382 440.482178
0 1524829295 1104.514282 46.868942
0 1524864341 1046.008911 69.394218
0 1478255238 293.011444 960.587952
0 1438993631 687.192505 270.278931
0 1524788244 1032.142700 91.642494
0 1772785076 906.038635 427.723785
0 1524828293 1140.399780 110.332054
0 1478203171 182.609131 973.979004
0 1524798255 1205.362305 96.340729
0 1478199165 217.820419 842.761292
0 1578528686 785.853516 316.314636
0 1478192156 153.615295 890.217712
0 1478228201 115.724510 709.226318
0 1772037075 873.219666 276.592957
0 1578515670 721.610107 320.153015
0 1524851323 1098.327881 78.241341
0 1478218188 69.739304 987.669312
0 1478202169 257.240479 695.859436
0 1478254236 12.353139 994.629883
0 1478246226 347.312439 954.001587
0 1524809269 1110.127441 56.795807
0 1524822285 1212.606812 107.477440
0 1524841310 1022.437012 126.975136
0 1578515669 657.441650 445.720825
0 1524854328 1115.880371 66.969841
0 0 350.650177 81.734390
0 1 127.107613 371.549835
0 2 669.875854 511.420776
0 3 789.995361 47.897430
0 4 1202.125000 431.785889
0 5 233.436874 594.606201
0 6 912.677429 35.048260
0 7 1138.816162 471.462189
0 8 1118.222046 266.215393
0 9 1127.852783 27.839699
0 10 37.186062 511.377716
0 11 1330.705566 280.948792
0 12 1208.326294 35.234406
0 13 241.757675 1002.674683
0 14 1320.311890 152.394867
0 15 96.795158 260.308533
0 16 64.067360 882.284790
0 17 1368.356445 236.919006
0 18 250.336884 664.604431
0 19 21.069921 381.065277
0 20 1408.478760 285.328491
0 21 1116.841797 151.326279
0 22 1435.363647 365.736053
0 23 127.273804 674.217712
0 24 1193.349976 58.492104
0 25 318.951630 524.615601
0 26 94.101822 420.856384
0 27 1515.920898 551.198303
0 28 1066.819092 714.901733
0 29 1106.841064 517.290283
0 30 768.109802 95.144455
0 31 730.039673 1004.205017
0 32 1096.786743 116.331528
0 33 180.882919 266.954590
0 34 731.661194 67.312439
0 35 626.951172 678.702637
0 36 243.231354 170.234467
0 37 850.630981 63.676331
0 38 983.624756 934.675476
0 39 1083.912109 81.236183
