0 1578512666 918.907043 461.738495
0 1707269176 780.405701 383.951782
0 1438989626 1036.232056 423.538422
0 1438992629 957.154480 420.485352
0 1568509654 936.676514 409.647583
0 1578523681 841.444214 341.332520
0 1578518674 798.941406 394.362030
0 1438985621 840.455872 358.723572
0 1438994632 876.939697 460.218506
0 1578520676 996.781067 422.015259
0 1568511657 856.252747 448.354370
0 1775370079 940.492493 473.861572
0 1568510655 898.098145 472.353027
0 1578521677 794.694153 435.204285
0 1769859072 856.967346 426.951263
0 1578525683 958.873840 441.351593
0 1770636073 775.310547 423.845612
0 1568511656 860.080872 333.701996
0 1438985620 877.760864 378.466949
0 1707993177 692.907166 420.711609
0 2088218948 858.298340 387.087524
0 1606348170 820.930847 366.926422
0 1438990627 836.021667 436.751709
0 1709860179 853.880981 519.386841
0 1438988624 838.341675 395.927032
0 1578514668 756.345886 412.732452
0 1438997636 916.627075 399.036560
0 1568514660 741.205139 382.373688
0 2085418945 769.698853 467.784088
0 1568501643 777.918091 403.428833
0 1438989625 753.176025 433.649719
0 1568505649 819.436401 385.523071
0 1568506650 734.202820 422.282196
0 1568505648 772.574036 445.271790
0 1568497640 782.781311 365.351044
0 1578511665 762.252258 373.756287
0 1578529688 790.011292 480.235413
0 1708834178 817.871643 404.993896
0 1568499641 939.158264 451.408478
0 1578525682 834.774902 458.691345
0 1438996635 759.367920 392.790192
0 1438999639 994.233032 402.119080
0 1578523680 876.708252 483.263977
0 1578530689 955.514404 400.581177
0 1568508653 934.416260 371.612732
0 1608354172 730.441345 443.719696
0 1706512175 1018.081543 433.078827
0 1438986622 876.464600 507.516357
0 1438987623 792.411255 457.156982
0 1578521678 915.935730 380.023773
0 2084722944 814.510681 446.816650
0 1578522679 917.351135 418.948608
0 1774531078 935.520630 390.196259
0 1525674169 937.887695 430.028870
0 1768901071 898.410156 495.981171
0 1578526684 877.159912 438.292023
0 1578513667 837.209229 415.854462
0 1438983618 796.868286 414.296936
0 1568502645 858.919128 368.495117
0 1568508652 816.231628 425.401978
0 1438984619 715.640503 411.160889
0 1659977623 857.311951 416.630585
0 1438982617 877.369751 417.404999
0 1771287074 859.512756 350.717407
0 2087111947 855.502075 470.837311
0 1578516671 802.811096 357.150146
0 1568513659 897.518982 428.493500
0 1578529687 877.943481 360.290436
0 1568501644 697.476013 400.277893
0 1438998637 915.274902 361.850739
0 1705773174 980.324341 452.924957
0 1568507651 1015.011536 412.716034
0 1438999638 833.464355 481.753326
0 1438993630 919.744446 484.767334
0 1438995633 999.452026 442.870972
0 1568512658 978.074829 431.557281
0 1568514661 896.992798 388.645264
0 2079485312 857.313477 416.581604
0 1773608077 897.801453 449.884949
0 1438977615 800.920227 375.333252
0 1607644171 737.786621 401.856903
0 1568504647 854.712524 494.483856
0 1568500642 857.648499 406.551971
0 1568503646 822.359680 349.146332
0 1568516663 812.702759 469.314331
0 1578517672 832.084961 506.026123
0 1578527685 719.620056 391.211365
0 2086284946 897.249695 408.103210
0 1578518673 749.847351 455.615356
0 1438981616 960.678284 463.251434
0 1609135173 896.747314 370.057220
0 1568515662 896.512573 352.282043
0 1568516664 973.882935 391.740631
0 1438991628 953.948242 381.574005
0 1438996634 918.110229 439.825317
0 1578519675 711.465942 432.088013
0 1438993631 878.118164 342.900970
0 1772785076 810.800964 492.979279
0 1578528686 877.569885 397.485199
0 1772037075 975.930054 411.185150
0 1578515670 839.422729 376.903473
0 1578515669 674.751160 409.582214
0 0 1059.848267 296.798798
0 1 1007.664551 337.787201
0 2 1092.318726 328.328156
0 3 1002.518555 275.517303
0 4 742.153503 259.257385
0 5 458.719604 394.306061
0 6 781.550049 236.822952
0 7 867.688843 219.032883
0 8 726.364380 318.873322
0 9 490.241150 361.552399
