0 1578512666 885.587952 675.978455
0 1524823287 408.682129 511.513214
0 1707269176 854.684387 790.914612
0 1438989626 752.587891 649.491577
0 1524801259 560.153809 535.035400
0 1438992629 796.341125 682.639160
0 1524854327 533.826660 565.971924
0 1524807266 648.767334 484.796631
0 1524863340 460.525574 486.854980
0 1524831297 605.991821 481.171844
0 1568509654 790.644958 697.542908
0 1524790246 482.274628 488.714447
0 1578523681 718.668213 797.462952
0 1524861337 375.629822 540.595154
0 1524862338 635.635925 501.826172
0 1524797254 563.368408 477.559906
0 1578518674 859.655701 772.425354
0 1438985621 758.511230 781.619080
0 1524857331 421.038055 522.911072
0 1438994632 910.256042 693.165833
0 1578520676 774.033081 665.738464
0 1478237213 1196.958374 986.148621
0 1568511657 906.742920 708.345398
0 1775370079 889.355774 661.964966
0 1568510655 913.637878 678.553284
0 1478257240 1239.858276 1018.649902
0 1578521677 929.661316 743.410339
0 1524794250 423.178558 544.782471
0 1524812272 527.996094 542.944885
0 1769859072 873.390625 721.342590
0 1578525683 829.681946 670.846680
0 1770636073 926.326660 760.585388
0 1524846317 491.122345 480.320038
0 1524833300 536.854980 533.004883
0 1568511656 686.181946 794.296448
0 1438985620 772.155212 745.920410
0 1707993177 984.113953 803.424561
0 1478189152 1236.040894 990.184082
0 1524791247 473.162140 497.360016
0 1524830296 504.063324 490.577271
0 2088218948 802.832764 748.838501
0 1524827292 431.366333 513.480347
0 1606348170 790.484009 784.709412
0 1524855329 614.409668 529.353699
0 1478183145 1194.315430 959.252075
0 1438990627 903.090820 724.125793
0 1524840309 410.381409 532.641724
0 1478222194 1326.717407 1057.404907
0 1709860179 999.891602 672.046021
0 1478188151 1442.428101 1039.796875
0 1438988624 833.588440 751.763977
0 1478243222 1513.138428 1018.795410
0 1524843313 448.278290 476.673492
0 1524844315 584.661194 479.364288
0 1524858333 429.071594 493.573029
0 1524811271 621.701477 519.897217
0 1524859334 419.031403 502.407135
0 1478216186 1243.882568 1048.657837
0 1524851324 412.195923 555.202454
0 1524814275 575.368286 547.094727
0 1578514668 922.851501 778.484009
0 1478184146 1280.107300 1022.851562
0 1524829294 495.268707 499.258759
0 1478176143 1393.621948 1006.454834
0 1524860336 599.124939 549.175842
0 1438997636 784.724487 713.033630
0 1478194158 1314.579956 998.293518
0 1524838306 591.617615 498.062775
0 1568514660 882.424011 813.424561
0 1524865342 582.827942 570.310669
0 2085418945 992.629517 732.516541
0 1524808268 551.658752 545.017761
0 1568501643 891.212463 775.450745
0 1478239216 1270.632202 967.049316
0 1524820283 518.849609 553.207642
0 1438989625 957.397522 763.540894
0 1568505649 828.180969 769.407776
0 1524804262 591.109131 559.571106
0 1568506650 954.573181 781.525269
0 1568505648 960.107483 746.284485
0 1568497640 816.655273 807.013916
0 1578511665 849.494995 810.214905
0 1524796253 561.835022 504.976227
0 1524826291 599.012207 517.939209
0 1578529688 994.551086 716.515686
0 1708834178 864.422424 754.696960
0 1478189153 1452.020142 1070.636353
0 1568499641 857.602661 673.409607
0 1524852325 606.419189 508.805573
0 1478219190 1502.454102 990.734497
0 1578525682 935.941956 711.062256
0 1478232206 1483.342773 1044.068115
0 1524818280 513.601501 530.978271
0 1524850322 620.584045 491.338837
0 1438996635 886.912659 794.029663
0 1524832299 522.537476 521.386658
0 1524789245 457.469879 468.586060
0 1438999639 739.783569 677.412781
0 1478252234 1205.768799 1075.809814
0 1524803261 444.111603 524.921997
0 1578523680 941.752747 681.134033
0 1578530689 761.793762 694.858459
0 1568508653 718.652710 723.490784
0 1524826290 627.360535 482.982635
0 1524847319 547.760376 494.313171
0 1524810270 509.401062 563.809265
0 1524835302 545.439514 523.372681
0 1524821284 438.816284 484.998932
0 1524799257 531.201294 512.087219
0 1478233208 1368.344238 1061.800415
0 1608354172 988.547852 766.503906
0 1524835303 566.974121 557.445740
0 1524812273 583.498047 537.069946
0 1706512175 779.818054 651.974915
0 1438986622 972.163330 669.517151
0 1524823286 451.096466 495.464783
0 1438987623 962.709961 729.712769
0 1524862339 476.864807 517.425964
0 1478236212 1308.968750 970.966125
0 1478240217 1275.247925 994.232361
0 1578521678 748.572205 726.315247
0 1524844314 613.606628 499.942749
0 1524848320 470.918121 548.986572
0 1524806265 553.762207 514.034180
0 1524787243 555.678040 485.814514
0 1478241219 1401.647827 1035.539673
0 1524799256 568.385437 525.362488
0 1478190154 1386.000488 978.836426
0 1478226198 1410.111572 1066.210938
0 1478214184 1199.740601 1014.461792
0 2084722944 932.863831 726.915894
0 1578522679 819.565247 700.233826
0 1524825289 478.574585 470.374512
0 1774531078 755.312988 710.277527
0 1525674169 824.719543 685.261597
0 1524815276 591.375427 527.356201
0 1768901071 944.498108 666.994080
0 1578526684 877.614014 705.635071
0 1524853326 642.297668 493.186920
0 1478218189 1232.414673 963.144653
0 1578513667 868.996948 737.683533
0 1438983618 895.335022 757.637451
0 1478224196 1320.488037 1027.067139
0 1524792248 388.018127 553.061646
0 1524795252 469.681061 478.495117
0 1524808267 490.393188 528.955566
0 1478191155 1433.332886 1010.555176
0 1524856330 542.113525 475.758789
0 1478212181 1354.037720 1002.367676
0 1478185147 1285.230469 1053.023926
0 1568502645 765.476013 763.396179
0 1568508652 899.291199 740.543396
0 1438984619 951.627075 800.284546
0 1659977623 856.246338 728.023621
0 1438982617 843.763000 718.566162
0 1524805264 447.024414 546.882446
0 1771287074 726.622986 778.536926
0 2087111947 938.902710 695.813049
0 1524817279 628.773682 510.725616
0 1524795251 569.668945 496.186279
0 1524847318 454.093842 515.451294
0 1578516671 783.904480 803.821655
0 1568513659 848.554871 702.931274
0 1578529687 734.245178 760.401978
0 1524819282 584.106384 506.889130
0 1478253235 1361.001465 1031.296509
0 1524836304 508.682739 510.143890
0 1568501644 948.551331 819.870117
0 1438998637 711.032959 740.106323
0 1524816278 485.025391 561.650940
0 1705773174 834.463013 656.958679
0 1524845316 499.716614 472.166077
0 1524842312 520.896240 473.960815
0 1568507651 746.304504 663.193176
0 1438999638 967.617065 698.466431
0 1478252233 1202.673096 1044.306274
0 1438993630 916.895630 664.476685
0 1478237214 1524.392700 1048.353516
0 1524857332 386.997284 530.593262
0 1478225197 1463.514771 986.756042
0 1524859335 525.891846 492.443512
0 1524832298 539.604980 503.066864
0 1478200166 1541.515747 994.725464
0 1478245225 1536.264038 1079.532104
0 1438995633 807.109619 654.463989
0 1524804263 467.229950 526.936829
0 1524839308 517.416260 501.161041
0 1524849321 542.887634 555.324585
0 1568512658 801.825500 668.289612
0 1568514661 778.566040 729.146729
0 1773608077 881.676758 690.524841
0 1438977615 822.541626 787.807861
0 1524834301 433.811707 534.694214
0 1607644171 919.226807 797.152954
0 1524800258 512.602173 482.148224
0 1568504647 969.932800 683.720825
0 1568500642 838.778198 734.830811
0 1524815277 460.699371 559.497070
0 1568503646 751.242188 800.638062
0 1524841311 398.009216 520.904053
0 1478213182 1494.070801 1075.076660
0 1524813274 480.810913 538.811401
0 1568516663 965.211304 713.785706
0 1578517672 998.178162 686.313538
0 1578527685 915.442627 816.642883
0 1478215185 1473.171631 1014.668640
0 1524838307 436.422974 557.347534
0 1524819281 534.120728 483.979736
0 2086284946 814.207703 715.796509
0 1524824288 606.887878 539.108459
0 1524802260 363.889435 550.925232
0 1578518673 990.630127 749.165894
0 1438981616 861.878357 659.458984
0 1478238215 1424.697021 982.790100
0 1609135173 741.555359 743.009705
0 1524837305 399.380402 542.686707
0 1524793249 504.380219 540.876099
0 1568515662 703.095154 757.415588
0 1568516664 733.011292 692.180298
0 1438991628 725.973022 707.528015
0 1478249230 1347.424561 974.895142
0 1438996634 853.164734 687.890137
0 1578519675 986.377686 784.574402
0 1524829295 441.381073 504.335876
0 1524864341 457.288116 536.750793
0 1478255238 1565.578369 1052.653076
0 1438993631 694.818848 775.462891
0 1524788244 494.859802 551.095032
0 1772785076 996.399292 701.126099
0 1524828293 576.365845 515.984863
0 1524798255 577.274292 487.652649
0 1578528686 808.634583 731.985229
0 1772037075 768.029236 680.022888
0 1578515670 796.787781 766.398071
0 1524851323 499.679321 519.404419
0 1478246226 1553.233887 1022.935364
0 1524809269 463.772766 506.268250
0 1524822285 598.909607 489.494049
0 1524841310 558.302185 568.139099
0 1578515669 981.750427 823.106079
0 1524854328 486.206635 508.204224
0 1 1182.418457 471.238953
0 6 1195.473267 549.924683
0 7 1104.210571 481.548859
0 10 1142.073853 520.731262
0 11 0.000000 0.000000
0 13 1187.075439 516.184875
0 14 240.169373 552.840027
0 19 0.000000 0.000000
0 23 758.503662 597.407166
0 25 403.878418 866.490173
0 26 889.163269 609.075989
0 27 823.910828 592.185425
0 28 480.780029 834.974243
0 29 663.231323 592.673706
0 31 460.230835 912.246338
0 33 829.520447 565.917480
0 43 88.827148 636.752686
0 53 1030.734741 466.473907
0 114 281.113922 405.821899
0 131 306.968384 453.099548
0 148 519.381104 388.887238
0 151 1273.474854 464.838959
0 153 1511.269531 504.688721
0 154 51.937386 281.917053
0 155 99.102570 295.373383
0 156 145.551529 299.162781
0 159 218.802231 315.917938
0 160 184.844955 308.402283
0 161 316.698151 324.553864
0 163 400.070343 330.646759
0 164 263.133545 320.083923
0 166 448.308044 404.344757
0 167 496.110291 403.641815
0 168 461.969757 388.889893
0 169 376.227173 341.223297
0 171 0.000000 0.000000
0 173 0.000000 0.000000
0 174 176.854782 323.915558
0 176 131.729446 313.399689
0 177 0.000000 0.000000
