0 1578512666 989.798218 456.628967
0 1524823287 798.058655 334.979492
0 1478234209 895.835815 720.513062
0 1707269176 894.184631 507.908997
0 1438989626 920.773499 430.654327
0 1524801259 873.750488 356.808441
0 1438992629 926.899963 451.098816
0 1478227200 1041.493408 755.119873
0 1524854327 838.963440 371.023560
0 1478249229 1143.093262 771.156006
0 1524807266 964.060791 335.264832
0 1524863340 842.941406 324.995667
0 1524831297 938.038208 330.538391
0 1478229202 1059.671997 739.986023
0 1568509654 913.657532 457.773438
0 1524790246 854.929199 327.251099
0 1578523681 811.193970 496.321167
0 1478207175 1078.436768 792.853882
0 1524861337 763.297485 347.820343
0 1478210178 955.981812 792.306580
0 1524862338 943.531860 343.921143
0 1478186149 995.952087 760.175964
0 1524797254 912.710938 325.938202
0 1578518674 908.803162 500.068665
0 1438985621 842.869934 493.452972
0 1524857331 798.597717 341.601257
0 1478203170 983.102661 803.730774
0 1438994632 994.359070 467.739410
0 1578520676 923.778381 440.681885
0 1478237213 982.232178 635.745972
0 1568511657 981.398499 474.843475
0 1775370079 1002.274902 449.937378
0 1478195160 831.005188 739.662109
0 1568510655 1007.033508 460.792145
0 1478257240 988.077026 655.250488
0 1578521677 972.450134 494.247437
0 1524794250 787.413818 352.887543
0 1524812272 849.359802 358.780884
0 1769859072 950.674744 477.611908
0 1578525683 956.219116 448.517975
0 1770636073 958.650330 501.982483
0 1524846317 865.533264 323.224609
0 1524833300 860.781494 354.184174
0 1568511656 794.968506 491.642090
0 1438985620 872.141296 478.699158
0 1478185148 854.677246 749.633606
0 1707993177 967.333862 528.516052
0 1478189152 1004.911621 643.339661
0 1524791247 844.147644 331.344971
0 1524830296 867.077698 329.536774
0 2088218948 888.812561 483.186096
0 1524827292 809.964844 337.344574
0 1606348170 859.655884 498.181763
0 1524855329 911.361755 357.486084
0 1478183145 998.718933 624.417053
0 1438990627 968.142029 482.109680
0 1524840309 787.035034 345.931213
0 1478222194 1018.327209 684.332764
0 1709860179 1072.751465 466.611938
0 1478188151 1110.777222 697.440430
0 1438988624 905.790344 487.755554
0 1478243222 1179.839722 701.910278
0 1524843313 841.770508 318.832245
0 1524844315 925.289429 328.222778
0 1524858333 820.275635 326.772491
0 1524811271 922.275146 352.884308
0 1524859334 809.259705 330.841827
0 1478216186 970.736816 667.519104
0 1524851324 775.466980 357.423859
0 1524814275 875.554504 364.181519
0 1578514668 944.521240 509.902069
0 1478184146 1011.438477 663.283203
0 1524829294 856.325623 333.677582
0 1478176143 1101.192627 675.577087
0 1524860336 888.938782 366.941010
0 1478222193 1104.108154 735.095276
0 1438997636 900.123535 464.595093
0 1478194158 1051.899536 659.072449
0 1478201168 1050.178589 781.658813
0 1478187150 899.773804 744.712402
0 1478205172 1022.694275 770.770386
0 1524838306 917.345093 338.994263
0 1568514660 897.046387 521.079285
0 1524865342 865.684143 376.746613
0 2085418945 1022.516907 496.111053
0 1524808268 862.362915 361.461792
0 1478200167 989.091309 734.965271
0 1478194159 1068.766846 765.609619
0 1568501643 926.492920 504.938782
0 1478239216 1044.331665 639.296631
0 1524820283 837.732666 363.460266
0 1438989625 976.943115 506.905853
0 1568505649 891.442444 495.289185
0 1478255237 852.029114 725.215454
0 1524804262 877.418274 371.798737
0 1568506650 962.897888 514.961304
0 1478217187 911.243408 684.526184
0 1568505648 990.658020 499.039948
0 1568497640 861.724426 510.893127
0 1578511665 879.215637 515.937256
0 1478258241 944.577515 739.822998
0 1524796253 893.867798 340.868500
0 1478206173 1096.794678 776.389526
0 1524826291 909.008972 350.296875
0 1578529688 1035.512573 488.479645
0 1478233207 903.952332 770.390015
0 1708834178 923.083374 492.409821
0 1478189153 1094.286499 711.169067
0 1568499641 972.862610 452.538177
0 1478245224 878.984375 759.872620
0 1524852325 919.771301 345.830139
0 1478219190 1194.891235 688.411255
0 1578525682 999.106995 479.305847
0 1478232206 1137.197998 706.525085
0 1524818280 847.994934 351.596802
0 1524850322 940.742554 337.126373
0 1438996635 911.945740 512.912537
0 1524832299 859.249695 347.134521
0 1478242220 950.106079 765.265930
0 1524789245 852.258057 314.958160
0 1438999639 894.889221 443.202484
0 1478196161 939.366333 715.840332
0 1478252234 929.792480 671.780151
0 1524803261 810.691895 344.048523
0 1478211179 1176.319336 740.151245
0 1578523680 1024.576660 465.029663
0 1578530689 897.455444 453.690735
0 1568508653 853.939575 463.054108
0 1524826290 950.960815 332.885498
0 1524847319 891.869873 334.201263
0 1524810270 825.894653 368.224487
0 1524835302 872.003357 349.667908
0 1524821284 831.111145 322.769836
0 1524799257 870.310486 342.749146
0 1478233208 1043.014282 693.054626
0 1608354172 995.588501 511.924133
0 1524835303 863.996277 368.978607
0 1478251232 872.389893 711.224487
0 1524812273 886.905762 359.470428
0 1706512175 936.526917 434.381561
0 1438986622 1054.661255 462.331879
0 1478211180 1014.944458 744.908752
0 1524823286 832.132019 329.043518
0 1478223195 952.867981 680.161682
0 1478244223 1007.643677 720.545837
0 1438987623 1004.053894 491.356873
0 1478193157 1051.102661 715.842529
0 1478198164 924.603516 754.851746
0 1524862339 834.268433 342.172211
0 1478236212 1067.945068 646.999634
0 1478240217 1028.127686 651.112976
0 1478214183 1003.242188 786.964417
0 1578521678 869.970764 467.273682
0 1524844314 930.347595 341.440613
0 1524848320 812.215637 358.098755
0 1524806265 883.030396 345.230042
0 1524787243 902.377991 330.035004
0 1478241219 1085.014526 688.582092
0 1524799256 884.937317 352.237152
0 1478190154 1116.883301 662.963989
0 1478226198 1068.326172 701.997253
0 1478208176 1114.530029 760.483521
0 1478214184 965.263367 647.406128
0 2084722944 985.932068 486.690582
0 1578522679 930.145142 461.928162
0 1524825289 864.033936 317.097015
0 1774531078 883.863098 460.408081
0 1525674169 943.323792 455.150177
0 1478197162 1088.738281 821.877319
0 1524815276 898.055481 354.842926
0 1768901071 1036.890747 458.127411
0 1578526684 964.007629 470.461151
0 1478182144 976.309204 775.966125
0 1524853326 953.884888 339.555634
0 1478218189 1021.262512 631.771057
0 1578513667 937.036865 484.926208
0 1438983618 940.700256 497.151337
0 1478224196 1035.367676 671.511230
0 1478247227 1011.003235 815.483459
0 1524792248 763.302551 354.818512
0 1524795252 853.573975 321.014038
0 1524808267 835.386963 349.045593
0 1478191155 1126.757202 684.136841
0 1524856330 900.299438 323.683868
0 1478236211 892.118286 697.668030
0 1478258242 1069.282349 840.032654
0 1478212181 1076.247437 667.224792
0 1478185147 994.242004 675.823425
0 1568502645 857.672241 485.992035
0 1568508652 954.579590 489.543701
0 1438984619 948.510071 523.213135
0 1659977623 935.261169 479.000732
0 1478209177 929.608582 781.197266
0 1438982617 933.521423 473.194946
0 1524805264 799.727234 355.474762
0 1771287074 826.391235 488.810669
0 2087111947 1011.985229 472.087402
0 1524817279 932.996887 348.363373
0 1524795251 904.520386 336.581360
0 1478230204 1025.608887 706.582703
0 1478230203 1059.423096 809.906250
0 1524847318 822.033691 339.741913
0 1578516671 844.563171 505.944153
0 1568513659 946.925781 466.156708
0 1578529687 841.245605 481.469666
0 1524819282 906.729614 343.332092
0 1478253235 1059.885742 679.941589
0 1524836304 857.765137 340.302307
0 1478243221 1030.935913 798.273376
0 1568501644 933.767090 531.668762
0 1438998637 839.685913 469.963989
0 1524816278 813.014587 365.465851
0 1705773174 968.840088 442.026794
0 1524845316 875.964172 319.263855
0 1524842312 888.051575 321.459320
0 1568507651 907.966980 436.862671
0 1438999638 1029.932617 476.514587
0 1478252233 947.791016 659.412354
0 1438993630 1019.431335 453.996552
0 1478237214 1164.302612 715.844849
0 1524857332 775.082458 343.466919
0 1478248228 1000.754150 697.554932
0 1478225197 1168.244873 679.718811
0 1524859335 879.390137 331.853271
0 1524832298 881.182251 338.438690
0 1478200166 1222.214111 697.324341
0 1478250231 915.444458 706.639587
0 1478245225 1148.255737 730.236450
0 1438995633 952.546875 438.171844
0 1524804263 822.953796 346.529724
0 1524839308 868.669373 336.041962
0 1524849321 850.769104 366.199402
0 1568512658 939.860107 444.566467
0 1568514661 886.288147 471.568634
0 1478231205 875.590698 734.836975
0 1773608077 977.045532 463.468567
0 1438977615 876.757812 502.999603
0 1524834301 799.153625 348.429779
0 1607644171 930.050842 518.013000
0 1524800258 877.651550 325.464569
0 1568504647 1042.435913 469.343567
0 1568500642 919.813049 480.392731
0 1478256239 982.623169 711.196960
0 1524815277 800.319275 362.746735
0 1568503646 827.722656 501.087708
0 1478220191 1131.673950 745.107788
0 1478207174 969.922607 749.863892
0 1524841311 786.667847 339.187286
0 1478213182 1120.920898 720.578979
0 1524813274 823.903076 353.532410
0 1568516663 1017.141968 483.850464
0 1578517672 1060.619873 473.735901
0 1578527685 915.226746 526.322144
0 1478240218 958.231689 702.083130
0 1478215185 1152.964844 692.911804
0 1524838307 787.804626 360.066345
0 1478197163 963.907227 725.279114
0 1478221192 934.445862 693.195679
0 1524819281 889.932007 327.734528
0 2086284946 916.673706 468.856720
0 1524824288 900.251343 362.170898
0 1524802260 751.307617 352.249390
0 1478226199 1033.318115 730.138916
0 1578518673 1009.212585 503.923706
0 1438981616 985.413696 445.948059
0 1478238215 1142.250000 671.238953
0 1609135173 855.768433 474.292480
0 1524837305 775.271729 350.336304
0 1524793249 836.541138 356.138062
0 1568515662 825.113464 477.028412
0 1568516664 881.531494 449.678040
0 1438991628 867.884766 456.293701
0 1478249230 1092.122192 654.886536
0 1438996634 960.036377 459.272827
0 1578519675 981.633118 520.119202
0 1524829295 821.141418 333.159241
0 1524864341 811.441772 350.963226
0 1478255238 1192.117676 725.408936
0 1438993631 810.211426 484.252625
0 1524788244 824.882874 360.760315
0 1772785076 1048.210205 481.023254
0 1524828293 895.928650 347.745697
0 1478203171 1159.986938 755.391724
0 1524798255 914.992676 332.366730
0 1478199165 1077.260254 725.343628
0 1578528686 902.899597 475.940918
0 1478192156 1086.733032 750.097290
0 1478228201 919.890381 730.042725
0 1772037075 910.757507 447.116852
0 1578515670 874.401733 490.597778
0 1524851323 846.672668 344.636200
0 1478218188 1125.608643 787.471802
0 1478202169 976.514771 688.750671
0 1478254236 1107.501587 804.368408
0 1478246226 1207.407837 711.140808
0 1524809269 833.184021 335.507996
0 1524822285 927.779724 334.730316
0 1524841310 852.225220 373.863953
0 1478235210 1039.717773 827.579041
0 1578515669 952.678162 537.122314
0 1524854328 845.390808 337.888824
0 0 540.332764 428.803284
0 1 1080.043579 551.197998
0 2 814.639526 363.270416
0 3 683.528809 366.384613
0 4 563.677063 460.774048
0 5 1228.542847 713.461670
0 6 734.955444 349.424927
0 7 498.402435 555.326904
0 8 548.569824 566.743774
0 9 1359.490601 390.639893
0 10 449.065826 538.809875
0 11 1551.195190 473.567383
0 12 924.161621 301.293945
0 13 1368.855103 612.278809
0 14 970.734924 314.701904
0 15 625.582458 635.646484
0 16 974.524292 659.826782
0 17 1069.196777 330.990570
0 18 1061.721802 670.408203
0 19 983.986328 373.076172
0 20 1334.429688 375.038940
0 21 549.322693 446.715454
0 22 1135.516602 343.263702
0 23 848.333374 310.098114
0 24 1078.648926 319.335876
0 25 1075.873291 388.778412
0 26 1029.186401 381.151733
0 27 1409.160889 401.223877
0 28 1542.147217 500.959259
0 29 1138.118774 386.041351
0 30 408.305511 523.641479
0 31 1296.596680 684.486389
0 32 362.242798 550.829041
0 33 1128.467407 403.942291
0 34 568.275635 616.432190
0 35 1509.956177 433.308716
0 36 1009.561707 540.478271
0 37 510.103973 600.930969
0 38 1066.850342 614.437378
0 39 455.315277 581.785706
