0 1578512666 902.293457 509.438416
0 1524823287 385.328033 1024.999268
0 1478234209 1385.623413 408.747589
0 1707269176 1102.517090 524.451904
0 1438989626 865.097290 589.710876
0 1524801259 523.911560 793.874878
0 1438992629 929.479675 559.345520
0 1478227200 1334.902100 356.091461
0 1524854327 644.136414 801.593750
0 1478249229 1299.230713 327.072510
0 1524807266 312.310272 725.741577
0 1524863340 258.805206 977.670654
0 1524831297 280.435608 778.242798
0 1478229202 1313.104736 354.313477
0 1568509654 959.807739 561.568848
0 1524790246 278.420929 940.775269
0 1578523681 1143.855347 592.103149
0 1478207175 1346.155518 339.399139
0 1524861337 531.156616 1033.161621
0 1478210178 1406.153931 371.058228
0 1524862338 390.015869 730.875610
0 1478186149 1362.138306 367.482178
0 1524797254 245.258133 836.183960
0 1578518674 1074.085327 522.320007
0 1438985621 1110.488525 572.615356
0 1524857331 449.133362 988.585205
0 1478203170 1400.092896 361.409119
0 1438994632 931.562256 496.786682
0 1578520676 897.937012 574.222290
0 1478237213 1249.323120 408.494080
0 1568511657 959.780945 498.917267
0 1775370079 873.459656 507.276367
0 1478195160 1439.145386 423.579437
0 1568510655 903.287720 494.651886
0 1478257240 1268.597534 399.403473
0 1578521677 1015.086731 488.795410
0 1524794250 554.911072 956.990112
0 1524812272 554.214600 824.868774
0 1769859072 988.447754 515.898560
0 1578525683 900.195251 540.640686
0 1770636073 1042.662476 490.891266
0 1524846317 231.825638 938.042664
0 1524833300 513.008606 822.264404
0 1568511656 1147.408447 610.061829
0 1438985620 1050.407349 568.210754
0 1478185148 1432.162964 412.463623
0 1707993177 1093.111206 467.621063
0 1478189152 1245.075562 397.525299
0 1524791247 324.868317 943.499207
0 1524830296 296.968201 905.889587
0 2088218948 1048.745117 551.616821
0 1524827292 401.783630 985.869934
0 1606348170 1107.734497 555.975525
0 1524855329 505.802643 738.525635
0 1478183145 1225.414917 406.594055
0 1438990627 987.944092 501.043640
0 1524840309 496.329468 991.291748
0 1478222194 1282.625122 380.205017
0 1709860179 879.152710 451.155609
0 1478188151 1247.509766 348.962891
0 1438988624 1047.142578 535.618347
0 1478243222 1218.503174 328.906799
0 1524843313 188.593933 1013.987732
0 1524844315 263.290985 806.481873
0 1524858333 287.291687 1019.512085
0 1524811271 467.309387 735.982361
0 1524859334 336.392151 1022.260315
0 1478216186 1292.080444 401.278503
0 1524851324 600.485657 959.662842
0 1524814275 573.509766 769.394165
0 1578514668 1070.184937 492.983063
0 1478184146 1264.136597 388.733124
0 1524829294 342.123901 908.593323
0 1478176143 1229.260864 356.686646
0 1524860336 582.484253 743.591980
0 1478222193 1286.814453 343.225372
0 1438997636 990.071533 563.787476
0 1478194158 1236.942993 376.524628
0 1478201168 1351.340210 348.509125
0 1478187150 1402.458740 399.828156
0 1478205172 1356.665894 357.866760
0 1524838306 362.046906 783.482544
0 1568514660 1127.931152 511.613007
0 1524865342 658.761902 748.631592
0 2085418945 986.532654 459.419220
0 1524808268 564.097473 796.454956
0 1478200167 1345.400024 375.556824
0 1478194159 1329.864380 346.750549
0 1568501643 1072.101440 507.397736
0 1478239216 1217.726440 385.010498
0 1524820283 595.303833 827.465637
0 1438989625 1041.269043 476.980530
0 1568505649 1076.140381 537.777100
0 1478255237 1415.556885 421.704834
0 1524804262 620.673401 746.115112
0 1568506650 1068.332642 479.050537
0 1478217187 1344.553589 416.062134
0 1568505648 1014.153992 474.906525
0 1568497640 1133.959106 542.081482
0 1578511665 1130.892212 526.579529
0 1478258241 1373.548218 387.530334
0 1524796253 388.684540 814.406921
0 1478206173 1324.960083 337.656982
0 1524826291 455.544983 761.707703
0 1578529688 959.763184 457.359100
0 1478233207 1418.790527 391.175323
0 1708834178 1045.596558 520.183777
0 1478189153 1269.408569 350.749176
0 1568499641 901.263245 524.758240
0 1478245224 1425.380859 401.666779
0 1524852325 416.009613 759.131592
0 1478219190 1197.115234 327.148865
0 1578525682 959.774841 484.591492
0 1478232206 1243.632812 339.689392
0 1524818280 501.545685 852.112000
0 1524850322 336.615540 753.958374
0 1438996635 1100.043701 509.507446
0 1524832299 459.142914 849.476685
0 1478242220 1390.091553 379.172791
0 1524789245 138.994827 1011.211609
0 1438999639 928.317139 594.268250
0 1478196161 1356.501831 396.141876
0 1478252234 1320.806274 414.174896
0 1524803261 463.330078 951.619263
0 1478211179 1257.230469 323.607727
0 1578523680 904.248047 480.371277
0 1578530689 959.815063 578.721558
0 1568508653 1022.626099 601.066711
0 1524826290 296.755981 751.361206
0 1524847319 331.188477 841.524475
0 1524810270 636.276794 830.055237
0 1524835302 471.685211 819.652710
0 1524821284 238.025925 1016.754517
0 1524799257 416.616150 846.833740
0 1478233208 1278.096069 370.111237
0 1608354172 1039.921509 463.527832
0 1524835303 612.619080 771.942505
0 1478251232 1391.928955 419.827087
0 1524812273 534.294678 766.838928
0 1706512175 866.897461 571.965454
0 1438986622 877.801331 464.477203
0 1478211180 1340.078613 365.689972
0 1524823286 306.620300 980.412720
0 1478223195 1315.524292 403.150421
0 1478244223 1323.000977 373.744507
0 1438987623 986.987366 472.828613
0 1478193157 1295.855835 362.097076
0 1478198164 1396.187500 389.354279
0 1524862339 432.018280 913.975769
0 1478236212 1214.046631 374.679962
0 1478240217 1240.950562 386.873322
0 1478214183 1378.396118 359.639282
0 1578521678 1021.426392 583.201233
0 1524844314 376.366638 756.548523
0 1524848320 576.168823 888.824524
0 1524806265 430.244049 817.033569
0 1524787243 288.286377 838.858154
0 1478241219 1251.493896 358.492950
0 1524799256 483.613983 791.287598
0 1478190154 1206.992676 354.877472
0 1478226198 1273.692261 360.296448
0 1478208176 1303.732788 335.912201
0 1478214184 1273.191040 410.390900
0 2084722944 987.457581 486.695496
0 1578522679 959.800720 545.044861
0 1524825289 162.704239 972.159607
0 1774531078 990.653931 580.963806
0 1525674169 930.028992 542.845093
0 1478197162 1361.997437 332.250366
0 1524815276 494.973175 764.276794
0 1768901071 876.403687 478.255005
0 1578526684 959.787292 513.749512
0 1478182144 1384.163330 369.271606
0 1524853326 351.214813 728.312012
0 1478218189 1221.514282 395.644012
0 1578513667 1017.050720 518.043335
0 1438983618 1044.104126 505.283844
0 1478224196 1259.802490 378.366302
0 1478247227 1394.193970 352.018280
0 1524792248 590.263733 996.678467
0 1524795252 210.833405 974.919678
0 1524808267 489.478577 883.532776
0 1478191155 1225.577026 347.173859
0 1524856330 226.266190 867.465881
0 1478236211 1368.261230 417.946198
0 1478258242 1382.857666 333.971252
0 1478212181 1233.047974 366.466400
0 1478185147 1287.284546 390.589874
0 1568502645 1080.479614 570.415344
0 1568508652 1016.051697 503.165863
0 1438984619 1095.344849 481.116638
0 1659977623 1003.142273 524.603149
0 1478209177 1412.384155 380.976501
0 1438982617 988.969604 531.287598
0 1524805264 565.826721 921.987610
0 1771287074 1113.346802 589.884827
0 2087111947 932.038391 482.483459
0 1524817279 428.713959 733.432373
0 1524795251 347.006165 811.772827
0 1478230204 1300.566406 371.929321
0 1478230203 1367.319092 341.138641
0 1524847318 417.322205 948.921143
0 1578516671 1137.137695 558.148071
0 1568513659 959.793884 529.115601
0 1578529687 1082.772583 587.661804
0 1524819282 402.682159 786.091492
0 1478253235 1255.589966 368.290283
0 1524836304 402.267853 878.209351
0 1478243221 1372.783447 350.265076
0 1568501644 1122.305664 483.178833
0 1438998637 1053.924438 603.322876
0 1524816278 628.015259 859.971985
0 1705773174 870.299194 538.431702
0 1524845316 185.081726 935.301392
0 1524842312 206.236511 900.457031
0 1568507651 896.742065 591.992065
0 1438999638 932.498535 468.660889
0 1478252233 1297.018677 412.284485
0 1438993630 874.957275 492.512909
0 1478237214 1239.858765 330.662140
0 1524857332 482.709442 1030.449951
0 1478248228 1305.410767 382.040771
0 1478225197 1200.318970 336.142578
0 1524859335 314.531952 872.853760
0 1524832298 373.964844 844.182983
0 1478200166 1193.995728 318.391205
0 1478250231 1362.295776 406.884979
0 1478245225 1261.182129 332.414795
0 1438995633 868.630127 554.884583
0 1524804263 476.758209 916.654541
0 1524839308 358.465820 875.535583
0 1524849321 604.172302 799.027893
0 1568512658 899.087280 557.117432
0 1568514661 1020.271362 566.001465
0 1478231205 1408.912354 410.607147
0 1773608077 931.069214 511.596161
0 1438977615 1105.079102 539.931458
0 1524834301 509.192780 954.308960
0 1607644171 1097.654297 495.070862
0 1524800258 251.672638 903.177490
0 1568504647 905.176025 466.571045
0 1568500642 1018.085754 533.455200
0 1478256239 1328.159912 383.873566
0 1524815277 619.320251 891.458496
0 1568503646 1140.434326 574.810669
0 1478220191 1282.473389 334.164795
0 1478207174 1367.763550 377.366241
0 1524841311 434.100220 1027.729126
0 1478213182 1265.239990 341.458710
0 1524813274 532.888489 886.182617
0 1568516663 959.768860 470.746735
0 1578517672 906.073303 453.227325
0 1578527685 1125.070679 497.154572
0 1478240218 1333.467163 394.294220
0 1478215185 1221.992432 337.917328
0 1524838307 610.156616 924.641846
0 1478197163 1350.872314 385.703430
0 1478221192 1338.929443 405.019257
0 1524819281 270.465637 870.163879
0 2086284946 989.510437 547.240112
0 1524824288 544.194214 741.062134
0 1524802260 579.442566 1035.864258
0 1478226199 1317.984619 363.894928
0 1578518673 1013.252075 461.475403
0 1438981616 871.907959 522.572815
0 1478238215 1203.610229 345.382019
0 1609135173 1052.132446 585.433960
0 1524837305 543.372620 993.989502
0 1524793249 543.824951 854.739624
0 1568515662 1085.154053 605.574158
0 1568516664 959.822693 596.539429
0 1438991628 991.258850 598.805542
0 1478249230 1210.470093 364.639618
0 1438996634 930.558472 526.939148
0 1578519675 1066.541138 465.576355
0 1524829295 354.279541 983.145691
0 1524864341 521.360840 919.325195
0 1478255238 1236.183594 321.871490
0 1438993631 1116.315308 607.820435
0 1524788244 585.981262 857.359619
0 1772785076 932.943481 455.295166
0 1524828293 443.204315 788.693176
0 1478203171 1278.246216 325.341400
0 1524798255 305.208527 809.131165
0 1478199165 1291.273438 352.532715
0 1578528686 1019.158508 549.430725
0 1478192156 1308.355835 344.989288
0 1478228201 1379.499023 397.986542
0 1772037075 928.909485 576.474304
0 1578515670 1078.270386 553.798401
0 1524851323 445.938568 880.875000
0 1478218188 1320.183960 328.801025
0 1478202169 1310.394775 392.443573
0 1478254236 1341.106201 330.526978
0 1478246226 1215.105347 320.132629
0 1524809269 371.168549 946.214478
0 1524822285 321.298218 780.866333
0 1524841310 651.622803 774.483887
0 1478235210 1388.451050 342.875580
0 1578515669 1119.631592 469.661987
0 1524854328 387.140350 911.288696
0 0 391.132294 574.352722
0 1 1729.340210 888.570496
0 2 1230.824951 395.585663
0 3 431.317261 442.965210
0 4 916.826904 362.601715
0 5 617.926147 869.319214
0 6 657.307312 249.235977
0 7 761.694702 350.570435
0 8 687.601868 577.283203
0 9 1259.227173 275.581024
0 10 859.441467 362.164948
0 11 1262.123657 939.617920
0 12 797.990967 219.558884
0 13 273.918365 701.294922
0 14 932.875122 232.566956
0 15 667.791870 461.870911
0 16 353.030823 637.481079
0 17 1200.086914 266.882355
0 18 1664.366455 924.806274
0 19 1697.439453 768.187988
0 20 1301.807007 293.725311
0 21 1372.424683 377.813782
0 22 1319.913574 361.265350
0 23 733.534790 210.808319
0 24 1339.039673 900.611450
0 25 1648.502563 817.962646
0 26 1638.727783 570.959778
0 27 1146.609985 886.316406
0 28 1377.442627 417.841888
0 29 1601.868652 587.092896
0 30 1074.607788 379.510590
0 31 301.359711 752.186096
0 32 854.499817 334.594818
0 33 1402.561279 810.057190
0 34 676.088135 418.922821
0 35 511.405396 820.659851
0 36 1018.829834 348.880493
0 37 916.532715 338.036560
0 38 1318.107910 333.479126
0 39 695.031494 346.192078
