0 1578512666 993.768311 518.524475
0 1707269176 1007.675720 744.834229
0 1438989626 799.951965 500.066406
0 1438992629 875.491455 552.389954
0 1568509654 874.824036 582.049622
0 1578523681 823.588684 791.481384
0 1578518674 1005.419861 708.125000
0 1438985621 871.024902 750.880920
0 1438994632 1035.563477 545.093872
0 1578520676 836.961609 525.701660
0 1568511657 1038.210693 574.634949
0 1775370079 992.091431 491.236755
0 1568510655 1033.021484 516.727844
0 1578521677 1086.520752 635.628357
0 1769859072 999.224487 607.311401
0 1578525683 915.323669 522.114929
0 1770636073 1090.469849 669.135742
0 1568511656 777.049011 793.528687
0 1438985620 872.645081 678.879456
0 1707993177 1190.267456 736.754761
0 2088218948 916.159180 676.932983
0 1606348170 916.547363 748.866577
0 1438990627 1040.969971 605.425598
0 1709860179 1146.160278 484.156616
0 1438988624 959.698608 674.985413
0 1578514668 1094.597412 704.156982
0 1438997636 874.128418 612.962463
0 1568514660 1056.723755 781.225708
0 2085418945 1166.346558 599.761841
0 1568501643 1049.995361 706.141602
0 1438989625 1134.111328 667.183594
0 1568505649 960.871033 710.107239
0 1568506650 1139.226318 702.171204
0 1568505648 1129.217651 633.708801
0 1568497640 963.382202 785.331787
0 1578511665 1010.038391 783.279419
0 1578529688 1160.986206 569.063232
0 1708834178 1003.263611 673.036621
0 1568499641 954.535645 520.320190
0 1578525682 1079.113403 572.778748
0 1438996635 1053.281860 742.816284
0 1438999639 795.584167 556.032104
0 1578523680 1072.295532 514.930237
0 1578530689 834.033264 583.900696
0 1568508653 788.325928 649.034424
0 1608354172 1177.778320 665.230286
0 1706512175 838.340210 498.302277
0 1438986622 1107.613281 485.928009
0 1438987623 1124.530884 601.650818
0 1578521678 830.852173 647.122559
0 2084722944 1082.738770 603.538757
0 1578522679 915.637146 580.197449
0 1774531078 832.476318 614.843994
0 1525674169 915.477234 550.567383
0 1768901071 1069.085938 487.698486
0 1578526684 997.330505 576.490112
0 1578513667 1001.200439 639.464172
0 1438983618 1046.854004 671.086792
0 1568502645 871.853271 714.068115
0 1568508652 1043.848511 637.546814
0 1438984619 1144.577637 738.776550
0 1659977623 979.114929 624.166321
0 1438982617 957.502502 609.196106
0 1771287074 825.530212 752.893982
0 2087111947 1075.635254 543.267395
0 1578516671 916.755188 787.382935
0 1568513659 956.472595 578.344299
0 1578529687 827.384216 716.046814
0 1568501644 1150.182373 777.114380
0 1438998637 785.693176 682.768921
0 1705773174 915.176147 494.771362
0 1568507651 797.811462 527.493591
0 1438999638 1115.728516 541.439941
0 1438993630 1030.578857 489.468079
0 1438995633 876.748291 496.537262
0 1568512658 876.132324 523.908752
0 1568514661 873.402710 645.209595
0 2079485312 979.112549 624.111511
0 1773608077 995.513184 546.919312
0 1438977615 962.097595 746.851013
0 1607644171 1098.915771 740.796997
0 1568504647 1111.590210 513.131714
0 1568500642 958.576843 641.380432
0 1568503646 870.157349 789.432800
0 1568516663 1120.038574 570.921509
0 1578517672 1150.905518 511.332184
0 1578527685 1103.438477 779.170654
0 2086284946 915.803772 611.079773
0 1578518673 1171.938843 631.788208
0 1438981616 953.623779 493.004517
0 1609135173 829.156433 680.824707
0 1568515662 782.941711 718.024292
0 1568516664 793.264832 585.750793
0 1438991628 790.847534 616.724548
0 1438996634 955.484497 548.743835
0 1578519675 1183.881714 700.184204
0 1438993631 780.063293 754.905823
0 1772785076 1155.843384 539.611511
0 1578528686 915.977600 643.295532
0 1772037075 835.527100 554.211487
0 1578515670 916.348877 712.088257
0 1578515669 1196.955566 775.056824
0 0 1082.113525 413.822266
0 1 1145.988892 448.547394
0 2 1142.767212 370.871826
0 3 1015.408997 464.363922
0 4 1404.864380 656.940674
0 5 1595.271118 815.273499
0 6 1381.338013 839.565186
0 7 1527.440186 895.852295
0 8 553.647217 1033.411011
0 9 955.760132 785.603577
