0 1578512666 901.347290 313.950714
0 1524823287 1066.497559 10.936678
0 1478234209 101.399017 624.651489
0 1707269176 671.130432 323.296906
0 1438989626 912.170715 226.713104
0 1524801259 1079.056274 85.867744
0 1438992629 859.060486 261.580566
0 1478227200 85.006897 799.812195
0 1524854327 1004.850403 86.991028
0 1478249229 95.758118 924.127075
0 1524807266 1238.554810 107.128075
0 1524863340 1139.040649 20.307816
0 1524831297 1223.755005 83.677406
0 1478229202 137.252075 795.245056
0 1568509654 828.162659 262.647064
0 1524790246 1144.840332 30.348476
0 1578523681 638.455994 251.895569
0 1478207175 -0.582928 889.564026
0 1524861337 998.572449 11.377555
0 1524862338 1189.695801 108.003510
0 1478186149 47.380764 764.971619
0 1524797254 1209.688599 61.388710
0 1578518674 704.748901 321.932068
0 1438985621 670.396606 268.092621
0 1524857331 1048.624634 20.997940
0 1438994632 872.775940 334.357239
0 1578520676 886.117859 243.817093
0 1478237213 380.632324 575.673767
0 1568511657 839.834351 335.765991
0 1775370079 933.286255 312.654083
0 1478195160 20.955446 599.507202
0 1568510655 905.474915 332.958893
0 1478257240 330.225800 608.766235
0 1578521677 775.248962 358.670868
0 1524794250 1006.930603 31.562681
0 1524812272 1049.365479 74.702065
0 1769859072 804.127563 317.897583
0 1578525683 893.488708 277.760742
0 1770636073 740.983704 360.213043
0 1524846317 1167.403564 30.149853
0 1524833300 1073.661011 74.366730
0 1568511656 638.731201 235.129761
0 1438985620 734.167542 265.891449
0 1478185148 6.726336 631.223694
0 1707993177 672.233582 406.285614
0 1478189152 374.695374 605.679138
0 1524791247 1122.158203 30.548201
0 1524830296 1150.781006 40.633190
0 2088218948 735.441895 283.525818
0 1524827292 1071.406006 20.824074
0 1606348170 670.633179 285.889832
0 1524855329 1115.347046 109.335663
0 1478183145 423.731445 572.817871
0 1438990627 806.647583 337.185181
0 1524840309 1025.723267 21.172747
0 1478222194 268.462341 676.870605
0 1709860179 952.861694 392.327209
0 1478188151 290.654175 781.834961
0 1438988624 736.758484 301.744598
0 1478243222 324.694122 858.385620
0 1524843313 1155.441772 10.359406
0 1524844315 1216.633545 72.393295
0 1524858333 1111.198486 10.646580
0 1524811271 1140.272949 108.889030
0 1524859334 1088.905640 10.791245
0 1478216186 285.332458 611.882751
0 1524851324 983.514954 31.768856
0 1524814275 1059.690918 98.080894
0 1578514668 706.455933 361.767090
0 1478184146 323.012451 640.314148
0 1524829294 1127.838379 40.862762
0 1478176143 348.145782 739.860718
0 1524860336 1065.059814 110.236679
0 1478222193 177.178085 831.174194
0 1438997636 797.049377 263.720947
0 1478194158 362.018829 669.746460
0 1478201168 16.223431 845.907104
0 1478187150 40.571327 660.851135
0 1478205172 32.190887 804.429260
0 1524838306 1176.061523 84.399345
0 1568514660 636.936584 344.442719
0 1524865342 1014.183777 111.148254
0 2085418945 814.749390 399.196869
0 1524808268 1054.461426 86.240059
0 1478200167 112.012772 723.389832
0 1478194159 70.472755 840.941406
0 1568501643 705.587708 341.506927
0 1478239216 413.544495 633.731384
0 1524820283 1024.933472 75.039330
0 1438989625 742.492126 381.086029
0 1568505649 703.937988 303.008270
0 1478255237 67.417343 596.428467
0 1524804262 1039.695923 110.691116
0 1568506650 707.355103 382.749115
0 1478217187 204.179276 587.366211
0 1568505648 777.357300 379.435791
0 1568497640 637.574890 305.563416
0 1578511665 637.261230 324.671875
0 1478258241 75.644188 691.553345
0 1524796253 1145.740967 73.371811
0 1478206173 55.179379 884.219116
0 1524826291 1133.971313 96.854645
0 1578529688 849.682251 397.459320
0 1708834178 738.119446 320.577332
0 1478189153 240.066772 786.257202
0 1568499641 897.354065 295.561249
0 1524852325 1158.450195 96.450554
0 1478219190 376.809570 853.390259
0 1578525682 843.003845 355.621368
0 1478232206 281.557465 821.619934
0 1524818280 1068.401489 63.155331
0 1524850322 1206.993286 95.649200
0 1438996635 671.391907 342.969299
0 1524832299 1092.272949 62.856876
0 1478242220 11.159286 731.431641
0 1524789245 1177.393921 10.216917
0 1438999639 852.833618 228.539551
0 1478196161 136.579468 653.870117
0 1478252234 248.912430 584.401978
0 1524803261 1053.388794 31.153662
0 1478211179 207.180923 912.941711
0 1578523680 909.743774 352.617584
0 1578530689 825.472656 245.795273
0 1568508653 762.319519 231.325623
0 1524826290 1231.059692 95.251892
0 1524847319 1163.106445 61.971176
0 1524810270 1000.363892 75.378433
0 1524835302 1097.821411 74.033226
0 1524821284 1133.376831 10.502623
0 1524799257 1116.013550 62.559998
0 1478233208 259.438019 711.634583
0 1608354172 744.055054 402.713226
0 1524835303 1034.645630 98.494362
0 1478251232 113.437798 593.379028
0 1524812273 1084.593018 97.669815
0 1706512175 916.132629 242.838043
0 1438986622 947.713196 371.372620
0 1478211180 98.836884 760.675537
0 1524823286 1116.613037 20.479029
0 1478223195 240.009415 615.029053
0 1478244223 161.660614 719.431091
0 1438987623 811.953674 377.798309
0 1478193157 200.129715 752.218567
0 1478198164 26.208565 695.317749
0 1524862339 1081.583862 41.325569
0 1478236212 408.108429 666.236755
0 1478240217 368.496765 637.006836
0 1578521678 763.992249 247.800705
0 1524844314 1182.790405 96.048744
0 1524848320 1015.706970 52.757362
0 1524806265 1121.847656 73.701614
0 1524787243 1186.460693 61.679157
0 1478241219 299.319336 743.937256
0 1524799256 1103.512817 85.497536
0 1478190154 396.470581 735.826050
0 1478226198 249.983337 748.056274
0 1478208176 110.307869 878.934937
0 1478214184 337.133148 578.556213
0 2084722944 809.254700 357.140350
0 1578522679 830.939392 280.042358
0 1524825289 1183.547974 19.968107
0 1774531078 794.837891 246.794556
0 1525674169 862.324036 278.897552
0 1524815276 1109.352661 97.261063
0 1768901071 942.740234 351.132477
0 1578526684 836.770508 316.572327
0 1524853326 1214.195190 107.564552
0 1478218189 418.747284 602.621033
0 1578513667 771.244751 319.232513
0 1438983618 739.527039 340.055542
0 1478224196 315.472412 673.290833
0 1524792248 979.557251 21.525158
0 1524795252 1161.351929 20.137514
0 1524808267 1063.272827 52.222786
0 1478191155 340.706421 777.459412
0 1524856330 1202.913574 50.653450
0 1478236211 159.023087 590.358337
0 1478212181 355.242218 703.995422
0 1478185147 277.085083 643.653625
0 1568502645 702.394409 266.988159
0 1568508652 773.212708 338.614990
0 1438984619 671.942993 384.425232
0 1659977623 786.621826 309.137299
0 1438982617 801.690552 299.244537
0 1524805264 1011.264587 42.029171
0 1771287074 670.167542 250.861176
0 2087111947 876.499207 354.113831
0 1524817279 1165.055420 108.445000
0 1524795251 1169.502197 73.043839
0 1478230204 210.799759 715.512817
0 1524847318 1076.433472 30.950771
0 1578516671 637.878296 287.084625
0 1568513659 833.807190 298.007965
0 1578529687 701.659302 249.833939
0 1524819282 1152.014160 84.763367
0 1478253235 307.583038 707.795654
0 1524836304 1110.323730 51.694038
0 1568501644 636.252563 386.114502
0 1438998637 731.737671 232.266953
0 1524816278 995.991211 64.060745
0 1705773174 924.435669 276.631897
0 1524845316 1189.848999 29.952221
0 1524842312 1196.302246 40.177738
0 1568507651 882.601379 227.623276
0 1438999638 880.352661 374.560883
0 1478252233 293.228455 581.465515
0 1438993630 937.934021 331.570831
0 1478237214 271.996155 863.436829
0 1524857332 1021.331848 11.229817
0 1478248228 220.981689 680.486145
0 1478225197 383.686096 812.271667
0 1524859335 1156.867920 51.170918
0 1524832298 1139.624268 62.264793
0 1478200166 369.576782 896.639343
0 1478250231 148.049042 621.413025
0 1478245225 218.705856 868.544739
0 1438995633 920.218933 259.469574
0 1524804263 1058.270142 41.558849
0 1524839308 1133.658569 51.431774
0 1524849321 1029.726440 86.614464
0 1568512658 889.745178 260.521423
0 1568514661 765.718445 264.802429
0 1478231205 54.293694 627.921570
0 1773608077 869.176270 315.256775
0 1438977615 670.877686 304.281189
0 1524834301 1030.221680 31.357609
0 1607644171 671.662598 363.333038
0 1524800258 1173.602051 40.404842
0 1568504647 914.161255 372.960693
0 1568500642 769.341858 300.490051
0 1478256239 173.023224 684.138062
0 1524815277 991.728149 53.026878
0 1568503646 638.171814 269.204895
0 1478220191 164.813202 873.710510
0 1478207174 61.848400 727.389771
0 1524841311 1043.973267 11.082894
0 1478213182 229.653732 826.370911
0 1524813274 1039.554688 52.489372
0 1568516663 846.284485 376.173401
0 1578517672 918.735229 394.024628
0 1578527685 636.600586 364.911102
0 1478240218 183.875320 650.431152
0 1478215185 332.898560 816.920471
0 1524838307 987.570740 42.266224
0 1478197163 124.579895 687.826965
0 1478221192 194.250381 618.205688
0 1524819281 1179.952515 50.911488
0 2086284946 799.332397 281.195312
0 1524824288 1090.276367 109.784843
0 1524802260 975.694092 11.526030
0 1478226199 149.750351 756.424805
0 1578518673 779.541443 400.948151
0 1438981616 928.789185 294.350891
0 1478238215 390.231964 773.130005
0 1609135173 732.933411 248.813812
0 1524837305 1002.701233 21.348509
0 1524793249 1044.398071 63.455482
0 1568515662 700.947144 233.214722
0 1568516664 822.865417 229.461975
0 1438991628 792.694702 230.390656
0 1478249230 402.422943 700.233398
0 1438996634 865.694214 296.780243
0 1578519675 708.286865 404.492310
0 1524829295 1094.068604 20.651079
0 1524864341 1034.830688 41.793373
0 1478255238 261.933746 907.445312
0 1438993631 669.945740 234.168961
0 1524788244 1020.261719 63.757290
0 1772785076 884.343140 395.735321
0 1524828293 1127.831665 85.129425
0 1478203171 151.792725 918.501953
0 1524798255 1193.132690 72.717644
0 1478199165 188.935699 790.726990
0 1578528686 767.500732 282.356415
0 1478192156 124.120987 836.030762
0 1478228201 88.813858 657.343323
0 1772037075 855.898560 244.802826
0 1578515670 703.153564 284.703613
0 1524851323 1086.862061 51.957699
0 1478218188 39.065704 929.818176
0 1478202169 230.708282 647.025818
0 1478246226 316.062164 902.011536
0 1524809269 1099.356201 30.748959
0 1524822285 1199.974731 84.037376
0 1524841310 1009.455505 98.910210
0 1578515669 635.891724 408.093262
0 1524854328 1104.772949 41.093548
0 0 344.319580 23.856335
0 1 78.166145 316.319275
0 2 697.507568 468.120209
0 3 802.834534 14.372778
0 4 1169.375244 390.215637
0 5 213.150543 517.524780
0 6 932.596252 3.757855
0 7 1140.507690 450.850800
0 8 1090.214233 218.513168
0 9 1145.273926 0.658398
0 10 9.284323 478.169708
0 11 1302.009399 244.797073
0 12 1212.490234 20.436230
0 13 149.178406 937.282166
0 14 1320.724854 146.775772
0 15 85.256294 193.555161
0 16 32.264984 776.067505
0 17 1366.831055 234.880981
0 18 225.551529 582.889709
0 20 1390.506592 277.184601
0 21 1114.901489 142.254272
0 22 1416.555786 361.891724
0 23 125.154045 642.376221
0 24 1165.925049 27.787706
0 25 333.558105 475.457123
0 26 88.373505 379.534851
0 27 1502.060059 565.303528
0 28 1062.500366 720.225342
0 29 1057.748657 476.176910
0 30 728.648865 58.614330
0 31 622.938599 957.815552
0 32 1092.411621 104.845139
0 33 157.604263 240.480270
0 34 747.042358 31.331057
0 35 655.275391 629.346985
0 36 219.312729 139.000443
0 37 866.962646 31.077822
0 38 879.259583 898.979370
0 39 1075.331421 66.973549
