0 1578512666 994.711853 459.845337
0 1524823287 530.000793 341.045471
0 1478234209 1376.370972 852.847778
0 1707269176 977.095398 556.350037
0 1438989626 867.673340 443.190582
0 1524801259 673.971924 354.217804
0 1438992629 912.043579 469.192261
0 1478227200 1578.067261 837.426453
0 1524854327 653.905396 381.973969
0 1478249229 1691.320557 817.339966
0 1524807266 750.216125 306.275513
0 1524863340 574.162476 317.231232
0 1524831297 709.414490 305.193512
0 1478229202 1566.970215 809.947144
0 1568509654 908.346436 481.882385
0 1524790246 594.684937 317.798950
0 1578523681 853.148438 566.794006
0 1478207175 1676.864258 871.840637
0 1524861337 504.262665 367.521393
0 1478210178 1569.393311 925.830750
0 1524862338 740.089233 321.821472
0 1478186149 1546.564209 863.604980
0 1524797254 668.853088 304.117859
0 1578518674 979.890076 541.040283
0 1438985621 887.792969 552.430176
0 1524857331 543.212158 350.274811
0 1478203170 1615.008301 928.903320
0 1438994632 1019.457886 473.259430
0 1578520676 889.451782 455.953094
0 1478237213 1307.127075 700.717651
0 1568511657 1017.577881 486.118622
0 1775370079 996.900085 447.858124
0 1478195160 1345.504395 910.750061
0 1568510655 1021.275330 460.827576
0 1478257240 1348.275146 724.831116
0 1578521677 1042.167725 514.372681
0 1524794250 548.618896 368.919159
0 1524812272 645.203979 362.519135
0 1769859072 987.688965 498.317291
0 1578525683 941.884155 457.891907
0 1770636073 1040.593750 528.705383
0 1524846317 601.660767 310.057800
0 1524833300 652.004456 353.555389
0 1568511656 823.212402 565.445801
0 1438985620 896.457642 522.689575
0 1478185148 1389.732666 913.729248
0 1707993177 1097.958130 561.655151
0 1478189152 1343.404419 702.637756
0 1524791247 587.522034 325.747742
0 1524830296 615.269287 318.368439
0 2088218948 925.048767 523.882874
0 1524827292 551.269104 341.672974
0 1606348170 917.433960 553.731262
0 1524855329 723.840820 346.764740
0 1478183145 1303.265259 679.582153
0 1438990627 1015.632019 499.427521
0 1524840309 534.927307 359.120056
0 1478222194 1429.946167 752.346680
0 1709860179 1102.019775 451.654999
0 1478188151 1536.741943 735.093018
0 1438988624 953.757263 525.081116
0 1478243222 1602.563721 716.354553
0 1524843313 561.190369 308.961700
0 1524844315 689.103882 304.654877
0 1524858333 546.012573 324.574677
0 1524811271 729.405762 338.221802
0 1524859334 538.115173 332.698486
0 1478216186 1353.372192 748.055481
0 1524851324 540.157471 378.308899
0 1524814275 689.816895 363.894226
0 1578514668 1038.961548 543.568237
0 1478184146 1385.578369 726.862244
0 1524829294 608.371887 326.336975
0 1478176143 1490.362915 710.416016
0 1524860336 712.232300 364.585114
0 1478222193 1596.599731 786.112061
0 1438997636 904.521057 495.012817
0 1478194158 1416.510986 706.507202
0 1478201168 1633.173584 869.079102
0 1478187150 1426.183105 885.313293
0 1478205172 1589.740967 866.333984
0 1524838306 698.230347 320.663452
0 1568514660 1004.784729 573.622864
0 1524865342 699.938721 383.457214
0 2085418945 1100.131836 502.784943
0 1524808268 667.474182 363.205536
0 1478200167 1494.202393 832.287048
0 1478194159 1620.362915 840.018433
0 1568501643 1009.363892 542.301636
0 1478239216 1374.400757 683.243591
0 1524820283 638.206665 371.742188
0 1438989625 1069.778687 529.923523
0 1568505649 950.539429 539.784241
0 1478255237 1339.827393 879.680481
0 1524804262 706.174927 373.883972
0 1568506650 1068.683960 544.840271
0 1478217187 1324.451172 795.529053
0 1568505648 1070.834351 515.539917
0 1568497640 943.735535 570.873535
0 1578511665 974.193787 572.245239
0 1478258241 1460.969238 858.194824
0 1524796253 671.304993 328.115509
0 1478206173 1662.903442 842.625427
0 1524826291 707.886169 337.600464
0 1578529688 1100.628296 489.339508
0 1478233207 1479.008301 919.742676
0 1708834178 982.583740 526.284241
0 1478189153 1546.343750 758.869751
0 1568499641 968.248352 458.866760
0 1478245224 1434.233154 916.726685
0 1524852325 713.583130 329.310333
0 1478219190 1592.095703 694.448792
0 1578525682 1045.152954 487.188049
0 1478232206 1575.028198 737.177673
0 1524818280 630.107117 352.895111
0 1524850322 724.526855 313.385437
0 1438996635 1007.117371 557.667847
0 1524832299 637.011780 344.202850
0 1478242220 1513.580078 891.014038
0 1524789245 568.486694 301.456238
0 1438999639 858.948364 467.181854
0 1478196161 1411.292603 827.206116
0 1478252234 1319.812012 770.139709
0 1524803261 564.832397 350.926758
0 1478211179 1664.625366 765.498291
0 1578523680 1047.939453 461.813538
0 1578530689 881.302795 480.833557
0 1568508653 844.710205 506.332855
0 1524826290 729.785156 305.733704
0 1524847319 656.624451 319.512482
0 1524810270 631.003906 381.236053
0 1524835302 658.616394 344.840271
0 1524821284 553.701599 316.665192
0 1524799257 643.727905 335.747955
0 1478233208 1468.538818 754.509521
0 1608354172 1099.084717 531.146667
0 1524835303 683.444031 373.167664
0 1478251232 1334.440186 850.197510
0 1524812273 696.009888 354.882355
0 1706512175 893.328369 444.117188
0 1438986622 1075.592773 450.700470
0 1478211180 1536.014404 834.849365
0 1524823286 566.735718 325.160309
0 1478223195 1358.711670 772.384460
0 1478244223 1485.227661 805.087463
0 1438987623 1071.852783 501.661316
0 1478193157 1516.436768 781.486145
0 1478198164 1469.750244 888.155151
0 1524862339 594.005920 342.933960
0 1478236212 1410.233276 685.087952
0 1478240217 1379.865234 704.567566
0 1478214183 1602.037598 896.783997
0 1578521678 872.579468 507.467590
0 1524844314 719.128052 321.241577
0 1524848320 593.265869 370.326019
0 1524806265 665.047485 336.363525
0 1524787243 662.818970 311.714203
0 1478241219 1498.655396 733.019226
0 1524799256 680.289246 345.479706
0 1478190154 1482.434082 688.804260
0 1478226198 1507.337402 756.683777
0 1478208176 1649.636353 814.861755
0 1478214184 1311.163940 722.810364
0 2084722944 1043.686523 500.542206
0 1578522679 935.495178 482.935272
0 1524825289 588.442505 301.985474
0 1774531078 877.016663 493.919983
0 1525674169 938.743347 470.203247
0 1478197162 1736.754150 905.571228
0 1524815276 702.030579 346.121216
0 1768901071 1049.264282 449.749481
0 1578526684 990.110229 485.053375
0 1478182144 1557.675171 893.890259
0 1524853326 745.219543 313.945923
0 1478218189 1338.745239 681.408325
0 1578513667 985.181702 512.052368
0 1438983618 1011.528992 527.492310
0 1478224196 1423.075195 728.903931
0 1478247227 1660.908325 931.994995
0 1524792248 517.633789 377.583160
0 1524795252 581.395569 309.508942
0 1524808267 608.279541 352.236877
0 1478191155 1527.572021 712.385376
0 1524856330 648.661743 303.582397
0 1478236211 1329.321289 822.182739
0 1478258242 1753.574829 938.236816
0 1478212181 1453.343018 708.456604
0 1478185147 1391.557739 750.195435
0 1568502645 892.204590 537.287720
0 1568508652 1013.617065 513.210144
0 1438984619 1067.547852 560.320312
0 1659977623 972.395081 504.559235
0 1478209177 1524.060913 922.777283
0 1438982617 959.856567 497.211426
0 1524805264 570.905884 369.621429
0 1771287074 858.277283 551.134583
0 2087111947 1046.569702 474.286041
0 1524817279 734.819946 329.910492
0 1524795251 677.395935 320.087097
0 1478230204 1476.683105 779.192078
0 1478230203 1691.574585 902.624268
0 1524847318 572.604065 342.302490
0 1578516671 913.409180 569.507812
0 1568513659 962.749573 483.992249
0 1578529687 863.218811 536.047241
0 1524819282 692.411621 328.711975
0 1478253235 1460.766968 730.956238
0 1524836304 622.474365 335.134247
0 1478243221 1646.669922 899.695251
0 1568501644 1066.368164 576.396240
0 1438998637 839.624329 520.317505
0 1524816278 608.178833 380.500641
0 1705773174 944.922852 445.980774
0 1524845316 608.456787 302.516235
0 1524842312 628.529785 303.048523
0 1568507651 863.382507 454.989136
0 1438999638 1073.786377 475.316559
0 1478252233 1315.387817 745.926758
0 1438993630 1023.033508 448.802032
0 1478237214 1613.515503 739.273315
0 1524857332 513.084412 358.446777
0 1478248228 1437.145630 776.910583
0 1478225197 1555.358765 692.557800
0 1524859335 635.915649 318.939575
0 1524832298 650.263000 327.520874
0 1478200166 1629.017822 696.349182
0 1478250231 1370.190552 824.687256
0 1478245225 1624.985962 763.276855
0 1438995633 919.078064 445.047272
0 1524804263 586.521423 351.580780
0 1524839308 629.285400 326.927979
0 1524849321 660.788086 372.453766
0 1568512658 915.618835 456.920654
0 1568514661 900.560547 508.606903
0 1478231205 1382.876221 882.488464
0 1773608077 992.449829 472.236816
0 1438977615 947.201233 555.037842
0 1524834301 556.840515 359.795471
0 1607644171 1037.267822 558.991272
0 1524800258 621.986206 310.608276
0 1568504647 1074.704590 462.803223
0 1568500642 956.860962 510.899231
0 1478256239 1444.697632 802.677917
0 1524815277 585.429626 379.767609
0 1568503646 883.213745 568.147949
0 1478220191 1637.012329 788.444092
0 1478207174 1503.640991 860.891968
0 1524841311 521.660400 349.624939
0 1478213182 1585.559326 761.067383
0 1524813274 600.879456 361.152893
0 1568516663 1072.836182 488.261658
0 1578517672 1101.571411 463.796692
0 1578527685 1035.509277 575.006592
0 1478240218 1404.392822 800.281677
0 1478215185 1564.971802 714.364929
0 1524838307 562.755920 379.037048
0 1478197163 1452.629150 829.739319
0 1478221192 1364.311279 797.898804
0 1524819281 642.372192 311.160400
0 2086284946 932.134094 496.109955
0 1524824288 718.118591 355.549042
0 1524802260 495.184540 376.859833
0 1478226199 1525.984497 807.510498
0 1578518673 1099.617676 516.711853
0 1438981616 970.863281 446.917725
0 1478238215 1518.805298 690.676392
0 1609135173 867.983093 521.501099
0 1524837305 526.404602 368.219116
0 1524793249 623.005859 361.834900
0 1568515662 834.353149 534.811951
0 1568516664 854.363525 479.788788
0 1438991628 849.620300 492.831482
0 1478249230 1446.243774 686.941467
0 1438996634 965.545227 471.218079
0 1578519675 1098.531860 546.117615
0 1524829295 559.107361 333.304596
0 1524864341 578.824463 360.473083
0 1478255238 1652.205811 741.379944
0 1438993631 828.886169 549.844543
0 1524788244 615.699402 371.032959
0 1772785076 1101.107910 476.351044
0 1524828293 686.433472 336.981018
0 1478203171 1677.648438 790.789062
0 1524798255 683.326843 312.269623
0 1478199165 1556.408447 783.792786
0 1578528686 928.654114 509.750763
0 1478192156 1608.186890 812.397583
0 1478228201 1418.546509 855.513550
0 1772037075 885.445435 468.185150
0 1578515670 921.311218 538.533386
0 1524851323 615.475037 343.567383
0 1478218188 1705.691162 845.247559
0 1478202169 1397.822388 774.641357
0 1478254236 1720.815430 874.618591
0 1478246226 1640.349243 718.354492
0 1524809269 580.164429 333.912598
0 1524822285 703.895996 312.826691
0 1524841310 676.883545 382.714355
0 1478235210 1707.096313 935.106140
0 1578515669 1097.362427 577.792114
0 1524854328 601.286682 334.522491
0 0 1210.636719 726.493896
0 1 1259.282837 378.860565
0 2 342.369385 665.088806
0 3 1103.931763 734.427856
0 4 382.755981 814.720459
0 5 1708.421753 575.022583
0 6 273.094910 728.410034
0 7 1204.828369 835.120300
0 8 1224.201172 523.087646
0 9 619.768616 275.744385
0 10 1059.208740 825.683472
0 11 1181.034546 294.123444
0 12 403.974426 521.725952
0 13 828.413940 293.457367
0 14 474.075562 451.154755
0 15 280.679413 826.144409
0 16 1327.461182 738.160156
0 17 593.554932 305.253784
0 18 1406.026733 312.622345
0 19 661.285889 359.819305
0 20 722.751465 275.597565
0 21 709.347107 316.775421
0 22 844.190063 276.109192
0 23 253.195435 686.449768
0 24 1579.169189 333.024628
0 25 866.939941 348.956848
0 26 770.623657 339.763947
0 27 1600.951050 317.344849
0 28 899.831299 279.267914
0 29 1000.975220 327.148254
0 30 463.104065 725.912231
0 31 1698.669434 739.829285
0 32 433.146790 613.807678
0 33 1065.786987 348.521454
0 34 364.652740 732.027832
0 35 1779.231079 692.121948
0 36 350.138641 616.840698
0 37 444.367554 567.869507
0 38 787.712708 275.494232
0 39 421.302917 666.031311
