0 1578512666 1015.205811 681.414795
0 1524823287 1108.975220 464.810608
0 1478234209 382.079285 969.961853
0 1707269176 824.136353 709.147034
0 1438989626 1012.016602 621.492737
0 1524801259 1130.402100 512.333557
0 1438992629 972.558838 649.908386
0 1524854327 1069.147217 520.181274
0 1524807266 1266.596069 510.929138
0 1524863340 1170.196777 463.861328
0 1524831297 1250.446533 496.953888
0 1568509654 946.957458 653.518188
0 1524790246 1176.521240 469.808533
0 1578523681 788.442749 663.954895
0 1524861337 1053.232910 471.639709
0 1524862338 1225.876709 516.220093
0 1478186149 348.703796 1075.826660
0 1524797254 1235.170288 483.734283
0 1578518674 851.923767 705.113953
0 1438985621 816.760437 671.876343
0 1524857331 1095.731201 473.039062
0 1438994632 994.068726 697.989258
0 1578520676 992.678833 635.418884
0 1478237213 610.532959 910.621399
0 1568511657 966.608948 702.015625
0 1775370079 1041.859375 677.546204
0 1478195160 313.394867 959.098328
0 1568510655 1021.363342 693.987061
0 1478257240 571.686462 938.596680
0 1578521677 915.537781 723.665405
0 1524794250 1062.952759 483.891418
0 1524812272 1104.165771 507.881897
0 1769859072 934.293579 693.158569
0 1578525683 1003.544067 657.603699
0 1770636073 887.047363 727.886963
0 1524846317 1195.171753 467.495850
0 1524833300 1124.222412 505.329773
0 1568511656 786.674133 652.698730
0 1438985620 869.282166 664.470642
0 1478185148 304.101807 982.861145
0 1707993177 835.363403 765.877197
0 1478189152 608.721619 932.470215
0 1524791247 1157.792358 472.131012
0 1524830296 1183.012817 475.912964
0 2088218948 872.580383 676.244080
0 1524827292 1114.463989 470.730255
0 1606348170 819.130371 683.851746
0 1524855329 1164.087158 524.248779
0 1478183145 646.408630 904.768433
0 1438990627 938.982849 706.066406
0 1524840309 1076.919800 475.357483
0 1478222194 526.615112 992.822632
0 1709860179 1069.969238 730.344849
0 1478188151 555.964417 1067.304810
0 1438988624 875.998962 688.447510
0 1524843313 1182.235962 455.835266
0 1524844315 1242.703857 490.253540
0 1524858333 1145.755859 460.304535
0 1524811271 1184.779297 521.560181
0 1524859334 1127.403320 462.552948
0 1478216186 534.360596 944.771240
0 1524851324 1043.742432 486.273529
0 1524814275 1116.156372 522.195312
0 1578514668 858.379211 732.134827
0 1478184146 568.855286 961.773987
0 1524829294 1164.049683 478.279175
0 1478176143 600.505310 1031.576538
0 1524860336 1122.412842 529.663879
0 1438997636 921.211670 657.148376
0 1478194158 604.822510 979.502502
0 1478187150 334.516357 1001.098389
0 1524838306 1210.791260 502.034393
0 1568514660 798.300781 726.694519
0 1524865342 1080.346924 535.129761
0 2085418945 954.174072 747.882690
0 1524808268 1110.076416 514.937561
0 1478200167 399.427612 1040.020630
0 1568501643 855.090149 718.367493
0 1478239216 644.483582 949.082886
0 1524820283 1084.019287 510.445435
0 1438989625 891.020325 742.069336
0 1568505649 848.873352 692.345764
0 1478255237 351.553070 952.872925
0 1524804262 1101.429199 532.390381
0 1568506650 861.798218 746.446289
0 1478217187 464.259094 934.485413
0 1568505648 920.057678 737.720093
0 1568497640 794.139648 700.211609
0 1578511665 796.181152 713.204529
0 1478258241 366.261841 1020.133728
0 1524796253 1183.857666 497.741455
0 1524826291 1177.679077 514.258118
0 1578529688 983.401001 743.456055
0 1478233207 284.049347 1034.135986
0 1708834178 879.544800 701.104919
0 1478189153 513.382935 1074.912598
0 1568499641 1009.270020 669.294983
0 1478245224 294.332489 1007.841675
0 1524852325 1197.999512 511.636505
0 1578525682 971.992065 715.300354
0 1524818280 1118.211914 498.517822
0 1524850322 1238.363037 506.429077
0 1438996635 826.782593 722.518250
0 1524832299 1137.919312 496.026825
0 1478242220 315.647156 1054.511108
0 1524789245 1200.364502 453.614288
0 1438999639 962.890076 628.295959
0 1478196161 413.902039 987.776733
0 1478252234 501.249634 928.450562
0 1524803261 1101.129517 479.157349
0 1578523680 1027.755127 707.037659
0 1578530689 942.466309 642.434631
0 1568508653 888.194031 638.640076
0 1524826290 1258.407593 503.843079
0 1524847319 1196.524902 488.619080
0 1524810270 1063.782104 513.020508
0 1524835302 1144.189453 502.789062
0 1524821284 1164.033203 458.065308
0 1524799257 1157.540283 493.546722
0 1478233208 522.436523 1018.745544
0 1608354172 895.152954 756.821777
0 1524835303 1095.459351 524.865479
0 1478251232 389.414154 946.696106
0 1524812273 1136.758179 519.537415
0 1706512175 1017.578674 631.939941
0 1438986622 1062.534302 716.379700
0 1478211180 391.595642 1068.289185
0 1524823286 1151.696411 466.141449
0 1478223195 496.740417 950.994385
0 1478244223 440.780914 1032.868408
0 1438987623 948.912048 733.398193
0 1478193157 476.254913 1053.411621
0 1478198164 325.328827 1027.105347
0 1524862339 1125.879761 483.042053
0 1478236212 643.447876 972.923950
0 1478240217 606.820374 955.403076
0 1578521678 891.695679 649.528320
0 1524844314 1218.227295 509.026855
0 1524848320 1073.200195 496.808075
0 1524806265 1164.067627 500.259644
0 1524787243 1215.889771 486.171356
0 1478241219 559.447327 1038.791748
0 1524799256 1150.635742 509.741302
0 1478190154 641.210693 1024.423218
0 1478226198 518.032104 1046.069824
0 1478214184 574.383301 916.519043
0 2084722944 943.852173 719.469910
0 1578522679 951.608276 664.995850
0 1524825289 1206.968628 459.329285
0 1774531078 917.151306 645.971619
0 1525674169 977.650330 661.289246
0 1524815276 1157.265625 516.891724
0 1768901071 1055.381226 702.944214
0 1578526684 961.424438 689.220764
0 1524853326 1246.283203 513.568481
0 1478218189 645.469299 926.391357
0 1578513667 907.000854 697.119934
0 1438983618 883.224976 714.242188
0 1478224196 565.879517 986.135193
0 1524792248 1039.059814 480.023651
0 1524795252 1188.620850 461.590637
0 1524808267 1112.363892 491.889954
0 1478191155 598.168457 1059.764526
0 1524856330 1227.837891 477.388916
0 1478236211 426.981720 940.567078
0 1478212181 602.720276 1004.859924
0 1478185147 530.584656 968.196167
0 1568502645 843.095947 668.162964
0 1568508652 911.188660 710.141846
0 1438984619 832.389709 750.851196
0 1659977623 918.509033 688.832275
0 1478209177 273.210693 1061.850708
0 1438982617 929.774658 680.719360
0 1524805264 1068.007812 490.263275
0 1771287074 814.472961 660.317932
0 2087111947 999.959229 711.156311
0 1524817279 1205.375488 518.883972
0 1524795251 1203.559937 495.234436
0 1478230204 481.782410 1025.776855
0 1524847318 1120.096924 476.805328
0 1578516671 792.171997 687.688782
0 1568513659 956.427490 676.889099
0 1578529687 840.357666 656.701233
0 1524819282 1190.829590 504.591827
0 1478253235 562.747681 1011.773499
0 1524836304 1151.188599 487.014404
0 1568501644 802.792969 755.284241
0 1438998637 863.022583 642.125854
0 1524816278 1058.564941 506.057220
0 1705773174 1029.291016 653.939148
0 1524845316 1213.744385 465.192749
0 1524842312 1220.698364 471.210571
0 1568507651 987.519714 624.885132
0 1438999638 1006.078857 724.835632
0 1478252233 537.956604 922.461975
0 1438993630 1048.494507 690.008911
0 1524857332 1071.890625 469.353943
0 1478248228 487.025238 999.565552
0 1524859335 1189.678467 482.180939
0 1524832298 1177.075317 491.077515
0 1478250231 420.603333 963.589172
0 1438995633 1023.333435 642.748962
0 1524804263 1106.671875 485.438782
0 1524839308 1170.475098 484.592438
0 1524849321 1089.658447 517.553467
0 1568512658 998.017029 646.318665
0 1568514661 895.320312 660.799194
0 1478231205 343.246704 976.385620
0 1773608077 988.394714 685.306274
0 1438977615 821.587402 696.267090
0 1524834301 1082.081665 481.519379
0 1607644171 829.531616 736.409302
0 1524800258 1201.895630 473.556793
0 1568504647 1034.394653 720.594421
0 1568500642 902.965576 684.572144
0 1478256239 447.105804 1006.364563
0 1524815277 1053.489746 499.283295
0 1568503646 790.274231 675.610962
0 1478207174 357.717865 1047.234619
0 1524841311 1090.471069 467.077576
0 1524813274 1092.824707 494.343658
0 1568516663 977.585205 729.103455
0 1578517672 1041.296875 734.687439
0 1578527685 800.503052 740.710632
0 1478240218 453.111847 981.196899
0 1524838307 1048.550781 492.691132
0 1478197163 406.852783 1013.220337
0 1478221192 458.822479 957.266846
0 1524819281 1208.799072 479.779785
0 2086284946 925.416809 668.723755
0 1524824288 1143.298584 526.950012
0 1524802260 1034.497925 473.934967
0 1478226199 434.111084 1060.817627
0 1578518673 924.758667 752.337830
0 1438981616 1035.462402 665.530884
0 1478238215 640.000061 1052.290649
0 1609135173 866.098267 653.104797
0 1524837305 1058.029541 477.685699
0 1524793249 1098.417480 501.019867
0 1568515662 837.712891 645.630798
0 1568516664 938.126709 631.725220
0 1438991628 913.228394 635.173218
0 1478249230 642.358337 998.004272
0 1438996634 982.925476 673.080994
0 1578519675 865.355164 761.334778
0 1524829295 1133.118896 468.431091
0 1524864341 1087.381470 487.845856
0 1438993631 812.263794 649.155090
0 1524788244 1078.535278 503.532990
0 1772785076 1012.441406 739.057739
0 1524828293 1170.777954 507.160736
0 1524798255 1223.175049 492.738464
0 1578528686 899.074646 672.473083
0 1478228201 374.371521 994.410278
0 1772037075 967.641663 638.917114
0 1578515670 845.932739 680.036926
0 1524851323 1131.818359 489.446899
0 1478202169 492.004730 974.670288
0 1524809269 1138.984375 474.463257
0 1524822285 1230.663330 499.488464
0 1524841310 1074.666626 527.548035
0 1578515669 805.175720 770.449280
0 1524854328 1145.005371 480.655548
0 0 793.677917 494.868347
0 1 567.271240 880.508423
0 2 1195.514160 617.921570
0 3 508.053864 688.708618
0 4 1000.218872 504.728149
0 5 507.927582 782.294006
0 6 438.358978 776.134888
0 7 520.095642 563.581238
0 8 589.062195 555.942810
0 10 766.460083 533.128784
0 12 1367.809814 568.008789
0 13 1231.895752 464.927826
0 14 360.352234 986.996765
0 15 347.245605 771.052612
0 16 492.162140 551.158875
0 17 1548.415161 774.442078
0 18 534.269775 611.265137
0 19 1232.003052 742.582092
0 20 1309.139648 1068.713013
0 21 952.568420 492.511627
0 22 1561.008911 1009.459351
0 23 1347.156738 539.224487
0 24 428.180328 897.875854
0 25 939.338623 784.294067
0 26 1051.392578 763.856689
0 28 465.590271 992.857300
0 29 1310.005371 693.773254
0 30 827.433960 520.487793
0 31 494.774109 641.668823
0 32 390.536804 628.503662
0 33 680.439880 817.104370
0 34 331.466034 684.815063
0 36 503.528381 845.244751
0 37 541.605408 538.751465
0 38 1614.707275 752.468994
0 39 389.988190 656.201538
