0 1578512666 965.073975 475.600067
0 1524823287 1198.784546 813.518005
0 1478234209 1107.457397 327.423615
0 1707269176 1080.451172 438.046448
0 1438989626 1026.120972 521.307617
0 1524801259 1053.150146 694.911255
0 1438992629 1028.996216 492.427338
0 1478227200 1035.201782 309.784760
0 1524854327 1118.446411 664.189148
0 1478249229 989.229370 300.926941
0 1524807266 865.241821 733.958679
0 1524863340 1098.269897 838.629028
0 1524831297 905.661804 764.305115
0 1478229202 1022.751160 312.806885
0 1568509654 1046.236816 486.441620
0 1524790246 1072.735962 820.708130
0 1578523681 1159.300659 459.783600
0 1478207175 1024.853760 299.029480
0 1524861337 1266.421753 773.603699
0 1478210178 1083.136475 304.853363
0 1524862338 916.605042 711.128052
0 1478186149 1059.070312 310.791077
0 1524797254 948.891602 796.761108
0 1578518674 1064.883667 443.113434
0 1438985621 1127.541382 458.213715
0 1524857331 1195.411621 783.299072
0 1478203170 1071.507202 300.972168
0 1438994632 967.716736 462.757812
0 1578520676 1027.590576 506.546051
0 1478237213 1042.927368 352.491058
0 1568511657 984.774170 457.319763
0 1775370079 947.287170 481.389435
0 1478195160 1144.285278 325.261200
0 1568510655 950.329041 468.301239
0 1478257240 1043.748657 344.241486
0 1578521677 1003.322876 440.107788
0 1524794250 1214.147705 742.878845
0 1524812272 1097.388794 697.634705
0 1769859072 1016.403442 458.893066
0 1578525683 995.600037 490.710602
0 1770636073 1019.405151 435.083832
0 1524846317 1046.618408 835.082581
0 1524833300 1074.998535 708.485901
0 1568511656 1176.082397 466.835815
0 1438985620 1095.961426 469.177856
0 1478185148 1131.638184 321.040344
0 1707993177 1022.177917 413.089844
0 1478189152 1030.414062 347.761597
0 1524791247 1098.070801 806.764465
0 1524830296 1048.094116 803.413208
0 2088218948 1079.967041 462.054840
0 1524827292 1172.204590 796.517334
0 1606348170 1111.500977 451.344116
0 1524855329 988.640442 679.108765
0 1478183145 1029.358154 356.136444
0 1438990627 1001.510376 451.984009
0 1524840309 1217.951172 770.460999
0 1478222194 1032.422607 331.829407
0 1709860179 890.490356 452.629883
0 1478188151 984.299011 322.140564
0 1438988624 1064.325562 455.088959
0 1478243222 948.791199 316.911957
0 1524843313 1098.482788 872.708496
0 1524844315 926.907471 780.255920
0 1524858333 1150.191528 842.193909
0 1524811271 965.261414 689.500610
0 1524859334 1174.859619 827.636658
0 1478216186 1056.879639 340.775177
0 1524851324 1235.447632 731.155884
0 1524814275 1054.237915 671.569092
0 1578514668 1035.196045 430.150848
0 1478184146 1031.434814 339.663757
0 1524829294 1073.355835 789.964355
0 1478176143 982.548889 329.670807
0 1524860336 1033.620728 659.115234
0 1478222193 998.783813 311.792114
0 1438997636 1063.138062 480.573730
0 1478194158 1006.055481 338.555176
0 1478201168 1036.071655 302.885468
0 1478187150 1107.215088 320.001801
0 1478205172 1047.475586 306.805450
0 1524838306 957.572510 739.880920
0 1568514660 1080.678955 426.744110
0 1524865342 1076.377197 640.110352
0 2085418945 958.733582 432.139404
0 1524808268 1075.484131 684.403015
0 1478200167 1058.548462 317.932343
0 1478194159 1023.818665 305.812256
0 1568501643 1049.881104 436.562866
0 1478239216 1004.609619 346.623840
0 1524820283 1119.192993 687.067688
0 1438989625 1005.064331 428.697235
0 1568505649 1080.213989 449.807190
0 1478255237 1132.273560 328.488159
0 1524804262 1055.266602 649.493896
0 1568506650 1020.818481 423.873169
0 1478217187 1095.144653 338.462860
0 1568505648 989.022766 433.609344
0 1568497640 1111.115723 439.534607
0 1578511665 1095.735840 433.071503
0 1478258241 1082.851929 318.965790
0 1524796253 1004.064331 742.862976
0 1478206173 1012.622681 301.905029
0 1524826291 985.637390 702.929443
0 1578529688 942.143372 437.120728
0 1478233207 1106.980469 312.811035
0 1708834178 1049.025269 448.275085
0 1478189153 997.303833 318.983887
0 1568499641 980.160400 483.067871
0 1478245224 1119.205078 316.890869
0 1524852325 961.529968 713.950012
0 1478219190 935.462219 320.045654
0 1578525682 970.251831 450.438904
0 1478232206 973.017639 317.946625
0 1524818280 1097.544189 722.493591
0 1524850322 911.298828 736.912903
0 1438996635 1065.419678 431.608948
0 1524832299 1074.483887 734.014587
0 1478242220 1082.996460 311.799866
0 1524789245 1071.364990 888.711426
0 1438999639 1061.844482 508.331451
0 1478196161 1082.702881 326.361725
0 1478252234 1082.389771 341.889465
0 1524803261 1169.714722 767.333557
0 1478211179 963.939941 306.780151
0 1578523680 935.914062 461.165771
0 1578530689 1062.505371 494.149872
0 1568508653 1112.757080 489.838013
0 1524826290 885.117981 748.881287
0 1524847319 1001.305481 770.574890
0 1524810270 1140.433716 676.773743
0 1524835302 1051.998169 719.632629
0 1524821284 1124.744995 857.210510
0 1524799257 1050.776001 745.859192
0 1478233208 1020.512817 327.473145
0 1608354172 991.023438 422.444153
0 1524835303 1075.942993 661.646790
0 1478251232 1120.082275 331.763336
0 1524812273 1031.967041 681.750061
0 1706512175 1009.589966 512.937012
0 1438986622 904.213745 459.578827
0 1478211180 1046.776733 313.824188
0 1524823286 1123.666626 824.163452
0 1478223195 1069.811523 337.361359
0 1478244223 1046.055786 321.065979
0 1438987623 972.685791 438.611908
0 1478193157 1021.649780 320.023651
0 1478198164 1095.003418 315.866180
0 1524862339 1121.710571 764.221130
0 1478236212 992.568298 341.995514
0 1478240217 1018.125366 343.117065
0 1478214183 1059.576050 303.868256
0 1578521678 1096.042969 482.242645
0 1524844314 936.759766 725.273560
0 1524848320 1165.172363 714.092773
0 1524806265 1028.362305 731.087402
0 1524787243 975.482727 783.476074
0 1478241219 995.776184 326.407318
0 1524799256 1030.217041 705.701355
0 1478190154 969.122070 332.983521
0 1478226198 1008.808350 323.191925
0 1478208176 1000.218323 304.821350
0 1478214184 1056.285767 348.902283
0 2084722944 986.941345 445.225250
0 1578522679 1030.341797 478.910370
0 1524825289 1045.040283 868.947449
0 1774531078 1079.441162 488.136963
0 1525674169 1013.143372 484.751923
0 1478197162 1025.858154 292.449219
0 1524815276 1009.108093 692.199951
0 1768901071 918.247131 466.684753
0 1578526684 999.622437 464.355042
0 1478182144 1071.188965 307.801086
0 1524853326 891.275696 722.386780
0 1478218189 1016.870850 351.336731
0 1578513667 1032.868164 453.534027
0 1438983618 1034.055420 441.608246
0 1478224196 1019.338623 335.166870
0 1478247227 1060.066650 297.153992
0 1524792248 1261.140381 745.861389
0 1524795252 1072.073853 853.549683
0 1524808267 1120.820923 736.955566
0 1478191155 971.101196 325.344116
0 1524856330 971.653381 813.850159
0 1478236211 1107.707397 335.087891
0 1478258242 1037.733765 289.700592
0 1478212181 994.198486 334.073822
0 1478185147 1044.542847 336.262726
0 1568502645 1111.902344 463.643372
0 1568508652 1017.934570 446.747772
0 1438984619 1036.292725 419.134766
0 1659977623 1032.256104 459.681580
0 1478209177 1094.959229 308.799133
0 1438982617 1031.631348 465.957458
0 1524805264 1189.267456 728.255066
0 1771287074 1143.940674 465.237030
0 2087111947 953.245789 455.751465
0 1524817279 941.257996 700.169983
0 1524795251 979.076172 754.973145
0 1478230204 1033.378662 324.245911
0 1478230203 1036.915161 296.193878
0 1524847318 1146.528442 780.094666
0 1578516671 1126.828979 446.137909
0 1568513659 1014.807678 471.550079
0 1578529687 1128.283569 470.795929
0 1524819282 982.454773 728.173706
0 1478253235 1007.454285 330.748749
0 1524836304 1073.937256 761.123718
0 1478243221 1048.153076 299.999695
0 1568501644 1051.494507 414.479797
0 1438998637 1129.057495 483.917084
0 1524816278 1163.094971 689.744141
0 1705773174 977.701477 496.789978
0 1524845316 1019.680908 849.908264
0 1524842312 995.234741 831.554626
0 1568507651 1044.168335 514.752136
0 1438999638 939.092102 448.898682
0 1478252233 1069.438354 345.368866
0 1438993630 932.601257 473.953094
0 1478237214 961.927307 313.823669
0 1524857332 1244.535400 786.519348
0 1478248228 1045.311523 328.541656
0 1478225197 946.487915 324.283600
0 1524859335 1024.298218 786.712219
0 1524832298 1026.393066 758.041077
0 1478200166 924.624207 315.879852
0 1478250231 1095.096069 330.686768
0 1478245225 974.874451 310.779755
0 1438995633 993.454834 504.766815
0 1524804263 1144.864868 751.894226
0 1524839308 1049.477173 773.732666
0 1524849321 1097.242188 674.165771
0 1568512658 1011.405701 498.534515
0 1568514661 1079.709717 474.820251
0 1478231205 1119.636597 324.208527
0 1773608077 982.515808 469.923035
0 1438977615 1095.807983 444.623291
0 1524834301 1192.245361 754.933289
0 1607644171 1050.703491 425.306458
0 1524800258 1022.065552 817.270325
0 1568504647 921.818054 454.188202
0 1568500642 1048.134277 460.471405
0 1478256239 1058.010010 325.302490
0 1524815277 1186.461792 703.118286
0 1568503646 1142.886841 452.885956
0 1478220191 987.636780 307.779297
0 1478207174 1070.860718 314.843964
0 1524841311 1221.999390 799.818298
0 1478213182 985.994141 314.847076
0 1524813274 1143.300171 725.367676
0 1568516663 956.045044 443.707489
0 1578517672 908.030518 447.363312
0 1578527685 1065.935059 420.548218
0 1478240218 1070.172607 329.612854
0 1478215185 959.850342 321.091797
0 1524838307 1210.567505 716.915405
0 1478197163 1070.522095 322.110931
0 1478221192 1082.548950 333.998962
0 1524819281 998.368408 800.078857
0 2086284946 1047.205566 473.182495
0 1524824288 1011.419312 668.983704
0 1524802260 1287.686157 761.054993
0 1478226199 1034.304565 316.901398
0 1578518673 975.024292 427.248016
0 1438981616 962.316528 488.999664
0 1478238215 957.706177 328.595581
0 1609135173 1112.320679 476.463409
0 1524837305 1239.851929 757.986877
0 1524793249 1119.983276 711.282959
0 1568515662 1145.039062 478.111938
0 1568516664 1079.160889 502.041473
0 1438991628 1096.128296 495.878265
0 1478249230 980.741028 337.449463
0 1438996634 997.654053 477.252472
0 1578519675 1006.738831 417.725525
0 1524829295 1148.300293 810.132751
0 1524864341 1167.375122 739.910278
0 1478255238 951.022827 309.769836
0 1438993631 1160.711060 472.419281
0 1524788244 1141.825684 700.370361
0 1772785076 925.245239 442.194489
0 1524828293 1006.660522 716.784790
0 1478203171 976.674133 303.832855
0 1524798255 953.367676 767.432373
0 1478199165 1010.119873 315.872986
0 1578528686 1063.744263 467.565033
0 1478192156 1011.390747 308.780823
0 1478228201 1095.048950 323.158447
0 1772037075 1045.225464 500.285004
0 1578515670 1095.883179 456.648865
0 1524851323 1097.708984 748.869568
0 1478218188 1001.609375 298.061615
0 1478202169 1057.453979 332.912811
0 1478254236 1013.817810 295.235962
0 1478246226 937.918945 312.802734
0 1524809269 1122.657349 793.232666
0 1524822285 931.984985 751.919983
0 1524841310 1097.103516 651.973328
0 1478235210 1048.810425 293.397278
0 1578515669 1037.348022 408.534943
0 1524854328 1097.884277 776.905884
0 1 535.597168 519.795105
0 2 633.203369 237.992584
0 3 1752.789185 495.371704
0 4 1645.386230 330.704803
0 6 696.876648 401.428711
0 7 537.182617 466.144928
0 8 1559.775635 280.444427
0 9 1568.903076 263.658325
0 10 546.443481 435.794769
0 12 1600.553467 321.080414
0 13 619.953125 428.985657
0 14 1364.302856 781.534790
0 16 1409.438599 211.658600
0 17 1587.868408 308.676849
0 20 1687.430542 453.012634
0 21 1268.836426 212.317902
0 22 1134.774902 189.490402
0 23 816.856812 400.011383
0 24 968.578247 273.698425
0 25 867.971985 434.965851
0 26 1322.626221 446.437714
0 27 1285.279541 428.738342
0 28 772.466064 409.250153
0 29 1161.737183 351.919647
0 30 1097.569092 243.020416
0 31 1000.365601 343.483307
0 33 1024.254150 309.335602
0 35 1068.371094 248.833252
0 37 1018.349670 251.745605
0 39 1097.775513 189.949081
0 40 1075.549438 257.418457
0 43 1651.399902 578.424194
0 46 787.883179 215.066788
0 53 544.099915 562.457825
0 55 670.991760 239.655746
0 59 601.502014 531.367371
0 131 1466.295044 966.882324
0 187 912.309814 683.652893
0 192 829.958618 590.379700
0 210 1760.011108 445.041138
0 213 1695.750122 426.343536
0 218 1407.663452 336.312042
0 227 1181.187622 265.723145
0 228 878.342285 274.340393
0 229 445.426514 531.761597
0 231 418.062256 329.348297
0 244 991.596313 738.937439
0 245 1004.423889 841.105530
0 246 838.687500 1023.321655
0 247 960.759766 1013.151733
0 252 1488.867188 201.020844
