0 1578512666 975.693054 622.547974
0 1524823287 438.278961 723.339844
0 1478234209 1488.705566 650.437012
0 1707269176 1089.199829 657.600220
0 1438989626 883.378296 649.748169
0 1524801259 598.041809 676.116943
0 1438992629 945.320190 646.619507
0 1478227200 1516.878784 611.896057
0 1524854327 634.414978 693.251343
0 1478249229 1523.800171 589.324402
0 1524807266 569.617493 632.644653
0 1524863340 429.712769 697.062561
0 1524831297 532.150391 645.077209
0 1478229202 1495.583984 607.243835
0 1568509654 960.818970 651.777039
0 1524790246 451.408417 689.667725
0 1578523681 1045.734497 693.052612
0 1478207175 1557.159790 604.124817
0 1524861337 471.307220 743.448486
0 1478210178 1574.374390 633.206055
0 1524862338 591.002014 642.087952
0 1478186149 1529.087524 623.116882
0 1524797254 493.139008 658.022339
0 1578518674 1071.891113 652.255066
0 1438985621 1043.777954 679.383362
0 1524857331 471.781982 721.669434
0 1478203170 1583.653564 626.484009
0 1438994632 1005.440369 621.036987
0 1578520676 914.337097 648.184387
0 1478237213 1350.320068 626.163269
0 1568511657 1020.942749 625.710510
0 1775370079 960.829468 617.957886
0 1478195160 1524.728638 669.170410
0 1568510655 990.261169 616.460999
0 1478257240 1381.645630 624.580994
0 1578521677 1067.201294 628.943420
0 1524794250 516.876953 726.503662
0 1524812272 589.898071 689.021484
0 1769859072 1022.223145 636.917053
0 1578525683 945.651001 635.100525
0 1770636073 1083.719116 633.806396
0 1524846317 441.348633 684.007568
0 1524833300 578.144348 683.295532
0 1568511656 1029.543945 700.988647
0 1438985620 1009.451172 667.960449
0 1478185148 1535.116089 661.645569
0 1707993177 1145.310547 630.690979
0 1478189152 1361.636475 619.748657
0 1524791247 461.697662 695.456970
0 1524830296 472.637390 682.431946
0 2088218948 1024.955566 660.830322
0 1524827292 460.892273 715.299866
0 1606348170 1059.257935 671.959534
0 1524855329 624.813904 657.019043
0 1478183145 1330.660645 621.315491
0 1438990627 1036.778809 630.484436
0 1524840309 482.934998 728.192932
0 1478222194 1423.660645 616.611206
0 1709860179 1017.403687 594.736755
0 1478188151 1434.378174 593.872559
0 1438988624 1040.123901 653.854797
0 1478243222 1434.636841 578.368958
0 1524843313 397.753845 698.666870
0 1524844315 512.843628 651.483765
0 1524858333 417.543854 710.715698
0 1524811271 613.302063 651.935486
0 1524859334 427.789062 716.953308
0 1478216186 1402.101562 629.521301
0 1524851324 528.723389 733.169067
0 1524814275 629.455444 674.534973
0 1578514668 1100.600342 638.776428
0 1478184146 1392.636597 618.180603
0 1524829294 483.054199 688.076599
0 1478176143 1404.615479 595.386353
0 1524860336 648.601379 667.523438
0 1478222193 1484.456055 596.705933
0 1438997636 976.665771 657.050354
0 1478194158 1383.569214 607.316223
0 1478201168 1548.000000 610.321838
0 1478187150 1521.932861 648.771729
0 1478205172 1538.644653 616.651123
0 1524838306 553.174683 654.981201
0 1568514660 1121.360962 655.983154
0 1524865342 673.464783 678.502930
0 2085418945 1078.687744 611.963501
0 1524808268 609.892212 681.699280
0 1478200167 1497.303101 624.719910
0 1478194159 1526.360107 605.684937
0 1568501643 1086.399536 645.443481
0 1478239216 1353.223511 608.855530
0 1524820283 601.923340 694.879761
0 1438989625 1097.647217 627.401184
0 1568505649 1057.064697 659.215942
0 1478255237 1501.102539 663.344421
0 1524804262 660.894043 672.951843
0 1568506650 1114.502808 632.249329
0 1478217187 1433.497192 646.673828
0 1568505648 1081.150757 622.656433
0 1568497640 1092.127930 670.312256
0 1578511665 1106.906494 663.068298
0 1478258241 1509.341431 636.475891
0 1524796253 544.424072 666.868408
0 1478206173 1535.645386 599.602173
0 1524826291 594.409058 658.557007
0 1578529688 1062.891968 607.523376
0 1478233207 1555.187866 647.105103
0 1708834178 1054.967041 647.028748
0 1478189153 1454.347900 598.235229
0 1568499641 960.826050 628.759888
0 1478245224 1545.266357 654.292419
0 1524852325 583.226868 653.458923
0 1478219190 1415.655273 574.378784
0 1578525682 1035.209961 619.524902
0 1478232206 1444.291382 588.099609
0 1524818280 557.808838 690.632324
0 1524850322 561.565247 643.583130
0 1438996635 1103.683838 650.654053
0 1524832299 546.422119 684.890503
0 1478242220 1541.844604 634.841675
0 1524789245 388.193298 692.846130
0 1438999639 913.309265 660.240906
0 1478196161 1476.864868 638.108765
0 1478252234 1411.990967 641.370544
0 1524803261 494.023407 713.645081
0 1478211179 1483.210205 580.951965
0 1578523680 1004.539246 610.495117
0 1578530689 944.974854 658.646240
0 1568508653 960.811279 676.893433
0 1524826290 551.071167 638.798828
0 1524847319 513.754089 668.417542
0 1524810270 614.229797 700.874878
0 1524835302 566.653259 677.697571
0 1524821284 407.534851 704.621826
0 1524799257 535.289673 679.276917
0 1478233208 1434.103027 610.358154
0 1608354172 1111.289062 621.127625
0 1524835303 641.665649 680.101807
0 1478251232 1478.034790 657.656250
0 1524812273 617.515076 669.091248
0 1706512175 899.517151 643.123840
0 1438986622 1003.673950 600.372192
0 1478211180 1507.195190 618.239624
0 1524823286 439.866272 703.001465
0 1478223195 1423.019409 634.573181
0 1478244223 1475.770630 619.826843
0 1438987623 1065.002075 618.011658
0 1478193157 1464.831787 608.801636
0 1478198164 1531.999756 641.729065
0 1524862339 504.609039 699.756775
0 1478236212 1364.159668 602.816223
0 1478240217 1372.717041 613.467651
0 1478214183 1560.897339 621.512573
0 1578521678 977.019165 669.588440
0 1524844314 572.281433 648.468811
0 1524848320 560.369385 710.331238
0 1524806265 555.415894 672.223206
0 1524787243 503.335205 663.163818
0 1478241219 1424.262451 599.763367
0 1524799256 586.453247 670.657837
0 1478190154 1385.375854 591.100037
0 1478226198 1444.329956 604.234192
0 1478208176 1514.587158 595.175476
0 1478214184 1370.418213 631.119263
0 2084722944 1051.035400 624.184021
0 1578522679 976.327515 645.053345
0 1524825289 410.084778 685.581970
0 1774531078 960.815186 664.055237
0 1525674169 960.822632 640.022827
0 1478197162 1587.983398 602.563416
0 1524815276 605.835754 663.766602
0 1768901071 989.673828 606.118591
0 1578526684 1006.379456 632.024292
0 1478182144 1551.474854 628.104431
0 1524853326 580.198853 637.317322
0 1478218189 1342.059570 615.020569
0 1578513667 1038.415161 641.917297
0 1438983618 1069.495483 640.347473
0 1478224196 1403.398193 611.913513
0 1478247227 1592.732666 619.906982
0 1524792248 506.069977 741.724792
0 1524795252 419.788147 691.257568
0 1524808267 537.020386 698.132446
0 1478191155 1414.822754 589.600403
0 1524856330 473.024017 664.696960
0 1478236211 1455.505981 652.100830
0 1478258242 1610.315308 607.169739
0 1478212181 1394.199707 601.290405
0 1478185147 1412.995972 622.997559
0 1568502645 1026.415039 673.605530
0 1568508652 1052.959229 635.362305
0 1438984619 1131.729492 637.204102
0 1659977623 1022.884155 642.701782
0 1478209177 1564.888062 640.078064
0 1438982617 1007.359192 643.485962
0 1524805264 538.873840 718.324280
0 1771287074 1027.942993 686.977356
0 2087111947 1019.714722 614.962952
0 1524817279 602.033936 646.959595
0 1524795251 533.669739 661.629395
0 1478230204 1454.709229 615.040710
0 1478230203 1579.145386 608.746460
0 1524847318 482.996704 707.440857
0 1578516671 1077.014160 677.720459
0 1568513659 991.510986 638.470581
0 1578529687 1010.569580 681.044861
0 1524819282 564.027710 660.093811
0 1478253235 1413.937988 605.775757
0 1524836304 514.725403 686.484192
0 1478243221 1570.118774 615.061401
0 1568501644 1149.339355 642.269165
0 1438998637 977.389038 682.705017
0 1524816278 593.584412 708.672302
0 1705773174 930.802002 630.282837
0 1524845316 431.510712 678.472229
0 1524842312 452.485748 671.512146
0 1568507651 898.177734 654.936279
0 1438999638 1033.704834 609.009827
0 1478252233 1390.970093 636.187073
0 1438993630 975.395020 611.979370
0 1478237214 1454.008423 582.441040
0 1524857332 460.028473 736.581604
0 1478248228 1444.370972 621.412842
0 1478225197 1405.760132 579.843262
0 1524859335 493.414490 675.350220
0 1524832298 524.402954 673.787292
0 1478200166 1425.360352 569.019409
0 1478250231 1466.304321 645.026917
0 1478245225 1473.781982 586.597778
0 1438995633 915.321655 636.636841
0 1524804263 515.763977 705.801453
0 1524839308 503.951050 680.855042
0 1524849321 622.013489 687.409302
0 1568512658 930.158020 641.573914
0 1568514661 992.872375 662.443481
0 1478231205 1511.636475 655.974976
0 1773608077 990.872925 627.235718
0 1438977615 1074.394775 664.700317
0 1524834301 505.313660 719.997559
0 1607644171 1117.857056 643.856934
0 1524800258 462.450409 676.911804
0 1568504647 1018.536072 604.646851
0 1568500642 1023.559448 648.612732
0 1478256239 1465.543945 626.321655
0 1524815277 572.462708 716.649536
0 1568503646 1061.553711 685.298584
0 1478220191 1493.970459 590.841614
0 1478207174 1519.322266 629.723572
0 1524841311 449.022339 729.880737
0 1478213182 1464.163208 592.357666
0 1524813274 548.558594 704.160583
0 1568516663 1049.190186 613.463745
0 1578517672 1032.259644 598.912720
0 1578527685 1135.501953 649.051819
0 1478240218 1455.094360 632.957947
0 1478215185 1424.827881 583.929077
0 1524838307 550.848267 724.812927
0 1478197163 1487.195312 631.341370
0 1478221192 1444.414673 639.740295
0 1524819281 483.107971 669.965454
0 2086284946 992.176758 650.195557
0 1524824288 636.577576 662.213867
0 1524802260 482.868805 750.487549
0 1478226199 1485.781860 613.468994
0 1578518673 1094.816528 616.497253
0 1438981616 945.968079 624.057861
0 1478238215 1395.668945 585.415955
0 1609135173 993.599609 675.250183
0 1524837305 494.360962 734.876099
0 1524793249 569.458496 696.506775
0 1568515662 994.360779 688.654663
0 1568516664 928.783997 665.665771
0 1438991628 944.613892 671.215210
0 1478249230 1374.874878 596.898987
0 1438996634 976.003540 633.563049
0 1578519675 1128.116577 625.857788
0 1524829295 450.256622 709.078918
0 1524864341 527.182373 711.988892
0 1478255238 1463.534546 576.893555
0 1438993631 1011.740784 694.747498
0 1524788244 581.380493 702.518433
0 1772785076 1047.419189 603.174011
0 1524828293 575.117981 665.318115
0 1478203171 1503.294434 585.094727
0 1524798255 523.145386 656.502319
0 1478199165 1474.745117 602.691345
0 1578528686 1008.382080 655.453186
0 1478192156 1505.183716 601.147339
0 1478228201 1499.138428 643.378662
0 1772037075 929.485962 653.357300
0 1578515670 1041.909668 666.330994
0 1524851323 525.745667 692.241882
0 1478218188 1544.740845 593.643860
0 1478202169 1433.810059 627.922119
0 1478254236 1566.130371 598.055847
0 1478246226 1444.255249 572.916809
0 1524809269 472.224304 701.379822
0 1524822285 542.551331 649.976868
0 1524841310 654.155090 685.795898
0 1478235210 1601.617798 613.470398
0 1578515669 1162.883179 635.630554
0 1524854328 493.708649 693.850098
0 0 1305.467407 685.853882
0 1 832.848083 763.677612
0 2 676.459412 640.532898
0 3 1037.304932 870.411621
0 4 941.398315 781.670471
0 5 1485.733643 566.949036
0 6 905.331787 880.179138
0 7 1315.108032 776.833618
0 8 1352.606201 744.380554
0 9 1252.717529 542.524902
0 10 1189.924438 859.073181
0 11 1459.411743 536.510315
0 12 1402.315063 679.890869
0 13 1423.913452 605.434570
0 14 511.314819 652.157288
0 15 842.167297 566.454712
0 16 1249.188232 710.788696
0 17 674.067932 570.572937
0 18 1347.023926 665.517273
0 19 689.263794 624.160095
0 20 915.597839 500.516571
0 21 1441.115967 754.633118
0 22 955.139709 490.387054
0 23 1260.673340 745.218689
0 24 1533.420166 553.647278
0 25 845.992737 583.969971
0 26 980.108154 536.916077
0 27 1227.113892 482.146820
0 28 833.592957 522.302551
0 29 1321.732300 843.400330
0 30 899.080933 749.739319
0 31 1393.426636 635.248352
0 32 1029.049316 524.004395
0 33 1091.030518 534.578186
0 34 912.260376 539.244873
0 35 1343.579468 503.479523
0 36 793.654541 597.625671
0 37 1173.830444 548.583923
0 38 728.590942 547.138794
0 39 973.180847 525.812988
