0 1578512666 903.825256 278.673676
0 1524823287 358.560516 142.848190
0 1478234209 1346.165649 693.402405
0 1707269176 902.593018 389.440643
0 1438989626 764.275146 261.685059
0 1524801259 529.305237 158.063248
0 1438992629 817.312866 291.127167
0 1478227200 1531.134521 666.259460
0 1524854327 512.507874 191.888092
0 1478249229 1630.948853 639.843689
0 1524807266 605.690613 99.537453
0 1524863340 404.940735 113.243355
0 1524831297 559.006958 98.252693
0 1478229202 1517.855347 638.674927
0 1568509654 815.741089 305.910309
0 1524790246 429.149658 113.894600
0 1578523681 772.555481 405.245544
0 1478207175 1623.814575 695.750305
0 1524861337 334.509552 175.726654
0 1478210178 1533.340576 756.538391
0 1524862338 597.559998 118.424980
0 1478186149 1505.452148 694.749390
0 1524797254 512.181641 96.963997
0 1578518674 902.787354 371.967010
0 1438985621 807.045532 387.692963
0 1524857331 376.399994 154.155167
0 1478203170 1574.722290 756.803162
0 1438994632 932.342346 293.594788
0 1578520676 790.399841 276.187286
0 1478237213 1259.131958 536.388062
0 1568511657 932.643616 308.361511
0 1775370079 903.979431 264.810944
0 1478195160 1324.698608 755.203613
0 1568510655 932.050476 279.292419
0 1478257240 1302.220825 560.307373
0 1578521677 963.337097 339.981079
0 1524794250 387.234436 177.035843
0 1524812272 498.121033 168.370361
0 1769859072 903.332031 323.009186
0 1578525683 847.217712 277.432770
0 1770636073 964.181885 356.278748
0 1524846317 435.495209 104.335594
0 1524833300 503.925720 157.414566
0 1568511656 739.923706 404.668030
0 1438985620 810.702515 353.298645
0 1478185148 1366.659668 755.472046
0 1707993177 1029.065918 391.754028
0 1478189152 1294.482300 536.870178
0 1524791247 422.633423 123.710640
0 1524830296 453.320831 114.544807
0 2088218948 841.521973 353.897064
0 1524827292 383.831177 143.502884
0 1606348170 838.961060 388.276764
0 1524855329 584.526245 148.702484
0 1478183145 1252.378540 513.849976
0 1438990627 932.954834 323.615509
0 1524840309 368.757416 165.110428
0 1478222194 1383.611084 585.601135
0 1709860179 1014.829773 267.291260
0 1478188151 1481.237671 562.609924
0 1438988624 872.279419 354.494293
0 1478243222 1539.634033 540.213196
0 1524843313 387.684723 103.034401
0 1524844315 535.612061 97.608826
0 1524858333 373.514801 122.405128
0 1524811271 588.988586 138.336441
0 1524859334 366.139771 132.487137
0 1478216186 1310.280273 584.717163
0 1524851324 379.533356 188.636765
0 1524814275 549.565247 169.666733
0 1578514668 965.055908 373.141663
0 1478184146 1338.195190 560.770081
0 1524829294 447.134491 124.361839
0 1478176143 1435.059204 538.787170
0 1524860336 575.223267 170.313309
0 1478222193 1542.149414 612.667175
0 1438997636 814.117188 321.183105
0 1478194158 1364.935059 537.830872
0 1478201168 1584.464600 695.417603
0 1478187150 1397.066406 724.023438
0 1478205172 1545.010620 695.083923
0 1524838306 549.629822 117.135628
0 1568514660 934.678955 408.114838
0 1524865342 565.379333 193.180847
0 2085418945 1021.479370 325.427460
0 1524808268 523.864563 169.019073
0 1478200167 1453.622803 665.529480
0 1478194159 1569.740234 666.622925
0 1568501643 933.953430 372.554962
0 1478239216 1321.634277 514.845886
0 1524820283 492.149689 179.640945
0 1438989625 994.693237 356.871185
0 1568505649 871.557617 371.377899
0 1478255237 1315.172729 723.413208
0 1524804262 570.371826 181.583237
0 1568506650 996.094910 373.727173
0 1478217187 1289.072998 636.310486
0 1568505648 993.338501 340.579651
0 1568497640 870.035767 406.970795
0 1578511665 902.391602 407.543396
0 1478258241 1426.020386 694.077637
0 1524796253 520.405945 126.309319
0 1478206173 1608.246216 666.985535
0 1524826291 564.385620 137.690643
0 1578529688 1019.736328 310.187683
0 1478233207 1450.231689 756.006775
0 1708834178 902.975098 355.090302
0 1478189153 1492.940186 586.919189
0 1568499641 875.547668 278.053772
0 1478245224 1408.503906 755.739807
0 1524852325 569.061279 127.602509
0 1478219190 1527.507080 517.806458
0 1578525682 961.729858 308.971405
0 1478232206 1516.786011 563.067139
0 1524818280 478.504395 156.764832
0 1524850322 578.046997 108.215118
0 1438996635 934.309814 390.020813
0 1524832299 484.504120 146.111115
0 1478242220 1478.515991 724.630371
0 1524789245 394.494537 93.725159
0 1438999639 759.472168 289.886383
0 1478196161 1375.708252 664.795776
0 1478252234 1281.111450 609.740051
0 1524803261 401.989197 154.809204
0 1478211179 1601.476318 588.227539
0 1578523680 960.223633 279.909973
0 1578530689 786.375244 305.294525
0 1568508653 751.659790 335.757812
0 1524826290 582.366455 98.895554
0 1524847319 501.550323 115.842239
0 1524810270 486.004211 191.240067
0 1524835302 509.570374 146.760529
0 1524821284 380.693909 112.591080
0 1524799257 490.340698 135.747131
0 1478233208 1420.142700 586.041565
0 1608354172 1025.143677 357.462433
0 1524835303 544.341797 180.936890
0 1478251232 1306.078735 693.063354
0 1524812273 554.643188 158.710831
0 1706512175 792.318176 262.312500
0 1438986622 987.192749 266.672882
0 1478211180 1492.428833 665.894958
0 1524823286 398.093567 123.058418
0 1478223195 1318.681396 610.161316
0 1478244223 1441.981567 637.890747
0 1438987623 992.028320 324.824646
0 1478193157 1468.029541 611.836060
0 1478198164 1437.846558 724.327332
0 1524862339 434.249390 144.809113
0 1478236212 1356.143066 515.342163
0 1478240217 1329.749878 537.351074
0 1478214183 1559.524902 725.233948
0 1578521678 782.079346 336.364716
0 1524844314 573.613525 117.780800
0 1524848320 439.780823 178.340576
0 1524806265 515.061768 136.395996
0 1524787243 506.935455 106.279831
0 1478241219 1445.604614 562.151611
0 1524799256 534.596130 147.408920
0 1478190154 1424.923950 516.331238
0 1478226198 1456.585571 586.480835
0 1478208176 1593.346191 639.455078
0 1478214184 1266.160278 559.843567
0 2084722944 962.520203 324.220642
0 1578522679 845.050659 306.524872
0 1524825289 418.103607 94.374908
0 1774531078 784.262939 320.572052
0 1525674169 846.151550 291.745819
0 1478197162 1680.219727 726.133301
0 1524815276 559.581360 148.056229
0 1768901071 959.505432 266.053375
0 1578526684 903.501770 307.750458
0 1478182144 1519.075317 724.932617
0 1524853326 601.678284 108.858223
0 1478218189 1287.046265 514.348511
0 1578513667 903.156555 338.780365
0 1438983618 933.609253 355.685120
0 1478224196 1374.083740 561.231689
0 1478247227 1615.989624 757.067139
0 1524792248 352.801056 187.983154
0 1524795252 411.608398 103.685501
0 1524808267 453.041290 156.114029
0 1478191155 1469.998779 539.263611
0 1524856330 488.715698 96.318207
0 1478236211 1297.387451 664.058289
0 1478258242 1698.183105 757.593018
0 1478212181 1400.038086 538.309570
0 1478185147 1346.990479 585.159668
0 1568502645 808.905884 370.196045
0 1568508652 933.276550 339.381287
0 1438984619 997.546021 391.177460
0 1659977623 888.288391 330.526825
0 1478209177 1491.843750 756.272949
0 1438982617 873.651611 322.401672
0 1524805264 413.529877 177.688751
0 1771287074 775.063293 387.107971
0 2087111947 960.964722 294.208801
0 1524817279 593.331604 128.247574
0 1524795251 525.608704 116.489426
0 1478230204 1430.831543 611.418884
0 1478230203 1640.096680 725.834351
0 1524847318 409.060760 144.156540
0 1578516671 837.611328 406.396912
0 1568513659 874.304199 307.138245
0 1578529687 777.483582 369.603302
0 1524819282 544.752808 126.956421
0 1478253235 1409.886841 561.692139
0 1524836304 465.580017 135.097214
0 1478243221 1599.865112 725.534546
0 1568501644 999.049194 409.254089
0 1438998637 748.876892 352.098206
0 1524816278 459.454987 190.590927
0 1705773174 848.250793 263.564026
0 1524845316 441.676758 95.023682
0 1524842312 465.214111 95.671440
0 1568507651 761.911621 275.562805
0 1438999638 989.533447 294.821655
0 1478252233 1273.480591 584.273499
0 1438993630 931.767700 265.432739
0 1478237214 1552.250000 563.523315
0 1524857332 342.754761 164.455200
0 1478248228 1393.541138 611.000793
0 1478225197 1493.390747 517.315857
0 1524859335 477.454315 115.194016
0 1524832298 496.020630 125.661156
0 1478200166 1561.545776 518.295959
0 1478250231 1336.598877 664.427490
0 1478245225 1565.385132 587.792542
0 1438995633 820.310059 262.938843
0 1524804263 427.536285 155.462158
0 1524839308 471.596863 125.012009
0 1524849321 518.267700 180.289459
0 1568512658 818.835144 276.810608
0 1568514661 812.438599 336.970428
0 1478231205 1356.175415 723.718811
0 1773608077 903.666138 292.979614
0 1438977615 870.810120 388.859314
0 1524834301 394.716675 165.764603
0 1607644171 965.960754 390.599762
0 1524800258 459.345245 104.984650
0 1568504647 988.344727 280.526398
0 1568500642 872.977051 338.178223
0 1478256239 1403.900024 637.497253
0 1524815277 432.860199 189.940659
0 1568503646 805.117920 405.821838
0 1478220191 1579.071899 613.081177
0 1478207174 1465.788940 694.413940
0 1524841311 350.768524 153.500076
0 1478213182 1529.206543 587.356323
0 1524813274 446.505127 167.069641
0 1568516663 990.760681 309.580139
0 1578517672 1016.414001 281.141724
0 1578527685 966.898132 408.685059
0 1478240218 1365.721680 637.102661
0 1478215185 1504.856934 539.738953
0 1524838307 406.219696 189.289276
0 1478197163 1414.716064 665.163086
0 1478221192 1327.446167 636.707092
0 1524819281 483.158630 105.632744
0 2086284946 843.913391 321.792969
0 1524824288 579.939514 159.357376
0 1524802260 326.022705 187.328400
0 1478226199 1479.966431 638.283386
0 1578518673 1023.280884 341.177032
0 1438981616 876.140564 264.188049
0 1478238215 1459.196289 516.824158
0 1609135173 779.820862 352.699005
0 1524837305 360.894348 176.381805
0 1524793249 472.334625 167.720566
0 1568515662 745.996765 369.009338
0 1568516664 756.953064 304.677582
0 1438991628 754.350342 319.959808
0 1478249230 1390.572876 515.837280
0 1438996634 874.935913 292.363312
0 1578519675 1027.070801 374.311523
0 1524829295 391.059631 133.141235
0 1524864341 420.632477 166.417648
0 1478255238 1587.630127 563.978394
0 1438993631 743.014160 386.521759
0 1524788244 465.987396 178.991333
0 1772785076 1018.048645 295.433380
0 1524828293 539.743408 137.043839
0 1478203171 1615.903442 613.494202
0 1524798255 530.675720 106.925888
0 1478199165 1505.135376 612.252136
0 1578528686 842.737793 337.574921
0 1478192156 1555.648438 639.065491
0 1478228201 1386.145996 693.740479
0 1772037075 788.419861 290.507355
0 1578515670 840.263794 370.787598
0 1524851323 459.397125 145.460648
0 1478218188 1646.653320 667.347229
0 1478202169 1356.157837 610.581543
0 1478254236 1663.060791 696.082214
0 1478246226 1574.330566 540.686340
0 1524809269 415.939606 133.794266
0 1524822285 554.379517 107.570976
0 1524841310 538.966248 192.535034
0 1478235210 1657.143066 757.330444
0 1578515669 1031.132568 409.821899
0 1524854328 440.779663 134.446259
0 5 255.195236 38.342957
0 6 1181.995972 120.185173
0 7 1111.372437 74.607338
0 10 1164.792847 88.033363
0 13 1120.444214 102.328033
0 14 162.191559 247.130219
0 17 72.616905 352.908325
0 20 65.360153 255.723068
0 21 34.823574 996.141052
0 23 1087.620972 210.957565
0 24 1690.661255 521.038452
0 25 929.270264 210.578598
0 26 489.838531 563.479980
0 27 1218.835815 426.553925
0 28 1331.249756 472.762543
0 29 1248.682495 470.105865
0 30 1796.703125 835.673706
0 31 1009.304688 213.081223
0 33 626.346985 577.666687
0 35 1787.208862 618.627197
0 36 766.657410 871.752197
0 53 1605.082764 186.520798
0 73 1709.413452 636.620361
0 77 1696.577637 313.193756
0 81 1568.276489 155.361572
0 84 1184.269165 32.817005
0 85 1241.902710 48.041222
0 102 377.545685 14.419697
