0 1578512666 927.538696 625.100037
0 1524823287 1365.500854 575.547058
0 1478234209 467.419830 550.816833
0 1707269176 821.828369 577.835327
0 1438989626 1017.401611 603.923950
0 1524801259 1278.266602 603.690186
0 1438992629 956.833374 601.285950
0 1478227200 375.141632 582.174316
0 1524854327 1225.057617 584.772339
0 1478249229 317.692566 606.010925
0 1524807266 1373.738159 657.154236
0 1524863340 1411.691772 598.505493
0 1524831297 1394.192871 644.906555
0 1478229202 385.738556 588.985413
0 1568509654 941.220520 594.659912
0 1524790246 1402.588745 603.578857
0 1578523681 868.091736 552.906128
0 1478207175 320.355499 586.173279
0 1524861337 1313.227539 558.482605
0 1478210178 365.853210 557.623169
0 1524862338 1333.088623 642.313049
0 1478186149 386.209229 570.341064
0 1524797254 1413.743286 633.200500
0 1578518674 836.064026 584.200317
0 1438985621 867.450745 563.352295
0 1524857331 1338.440552 574.315308
0 1478203170 344.592316 562.538818
0 1438994632 895.727966 623.749878
0 1578520676 987.158203 602.606750
0 1478237213 555.055115 583.787048
0 1568511657 880.014587 616.594788
0 1775370079 943.877380 632.405273
0 1478195160 465.511108 534.581543
0 1568510655 911.763611 631.051636
0 1478257240 523.555908 582.415100
0 1578521677 833.306152 608.235596
0 1524794250 1294.016357 567.300781
0 1524812272 1270.851318 592.227478
0 1769859072 880.451538 604.046631
0 1578525683 958.021057 613.599609
0 1770636073 818.497070 601.364929
0 1524846317 1421.863159 610.019226
0 1524833300 1288.824951 598.536072
0 1568511656 882.386719 548.471924
0 1438985620 896.131836 575.524414
0 1478185148 446.419067 538.995789
0 1707993177 756.202759 598.668518
0 1478189152 535.455872 589.113525
0 1524791247 1383.666382 597.256287
0 1524830296 1393.292358 608.759949
0 2088218948 881.272461 580.470276
0 1524827292 1356.265259 580.201660
0 1606348170 852.564209 568.078064
0 1524855329 1275.061279 621.127258
0 1478183145 567.252808 590.489807
0 1438990627 864.613892 609.582153
0 1524840309 1320.927002 568.531738
0 1478222194 471.597290 586.349426
0 1709860179 878.583313 657.698486
0 1478188151 418.861786 610.275330
0 1438988624 866.090210 585.523682
0 1478243222 384.700958 630.084167
0 1524843313 1439.646240 599.751526
0 1524844315 1404.077271 638.988037
0 1524858333 1401.909790 587.432617
0 1524811271 1294.026001 628.051331
0 1524859334 1383.543945 581.437134
0 1478216186 511.888977 575.847961
0 1524851324 1277.018433 561.621094
0 1524814275 1249.323242 602.414612
0 1578514668 803.977295 594.628540
0 1478184146 503.570892 587.733337
0 1524829294 1374.256836 602.322998
0 1478176143 452.389252 611.688538
0 1524860336 1238.210571 607.673096
0 1478222193 374.299713 601.618469
0 1438997636 925.904846 588.160034
0 1478194158 494.889221 600.138306
0 1478201168 342.810181 580.774841
0 1478187150 437.250793 549.464722
0 1478205172 364.755737 575.498840
0 1524838306 1354.046143 630.632812
0 1568514660 791.989197 576.512634
0 1524865342 1202.731567 594.719788
0 2085418945 814.872192 626.967529
0 1524808268 1260.201050 597.267212
0 1478200167 417.757629 571.723389
0 1478194159 353.093109 587.581360
0 1568501643 820.197144 589.357056
0 1478239216 527.482422 601.531006
0 1524820283 1253.204834 586.033875
0 1438989625 801.911804 606.885315
0 1568505649 851.589355 579.154541
0 1478255237 475.980408 540.334534
0 1524804262 1220.304443 601.135559
0 1568506650 787.392578 600.018555
0 1478217187 508.581787 558.249451
0 1568505648 816.723694 613.890381
0 1568497640 823.394897 566.770813
0 1578511665 807.859741 571.589722
0 1478258241 427.704956 560.364868
0 1524796253 1344.802490 618.183472
0 1478206173 330.527863 593.115112
0 1524826291 1304.847168 622.416565
0 1578529688 830.302734 634.410461
0 1478233207 407.002838 548.109070
0 1708834178 850.574402 590.688110
0 1478189153 407.591736 603.031494
0 1568499641 942.953796 619.284180
0 1478245224 426.920685 543.503967
0 1524852325 1324.076660 629.343811
0 1478219190 396.248718 637.964661
0 1578525682 863.827576 622.395874
0 1478232206 396.405914 616.251038
0 1524818280 1299.162720 593.489441
0 1524850322 1363.682739 643.611572
0 1438996635 805.958252 582.873413
0 1524832299 1317.375366 599.801575
0 1478242220 396.820435 558.995850
0 1524789245 1459.035156 606.081055
0 1438999639 985.404602 590.782471
0 1478196161 458.507172 561.730286
0 1478252234 519.865784 564.450073
0 1524803261 1328.919434 578.963257
0 1478211179 338.885162 620.938904
0 1578523680 895.615784 637.143921
0 1578530689 955.693909 589.472961
0 1568508653 939.624084 571.979858
0 1524826290 1384.082397 650.960388
0 1524847319 1374.094849 619.459229
0 1524810270 1235.876709 579.951904
0 1524835302 1307.135010 604.962585
0 1524821284 1420.607666 593.536377
0 1524799257 1335.928467 606.231628
0 1478233208 450.754333 591.781799
0 1608354172 784.945435 612.532471
0 1524835303 1231.503418 595.995117
0 1478251232 486.644897 546.194885
0 1524812273 1267.480713 608.955627
0 1706512175 1003.352051 609.366394
0 1438986622 895.498535 651.145935
0 1478211180 396.690887 576.889709
0 1524823286 1392.882080 592.293823
0 1478223195 500.448242 569.408081
0 1478244223 428.538116 578.276794
0 1438987623 831.837158 621.038086
0 1478193157 418.292145 590.385620
0 1478198164 417.255157 554.178528
0 1524862339 1337.221924 589.799316
0 1478236212 506.895905 607.246399
0 1478240217 515.405823 594.562500
0 1478214183 354.574646 568.954895
0 1578521678 925.403687 576.829224
0 1524844314 1343.684814 636.407471
0 1524848320 1274.024902 576.477112
0 1524806265 1325.790894 611.510559
0 1524787243 1393.728271 626.263794
0 1478241219 440.788147 604.440491
0 1524799256 1296.673950 610.234741
0 1478190154 464.235657 619.089844
0 1478226198 429.424866 597.341064
0 1478208176 340.911743 600.201416
0 1478214184 543.095886 577.215332
0 2084722944 848.413269 615.244446
0 1578522679 926.426880 599.961670
0 1524825289 1450.360352 611.275208
0 1774531078 940.406250 583.091553
0 1525674169 942.068970 606.713745
0 1478197162 287.525269 584.761292
0 1524815276 1285.985229 615.621765
0 1768901071 912.009888 644.749878
0 1578526684 895.835388 610.924988
0 1478182144 375.932007 563.920105
0 1524853326 1353.208984 649.659058
0 1478218189 547.596008 595.947021
0 1578513667 865.367432 597.302307
0 1438983618 834.713867 595.967163
0 1478224196 483.125427 593.174133
0 1478247227 322.853394 567.565063
0 1524792248 1286.801514 557.262268
0 1524795252 1430.847900 604.831543
0 1524808267 1309.286743 588.547302
0 1478191155 430.370544 617.672546
0 1524856330 1423.197632 627.539368
0 1478236211 497.510101 552.165405
0 1478258242 277.875671 577.964172
0 1478212181 473.889435 605.845398
0 1478185147 491.970245 581.039490
0 1568502645 881.658630 569.382019
0 1568508652 849.516602 602.707642
0 1438984619 773.157349 593.286194
0 1659977623 880.663208 597.968506
0 1478209177 386.651733 552.814392
0 1438982617 895.938293 598.633789
0 1524805264 1284.121216 571.842834
0 1771287074 882.029724 558.724121
0 2087111947 879.558472 629.694153
0 1524817279 1313.364868 635.111877
0 1524795251 1364.180420 624.984802
0 1478230204 439.534790 584.961609
0 1478230203 310.388336 579.371521
0 1524847318 1346.840820 584.951416
0 1578516671 838.605347 562.052612
0 1568513659 911.302185 605.382019
0 1578529687 896.222961 564.648621
0 1524819282 1334.553345 623.702393
0 1478253235 462.203491 598.741638
0 1524836304 1345.852539 601.063904
0 1478243221 332.732300 574.104065
0 1568501644 759.197876 586.684265
0 1438998637 924.922119 565.941711
0 1524816278 1246.475830 575.229431
0 1705773174 974.292419 620.623352
0 1524845316 1441.499878 616.580566
0 1524842312 1432.447754 622.000732
0 1568507651 1001.249756 597.290222
0 1438999638 863.006348 635.779114
0 1478252233 531.368408 570.770935
0 1438993630 928.131592 638.504761
0 1478237214 373.401093 622.372864
0 1524857332 1330.350830 564.072388
0 1478248228 460.297791 579.660034
0 1478225197 419.470184 631.517822
0 1524859335 1383.796509 614.052185
0 1524832298 1354.831543 612.783020
0 1478200166 372.439789 644.574585
0 1478250231 478.219879 556.896057
0 1478245225 362.341278 614.825378
0 1438995633 988.985962 614.931396
0 1524804263 1319.203491 583.706238
0 1524839308 1364.647461 607.497437
0 1524849321 1242.467773 590.962341
0 1568512658 972.752136 608.041809
0 1568514661 910.877991 581.782654
0 1478231205 456.821411 544.851135
0 1773608077 911.527954 617.941345
0 1438977615 837.360107 572.904663
0 1524834301 1311.314087 573.080566
0 1607644171 789.738403 588.022461
0 1524800258 1412.685791 615.318054
0 1568504647 879.081848 643.381897
0 1568500642 880.870483 592.015564
0 1478256239 449.220154 573.102051
0 1524815277 1256.861572 570.602051
0 1568503646 853.501099 557.432068
0 1478220191 351.513885 607.436523
0 1478207174 407.187103 565.297668
0 1524841311 1347.772583 569.759705
0 1478213182 385.236847 608.858032
0 1524813274 1291.497192 582.457947
0 1568516663 847.261475 628.332825
0 1578517672 862.147766 649.770813
0 1578527685 775.772461 581.542908
0 1478240218 469.444916 568.041687
0 1478215185 407.814453 623.802612
0 1524838307 1267.040405 566.066833
0 1478197163 438.357941 566.671570
0 1478221192 489.227325 563.092041
0 1524819281 1403.309814 620.731689
0 2086284946 911.085693 593.339478
0 1524824288 1256.459473 614.335754
0 1524802260 1296.395142 552.987732
0 1478226199 407.383026 583.569885
0 1578518673 799.756287 619.676453
0 1438981616 959.260193 626.446411
0 1478238215 442.125702 625.228149
0 1609135173 910.678467 570.682617
0 1524837305 1303.716553 562.848267
0 1524793249 1281.281128 587.292175
0 1568515662 910.486694 560.012878
0 1568516664 969.857483 584.397034
0 1438991628 954.599915 578.130676
0 1478249230 485.819550 613.097656
0 1438996634 926.970947 612.264099
0 1578519675 770.430481 605.531250
0 1524829295 1374.409546 586.193542
0 1524864341 1301.506104 577.721680
0 1478255238 349.826904 628.646240
0 1438993631 896.310547 554.190552
0 1524788244 1263.721680 581.206482
0 1772785076 846.057800 642.009888
0 1524828293 1315.432861 616.904297
0 1478203171 328.176147 613.395508
0 1524798255 1383.934937 631.918335
0 1478199165 396.553009 595.936401
0 1578528686 896.037048 586.843628
0 1478192156 363.587433 594.527832
0 1478228201 447.777771 555.539062
0 1772037075 971.275085 595.976868
0 1578515670 866.784119 574.216248
0 1524851323 1327.402100 594.748291
0 1478218188 307.427338 598.780151
0 1478202169 480.597168 574.476807
0 1478254236 297.373749 591.698425
0 1478246226 361.009155 636.522888
0 1524809269 1365.086914 591.048096
0 1524822285 1373.922119 637.699585
0 1524841310 1214.011719 589.693909
0 1478235210 300.620209 572.705505
0 1578515669 742.253723 591.940186
0 1524854328 1355.569946 596.003845
0 0 463.297546 566.793396
0 1 717.734619 437.968262
0 2 1206.452515 555.663086
0 3 990.860046 850.585571
0 4 993.967896 486.936066
0 5 1408.044800 580.587952
0 6 1052.815430 817.055176
0 7 812.873901 433.666779
0 8 834.665894 424.506866
0 9 942.884155 432.304535
0 10 887.564880 443.941650
0 11 1058.960693 461.081024
0 12 368.143341 561.151489
0 13 1369.166870 563.046448
0 14 1363.995605 581.436218
0 15 994.148010 469.331635
0 16 1206.505859 704.926514
0 17 578.580994 516.089844
0 18 1284.610962 680.988586
0 19 1094.807007 613.178650
0 20 899.343384 432.474304
0 21 1046.634033 689.038269
0 22 770.417542 459.997833
0 23 322.672821 631.848450
0 24 1293.989380 538.349426
0 25 953.272156 694.825623
0 26 964.820618 663.526428
0 27 982.502319 439.860535
0 28 1046.435059 471.503204
0 29 488.427185 525.163269
0 30 926.219666 452.875000
0 31 1309.127686 654.495239
0 32 1133.464966 507.920166
0 33 818.866882 659.583313
0 34 1030.528809 481.962036
0 35 1013.354858 451.168365
0 36 1033.917725 663.688049
0 37 1262.882568 565.645142
0 38 636.435974 499.634155
0 39 1081.413696 494.281342
