0 1578512666 942.943665 393.965271
0 1524823287 1053.145386 181.909988
0 1478234209 318.831329 642.390259
0 1707269176 753.239014 413.827271
0 1438989626 943.867249 335.561066
0 1524801259 1070.466553 231.391830
0 1438992629 902.949646 361.876495
0 1478227200 324.050812 755.381775
0 1524854327 1008.372437 236.777573
0 1478249229 345.666077 833.814453
0 1524807266 1206.444336 235.667343
0 1524863340 1114.992920 183.616089
0 1524831297 1191.930664 220.856659
0 1478229202 365.584991 749.672241
0 1568509654 877.397217 364.442413
0 1524790246 1120.770264 190.000549
0 1578523681 719.332336 368.737152
0 1478207175 264.884125 816.955872
0 1524861337 996.172119 186.502579
0 1478210178 207.209045 746.359802
0 1524862338 1165.390381 239.308899
0 1478186149 290.154419 735.184570
0 1524797254 1178.126587 206.770035
0 1578518674 780.860474 410.935333
0 1438985621 747.288086 377.507812
0 1524857331 1039.048950 189.799438
0 1478203170 197.118805 772.830444
0 1438994632 921.118713 409.139130
0 1578520676 923.779297 348.480286
0 1478237213 540.083923 595.247009
0 1568511657 893.935608 412.026611
0 1775370079 969.365173 391.198975
0 1478195160 251.303787 630.681580
0 1568510655 948.128052 406.270081
0 1478257240 502.443115 619.454956
0 1578521677 842.624817 430.936584
0 1524794250 1005.034912 199.519775
0 1524812272 1044.551758 225.770462
0 1769859072 862.673401 402.369537
0 1578525683 933.061584 370.510986
0 1770636073 814.452148 433.973663
0 1524846317 1139.749146 188.439545
0 1524833300 1064.901611 224.024628
0 1568511656 717.922363 357.655182
0 1438985620 799.806885 372.233948
0 1478185148 243.241455 651.832275
0 1707993177 762.155884 468.248505
0 1478189152 538.275818 614.979065
0 1524791247 1101.703857 191.568756
0 1524830296 1126.686157 196.538010
0 2088218948 802.549744 383.796997
0 1524827292 1058.165527 188.242966
0 1606348170 749.208313 389.227142
0 1524855329 1103.029907 244.840393
0 1478183145 574.901428 590.974731
0 1438990627 866.577271 414.932739
0 1524840309 1019.844238 191.363083
0 1478222194 459.292053 666.744873
0 1709860179 992.923401 442.604431
0 1478188151 487.931946 732.853821
0 1438988624 805.381226 395.733490
0 1478243222 523.160522 779.937134
0 1524843313 1127.915527 175.882767
0 1524844315 1184.943237 213.726227
0 1524858333 1090.699097 178.882797
0 1524811271 1123.921631 242.987244
0 1524859334 1071.964722 180.392960
0 1478216186 466.318726 623.967346
0 1524851324 985.429443 201.132324
0 1524814275 1055.327759 240.777176
0 1578514668 786.092896 437.030792
0 1478184146 499.787964 640.203918
0 1524829294 1107.404541 198.140350
0 1478176143 530.225037 702.839966
0 1524860336 1060.927246 248.574921
0 1478222193 401.439880 770.446594
0 1438997636 851.690247 367.023865
0 1478194158 534.424805 657.006897
0 1478201168 273.718323 788.369568
0 1478187150 273.641724 668.972351
0 1478205172 282.131958 761.144104
0 1524838306 1151.839233 224.334015
0 1568514660 727.094849 429.749084
0 1524865342 1018.394043 252.347717
0 2085418945 879.106018 455.252411
0 1524808268 1049.871094 233.178162
0 1478200167 337.765686 705.126343
0 1478194159 316.694153 782.338806
0 1568501643 783.432861 423.764648
0 1478239216 572.693726 630.929443
0 1524820283 1024.102051 227.524857
0 1438989625 817.684570 447.600494
0 1568505649 778.371460 398.521637
0 1478255237 288.429321 626.126099
0 1524804262 1039.714966 250.456497
0 1568506650 788.845032 450.756500
0 1478217187 398.015198 612.679443
0 1568505648 846.331177 444.465576
0 1568497640 723.838013 404.150848
0 1578511665 725.439453 416.737885
0 1478258241 305.129944 686.725891
0 1524796253 1125.359009 218.837967
0 1478206173 308.971558 810.636841
0 1524826291 1117.556885 235.319382
0 1578529688 907.849121 452.058319
0 1478233207 226.032715 696.977722
0 1708834178 808.305603 408.061798
0 1478189153 447.520447 738.408936
0 1568499641 937.924072 382.051697
0 1478245224 234.825668 673.910217
0 1524852325 1138.093628 233.518204
0 1478219190 564.789795 773.970398
0 1578525682 898.417542 424.922058
0 1478232206 484.614929 758.774719
0 1524818280 1059.474609 216.840103
0 1524850322 1178.862061 229.942596
0 1438996635 755.355957 426.747070
0 1524832299 1079.487915 215.141586
0 1478242220 257.504242 715.729980
0 1524789245 1146.398682 174.392853
0 1438999639 894.682251 340.370636
0 1478196161 350.293274 659.221375
0 1478252234 433.958893 608.268982
0 1524803261 1043.972168 196.317184
0 1478211179 433.973816 820.879272
0 1578523680 953.485596 418.985687
0 1578530689 873.578186 353.454285
0 1568508653 819.819458 347.691162
0 1524826290 1199.095459 228.168045
0 1524847319 1138.953857 210.094681
0 1524810270 1003.551636 229.287872
0 1524835302 1085.152222 222.287323
0 1524821284 1109.349121 177.379425
0 1524799257 1099.405029 213.451202
0 1478233208 455.543396 689.566284
0 1608354172 821.030640 461.706055
0 1524835303 1034.375977 242.614746
0 1478251232 325.253967 621.607544
0 1524812273 1076.174805 238.948792
0 1706512175 948.658203 346.015259
0 1438986622 986.734741 429.100677
0 1478211180 331.066925 729.672424
0 1524823286 1096.136963 185.151352
0 1478223195 429.898987 628.516541
0 1478244223 377.368896 699.894226
0 1438987623 874.786560 441.351593
0 1478193157 411.796631 718.795776
0 1478198164 265.753052 691.829529
0 1524862339 1068.569336 201.367615
0 1478236212 571.518433 652.199219
0 1478240217 536.391113 635.547607
0 1478214183 239.823151 766.960083
0 1578521678 822.777222 358.487701
0 1524844314 1158.528442 231.725983
0 1524848320 1014.333801 213.177719
0 1524806265 1105.304443 220.558472
0 1524787243 1158.586914 208.428406
0 1478241219 491.098083 708.111572
0 1524799256 1090.960205 229.614334
0 1478190154 569.008911 697.614685
0 1478226198 451.623535 713.429932
0 1478208176 352.634430 804.378601
0 1478214184 504.989899 599.553223
0 2084722944 870.612732 427.919464
0 1578522679 881.336548 375.776581
0 1524825289 1152.448486 180.566483
0 1774531078 848.253357 355.963501
0 1525674169 907.278015 373.135742
0 1478197162 209.885330 853.703491
0 1524815276 1096.917603 237.129562
0 1768901071 980.752258 416.046326
0 1578526684 889.599365 399.550415
0 1478182144 248.870178 740.746826
0 1524853326 1185.968750 237.483551
0 1478218189 573.820312 610.539124
0 1578513667 835.575989 405.206604
0 1438983618 811.327637 420.801544
0 1478224196 497.017303 661.855347
0 1478247227 186.531815 800.604309
0 1524792248 981.168274 194.512070
0 1524795252 1133.763184 182.087845
0 1524808267 1054.180542 209.831573
0 1478191155 527.979309 727.348694
0 1524856330 1171.474609 199.981873
0 1478236211 361.781403 617.125427
0 1478258242 163.713181 860.466736
0 1478212181 532.371338 679.416260
0 1478185147 462.880493 644.898987
0 1568502645 773.627625 374.862793
0 1568508652 839.041809 417.857635
0 1438984619 759.810425 453.933868
0 1659977623 847.348267 397.635498
0 1478209177 216.836609 721.102722
0 1438982617 858.894836 390.209534
0 1524805264 1009.627869 206.265732
0 1771287074 745.427368 366.151611
0 2087111947 926.041321 421.944244
0 1524817279 1144.708252 241.143433
0 1524795251 1145.316406 217.125793
0 1478230204 416.626648 694.707764
0 1478230203 220.365860 823.336670
0 1524847318 1063.305420 194.727051
0 1578516671 722.287964 391.967621
0 1568513659 885.401855 387.473328
0 1578529687 771.365662 363.581635
0 1524819282 1131.645874 226.085449
0 1478253235 494.123566 684.469299
0 1524836304 1093.649414 206.517197
0 1478243221 230.332840 794.457764
0 1568501644 730.578918 457.132782
0 1438998637 794.570740 350.160095
0 1524816278 998.851440 221.985260
0 1705773174 958.688599 367.902191
0 1524845316 1158.640991 186.885696
0 1524842312 1164.981201 193.355667
0 1568507651 919.346252 337.958862
0 1438999638 931.131653 435.185547
0 1478252233 469.615997 603.893677
0 1438993630 974.965454 403.419281
0 1478237214 481.136047 785.960449
0 1524857332 1015.249695 184.964752
0 1478248228 421.244873 671.676208
0 1478225197 566.262512 747.317200
0 1524859335 1132.745605 203.234116
0 1524832298 1119.226807 211.768906
0 1478200166 563.244080 801.943909
0 1478250231 356.159058 637.727600
0 1478245225 438.710754 792.041321
0 1438995633 953.596375 356.790588
0 1524804263 1049.014648 202.992630
0 1524839308 1113.243652 204.871796
0 1524849321 1029.173340 234.973404
0 1568512658 928.348877 359.325928
0 1568514661 825.827209 369.621002
0 1478231205 281.193451 647.091675
0 1773608077 916.355591 396.749023
0 1438977615 751.190918 401.327332
0 1524834301 1024.548950 197.914764
0 1607644171 757.545166 440.108276
0 1524800258 1145.878296 194.943146
0 1568504647 959.025024 432.133057
0 1568500642 832.221802 392.962860
0 1478256239 382.871521 676.649780
0 1524815277 994.267029 214.862808
0 1568503646 720.786804 380.169037
0 1478220191 395.878815 798.180420
0 1478207174 297.812317 710.404724
0 1524841311 1034.240601 183.433899
0 1478213182 443.221008 764.583496
0 1524813274 1034.304810 211.500641
0 1568516663 903.052795 438.258331
0 1578517672 964.755798 445.734528
0 1578527685 728.807007 443.206268
0 1478240218 388.137024 654.407288
0 1478215185 525.627014 753.019531
0 1524838307 989.794373 207.913910
0 1478197163 344.168030 681.666138
0 1478221192 393.180298 633.103210
0 1524819281 1152.155640 201.604172
0 2086284946 855.235657 378.433655
0 1524824288 1082.031982 246.702927
0 1524802260 977.007385 188.047455
0 1478226199 371.612701 724.209778
0 1578518673 850.167236 458.468231
0 1438981616 963.942261 379.365967
0 1478238215 567.667419 721.892944
0 1609135173 797.148438 361.027039
0 1524837305 1000.550903 192.933945
0 1524793249 1039.364502 218.546875
0 1568515662 769.172485 352.643646
0 1568516664 869.873962 342.796509
0 1438991628 844.920166 345.236633
0 1478249230 570.291321 674.406494
0 1438996634 911.744446 384.754120
0 1578519675 791.694214 464.966064
0 1524829295 1077.194580 186.693634
0 1524864341 1029.367676 204.625305
0 1478255238 477.483154 814.506104
0 1438993631 743.623474 355.141968
0 1524788244 1019.157043 220.261887
0 1772785076 936.398376 448.885803
0 1524828293 1111.353149 227.845535
0 1478203171 390.036896 827.315125
0 1524798255 1165.177734 215.421921
0 1478199165 406.739838 744.014893
0 1578528686 828.973877 381.107056
0 1478192156 359.266113 776.364807
0 1478228201 312.129547 664.076294
0 1772037075 898.753052 350.959900
0 1578515670 775.961731 386.503662
0 1524851323 1073.961914 208.170456
0 1478218188 300.854950 840.378357
0 1478202169 425.664764 649.633301
0 1478254236 255.597015 847.007690
0 1478246226 520.571228 808.194580
0 1524809269 1082.549072 193.144241
0 1524822285 1171.933960 222.591095
0 1524841310 1013.318237 244.461609
0 1478235210 175.410477 829.780090
0 1578515669 732.413635 471.553619
0 1524854328 1088.032349 199.750198
0 0 566.656738 209.829498
0 1 495.700562 561.474670
0 2 366.217560 269.557678
0 3 943.262817 179.263916
0 4 310.779663 399.348969
0 5 361.137085 593.819458
0 6 1105.681519 164.691635
0 7 307.060974 365.645874
0 8 516.169983 523.411133
0 9 1494.654663 450.141571
0 10 607.486267 504.235992
0 11 1530.167969 616.131104
0 12 1279.874512 265.984161
0 13 1096.062622 793.359314
0 14 1316.390503 329.290588
0 15 227.985260 428.161194
0 16 382.399750 540.169800
0 17 1323.716919 299.501984
0 18 352.216156 712.092834
0 19 486.497894 249.837326
0 20 1347.756470 405.435272
0 21 1097.533691 242.184097
0 22 1347.798218 368.729614
0 23 1161.999268 167.036545
0 24 840.201660 811.953552
0 25 650.383423 240.226059
0 26 715.797974 233.486389
0 27 1510.480835 516.490173
0 28 1432.246216 480.516449
0 29 1103.463989 292.552155
0 30 796.853455 489.409790
0 31 1286.157959 746.023560
0 32 786.680725 209.457642
0 33 912.135925 215.206940
0 34 348.673889 253.086746
0 35 1430.134521 521.191345
0 36 1044.403931 241.970963
0 37 639.507446 222.409790
0 38 1420.836182 427.929504
0 39 695.217834 214.585587
