0 1578512666 906.870422 610.324097
0 1524823287 1231.070679 980.476318
0 1478234209 1011.970581 452.558441
0 1707269176 1013.465515 569.679749
0 1438989626 980.428284 660.046448
0 1524801259 1053.106201 852.219910
0 1438992629 975.935791 628.493286
0 1478227200 936.201355 432.795044
0 1524854327 1110.503418 816.066956
0 1478249229 888.051025 422.587311
0 1524807266 868.469971 903.063843
0 1524863340 1137.674927 1013.760986
0 1524831297 919.031982 936.669434
0 1478229202 924.542419 435.765015
0 1568509654 991.728638 621.920044
0 1524790246 1106.883057 994.415588
0 1578523681 1096.680176 593.033630
0 1478207175 923.236389 421.264313
0 1524861337 1285.996216 932.931152
0 1478210178 982.408569 428.475037
0 1524862338 916.731995 874.950500
0 1478186149 960.138794 434.278809
0 1524797254 972.880676 972.459534
0 1578518674 999.284912 575.086731
0 1438985621 1065.165405 591.354797
0 1524857331 1219.313599 946.581055
0 1478203170 969.979797 424.190460
0 1438994632 906.347473 596.291382
0 1578520676 978.128784 643.896362
0 1478237213 954.523010 478.099670
0 1568511657 922.334351 590.364868
0 1775370079 890.124268 616.709412
0 1478195160 1047.368164 450.868774
0 1568510655 889.971008 602.362244
0 1478257240 953.278748 469.360474
0 1578521677 936.786621 571.711426
0 1524794250 1226.492188 900.663208
0 1524812272 1098.431519 853.948914
0 1769859072 954.723328 592.077942
0 1578525683 941.744141 626.754272
0 1770636073 951.728516 566.323547
0 1524846317 1084.177856 1012.212463
0 1524833300 1078.818848 866.817810
0 1568511656 1114.878296 600.548706
0 1438985620 1036.843384 603.142700
0 1478185148 1033.986694 446.255737
0 1707993177 948.974731 542.642090
0 1478189152 940.866516 472.913788
0 1524791247 1128.721191 977.298401
0 1524830296 1077.085938 975.695129
0 2088218948 1019.141235 595.485107
0 1524827292 1200.047852 962.434753
0 1606348170 1047.596191 583.988953
0 1524855329 983.119690 836.278748
0 1478183145 941.900085 481.801910
0 1438990627 937.945435 584.577759
0 1524840309 1237.885498 931.298401
0 1478222194 938.905090 456.046143
0 1709860179 824.439575 585.187134
0 1478188151 888.290405 444.999725
0 1438988624 1001.788696 587.978699
0 1478243222 851.112366 438.830872
0 1524843313 1147.306885 1052.984985
0 1524844315 945.525818 954.278320
0 1524858333 1190.841431 1015.300049
0 1524811271 961.737122 848.734375
0 1524859334 1211.345337 997.551208
0 1478216186 965.457886 465.873871
0 1524851324 1244.036377 886.911743
0 1524814275 1048.010620 825.982605
0 1578514668 966.334290 561.056885
0 1478184146 939.868835 464.333801
0 1524829294 1099.137817 959.200989
0 1478176143 888.375671 452.981110
0 1524860336 1023.824585 812.567566
0 1478222193 900.309509 434.268097
0 1438997636 1007.135010 615.507751
0 1478194158 914.204224 462.789185
0 1478201168 935.357666 425.539185
0 1478187150 1009.859619 444.770538
0 1478205172 947.657166 429.876862
0 1524838306 966.939331 906.494019
0 1568514660 1010.801941 557.569153
0 1524865342 1061.996338 790.331970
0 2085418945 889.550049 562.943359
0 1524808268 1072.870117 839.771118
0 1478200167 961.402954 441.787720
0 1478194159 923.878906 428.398010
0 1568501643 982.651855 568.004639
0 1478239216 914.750122 471.354767
0 1524820283 1117.398315 841.503784
0 1438989625 935.675903 559.379517
0 1568505649 1016.242798 582.307129
0 1478255237 1036.496582 454.057312
0 1524804262 1043.212158 801.274109
0 1568506650 950.323364 554.239624
0 1478217187 1002.670227 463.978394
0 1568505648 920.694763 564.636475
0 1568497640 1044.169922 571.348877
0 1578511665 1027.328247 564.393921
0 1478258241 985.665100 443.281219
0 1524796253 1015.759033 908.194580
0 1478206173 911.736450 424.065216
0 1524826291 986.268799 863.360229
0 1578529688 873.836304 568.311707
0 1478233207 1007.816711 437.234070
0 1708834178 984.775513 580.619141
0 1478189153 900.592651 441.865875
0 1568499641 924.124390 618.453003
0 1478245224 1020.804382 441.711365
0 1524852325 964.254700 876.687134
0 1478219190 838.322693 441.945953
0 1578525682 905.847229 582.867798
0 1478232206 875.887573 440.350525
0 1524818280 1105.280518 881.840942
0 1524850322 917.843750 904.783691
0 1438996635 996.884888 562.728333
0 1524832299 1085.153076 895.616882
0 1478242220 984.010498 435.758453
0 1524789245 1124.169922 1073.012939
0 1438999639 1012.986572 645.638489
0 1478196161 987.374939 451.055267
0 1478252234 990.971924 467.409454
0 1524803261 1189.502686 929.656433
0 1478211179 863.991943 428.319214
0 1578523680 873.415405 594.562378
0 1578530689 1009.993286 630.225342
0 1568508653 1058.810303 625.360229
0 1524826290 893.359253 919.606262
0 1524847319 1020.289062 940.011719
0 1524810270 1135.750854 829.461792
0 1524835302 1058.526978 880.132324
0 1524821284 1169.512207 1033.763184
0 1524799257 1064.305298 909.885742
0 1478233208 925.936707 451.246246
0 1608354172 919.925537 552.566162
0 1524835303 1067.272705 814.321655
0 1478251232 1025.426758 457.304047
0 1524812273 1028.111206 838.029419
0 1706512175 961.574707 650.998596
0 1438986622 840.358765 592.826843
0 1478211180 948.708069 437.257812
0 1524823286 1159.272827 995.988220
0 1478223195 977.410583 462.452118
0 1478244223 949.793823 444.883789
0 1438987623 905.368225 570.014648
0 1478193157 925.227966 443.376984
0 1478198164 996.838745 440.230927
0 1524862339 1140.845337 928.005127
0 1478236212 901.501648 466.256805
0 1478240217 927.428711 467.810944
0 1478214183 958.914978 427.009094
0 1578521678 1040.300781 617.222412
0 1524844314 941.460449 890.486572
0 1524848320 1170.387207 870.238647
0 1524806265 1037.519897 893.916199
0 1524787243 997.032959 955.928955
0 1478241219 900.885376 449.720947
0 1524799256 1032.667480 865.093567
0 1478190154 875.631836 456.302307
0 1478226198 913.167480 446.520081
0 1478208176 900.035461 426.915161
0 1478214184 966.904785 474.468170
0 2084722944 921.497009 577.224731
0 1578522679 973.841858 613.786499
0 1524825289 1091.808594 1051.504150
0 1774531078 1025.334473 623.643494
0 1525674169 957.992249 620.189941
0 1478197162 922.613892 414.353027
0 1524815276 1007.542053 850.481750
0 1768901071 856.605713 600.623718
0 1578526684 939.155640 598.013855
0 1478182144 971.370605 431.351685
0 1524853326 893.029785 888.757324
0 1478218189 928.214478 476.535767
0 1578513667 969.925659 586.281311
0 1438983618 968.091980 573.402100
0 1478224196 926.669861 459.386200
0 1478247227 957.729431 419.967346
0 1524792248 1273.092163 902.327087
0 1524795252 1115.204834 1032.251587
0 1524808267 1132.524658 897.308289
0 1478191155 875.761841 448.191162
0 1524856330 1001.139221 991.241394
0 1478236211 1014.153198 460.610535
0 1478258242 933.748474 411.700287
0 1478212181 901.188171 457.846466
0 1478185147 952.077209 460.921387
0 1568502645 1051.171509 597.179199
0 1568508652 953.193787 578.924988
0 1438984619 964.648010 549.213074
0 1659977623 970.872681 592.932129
0 1478209177 995.019470 432.822479
0 1438982617 971.840515 599.729919
0 1524805264 1198.033325 885.230530
0 1771287074 1083.083618 598.867065
0 2087111947 889.824524 588.645386
0 1524817279 939.620728 861.617493
0 1524795251 993.203308 922.994629
0 1478230204 937.973694 448.036102
0 1478230203 934.540466 418.511078
0 1524847318 1169.987427 944.952942
0 1578516671 1061.336182 578.437927
0 1568513659 956.321167 605.819458
0 1578529687 1069.162842 604.839600
0 1524819282 989.623047 892.206055
0 1478253235 913.677002 454.515808
0 1524836304 1091.911377 926.344482
0 1478243221 946.639526 422.729370
0 1568501644 978.660522 544.296021
0 1438998637 1073.339966 618.930542
0 1524816278 1161.697388 843.227539
0 1705773174 925.082336 633.485840
0 1524845316 1060.552856 1030.730225
0 1524842312 1030.347046 1010.654236
0 1568507651 996.918762 652.748962
0 1438999638 873.630432 581.151611
0 1478252233 979.052246 470.905426
0 1438993630 873.190674 608.582886
0 1478237214 863.672485 435.771729
0 1524857332 1268.357422 948.199890
0 1478248228 950.916260 452.767212
0 1478225197 850.565857 446.657043
0 1524859335 1048.236084 957.569824
0 1524832298 1042.698120 924.674377
0 1478200166 826.266785 437.306915
0 1478250231 1000.660950 455.796112
0 1478245225 876.009094 432.766998
0 1438995633 943.130554 642.147156
0 1524804263 1160.586182 913.239685
0 1524839308 1070.477661 941.668335
0 1524849321 1091.992310 827.726562
0 1568512658 959.741516 635.233521
0 1568514661 1022.168762 609.250488
0 1478231205 1023.077332 449.378815
0 1773608077 923.209290 604.094177
0 1438977615 1030.366211 576.765320
0 1524834301 1208.325562 914.902710
0 1607644171 980.615295 555.907288
0 1524800258 1054.172729 992.833313
0 1568504647 857.193176 586.919495
0 1568500642 986.992065 593.784668
0 1478256239 962.709412 449.547821
0 1524815277 1188.372925 857.379944
0 1568503646 1078.836426 585.664795
0 1478220191 888.128235 429.815277
0 1478207174 972.806763 438.746429
0 1524841311 1250.061401 964.037476
0 1478213182 888.208008 437.282074
0 1524813274 1151.781982 883.540283
0 1568516663 889.684326 575.518188
0 1578517672 841.294373 579.429077
0 1578527685 994.582092 550.870972
0 1478240218 975.824219 454.283813
0 1478215185 863.342285 443.475006
0 1524838307 1215.808228 871.935547
0 1478197163 974.290466 446.386353
0 1478221192 989.142822 459.093445
0 1524819281 1025.140015 974.082153
0 2086284946 989.307495 607.538208
0 1524824288 1003.804321 824.229675
0 1524802260 1303.012695 918.201111
0 1478226199 937.072937 440.290039
0 1578518673 904.909180 557.696228
0 1438981616 907.417664 625.008484
0 1478238215 863.000732 451.441925
0 1609135173 1054.906006 610.956238
0 1524837305 1255.800293 916.556458
0 1524793249 1124.724731 868.532776
0 1568515662 1087.519531 612.655640
0 1568516664 1028.647705 638.707947
0 1438991628 1043.917480 631.950745
0 1478249230 888.463867 461.239960
0 1438996634 940.420532 612.058655
0 1578519675 934.610413 547.549316
0 1524829295 1180.048462 978.892090
0 1524864341 1179.637085 898.990356
0 1478255238 851.640930 431.261749
0 1438993631 1101.361816 606.530090
0 1524788244 1143.519775 855.668945
0 1772785076 857.755371 573.805420
0 1524828293 1011.519043 878.414429
0 1478203171 876.126770 425.428162
0 1524798255 969.808044 938.345459
0 1478199165 912.674683 438.788147
0 1578528686 1004.402832 601.439514
0 1478192156 912.197998 431.307220
0 1478228201 998.718201 447.884705
0 1772037075 994.263062 636.974243
0 1578515670 1033.535034 589.669861
0 1524851323 1112.580322 911.567444
0 1478218188 899.770203 419.795319
0 1478202169 964.060242 457.571991
0 1478254236 911.289429 417.050964
0 1478246226 839.067932 434.257141
0 1524809269 1149.740845 960.822632
0 1524822285 943.424500 921.305298
0 1524841310 1085.927368 803.028381
0 1478235210 945.653564 415.804382
0 1578515669 963.028809 537.840759
0 1524854328 1120.376343 943.315430
0 0 998.797058 428.017517
0 1 1144.169067 439.327423
0 2 883.265686 481.722198
0 3 1258.998413 523.184082
0 4 783.402283 518.759277
0 5 782.679138 405.613068
0 6 1390.035645 697.960083
0 7 903.606201 683.939087
0 8 972.422546 699.671448
0 9 782.114258 788.671082
0 10 879.071411 648.999634
0 11 660.070251 422.186127
0 12 1244.511963 747.881042
0 13 891.041016 392.061646
0 14 1351.406372 739.801086
0 15 1300.567871 665.239990
0 16 1272.347412 804.213379
0 17 1190.418213 802.189392
0 18 533.719360 659.673584
0 19 1060.060181 442.423553
0 20 937.711487 410.840546
0 21 740.418274 503.033722
0 22 866.379578 437.961975
0 23 1476.248169 637.833130
0 24 498.712067 628.880798
0 25 1232.498169 479.106537
0 26 1181.788696 465.930145
0 27 433.485626 474.019470
0 28 620.193481 662.574890
0 29 855.375366 464.895477
0 30 827.908020 503.196655
0 31 966.446228 418.660370
0 32 844.087097 685.935181
0 33 1450.402832 568.390015
0 34 1202.533691 769.190369
0 35 850.803284 389.351379
0 36 1126.750122 453.951385
0 37 810.559814 657.110413
0 38 718.036621 751.231934
0 39 1073.560425 775.112122
