0 1578512666 922.070862 762.627808
0 1524823287 362.278778 811.234680
0 1478234209 1432.101685 842.816895
0 1707269176 1031.739380 809.873169
0 1438989626 825.602539 780.980835
0 1524801259 532.936768 778.914734
0 1438992629 888.422119 784.076172
0 1478227200 1463.531738 806.448853
0 1524854327 567.225830 800.235901
0 1478249229 1472.359619 784.291992
0 1524807266 510.971832 731.529785
0 1524863340 358.020477 783.236450
0 1524831297 470.977448 740.388123
0 1478229202 1442.804932 799.593323
0 1568509654 903.354919 790.916321
0 1524790246 381.424805 777.845154
0 1578523681 983.677002 841.812195
0 1478207175 1504.152466 802.617004
0 1524861337 392.663635 835.437256
0 1478210178 1518.790039 833.860413
0 1524862338 531.152283 743.354858
0 1478186149 1474.676392 819.062805
0 1524797254 429.223724 749.636108
0 1578518674 1014.995605 802.659973
0 1438985621 983.397217 827.580872
0 1524857331 396.825928 812.934631
0 1478203170 1528.559326 827.957092
0 1438994632 952.125916 764.109558
0 1578520676 857.013550 782.528564
0 1478237213 1296.512085 804.184021
0 1568511657 967.099487 770.436035
0 1775370079 907.733032 756.451050
0 1478195160 1466.327759 865.562317
0 1568510655 937.469849 757.917358
0 1478257240 1327.886475 805.729919
0 1578521677 1013.110901 778.414612
0 1524794250 442.106232 822.542542
0 1524812272 522.616760 791.341492
0 1769859072 966.989685 781.978943
0 1578525683 890.257263 772.359436
0 1770636073 1029.090698 785.039307
0 1524846317 372.122772 770.993347
0 1524833300 511.571320 784.254822
0 1568511656 966.358704 848.335022
0 1438985620 950.254150 812.399170
0 1478185148 1477.331665 858.912842
0 1707993177 1091.182373 788.099182
0 1478189152 1308.427856 798.805237
0 1524791247 390.945099 784.857727
0 1524830296 404.290710 772.577881
0 2088218948 966.754883 806.672668
0 1524827292 386.770660 805.239258
0 1606348170 999.894897 821.537781
0 1524855329 563.100037 762.075012
0 1478183145 1277.399902 797.276184
0 1438990627 982.401001 776.901001
0 1524840309 407.131897 820.821899
0 1478222194 1370.476562 801.862976
0 1709860179 967.401917 738.629883
0 1478188151 1383.260376 779.898621
0 1438988624 982.876282 801.077820
0 1478243222 1384.960938 764.257751
0 1524843313 325.093170 781.615051
0 1524844315 450.327698 744.961792
0 1524858333 343.239166 796.068970
0 1524811271 552.217346 755.698181
0 1524859334 352.643158 803.559631
0 1478216186 1347.785767 812.811462
0 1524851324 453.113342 830.650269
0 1524814275 565.091919 780.498596
0 1578514668 1045.428589 791.812378
0 1478184146 1339.453369 800.334229
0 1524829294 413.965363 779.447815
0 1478176143 1353.556396 778.433960
0 1524860336 585.605042 775.262146
0 1478222193 1432.702637 787.802917
0 1438997636 918.629761 797.913208
0 1478194158 1331.482422 788.398193
0 1478201168 1494.545410 807.977234
0 1478187150 1465.329224 844.452820
0 1478205172 1484.722534 813.457825
0 1524838306 490.725220 752.667419
0 1568514660 1064.227661 811.473267
0 1524865342 609.153809 789.060791
0 2085418945 1026.667358 762.315552
0 1524808268 544.101379 785.857056
0 1478200167 1442.957520 817.500244
0 1478194159 1473.479980 801.105225
0 1568501643 1030.384888 797.174500
0 1478239216 1301.129761 786.901978
0 1524820283 533.924438 798.596313
0 1438989625 1043.818481 779.928162
0 1568505649 999.248413 808.273010
0 1478255237 1443.296021 857.237732
0 1524804262 597.244507 782.082397
0 1568506650 1060.137695 786.569336
0 1478217187 1377.439941 833.434692
0 1568505648 1027.852661 773.430847
0 1568497640 1033.157959 823.175415
0 1578511665 1048.875488 817.255493
0 1478258241 1453.883789 830.663818
0 1524796253 479.920135 763.947937
0 1478206173 1483.211914 795.877747
0 1524826291 532.014893 760.543091
0 1578529688 1011.384521 756.207764
0 1478233207 1498.554077 846.088623
0 1708834178 998.631226 795.610168
0 1478189153 1402.683350 786.322876
0 1568499641 906.336975 767.440735
0 1478245224 1488.070557 852.423584
0 1524852325 521.472473 754.182861
0 1478219190 1366.509399 758.319519
0 1578525682 982.178650 765.591248
0 1478232206 1393.635986 775.058533
0 1524818280 489.702881 789.720764
0 1524850322 501.066010 741.871521
0 1438996635 1047.112427 804.242004
0 1524832299 479.038605 782.652649
0 1478242220 1486.338257 832.262268
0 1524789245 316.335846 774.639526
0 1438999639 854.373169 794.748047
0 1478196161 1421.426758 829.065369
0 1478252234 1356.504883 825.867920
0 1524803261 420.895203 806.918701
0 1478211179 1432.878052 771.753662
0 1578523680 952.544617 753.306030
0 1578530689 886.502747 796.330688
0 1568508653 900.089233 816.623962
0 1524826290 491.187500 735.911804
0 1524847319 448.479858 762.398804
0 1524810270 545.503723 806.025452
0 1524835302 500.779083 777.330750
0 1524821284 334.058411 788.756226
0 1524799257 468.618835 775.746582
0 1478233208 1381.447998 796.569153
0 1608354172 1058.226074 774.928101
0 1524835303 576.628906 787.458923
0 1478251232 1420.817139 849.112976
0 1524812273 553.816345 773.696045
0 1706512175 842.758850 775.856750
0 1438986622 952.946167 742.947327
0 1478211180 1453.360107 811.912476
0 1524823286 367.376312 790.396545
0 1478223195 1368.140747 820.055176
0 1478244223 1421.995361 810.367004
0 1438987623 1012.229248 767.072815
0 1478193157 1412.127563 798.081299
0 1478198164 1475.957275 838.285889
0 1524862339 434.003784 793.676880
0 1478236212 1312.612061 781.882202
0 1478240217 1320.081665 793.544556
0 1478214183 1506.392944 820.625427
0 1578521678 917.375000 810.780212
0 1524844314 511.158600 747.960449
0 1524848320 489.135651 810.277283
0 1524806265 490.231476 770.563477
0 1524787243 438.745087 755.946777
0 1478241219 1372.661865 784.842773
0 1524799256 522.025146 772.129822
0 1478190154 1334.851562 772.159546
0 1478226198 1392.181152 791.390320
0 1478208176 1462.719849 789.282776
0 1478214184 1316.056885 811.248413
0 2084722944 997.477234 771.933472
0 1578522679 919.828247 785.623596
0 1524825289 339.952332 769.408752
0 1774531078 901.760010 803.471680
0 1525674169 904.879028 778.918091
0 1478197162 1534.822876 804.128662
0 1524815276 542.793457 767.045898
0 1768901071 938.189148 747.354797
0 1578526684 951.688721 775.387268
0 1478182144 1496.480713 826.376953
0 1524853326 520.955017 737.379578
0 1478218189 1289.395142 792.032104
0 1578513667 982.633301 788.718201
0 1438983618 1014.032104 790.265381
0 1478224196 1350.766113 795.056885
0 1478247227 1538.106812 822.187805
0 1524792248 428.534302 837.201355
0 1524795252 348.881622 776.242432
0 1524808267 467.313416 795.316833
0 1478191155 1364.244873 773.609070
0 1524856330 407.650421 754.414368
0 1478236211 1398.871460 841.180847
0 1478258242 1556.565552 811.033569
0 1478212181 1342.638062 783.362549
0 1478185147 1359.258667 807.275818
0 1568502645 966.629089 819.899963
0 1568508652 998.041443 783.509155
0 1438984619 1076.822388 793.359253
0 1659977623 966.932922 787.944580
0 1478209177 1508.791016 839.902710
0 1438982617 951.231995 787.171021
0 1524805264 465.911407 816.334167
0 1771287074 966.497131 833.771362
0 2087111947 967.204529 759.383484
0 1524817279 541.570618 749.459595
0 1524795251 469.837402 757.478943
0 1478230204 1401.497314 803.391724
0 1478230203 1525.556641 809.505432
0 1524847318 410.671936 799.388367
0 1578516671 1017.061707 829.237976
0 1568513659 935.935547 780.448547
0 1578529687 949.729919 825.923584
0 1524819282 500.927307 759.011108
0 1478253235 1361.833008 789.894348
0 1524836304 446.503326 781.050293
0 1478243221 1516.082275 815.002991
0 1568501644 1093.885132 800.302917
0 1438998637 916.059814 824.266174
0 1524816278 523.251587 811.956360
0 1705773174 875.952332 765.942932
0 1524845316 363.031647 764.296875
0 1524842312 385.591888 759.300049
0 1568507651 839.824890 787.786499
0 1438999638 981.965698 754.756958
0 1478252233 1336.049438 818.474426
0 1438993630 923.121399 751.854980
0 1478237214 1403.795410 770.319275
0 1524857332 382.279663 827.166016
0 1478248228 1390.628296 808.821472
0 1478225197 1356.174316 762.837769
0 1524859335 426.636536 767.430420
0 1524832298 458.435242 768.997009
0 1478200166 1376.635620 753.892517
0 1478250231 1410.281738 835.051880
0 1478245225 1423.025024 776.507874
0 1438995633 859.538025 770.845398
0 1524804263 444.384094 801.047852
0 1524839308 436.456055 774.162292
0 1524849321 555.528015 792.962097
0 1568512658 873.820129 777.387451
0 1568514661 934.258728 805.072266
0 1478231205 1454.445312 850.768311
0 1773608077 936.719360 768.938477
0 1438977615 1016.004395 815.636902
0 1524834301 431.370178 814.634460
0 1607644171 1062.136230 798.738770
0 1524800258 394.835327 765.863708
0 1568504647 967.305237 748.790833
0 1568500642 966.874939 794.045654
0 1478256239 1411.236084 815.937439
0 1524815277 500.449738 818.033691
0 1568503646 1000.572876 835.448486
0 1478220191 1442.661987 782.827637
0 1478207174 1464.399536 824.796692
0 1524841311 372.154602 819.101074
0 1478213182 1412.962280 781.363159
0 1524813274 478.093475 802.707153
0 1568516663 996.936951 760.849609
0 1578517672 981.761536 744.368774
0 1578527685 1079.226685 805.823853
0 1478240218 1400.229492 821.635803
0 1478215185 1374.710815 768.884766
0 1524838307 477.077545 824.263123
0 1478197163 1432.315796 823.216309
0 1478221192 1388.967285 827.466736
0 1524819281 417.037109 760.849487
0 2086284946 935.116150 792.481079
0 1524824288 574.226501 768.594727
0 1524802260 403.316559 843.922668
0 1478226199 1432.515625 804.920349
0 1578518673 1042.277588 768.554199
0 1438981616 892.013550 761.145996
0 1478238215 1345.624023 767.450134
0 1609135173 933.360535 818.262024
0 1524837305 417.698029 828.908264
0 1524793249 500.620300 796.956604
0 1568515662 932.418579 832.094116
0 1568516664 869.258667 801.870972
0 1438991628 884.493225 809.161011
0 1478249230 1323.850098 776.969177
0 1438996634 920.974182 773.873413
0 1578519675 1074.523682 781.441528
0 1524829295 376.956940 797.728699
0 1524864341 455.016876 808.598022
0 1478255238 1413.745483 765.677612
0 1438993631 949.179871 840.114685
0 1524788244 511.799988 804.366394
0 1772785076 996.419189 750.226746
0 1524828293 511.358002 765.497009
0 1478203171 1452.411865 777.957092
0 1524798255 459.975647 751.151794
0 1478199165 1422.526978 792.886230
0 1578528686 950.754272 799.495605
0 1478192156 1452.870605 794.382080
0 1478228201 1443.120850 836.668945
0 1772037075 871.591125 789.351440
0 1578515670 983.130554 814.018127
0 1524851323 456.786285 788.099854
0 1478218188 1492.734619 790.762573
0 1478202169 1379.512085 814.374512
0 1478254236 1513.550903 797.373291
0 1478246226 1395.001953 759.725220
0 1524809269 400.691406 792.036804
0 1524822285 480.744324 746.461182
0 1524841310 588.436523 794.582581
0 1478235210 1547.439819 816.548096
0 1578515669 1108.213989 794.906006
0 1524854328 423.867004 786.478882
0 0 807.726501 974.824097
0 1 1269.883667 752.727905
0 2 668.692871 800.291748
0 3 517.509644 826.927734
0 4 933.735901 959.756348
0 5 1481.045166 745.979492
0 6 483.461609 794.799377
0 7 1236.092773 945.562256
0 8 1270.123779 919.700378
0 9 955.558411 621.693787
0 10 1182.363281 974.969055
0 11 1145.481934 628.090027
0 12 513.176208 698.777893
0 13 1360.809448 701.352783
0 14 591.304443 689.901184
0 15 1363.101074 926.996704
0 16 1381.247925 794.287537
0 17 692.873657 664.675537
0 18 1396.865723 774.304871
0 19 715.944885 727.428528
0 20 917.130310 619.896057
0 21 796.717468 921.320984
0 22 776.579651 651.347412
0 23 436.148834 724.239807
0 24 591.360352 672.041626
0 25 805.300476 701.237427
0 26 761.245544 713.745544
0 27 995.829285 620.761780
0 28 1190.224731 640.762634
0 29 895.804932 670.310303
0 30 1130.359863 1004.750061
0 31 1460.229736 731.244202
0 33 876.059021 689.303528
0 34 1326.093384 955.048767
0 35 1082.551880 616.130432
0 36 1149.757690 735.077576
0 37 1285.134155 984.106079
0 38 1288.302490 736.908997
0 39 1228.688354 1015.532776
