0 1578512666 1023.815430 642.342651
0 1524823287 1844.485840 783.251526
0 1478234209 782.698914 435.773804
0 1707269176 1019.017395 546.962402
0 1438989626 1173.312500 648.072632
0 1524801259 1567.041748 776.579285
0 1438992629 1108.774048 621.353333
0 1478227200 675.462708 452.172394
0 1524854327 1529.226074 714.753479
0 1478249229 608.082031 465.702637
0 1524807266 1576.354126 934.659058
0 1524863340 1869.865723 859.728821
0 1524831297 1660.886475 930.007812
0 1478229202 671.213806 460.908508
0 1568509654 1106.482300 606.826904
0 1524790246 1828.976440 862.070312
0 1578523681 1119.703613 527.825439
0 1478207175 638.592773 446.812531
0 1524861337 1786.952026 719.018433
0 1478210178 707.560364 425.792572
0 1524862338 1546.281616 878.258789
0 1478186149 700.149841 442.097168
0 1524797254 1745.971313 925.326050
0 1578518674 1019.633545 559.209229
0 1438985621 1096.167725 541.445618
0 1524857331 1787.334839 763.110474
0 1478203170 687.540771 427.338654
0 1438994632 994.609131 629.154785
0 1578520676 1140.397827 634.445801
0 1478237213 787.596558 488.383942
0 1568511657 994.390198 614.551331
0 1775370079 1024.605835 658.053162
0 1478195160 808.140137 418.024872
0 1568510655 994.836304 644.305603
0 1478257240 768.212036 480.358612
0 1578521677 967.077576 588.755371
0 1524794250 1716.284546 723.458313
0 1524812272 1589.484863 752.833496
0 1769859072 1021.613037 598.560547
0 1578525683 1081.973022 638.403259
0 1770636073 967.341492 575.608887
0 1524846317 1851.211914 889.420288
0 1524833300 1603.499268 774.350220
0 1568511656 1145.150635 525.993835
0 1438985620 1100.080566 566.247864
0 1478185148 787.959656 419.583405
0 1707993177 916.874817 554.266357
0 1478189152 765.058838 490.062897
0 1524791247 1807.850586 836.085571
0 1524830296 1788.214355 864.404541
0 2088218948 1073.421631 568.127930
0 1524827292 1806.494019 785.540039
0 1606348170 1070.398926 543.288208
0 1524855329 1506.480347 803.612366
0 1478183145 784.683167 498.362061
0 1438990627 994.179016 600.466309
0 1524840309 1769.046265 741.700256
0 1478222194 727.592773 474.218353
0 1709860179 906.881653 665.954285
0 1478188151 657.730957 488.630493
0 1438988624 1046.818359 570.004028
0 1478243222 608.418640 501.731720
0 1524844315 1703.359497 927.670715
0 1524858333 1887.642578 831.433411
0 1524811271 1519.107910 827.295227
0 1524859334 1865.537109 806.754089
0 1478216186 771.275085 470.931824
0 1524851324 1700.356323 703.866577
0 1524814275 1518.349487 757.244080
0 1578514668 967.596558 562.905029
0 1478184146 746.037842 482.018829
0 1524829294 1768.136475 838.401062
0 1478176143 675.310364 496.748627
0 1524860336 1482.927734 759.440247
0 1478222193 645.474487 471.505341
0 1438997636 1104.272339 592.818359
0 1478194158 720.104309 493.411743
0 1478201168 659.078186 445.243347
0 1478187150 764.949768 429.140869
0 1478205172 679.597168 443.671539
0 1524838306 1626.427002 873.669312
0 1568514660 993.226685 536.928711
0 1524865342 1461.401489 719.068298
0 2085418945 912.231812 606.158936
0 1524808268 1553.868408 755.041809
0 1478200167 717.157410 448.992157
0 1478194159 654.667358 453.758545
0 1568501643 993.588379 561.058960
0 1478239216 738.981323 501.748840
0 1524820283 1576.089233 732.266418
0 1438989625 940.959656 577.469421
0 1568505649 1045.732300 557.355591
0 1478255237 805.812195 425.997772
0 1524804262 1471.927979 738.810608
0 1568506650 941.658020 564.747253
0 1478217187 798.439819 451.247192
0 1568505648 940.236938 590.634277
0 1568497640 1043.666504 533.298279
0 1578511665 1018.421509 535.115295
0 1478258241 741.356506 438.940704
0 1524796253 1649.713501 845.305603
0 1478206173 633.906433 455.342072
0 1524826291 1557.147583 825.039734
0 1578529688 910.966553 620.300171
0 1478233207 747.695679 422.692963
0 1708834178 1020.270752 571.876221
0 1478189153 662.353210 479.126770
0 1568499641 1052.861084 640.375244
0 1478245224 767.811523 421.139435
0 1524852325 1571.359497 849.873840
0 1478219190 602.867188 511.835785
0 1578525682 966.521179 616.471802
0 1478232206 635.751221 490.276154
0 1524818280 1640.059204 772.114990
0 1524850322 1602.002319 903.419006
0 1438996635 993.404480 548.793945
0 1524832299 1655.622314 794.628357
0 1478242220 724.219849 432.273804
0 1438999639 1166.242798 617.426208
0 1478196161 758.991150 445.801300
0 1478252234 795.843689 460.138519
0 1524803261 1750.359741 765.371155
0 1478211179 597.452026 484.009796
0 1578523680 965.923096 646.264099
0 1578530689 1134.660278 604.885193
0 1568508653 1156.568726 575.490173
0 1524826290 1618.551514 932.337158
0 1524847319 1707.069580 869.051270
0 1524810270 1563.272095 712.587524
0 1524835302 1618.175781 796.884033
0 1524821284 1910.883057 857.379944
0 1524799257 1671.940063 818.233215
0 1478233208 705.808472 475.857330
0 1608354172 914.632629 579.326050
0 1524835303 1506.555420 736.635010
0 1478251232 803.421265 434.186432
0 1524812273 1530.686646 778.802002
0 1706512175 1143.431885 650.078125
0 1438986622 936.210205 663.985901
0 1478211180 696.292725 450.583588
0 1524823286 1847.685791 833.763000
0 1478223195 774.251831 461.770691
0 1478244223 713.479248 457.698944
0 1438987623 939.488647 604.265442
0 1478193157 688.253418 468.271576
0 1478198164 744.568298 430.708618
0 1524862339 1730.840088 790.097351
0 1478236212 716.192688 503.437653
0 1478240217 742.561462 491.738800
0 1478214183 683.621765 435.396576
0 1578521678 1129.325195 577.397400
0 1524844314 1586.292480 875.967529
0 1524848320 1645.997925 727.874268
0 1524806265 1633.562988 820.508789
0 1524787243 1726.011963 896.453064
0 1478241219 679.749390 486.981934
0 1524799256 1580.836914 799.133301
0 1478190154 670.739258 506.806030
0 1478226198 684.061951 477.493469
0 1478208176 629.090576 464.107300
0 1478214184 790.425415 478.695496
0 2084722944 966.804321 602.367920
0 1578522679 1078.366455 608.764404
0 1524825289 1917.821533 915.870239
0 1774531078 1131.945190 590.895996
0 1525674169 1080.136475 623.310242
0 1478197162 622.970398 440.061890
0 1524815276 1543.605347 801.376099
0 1768901071 965.606934 662.012939
0 1578526684 1022.320618 612.626587
0 1478182144 703.904419 433.836487
0 1524853326 1560.927368 905.726318
0 1478218189 761.811462 500.057007
0 1578513667 1020.930176 584.985474
0 1438983618 993.778503 573.744507
0 1478224196 723.902710 483.676117
0 1478247227 667.553162 428.882294
0 1524792248 1734.854248 701.671936
0 1524795252 1893.212646 887.060913
0 1524808267 1676.722412 769.873413
0 1478191155 652.973328 498.412659
0 1524856330 1788.722778 922.973694
0 1478236211 800.964722 442.599792
0 1478258242 627.673462 431.962158
0 1478212181 697.687317 495.081696
0 1478185147 749.414917 472.576508
0 1568502645 1098.091064 553.636902
0 1568508652 993.975342 586.872375
0 1438984619 942.333374 552.445862
0 1659977623 1034.886597 590.763550
0 1478209177 727.612000 424.244019
0 1438982617 1049.106445 596.650574
0 1524805264 1681.093872 725.669250
0 1771287074 1121.988892 539.599243
0 2087111947 966.227661 631.094177
0 1524817279 1532.359375 852.147766
0 1524795251 1666.685791 871.363831
0 1478230204 709.697754 466.650513
0 1478230203 643.154785 438.509277
0 1524847318 1768.612305 787.822021
0 1578516671 1068.961670 531.477600
0 1568513659 1050.312622 610.697693
0 1578529687 1124.351440 551.771851
0 1524819282 1610.477539 847.593201
0 1478253235 701.806641 485.330475
0 1524836304 1710.430420 815.950989
0 1478243221 663.371948 436.954193
0 1568501644 942.986694 540.544800
0 1438998637 1153.566528 562.475891
0 1524816278 1597.407715 710.415894
0 1705773174 1083.880127 654.074951
0 1524845316 1874.647217 918.245789
0 1524842312 1831.614502 920.613647
0 1568507651 1169.710938 632.460205
0 1438999638 937.909607 633.029297
0 1478252233 793.173340 469.284241
0 1438993630 995.072021 660.035339
0 1478237214 613.810120 491.918915
0 1524857332 1805.257202 739.455078
0 1478248228 731.178955 465.026703
0 1478225197 625.450256 510.162231
0 1524859335 1747.578979 866.731567
0 1524832298 1689.068359 843.010986
0 1478200166 580.324890 513.506348
0 1478250231 779.960388 444.201874
0 1478245225 619.048279 482.384918
0 1438995633 1113.621216 652.078857
0 1524804263 1713.489014 767.625427
0 1524839308 1728.542480 840.709534
0 1524849321 1541.275635 734.453674
0 1568512658 1111.151978 636.426758
0 1568514661 1102.139771 579.300415
0 1478231205 785.364441 427.570587
0 1773608077 1023.054321 627.210938
0 1438977615 1044.682251 545.127197
0 1524834301 1732.935547 743.939209
0 1607644171 967.843201 550.621765
0 1524800258 1809.345215 891.772034
0 1568504647 937.075806 648.218140
0 1568500642 1047.942383 583.094543
0 1478256239 734.665527 456.090088
0 1524815277 1631.633545 708.238586
0 1568503646 1094.307373 529.653320
0 1478220191 624.139771 473.118073
0 1478207174 720.736267 440.520233
0 1524841311 1824.414795 760.843384
0 1478213182 640.681946 480.757294
0 1524813274 1661.012573 748.398621
0 1568516663 938.713379 618.388123
0 1578517672 908.294189 650.167664
0 1578527685 968.081726 538.738525
0 1478240218 755.887695 454.478516
0 1478215185 630.676147 500.073669
0 1524838307 1665.949585 706.055481
0 1478197163 738.056824 447.398071
0 1478221192 777.145752 452.864197
0 1524819281 1767.612305 894.116272
0 2086284946 1076.659424 594.736572
0 1524824288 1494.433350 781.018555
0 1524802260 1769.443604 699.471375
0 1478226199 692.328674 459.305084
0 1578518673 913.453125 592.509277
0 1438981616 1054.208374 656.066406
0 1478238215 648.074219 508.485657
0 1609135173 1126.795410 564.363831
0 1524837305 1751.570435 721.241394
0 1524793249 1625.199463 750.619141
0 1568515662 1150.666138 549.902893
0 1568516664 1162.900757 602.939026
0 1438991628 1159.678223 588.969482
0 1478249230 693.445374 505.123383
0 1438996634 1051.563354 625.262756
0 1578519675 915.772583 566.585754
0 1524829295 1826.587769 809.063538
0 1524864341 1696.924316 746.171936
0 1478255238 591.907410 493.558807
0 1438993631 1147.862427 537.749084
0 1524788244 1610.996460 730.073303
0 1772785076 909.654846 634.960022
0 1524828293 1595.299072 822.777588
0 1478203171 602.841431 474.728119
0 1524798255 1684.543945 898.782410
0 1478199165 666.845703 469.889832
0 1578528686 1075.012207 581.199524
0 1478192156 650.134460 462.509247
0 1478228201 762.010742 437.358551
0 1772037075 1137.475952 619.391968
0 1578515670 1071.884766 555.498169
0 1524851323 1693.177002 792.366089
0 1478218188 613.179993 456.922974
0 1478202169 752.696838 463.400116
0 1478254236 618.140930 448.379181
0 1478246226 586.200745 503.386841
0 1524809269 1787.753784 811.366211
0 1524822285 1643.207764 901.104431
0 1524841310 1495.269287 716.913696
0 1478235210 647.597412 430.423492
0 1578515669 917.941223 542.347412
0 1524854328 1749.034912 813.661987
0 0 1282.989746 376.805145
0 1 1539.280640 607.342346
0 2 1391.040771 502.221466
0 3 1503.221069 455.164642
0 4 1280.033203 339.735321
0 5 943.400574 410.115967
0 6 1577.014160 521.857605
0 7 877.008362 378.548889
0 8 837.077271 394.336060
0 9 417.014557 674.149475
0 10 1006.297852 367.663574
0 11 803.020752 423.339325
0 12 740.335388 406.008057
0 13 1070.685913 394.202301
0 14 1407.551514 891.829834
0 15 752.868958 691.049011
0 16 1332.687744 367.350189
0 17 778.572998 892.256958
0 18 1225.958618 384.072296
0 19 1424.061035 538.275391
0 20 351.127197 804.729065
0 21 1282.621826 355.053406
0 22 279.844788 862.404846
0 23 936.188293 391.996277
0 24 848.788574 411.758484
0 25 1472.788086 639.394714
0 26 1109.282227 716.023376
0 27 508.672729 496.172272
0 28 399.290710 887.687195
0 29 1395.950684 370.566803
0 30 1338.345459 349.169220
0 31 1152.735840 386.907959
0 32 739.250366 553.644592
0 33 694.098083 726.294128
0 34 712.330933 660.604736
0 35 612.836243 432.511108
0 36 1455.823364 596.207520
0 37 751.968384 431.235199
0 38 624.847412 896.894775
0 39 757.377136 589.349426
