0 1578512666 942.988525 617.951355
0 1524823287 471.974640 492.726685
0 1478234209 1338.948730 1044.329346
0 1707269176 923.089661 719.896545
0 1438989626 813.482422 600.154724
0 1524801259 618.863770 507.063873
0 1438992629 858.203796 627.514160
0 1478227200 1548.528809 1025.715576
0 1524854327 596.813049 535.626221
0 1478249229 1664.388184 1002.637512
0 1524807266 698.838013 458.440002
0 1524863340 518.829285 468.537415
0 1524831297 657.449463 457.083649
0 1478229202 1535.739868 995.089539
0 1568509654 854.066956 640.842590
0 1524790246 539.793030 469.242401
0 1578523681 794.452393 731.007507
0 1478207175 1652.741821 1063.720215
0 1524861337 443.624390 519.934448
0 1524862338 687.869873 474.221985
0 1478186149 1517.028564 1055.333862
0 1524797254 616.242615 455.733307
0 1578518674 926.275085 703.577393
0 1438985621 830.850708 715.643372
0 1524857331 484.942993 502.309082
0 1438994632 968.033630 632.061340
0 1578520676 835.412903 613.571228
0 1478237213 1263.704712 875.590271
0 1568511657 965.917969 645.553040
0 1775370079 945.430664 605.439880
0 1568510655 970.073425 619.054138
0 1478257240 1306.706665 901.897888
0 1578521677 990.694641 675.378357
0 1524794250 489.276001 521.602173
0 1524812272 588.949463 515.470825
0 1769859072 935.106812 658.330627
0 1578525683 889.048584 615.755066
0 1770636073 988.897949 690.546570
0 1524846317 547.386597 461.371826
0 1524833300 596.409912 506.266632
0 1568511656 763.380005 729.546753
0 1438985620 840.683350 683.963440
0 1707993177 1047.480591 725.632385
0 1478189152 1301.204102 877.590149
0 1524791247 531.980469 477.339905
0 1524830296 560.803955 469.948975
0 2088218948 870.142090 685.271851
0 1524827292 493.791443 493.490570
0 1606348170 861.497620 717.056519
0 1524855329 670.186279 499.666840
0 1478183145 1259.367920 852.533936
0 1438990627 963.721985 659.556763
0 1524840309 475.824097 511.397125
0 1478222194 1391.867920 931.889648
0 1709860179 1052.320557 609.721375
0 1478188151 1501.257812 912.514038
0 1438988624 899.692444 686.584351
0 1478243222 1567.817871 891.809021
0 1524843313 506.074890 460.000580
0 1524844315 636.823425 456.407745
0 1524858333 489.515320 475.892853
0 1524811271 676.254700 490.935028
0 1524859334 480.873016 484.186920
0 1478216186 1312.491943 927.455261
0 1524851324 479.926239 531.293030
0 1524814275 634.585815 517.114197
0 1578514668 987.028748 706.326294
0 1478184146 1345.307739 904.004211
0 1524829294 553.285767 478.065918
0 1478176143 1452.664062 885.667725
0 1524860336 657.487549 517.938904
0 1478222193 1565.163086 968.473511
0 1438997636 849.774048 654.673889
0 1478194158 1376.640015 881.613220
0 1478201168 1607.296143 1060.911865
0 1478205172 1562.058960 1058.116577
0 1524838306 645.322937 472.791199
0 1568514660 951.360474 738.384033
0 1524865342 643.980042 537.374817
0 2085418945 1050.085083 663.257568
0 1524808268 611.739807 516.291504
0 1478200167 1461.253052 1020.462341
0 1478194159 1592.458984 1028.359619
0 1568501643 956.603516 704.949646
0 1478239216 1332.699219 856.358459
0 1524820283 581.255981 524.962463
0 1438989625 1018.819214 691.875671
0 1568505649 896.042786 702.209534
0 1478255237 1301.208740 1074.979004
0 1524804262 650.839722 527.504517
0 1568506650 1017.551086 707.707336
0 1478217187 1283.397095 980.284119
0 1568505648 1020.038086 676.658325
0 1568497640 888.285950 735.418762
0 1578511665 919.770996 736.898987
0 1478258241 1427.583130 1049.806519
0 1524796253 617.494751 480.253937
0 1478206173 1636.585815 1031.015625
0 1524826291 654.343201 490.178253
0 1578529688 1050.675171 649.122437
0 1708834178 929.334900 687.901001
0 1478189153 1512.154785 938.609558
0 1568499641 915.980347 616.851685
0 1524852325 660.546509 481.720978
0 1478219190 1556.060059 868.007629
0 1578525682 994.087036 646.739319
0 1478232206 1540.636353 914.662781
0 1524818280 574.009827 505.471344
0 1524850322 672.428101 465.522339
0 1438996635 954.035828 721.323547
0 1524832299 581.572998 496.564148
0 1524789245 514.012207 452.383209
0 1438999639 803.761292 625.260132
0 1478196161 1374.748291 1015.255615
0 1478252234 1278.085083 952.043396
0 1524803261 507.130096 503.096863
0 1478211179 1633.933716 945.412903
0 1578523680 997.235413 620.160034
0 1578530689 826.308716 639.673645
0 1568508653 787.781982 666.527466
0 1524826290 678.120972 457.761078
0 1524847319 602.968079 471.366882
0 1524810270 573.318359 534.755249
0 1524835302 603.647888 497.337067
0 1524821284 497.912537 467.834015
0 1524799257 588.914124 487.918427
0 1478233208 1431.799561 934.120422
0 1608354172 1048.834473 693.208801
0 1524835303 627.587646 526.655090
0 1478251232 1294.932007 1041.609375
0 1524812273 641.371521 507.863007
0 1706512175 839.725830 601.205872
0 1438986622 1025.485840 608.646484
0 1478211180 1504.793945 1023.083130
0 1524823286 510.723724 476.615570
0 1478223195 1318.582642 954.361206
0 1478244223 1450.899658 990.111816
0 1438987623 1021.210693 662.020264
0 1478193157 1482.277710 963.729797
0 1524862339 537.578979 495.023743
0 1478236212 1369.573120 858.281616
0 1478240217 1338.848999 879.597778
0 1578521678 816.505310 667.780396
0 1524844314 666.572327 473.505768
0 1524848320 535.152649 523.278198
0 1524806265 610.673035 488.669952
0 1524787243 609.698669 463.440186
0 1478241219 1462.036499 910.373779
0 1524799256 625.774963 498.111816
0 1478190154 1443.742188 862.149780
0 1478226198 1471.894775 936.360352
0 1478208176 1621.318726 1000.110657
0 1478214184 1268.258423 899.799866
0 2084722944 992.423035 660.786682
0 1578522679 881.906616 642.015015
0 1524825289 534.368958 453.050293
0 1774531078 821.499390 653.462280
0 1525674169 885.542603 628.645996
0 1524815276 647.954346 498.888397
0 1768901071 998.726257 607.574646
0 1578526684 937.831787 644.370239
0 1524853326 693.431396 466.219543
0 1478218189 1295.964233 854.442627
0 1578513667 932.276611 672.830261
0 1438983618 959.069946 689.221741
0 1478224196 1384.062378 906.118958
0 1524792248 456.723816 530.432861
0 1524795252 526.707886 460.685455
0 1524808267 551.663330 504.677948
0 1478191155 1490.898682 887.706848
0 1524856330 595.706909 455.060364
0 1478236211 1289.004395 1010.094666
0 1478212181 1414.578003 883.636536
0 1478185147 1352.099121 929.667969
0 1568502645 835.865295 699.486633
0 1568508652 961.440918 674.102295
0 1438984619 1016.230774 724.191406
0 1659977623 919.294495 664.888000
0 1438982617 906.577454 657.108032
0 1524805264 512.186035 522.439148
0 1771287074 800.302551 714.234680
0 2087111947 995.690002 633.206360
0 1524817279 682.146667 482.457062
0 1524795251 624.121643 472.078217
0 1478230204 1441.095947 961.372864
0 1524847318 515.659485 494.256256
0 1578516671 856.904846 733.943542
0 1568513659 909.828125 643.190918
0 1578529687 805.919128 698.131653
0 1524819282 638.995911 480.986603
0 1478253235 1422.971680 908.242126
0 1524836304 567.205627 487.168671
0 1568501644 1014.854858 741.369019
0 1438998637 782.039185 681.358643
0 1524816278 549.882507 533.886414
0 1705773174 892.431335 603.316956
0 1524845316 554.770203 453.718842
0 1524842312 575.216187 454.388885
0 1568507651 808.708435 612.483948
0 1438999638 1023.426575 634.354675
0 1478252233 1273.045654 925.251526
0 1438993630 972.041260 606.505737
0 1478237214 1580.173462 916.820190
0 1524857332 453.362976 510.588318
0 1478248228 1400.087036 959.025879
0 1478225197 1518.477783 866.047546
0 1524859335 581.862244 470.657135
0 1524832298 596.042725 479.522949
0 1478200166 1593.786377 869.975159
0 1478250231 1331.781860 1012.669434
0 1478245225 1593.173340 943.135742
0 1438995633 866.041992 602.259949
0 1524804263 529.370117 503.886444
0 1524839308 574.639832 478.793579
0 1524849321 604.393127 525.807739
0 1568512658 862.192871 614.661621
0 1568514661 845.316040 669.037048
0 1478231205 1346.538330 1077.857056
0 1773608077 940.457214 630.919617
0 1438977615 892.243774 718.474243
0 1524834301 498.339600 512.207947
0 1607644171 985.082703 722.755127
0 1524800258 568.111145 462.059753
0 1568504647 1024.474731 621.269104
0 1568500642 903.201294 671.561951
0 1478256239 1408.753540 987.639038
0 1524815277 526.505371 533.019775
0 1568503646 825.627197 732.473083
0 1478220191 1606.869263 970.860474
0 1478207174 1472.203735 1052.563843
0 1524841311 462.808746 501.523224
0 1478213182 1552.580688 940.868042
0 1524813274 543.534546 513.835449
0 1568516663 1022.339294 647.929077
0 1578517672 1051.791748 622.381409
0 1578527685 983.054932 739.874084
0 1478240218 1366.788452 985.176880
0 1478215185 1529.283081 889.753906
0 1524838307 503.186707 532.155334
0 1478197163 1417.905029 1017.853210
0 1478221192 1325.003418 982.725281
0 1524819281 588.881836 462.749207
0 2086284946 878.133240 655.889160
0 1524824288 663.933411 508.664032
0 1524802260 433.579193 529.574829
0 1478226199 1493.228027 992.595276
0 1578518673 1049.471802 677.942139
0 1438981616 918.894165 604.376953
0 1478238215 1481.038696 864.094971
0 1609135173 811.315857 682.658997
0 1524837305 466.422150 520.767334
0 1524793249 566.214417 514.652100
0 1568515662 776.067383 696.781006
0 1568516664 798.631470 638.508057
0 1438991628 793.308777 652.254272
0 1478249230 1406.587280 860.212036
0 1438996634 912.960327 629.781189
0 1578519675 1048.171143 709.092773
0 1524829295 502.381256 484.929779
0 1524864341 520.909729 513.020691
0 1478255238 1619.869629 918.986267
0 1438993631 769.852783 712.830688
0 1524788244 558.175842 524.119324
0 1772785076 1051.243774 635.506409
0 1524828293 632.482727 489.423218
0 1478203171 1648.752319 973.257507
0 1524798255 630.561951 464.132690
0 1478199165 1523.632935 966.096619
0 1578528686 874.214600 670.297607
0 1478192156 1578.436401 997.594604
0 1478228201 1383.165161 1047.061768
0 1772037075 830.943420 626.385498
0 1578515670 865.906372 700.845886
0 1524851323 559.550110 495.793030
0 1478218188 1680.910645 1033.683594
0 1478202169 1359.249634 956.688599
0 1478254236 1698.397339 1066.541504
0 1478246226 1606.504150 893.872192
0 1524809269 523.939331 485.674347
0 1524822285 651.471680 464.826782
0 1524841310 620.366882 536.499390
0 1578515669 1046.760864 742.868958
0 1524854328 545.547424 486.420624
0 0 1177.672852 441.539978
0 2 1166.554810 534.273071
0 3 1538.638062 540.025940
0 4 860.595215 504.195312
0 5 893.557373 430.047028
0 6 1581.836792 574.474609
0 7 511.370789 629.759644
0 8 467.489319 709.389587
0 9 260.977386 728.418945
0 10 553.293213 588.678894
0 11 679.854309 430.720978
0 12 1090.899902 902.510803
0 13 972.265198 441.272430
0 14 1306.051758 924.447937
0 15 293.291931 856.633667
0 16 1250.684082 458.627380
0 17 774.363770 925.923645
0 18 1116.045288 449.775940
0 19 1192.804932 588.520264
0 20 205.732758 801.239136
0 21 1178.271606 500.200226
0 22 187.148163 873.595093
0 23 1631.618042 942.291809
0 24 735.007080 433.090973
0 25 1189.525391 684.548645
0 26 1172.273804 1050.800903
0 27 458.184570 534.521179
0 28 447.956421 896.587646
0 29 1264.798828 653.173218
0 30 954.992615 507.963837
0 31 1035.432617 444.015808
0 32 448.112854 615.617737
0 33 736.326721 1006.440979
0 34 341.745850 770.813110
0 35 597.321106 430.735352
0 36 1200.815674 626.084656
0 37 555.843506 487.572510
0 38 556.384521 917.223633
0 39 414.894318 660.135864
