0 1578512666 914.947937 472.885071
0 1524823287 1654.891968 742.753540
0 1478234209 716.418335 219.500366
0 1707269176 930.780762 377.168213
0 1438989626 1059.663452 504.595245
0 1524801259 1402.645752 692.832275
0 1438992629 1002.798035 467.134247
0 1478227200 603.097046 215.777344
0 1524854327 1382.651245 628.606506
0 1478249229 530.848206 216.790756
0 1524807266 1372.828613 840.063477
0 1524863340 1657.734253 816.394775
0 1524831297 1451.133667 848.582153
0 1478229202 597.021362 224.044540
0 1568509654 1003.769165 452.406586
0 1524790246 1620.375000 812.327332
0 1578523681 1034.369995 376.290405
0 1478207175 566.044250 203.012527
0 1524861337 1619.483154 674.302307
0 1478210178 641.345459 194.523911
0 1524862338 1358.738037 783.841980
0 1478186149 630.498962 210.079681
0 1524797254 1529.419312 857.098694
0 1578518674 928.733337 389.546173
0 1438985621 1008.172180 385.637604
0 1524857331 1608.332764 715.256958
0 1478203170 620.404358 192.227264
0 1438994632 888.985657 454.693665
0 1578520676 1030.736084 485.538849
0 1478237213 710.748840 274.742462
0 1568511657 891.876038 440.173157
0 1775370079 912.364746 488.501556
0 1478195160 746.030212 206.004883
0 1568510655 885.994385 469.720917
0 1478257240 692.623413 262.802094
0 1578521677 870.307434 409.592896
0 1524794250 1553.662476 667.121948
0 1524812272 1429.306763 674.219910
0 1769859072 922.183533 429.142883
0 1578525683 972.847229 479.212524
0 1770636073 873.358582 396.494812
0 1524846317 1633.288696 840.434998
0 1524833300 1436.936157 696.570740
0 1568511656 1059.766113 379.070160
0 1438985620 1006.495850 411.059509
0 1478185148 725.096008 203.708984
0 1707993177 827.563110 365.872467
0 1478189152 687.463806 272.191376
0 1524791247 1608.030762 785.458923
0 1524830296 1583.011475 808.259399
0 2088218948 979.872803 408.147034
0 1524827292 1619.900879 738.939941
0 1606348170 982.377197 382.814697
0 1524855329 1339.834106 708.415955
0 1478183145 705.773926 284.434906
0 1438990627 894.670471 426.134247
0 1524840309 1597.233276 692.533447
0 1478222194 652.339111 248.704330
0 1709860179 794.476929 475.621216
0 1478188151 577.785522 250.218857
0 1438988624 953.247559 405.234344
0 1478243222 524.421753 254.328781
0 1524843313 1709.724121 848.753601
0 1524844315 1490.278809 852.840637
0 1524858333 1681.099487 793.417114
0 1524811271 1345.863403 732.472961
0 1524859334 1667.713013 767.539001
0 1478216186 697.642212 253.669037
0 1524851324 1544.059082 646.219360
0 1524814275 1362.111572 666.891785
0 1578514668 876.313293 383.810547
0 1478184146 669.659180 260.285828
0 1524829294 1571.490112 781.479126
0 1478176143 594.307129 261.985321
0 1524860336 1328.508545 663.227112
0 1478222193 568.428650 230.084351
0 1438997636 1004.708191 438.167236
0 1478194158 640.888855 267.088745
0 1478201168 587.530579 205.368393
0 1478187150 699.609436 209.178680
0 1478205172 609.015503 207.724121
0 1524838306 1433.513306 791.983032
0 1568514660 907.359436 362.388489
0 1524865342 1318.065308 621.558838
0 2085418945 812.117371 417.106750
0 1524808268 1395.710938 670.556030
0 1478200167 646.626282 220.549515
0 1478194159 581.330200 213.390991
0 1568501643 902.524414 386.678467
0 1478239216 658.539307 279.260742
0 1524820283 1421.980347 652.756897
0 1438989625 846.724487 393.581146
0 1568505649 954.940125 392.413605
0 1478255237 742.014343 213.828781
0 1524804262 1323.183228 641.979126
0 1568506650 850.100037 380.942383
0 1478217187 729.326782 238.547592
0 1568505648 843.238770 406.632233
0 1568497640 958.169739 367.949890
0 1578511665 932.765564 365.169281
0 1478258241 673.461487 214.790344
0 1524796253 1461.843262 769.537109
0 1478206173 559.561951 211.004517
0 1524826291 1381.640503 736.370911
0 1578529688 807.930420 430.995300
0 1478233207 683.223450 199.116745
0 1708834178 926.620117 402.321411
0 1478189153 584.372498 241.255936
0 1568499641 943.898926 476.048950
0 1478245224 704.160400 201.412933
0 1524852325 1388.724365 761.573547
0 1478219190 516.793579 263.733551
0 1578525682 863.896606 437.114166
0 1478232206 554.812988 247.701691
0 1524818280 1471.222778 700.308777
0 1524850322 1403.872681 815.467224
0 1438996635 904.979492 374.344604
0 1524832299 1479.898071 723.681274
0 1478242220 657.198914 204.528015
0 1524789245 1725.049927 878.380981
0 1438999639 1059.688965 473.352875
0 1478196161 690.149536 225.321091
0 1478252234 724.869873 247.230881
0 1524803261 1574.060791 711.520508
0 1478211179 516.391479 233.805969
0 1578523680 857.038208 466.556458
0 1578530689 1031.736450 455.464264
0 1568508653 1059.724243 430.310333
0 1524826290 1411.983521 844.323059
0 1524847319 1508.270996 800.122131
0 1524810270 1414.939209 632.129761
0 1524835302 1444.887939 719.865540
0 1524821284 1695.089111 820.461731
0 1524799257 1488.947754 748.062195
0 1478233208 629.685181 246.221695
0 1608354172 820.088196 390.667236
0 1524835303 1356.118896 645.572083
0 1478251232 737.894592 221.855148
0 1524812273 1368.351807 689.093445
0 1706512175 1030.209106 501.377106
0 1438986622 823.952942 478.841736
0 1478211180 624.862427 218.163528
0 1524823286 1644.567139 789.438232
0 1478223195 702.525757 244.781876
0 1478244223 641.129272 228.879547
0 1438987623 839.637451 420.116180
0 1478193157 613.133972 234.984222
0 1478198164 678.404846 206.853455
0 1524862339 1549.907104 731.311462
0 1478236212 634.919373 276.673340
0 1478240217 664.177185 269.640167
0 1478214183 614.782654 199.876709
0 1578521678 1032.671631 427.351471
0 1524844314 1396.127808 787.912720
0 1524848320 1487.828125 659.940186
0 1524806265 1453.182617 744.165527
0 1524787243 1518.601318 827.953308
0 1478241219 600.756409 252.735870
0 1524799256 1409.873779 716.049438
0 1478190154 587.674255 271.497986
0 1478226198 607.029663 243.738892
0 1478208176 552.907471 219.208862
0 1478214184 715.586060 265.318207
0 2084722944 867.155151 423.125336
0 1578522679 975.799622 449.348633
0 1524825289 1685.933472 874.125549
0 1774531078 1032.211792 441.174835
0 1525674169 974.348694 464.024506
0 1478197162 551.147888 192.898575
0 1524815276 1374.855835 712.232910
0 1768901071 853.426270 482.061981
0 1578526684 919.852966 443.231934
0 1478182144 635.991516 202.202438
0 1524853326 1365.620728 811.304138
0 1478218189 682.157410 281.847900
0 1578513667 924.437988 415.513397
0 1438983618 899.990417 399.408234
0 1478224196 646.693237 257.769348
0 1478247227 599.461914 189.930481
0 1524792248 1576.330811 649.740845
0 1524795252 1671.508667 844.594482
0 1524808267 1505.505859 704.046387
0 1478191155 571.013672 259.433319
0 1524856330 1568.555054 861.356201
0 1478236211 733.666870 230.091980
0 1478258242 557.572998 185.336441
0 1478212181 617.598816 264.537109
0 1478185147 674.991455 251.186783
0 1568502645 1007.347290 398.147827
0 1568508652 897.373840 412.553284
0 1438984619 853.370667 368.696747
0 1659977623 936.962463 423.764099
0 1478209177 662.285095 196.820404
0 1438982617 949.694092 432.151245
0 1524805264 1520.746948 663.531250
0 1771287074 1033.965210 388.460297
0 2087111947 860.526184 451.582825
0 1524817279 1352.158813 757.591003
0 1524795251 1470.894409 796.052795
0 1478230204 635.484253 237.433899
0 1478230203 572.360840 195.224777
0 1524847318 1584.905884 735.125854
0 1578516671 983.571838 370.730286
0 1568513659 947.827515 446.290405
0 1578529687 1033.547607 401.014526
0 1524819282 1425.286011 765.555542
0 1478253235 623.725586 255.252701
0 1524836304 1524.708740 751.958374
0 1478243221 593.572510 197.550812
0 1568501644 856.541077 356.826141
0 1438998637 1059.735229 416.883667
0 1524816278 1447.224121 635.652710
0 1705773174 971.292480 494.939911
0 1524845316 1646.812012 869.869629
0 1524842312 1607.685913 865.613220
0 1568507651 1059.676514 488.701569
0 1438999638 832.064209 448.471710
0 1478252233 720.291321 256.151154
0 1438993630 882.896851 485.281921
0 1478237214 531.838806 245.184311
0 1524857332 1630.807861 696.195007
0 1478248228 657.833008 239.883408
0 1478225197 540.422241 266.321899
0 1524859335 1545.643555 804.191040
0 1524832298 1498.396362 773.518250
0 1478200166 493.163177 261.145050
0 1478250231 711.908936 227.706604
0 1478245225 539.053406 236.289459
0 1438995633 1000.752197 498.158661
0 1524804263 1539.785156 707.783630
0 1524839308 1534.945312 777.498962
0 1524849321 1389.051392 649.164673
0 1568512658 1001.792908 482.375824
0 1568514661 1005.616577 424.392303
0 1478231205 720.812561 211.503799
0 1773608077 917.442505 457.804230
0 1438977615 956.580078 379.991577
0 1524834301 1563.655029 688.871521
0 1607644171 879.176086 371.520782
0 1524800258 1595.064087 836.274963
0 1568504647 828.079346 463.391724
0 1568500642 951.499756 418.473297
0 1478256239 663.180969 231.296814
0 1524815277 1479.505737 639.175232
0 1568503646 1008.971924 373.510468
0 1478220191 546.073730 227.634171
0 1478207174 651.980957 212.435089
0 1524841311 1642.601074 718.992981
0 1478213182 561.713745 238.772797
0 1524813274 1496.487915 681.546509
0 1568516663 835.914673 434.054901
0 1578517672 799.117920 460.226715
0 1578527685 881.951233 359.607391
0 1478240218 685.231079 233.713898
0 1478215185 547.718567 256.881165
0 1524838307 1511.783936 642.697510
0 1478197163 668.388611 222.935394
0 1478221192 707.279663 236.130844
0 1524819281 1556.834961 832.114380
0 2086284946 977.202271 435.159363
0 1524824288 1334.054199 685.354187
0 1524802260 1608.599365 653.262024
0 1478226199 619.076111 226.462143
0 1578518673 816.167786 403.671326
0 1438981616 941.829956 491.720886
0 1478238215 564.049133 268.910034
0 1609135173 1033.116699 413.971710
0 1524837305 1586.574585 670.712280
0 1524793249 1462.899048 677.883423
0 1568515662 1059.745850 403.881073
0 1568516664 1059.701172 458.521667
0 1438991628 1059.712891 444.182190
0 1478249230 611.297668 274.085754
0 1438996634 945.896851 460.914490
0 1578519675 823.884705 378.074005
0 1524829295 1631.968018 763.644531
0 1524864341 1530.073242 685.209167
0 1478255238 508.863037 242.666763
0 1438993631 1059.756104 391.282745
0 1524788244 1454.905884 656.348694
0 1772785076 803.599731 445.360352
0 1524828293 1417.413574 740.268433
0 1478203171 523.717163 225.183807
0 1524798255 1480.363037 823.791809
0 1478199165 590.782104 232.534378
0 1578528686 978.559326 421.432922
0 1478192156 574.965210 221.626770
0 1478228201 694.940674 217.145447
0 1772037075 1031.244873 470.243683
0 1578515670 981.144775 395.280823
0 1524851323 1514.904541 727.496582
0 1478218188 537.792236 208.617844
0 1478202169 680.180176 242.332733
0 1478254236 544.556458 200.656479
0 1478246226 501.123230 251.776245
0 1524809269 1596.218994 759.749573
0 1524822285 1442.120239 819.629761
0 1524841310 1350.359863 625.082825
0 1478235210 578.518127 187.633530
0 1578515669 831.128906 354.044647
0 1524854328 1560.465942 755.854248
0 0 435.676239 236.044846
0 1 1049.116943 588.279053
0 2 1327.711426 477.944305
0 3 474.593781 212.957153
0 4 1312.902100 312.550690
0 5 47.356388 532.102356
0 6 975.791504 227.779541
0 7 1225.203979 229.278824
0 8 898.750916 195.715851
0 9 1451.431641 413.520020
0 10 1274.116211 244.239136
0 11 551.138000 669.030579
0 12 1232.272705 259.836182
0 13 645.308716 725.065979
0 14 1295.536133 265.824585
0 15 882.172363 172.762863
0 16 400.149902 257.499603
0 17 1418.279053 356.872742
0 18 816.803833 700.083130
0 19 731.417542 512.765198
0 20 1447.446289 460.024567
0 21 1368.465820 393.349915
0 22 1521.643555 578.355042
0 23 1060.004517 240.342484
0 24 424.443237 649.800842
0 25 629.391907 446.938995
0 26 617.269165 512.090698
0 27 318.067566 672.149719
0 28 1547.064209 651.739136
0 29 1461.760132 588.541016
0 30 1292.917725 371.238983
0 31 241.478409 375.888000
0 32 1212.588623 202.732346
0 33 671.068298 322.706635
0 34 960.032043 181.560547
0 35 149.587341 434.625366
0 36 1381.394409 530.365417
0 37 1261.046143 217.118195
0 38 1485.541260 520.999329
0 39 1041.222168 196.574677
