0 1578512666 922.611450 550.726135
0 1478234209 1403.632202 422.986450
0 1707269176 1124.619385 555.032837
0 1438989626 889.224854 633.604004
0 1524801259 556.244934 858.113953
0 1438992629 952.372925 599.531982
0 1478227200 1349.204346 372.954987
0 1524854327 677.112061 859.883118
0 1478249229 1311.525635 345.899445
0 1524807266 342.557861 799.798950
0 1524863340 297.771790 1058.684326
0 1524831297 312.638184 854.548096
0 1478229202 1327.121094 372.395203
0 1568509654 982.959351 600.152588
0 1524790246 316.133545 1020.007690
0 1578523681 1170.061768 621.177002
0 1478207175 1359.545288 355.597748
0 1478210178 1422.050781 383.974670
0 1524862338 420.096313 801.024292
0 1478186149 1377.375000 382.851074
0 1524797254 279.550995 915.093506
0 1578518674 1095.867920 554.419861
0 1438985621 1135.293701 603.243347
0 1524857331 488.906189 1060.658569
0 1478203170 1415.328003 374.631104
0 1438994632 951.330444 536.421509
0 1578520676 921.435486 616.224548
0 1478237213 1266.024170 430.298645
0 1568511657 979.746887 537.036377
0 1775370079 893.610168 550.107849
0 1478195160 1458.717285 434.936554
0 1568510655 922.879395 535.805847
0 1478257240 1284.922241 420.102051
0 1578521677 1034.756470 523.856018
0 1524794250 593.989136 1023.105530
0 1524812272 587.861938 888.122192
0 1769859072 1009.400391 552.576416
0 1578525683 922.045532 582.246399
0 1770636073 1062.578003 524.466553
0 1524846317 269.505493 1019.487793
0 1524833300 546.461121 887.542114
0 1568511656 1174.656860 639.179871
0 1438985620 1074.479248 602.009460
0 1478185148 1450.946533 424.136108
0 1707993177 1112.060425 498.309998
0 1478189152 1261.107178 419.523376
0 1524791247 362.670135 1020.526489
0 1524830296 333.471008 983.488770
0 2088218948 1071.920898 585.340637
0 1524827292 441.267181 1060.166504
0 1606348170 1131.602661 586.572754
0 1524855329 535.929321 802.854675
0 1478183145 1241.824585 429.716217
0 1438990627 1008.128906 537.650513
0 1524840309 536.449402 1061.149658
0 1478222194 1297.934204 400.056519
0 1709860179 896.585571 493.455322
0 1478188151 1260.744995 370.712677
0 1438988624 1069.456543 569.283936
0 1478243222 1230.420654 352.275574
0 1524844315 296.521149 884.040222
0 1524811271 497.381409 802.245544
0 1478216186 1308.712891 420.680115
0 1524851324 639.982178 1023.618225
0 1524814275 604.917725 830.721436
0 1578514668 1090.366333 525.076416
0 1478184146 1279.801636 409.641479
0 1524829294 378.694153 984.027954
0 1478176143 1242.828735 379.467224
0 1524860336 612.836792 804.069946
0 1478222193 1299.976562 362.764160
0 1438997636 1013.505920 600.772400
0 1478194158 1251.702271 398.912903
0 1478201168 1365.325562 364.433228
0 1478187150 1420.102783 413.081757
0 1478205172 1371.266602 373.514191
0 1524838306 394.119537 855.740845
0 1568514660 1149.523438 540.710022
0 1524865342 689.494019 805.281311
0 2085418945 1004.571411 495.888275
0 1524808268 596.602905 858.704712
0 1478200167 1360.970703 391.888824
0 1478194159 1343.562988 363.877380
0 1568501643 1093.068481 539.488464
0 1478239216 1232.845337 408.490112
0 1524820283 629.190186 888.701233
0 1438989625 1060.441895 510.549500
0 1568505649 1098.770142 569.899170
0 1478255237 1434.718140 434.358887
0 1524804262 651.196655 804.676147
0 1568506650 1087.756592 511.157104
0 1478217187 1362.570923 432.622437
0 1568505648 1033.095337 509.941254
0 1568497640 1157.287109 571.127380
0 1578511665 1153.335449 555.645020
0 1478258241 1390.122925 402.336945
0 1524796253 421.821228 885.795837
0 1478206173 1338.074341 355.045319
0 1524826291 486.620911 828.919312
0 1578529688 977.621582 495.281067
0 1478233207 1436.080078 403.473755
0 1708834178 1067.081055 553.806152
0 1478189153 1282.891479 371.274078
0 1568499641 922.333740 566.196045
0 1478245224 1443.404053 413.653107
0 1524852325 447.056549 828.316589
0 1478219190 1208.829956 351.720093
0 1578525682 979.013794 522.632690
0 1478232206 1256.308105 361.648834
0 1524818280 536.162231 918.519714
0 1524850322 367.728668 827.108093
0 1438996635 1121.313110 540.099670
0 1524832299 493.586609 917.951233
0 1478242220 1406.322510 393.020172
0 1438999639 952.956299 634.848999
0 1478196161 1373.430054 411.937317
0 1478252234 1338.471924 432.042389
0 1524803261 501.733185 1022.076904
0 1478211179 1269.054688 344.799042
0 1578523680 923.137878 521.406433
0 1578530689 983.840698 617.467590
0 1568508653 1048.228760 636.710144
0 1524826290 327.964874 826.502258
0 1524847319 365.397552 916.239746
0 1524810270 670.445923 889.279236
0 1524835302 504.987549 886.961060
0 1524799257 450.934082 917.381714
0 1478233208 1292.776489 390.187653
0 1608354172 1058.377808 497.100525
0 1524835303 644.218506 831.320068
0 1478251232 1410.693970 433.780670
0 1524812273 565.551331 830.121704
0 1706512175 890.170410 615.601746
0 1438986622 895.880066 506.889160
0 1478211180 1355.004639 382.288452
0 1524823286 345.700256 1059.179321
0 1478223195 1332.479248 421.257599
0 1478244223 1338.261597 391.322296
0 1438987623 1005.716614 509.332245
0 1478193157 1310.199219 381.161621
0 1478198164 1413.112915 402.905609
0 1524862339 468.882080 985.103271
0 1478236212 1228.551636 398.340210
0 1478240217 1256.335327 409.066101
0 1478214183 1393.307739 374.072906
0 1578521678 1046.079712 618.707397
0 1524844314 407.425873 827.712830
0 1524848320 612.539551 952.276367
0 1524806265 463.440979 886.378967
0 1524787243 322.513153 915.667175
0 1478241219 1265.307373 380.032562
0 1524799256 515.817749 857.522217
0 1478190154 1220.328369 378.901337
0 1478226198 1287.764160 380.597351
0 1478208176 1316.583496 354.492432
0 1478214184 1290.198608 430.880493
0 2084722944 1006.901794 523.244690
0 1578522679 982.111145 583.486511
0 1524825289 201.623444 1057.691162
0 1774531078 1014.980835 618.087891
0 1525674169 952.097656 582.866821
0 1478197162 1375.086792 347.546387
0 1524815276 526.119141 829.520996
0 1768901071 895.149841 520.792236
0 1578526684 980.506531 551.960449
0 1478182144 1399.723511 383.413147
0 1524853326 381.358826 800.412109
0 1478218189 1237.267700 418.944122
0 1578513667 1038.258423 553.191650
0 1438983618 1064.789673 538.876587
0 1478224196 1274.829712 399.484985
0 1478247227 1408.789551 365.543304
0 1524792248 631.249207 1062.128906
0 1524795252 249.746277 1058.188232
0 1524808267 525.306458 951.172241
0 1478191155 1238.577515 370.150757
0 1524856330 261.658051 947.835388
0 1478236211 1386.644897 433.201843
0 1478258242 1396.235107 348.094330
0 1478212181 1247.201904 389.050720
0 1478185147 1303.244141 410.216309
0 1568502645 1104.906372 602.626831
0 1568508652 1036.476440 538.263916
0 1438984619 1115.039185 511.763947
0 1659977623 1024.618164 560.551392
0 1478209177 1428.965210 393.585022
0 1438982617 1010.718506 568.051086
0 1524805264 603.521606 986.708679
0 1771287074 1139.128052 620.560852
0 2087111947 951.092529 522.019958
0 1524817279 458.770447 801.635376
0 1524795251 380.128143 885.211670
0 1478230204 1315.530151 390.755249
0 1478230203 1380.996338 356.149628
0 1524847318 455.469635 1021.561157
0 1578516671 1161.386353 587.187744
0 1568513659 981.294006 567.433533
0 1578529687 1108.153198 619.943848
0 1524819282 434.755280 856.335632
0 1478253235 1270.000244 389.619446
0 1524836304 437.749664 950.064026
0 1478243221 1387.067749 364.988525
0 1568501644 1142.289917 512.370056
0 1438998637 1079.900146 637.328857
0 1524816278 663.429871 920.218872
0 1705773174 891.954834 581.625122
0 1524845316 222.785675 1018.966919
0 1524842312 242.765015 982.407227
0 1568507651 921.112305 634.226990
0 1438999638 950.862793 508.112152
0 1478252233 1314.347778 431.461761
0 1438993630 894.393738 535.189514
0 1478237214 1251.991333 352.830566
0 1478248228 1321.015747 400.627472
0 1478225197 1212.557373 360.531372
0 1524859335 349.867462 948.951782
0 1524832298 408.204468 916.811279
0 1478200166 1205.202271 343.144592
0 1478250231 1379.938721 422.410767
0 1478245225 1273.541992 353.385010
0 1438995633 891.079651 598.288391
0 1524804263 513.847351 985.639465
0 1524839308 393.849335 949.508423
0 1524849321 636.891846 859.294434
0 1568512658 921.746338 598.910583
0 1568514661 1044.012451 601.391296
0 1478231205 1427.301392 423.561584
0 1773608077 951.576904 551.343689
0 1438977615 1128.046997 570.513672
0 1524834301 547.906311 1022.591675
0 1607644171 1118.121582 525.685547
0 1524800258 288.161407 982.948486
0 1568504647 923.387573 507.501007
0 1568500642 1040.105957 568.667908
0 1478256239 1344.074341 401.197845
0 1524815277 656.035400 952.826782
0 1568503646 1165.641479 603.859070
0 1478220191 1295.072754 353.938965
0 1478207174 1383.657715 392.454803
0 1478213182 1278.152588 362.206757
0 1524813274 568.963318 951.724792
0 1568516663 978.305847 508.722565
0 1578517672 923.628784 494.064606
0 1578527685 1145.843872 526.293945
0 1478240218 1350.058350 411.364227
0 1478215185 1234.443115 361.090363
0 1524838307 648.231201 987.241760
0 1478197163 1367.110107 401.767670
0 1478221192 1356.221069 421.834473
0 1524819281 305.803772 948.394043
0 2086284946 1012.086060 584.105286
0 1524824288 574.414429 803.462769
0 1478226199 1332.612793 381.725311
0 1578518673 1031.490112 496.494751
0 1438981616 892.797791 565.576111
0 1478238215 1216.388794 369.588348
0 1609135173 1077.137085 619.326050
0 1524837305 583.896912 1061.639771
0 1524793249 578.661194 919.087097
0 1568515662 1111.528442 637.946716
0 1568516664 984.757019 635.470276
0 1438991628 1016.514465 636.090637
0 1478249230 1224.381104 388.481415
0 1438996634 951.832458 566.815186
0 1578519675 1085.234497 497.705597
0 1524829295 393.531952 1059.673340
0 1524864341 558.727112 986.174561
0 1478255238 1247.790039 344.248016
0 1438993631 1143.114014 638.563721
0 1524788244 621.083618 919.653503
0 1772785076 950.640808 494.673187
0 1524828293 475.321289 856.929382
0 1478203171 1290.299927 345.349487
0 1524798255 338.361542 884.626465
0 1478199165 1305.016846 371.834900
0 1578528686 1042.022705 584.723389
0 1478192156 1321.780029 363.321014
0 1478228201 1396.778198 412.509827
0 1772037075 952.658875 616.846497
0 1578515670 1101.781006 585.957092
0 1524851323 481.568634 950.618652
0 1478218188 1332.732178 346.448944
0 1478202169 1326.662964 410.790558
0 1478254236 1353.919189 346.997894
0 1478246226 1226.505859 343.696533
0 1524809269 409.115356 1021.044373
0 1524822285 353.413910 855.145020
0 1524841310 683.453674 831.917786
0 1478235210 1402.427612 356.700989
0 1578515669 1138.855347 498.913696
0 1524854328 423.831116 984.566162
0 0 1579.063965 939.354126
0 1 1378.115112 380.052765
0 2 1392.336914 799.979980
0 3 1371.978760 966.504944
0 4 1673.384644 672.005920
0 5 1495.275146 547.220703
0 6 440.006439 950.138123
0 7 1602.881592 544.351746
0 8 1352.964844 417.875336
0 9 602.794800 347.576752
0 10 1623.031494 599.651733
0 11 1337.876099 357.482513
0 12 413.262451 648.754944
0 13 1752.679688 862.130737
0 14 446.462250 561.833923
0 15 1605.219238 878.530029
0 16 1690.749634 886.168274
0 17 614.813110 323.239258
0 18 1292.296753 299.220245
0 19 657.636719 649.293579
0 20 601.977722 373.120178
0 21 682.436523 520.472595
0 22 976.279236 350.882782
0 23 393.866730 726.791077
0 24 1313.388916 328.883057
0 25 696.624573 584.622742
0 26 798.102661 796.135132
0 27 1395.709839 403.728455
0 28 718.292114 265.542664
0 29 855.510193 381.553223
0 30 1643.993408 804.743774
0 31 1603.639404 730.296631
0 32 748.974182 872.625549
0 33 760.337341 506.124054
0 34 1434.693970 868.684937
0 35 1505.080322 592.749695
0 36 1804.576294 817.059143
0 37 652.590088 818.244568
0 38 1109.942871 355.723053
0 39 1078.865601 853.966492
