0 1578512666 851.917358 702.946228
0 1707269176 920.704163 501.434601
0 1438989626 1058.471191 783.456055
0 1438992629 987.580933 696.291321
0 1568509654 995.645264 664.297974
0 1578523681 1074.183594 504.866760
0 1578518674 912.030640 526.843567
0 1438985621 1031.286865 522.898376
0 1438994632 822.018738 661.895691
0 1578520676 1022.116150 738.754761
0 1568511657 833.487488 631.019287
0 1775370079 840.309082 736.952820
0 1568510655 810.043335 694.136230
0 1578521677 816.656799 565.333374
0 1769859072 883.847717 609.406006
0 1578525683 936.471008 720.735657
0 1770636073 827.516724 538.297791
0 1568511656 1110.964355 511.933502
0 1438985620 1017.890869 576.043762
0 1707993177 776.076050 473.362732
0 2088218948 979.376709 568.407410
0 1606348170 994.221497 515.704102
0 1438990627 844.481079 601.422180
0 1709860179 670.831177 700.827087
0 1438988624 941.084106 560.815063
0 1578514668 837.954224 512.313965
0 1438997636 1003.371399 633.646240
0 1568514660 893.257507 470.105194
0 2085418945 727.775757 577.753479
0 1568501643 874.888550 519.558411
0 1438989625 790.091492 530.877441
0 1568505649 949.382263 534.169739
0 1568506650 801.225830 505.109985
0 1568505648 778.507935 557.684814
0 1568497640 965.038818 483.896637
0 1578511665 929.051025 476.982269
0 1578529688 714.434937 606.586792
0 1708834178 903.011169 553.266235
0 1568499641 894.059082 711.812561
0 1578525682 793.562683 622.825745
0 1438996635 884.248779 494.358734
0 1438999639 1071.934692 713.815796
0 1578523680 768.434387 685.382080
0 1578530689 1036.810669 672.746094
0 1568508653 1090.043945 620.145264
0 1608354172 752.878540 523.499146
0 1706512175 1014.262634 774.032593
0 1438986622 712.790588 709.771057
0 1438987623 766.447144 585.596375
0 1578521678 1050.294678 612.175842
0 2084722944 805.348267 593.485718
0 1578522679 954.732544 655.901672
0 1774531078 1043.694580 641.824097
0 1525674169 945.800964 687.611450
0 1768901071 755.021545 718.773010
0 1578526684 873.655945 639.262817
0 1578513667 893.624512 580.764709
0 1438983618 865.156006 545.760620
0 1568502645 1024.720947 548.946899
0 1568508652 855.028320 573.026489
0 1438984619 811.936340 480.323090
0 1659977623 908.361694 598.885193
0 1438982617 923.450195 617.437622
0 1771287074 1068.558838 530.132751
0 2087111947 781.269226 653.429932
0 1578516671 1001.222412 490.848633
0 1568513659 914.070251 647.556763
0 1578529687 1062.711792 556.398438
0 1568501644 822.246887 456.461853
0 1438998637 1095.591553 591.449646
0 1705773174 926.715393 755.371155
0 1568507651 1065.354492 747.851807
0 1438999638 740.771362 645.016541
0 1438993630 797.526855 727.833374
0 1438995633 970.344971 764.671143
0 1568512658 979.155823 729.716248
0 1568514661 1010.780273 604.253540
0 2079485312 908.364807 598.830872
0 1773608077 863.022339 670.414185
0 1438977615 957.361084 508.549622
0 1607644171 847.993347 487.321655
0 1568504647 727.088074 676.683105
0 1568500642 932.447144 588.548401
0 1568503646 1037.603394 497.838562
0 1568516663 753.879211 614.681702
0 1578517672 686.001892 668.038879
0 1578527685 857.656616 463.265137
0 2086284946 963.290771 625.517639
0 1578518673 740.579712 550.080505
0 1438981616 883.370972 746.131836
0 1609135173 1056.628540 583.724365
0 1568515662 1100.919067 563.892578
0 1568516664 1078.231201 681.246643
0 1438991628 1084.262085 650.051453
0 1438996634 904.282288 678.985901
0 1578519675 764.701660 497.946045
0 1438993631 1106.039429 537.407654
0 1772785076 700.522827 636.654907
0 1578528686 971.498474 596.377808
0 1772037075 1029.624756 705.025879
0 1578515670 986.945129 541.537415
0 1578515669 787.026794 449.694946
0 0 1324.074463 893.319519
0 1 1242.019897 621.686218
0 2 754.868286 681.708618
0 3 840.249512 612.623108
0 4 1287.415039 468.869720
0 5 623.675415 286.918701
0 6 892.269775 305.970154
0 7 1246.120972 399.045868
0 8 609.879883 432.224945
0 9 787.825439 261.647552
