0 1578512666 955.723633 494.425415
0 1524823287 1321.042725 834.267151
0 1478234209 1042.353638 322.665009
0 1707269176 1057.828613 442.811584
0 1438989626 1035.386475 537.758667
0 1524801259 1130.206055 723.468872
0 1438992629 1027.120483 506.250244
0 1478227200 963.269775 309.806549
0 1524854327 1183.346313 682.280151
0 1478249229 913.341553 304.071075
0 1524807266 953.413574 790.230225
0 1524863340 1231.886597 875.093079
0 1524831297 1007.270386 818.755554
0 1478229202 951.855530 314.040466
0 1568509654 1042.178223 498.074890
0 1524790246 1199.328857 858.850708
0 1578523681 1144.417847 458.589996
0 1478207175 948.725952 299.179932
0 1524861337 1370.944580 782.493408
0 1478210178 1009.498657 300.711670
0 1524862338 997.652100 758.237915
0 1478186149 987.663208 308.946777
0 1524797254 1064.533325 849.084961
0 1578518674 1044.197266 449.702209
0 1438985621 1112.447144 459.923309
0 1524857331 1305.836426 801.923889
0 1478203170 996.387207 297.522034
0 1438994632 953.468445 480.236053
0 1578520676 1031.158936 521.643738
0 1478237213 987.366272 354.713196
0 1568511657 968.759277 472.679749
0 1775370079 939.758423 502.495789
0 1478195160 1078.029419 317.383270
0 1568510655 937.824158 487.967010
0 1478257240 985.037964 345.837921
0 1578521677 980.973267 452.304657
0 1524794250 1308.219727 755.873291
0 1524812272 1175.506226 721.081604
0 1769859072 1001.457703 471.306946
0 1578525683 992.649536 507.748932
0 1770636073 995.324219 445.368042
0 1524846317 1178.829224 878.237122
0 1524833300 1157.418091 735.624695
0 1568511656 1163.633301 464.498169
0 1438985620 1085.297852 474.663666
0 1478185148 1063.911987 313.948914
0 1707993177 989.670532 421.457916
0 1478189152 972.945679 350.726898
0 1524791247 1219.096924 840.156250
0 1524830296 1167.796387 843.119751
0 2088218948 1066.590332 468.572449
0 1524827292 1288.319458 819.255920
0 1606348170 1093.888184 454.108917
0 1524855329 1058.841309 713.987244
0 1478183145 975.084106 359.770294
0 1438990627 983.708374 465.292328
0 1524840309 1322.761230 785.177856
0 1478222194 968.882202 333.542206
0 1709860179 870.130859 476.820587
0 1478188151 916.418823 327.185272
0 1438988624 1048.249512 462.600647
0 1478243222 878.156799 324.524292
0 1524843313 1245.596313 912.543457
0 1524844315 1035.456177 833.684265
0 1524858333 1284.709717 871.962952
0 1524811271 1039.090332 728.270630
0 1524859334 1303.204834 852.773987
0 1478216186 996.913025 341.036774
0 1524851324 1324.320312 740.647217
0 1524814275 1122.161011 697.861877
0 1578514668 1009.367859 438.579926
0 1478184146 970.879578 341.989288
0 1524829294 1187.812744 824.990784
0 1478176143 917.513000 335.403564
0 1524860336 1096.552612 686.715210
0 1478222193 927.193298 314.913635
0 1438997636 1056.885742 490.089661
0 1478194158 944.790039 342.943787
0 1478201168 961.515625 302.388031
0 1478187150 1039.279907 314.824921
0 1478205172 974.493286 305.643280
0 1524838306 1051.006958 784.855591
0 1568514660 1053.709229 430.699860
0 1524865342 1132.052002 661.042847
0 2085418945 932.494995 447.937775
0 1524808268 1148.469360 709.313110
0 1478200167 989.864136 316.582336
0 1478194159 950.266174 306.493408
0 1568501643 1026.616821 444.088165
0 1478239216 946.409180 351.707428
0 1524820283 1193.033813 706.989075
0 1438989625 978.348450 439.840668
0 1568505649 1062.118774 455.425140
0 1478255237 1067.383789 321.766571
0 1524804262 1114.566406 673.687988
0 1568506650 992.441040 433.174561
0 1478217187 1034.310547 335.384216
0 1568505648 963.950378 446.651245
0 1568497640 1088.959839 441.538330
0 1578511665 1071.168823 436.068146
0 1478258241 1014.597229 315.702728
0 1524796253 1099.509155 782.184570
0 1478206173 937.452576 303.228699
0 1524826291 1065.119995 740.541016
0 1578529688 917.417053 454.920837
0 1478233207 1036.302979 307.232452
0 1708834178 1030.265137 456.744873
0 1478189153 928.435242 322.727966
0 1568499641 973.994873 501.017975
0 1478245224 1050.004639 310.565643
0 1524852325 1044.865967 755.695496
0 1478219190 865.676086 329.006653
0 1578525682 951.308167 466.643524
0 1478232206 903.322021 323.625214
0 1524818280 1185.407227 748.127502
0 1524850322 1002.308838 787.537476
0 1438996635 1040.307983 437.322418
0 1524832299 1166.921753 763.567078
0 1478242220 1012.007690 308.088745
0 1524789245 1224.895264 934.020935
0 1438999639 1066.311768 520.092712
0 1478196161 1017.271362 323.565277
0 1478252234 1022.890442 340.086365
0 1524803261 1274.382324 787.873108
0 1478211179 889.793030 312.396240
0 1578523680 920.285278 481.638672
0 1578530689 1061.493408 504.755859
0 1568508653 1109.978394 495.148346
0 1524826290 979.935486 804.277649
0 1524847319 1107.619141 813.098389
0 1524810270 1210.026611 693.326538
0 1524835302 1138.742432 750.640381
0 1524821284 1265.520142 891.872253
0 1524799257 1147.816772 779.524170
0 1478233208 955.191650 329.881775
0 1608354172 961.689941 434.416626
0 1524835303 1140.027832 684.493652
0 1478251232 1056.552124 326.226440
0 1524812273 1103.738770 711.645813
0 1706512175 1015.430725 530.399963
0 1438986622 887.011047 483.045166
0 1478211180 976.467590 313.169128
0 1524823286 1251.379639 855.805725
0 1478223195 1008.576599 336.321167
0 1478244223 978.505981 320.939056
0 1438987623 949.236877 453.611023
0 1478193157 953.496521 321.832581
0 1478198164 1025.541992 311.431732
0 1524862339 1225.806641 790.579407
0 1478236212 932.415649 347.772675
0 1478240217 958.755371 346.804260
0 1478214183 985.530945 301.549011
0 1578521678 1090.418823 488.652435
0 1524844314 1023.940186 771.352478
0 1524848320 1249.012085 730.745911
0 1524806265 1119.449707 766.151917
0 1524787243 1086.456421 830.774231
0 1478241219 929.718262 330.800446
0 1524799256 1111.357666 738.078125
0 1478190154 905.089478 340.089050
0 1478226198 941.710938 326.277466
0 1478208176 925.990417 307.345245
0 1478214184 999.424072 349.748474
0 2084722944 966.304810 459.394806
0 1578522679 1023.259033 491.530884
0 1524825289 1190.657471 915.886841
0 1774531078 1076.126099 496.609558
0 1525674169 1008.134644 499.544373
0 1478197162 947.232727 292.089417
0 1524815276 1084.734375 725.865234
0 1768901071 904.235229 489.396606
0 1578526684 986.560913 478.837219
0 1478182144 998.671997 304.794861
0 1524853326 975.900330 773.968323
0 1478218189 960.630127 355.706116
0 1578513667 1016.022156 463.944702
0 1438983618 1012.626709 451.001740
0 1478224196 956.943604 338.201080
0 1478247227 983.463928 294.378204
0 1524792248 1354.950195 753.328857
0 1524795252 1211.659912 895.106201
0 1524808267 1214.206665 760.992371
0 1478191155 904.191162 331.721008
0 1524856330 1094.544800 864.980530
0 1478236211 1045.529419 330.764984
0 1478258242 958.166443 288.223999
0 1478212181 931.044250 339.144043
0 1478185147 982.787720 337.260101
0 1568502645 1099.025024 467.210693
0 1568508652 998.327271 458.068085
0 1438984619 1006.237793 426.648376
0 1659977623 1017.773804 470.621948
0 1478209177 1022.802551 303.948151
0 1438982617 1019.563049 477.442230
0 1524805264 1278.194946 743.130981
0 1771287074 1131.372681 465.852600
0 2087111947 935.972229 474.056274
0 1524817279 1018.704407 743.013306
0 1524795251 1078.887573 798.764709
0 1478230204 966.950195 325.371521
0 1478230203 959.815308 295.197296
0 1524847318 1256.588989 804.700256
0 1578516671 1107.091553 447.113312
0 1568513659 1004.723877 485.119659
0 1578529687 1118.031250 473.280029
0 1524819282 1071.789551 768.747070
0 1478253235 943.224854 334.471924
0 1524836304 1177.033203 793.296753
0 1478243221 972.580017 298.350159
0 1568501644 1019.747986 420.257782
0 1438998637 1123.858765 487.219208
0 1524816278 1237.433228 704.673645
0 1705773174 976.790894 516.151489
0 1524845316 1157.556396 898.354736
0 1524842312 1125.536133 881.395203
0 1568507651 1051.039429 528.817017
0 1438999638 918.820923 467.998383
0 1478252233 1011.263489 344.873657
0 1438993630 921.814026 495.878754
0 1478237214 890.423157 320.118927
0 1524857332 1354.881592 799.158997
0 1478248228 980.611511 328.965057
0 1478225197 878.610229 332.643524
0 1524859335 1137.241455 827.876465
0 1524832298 1128.060547 796.025146
0 1478200166 852.939209 325.425293
0 1478250231 1031.291626 327.137421
0 1478245225 902.480713 315.788544
0 1438995633 995.903320 523.199280
0 1524804263 1243.852417 774.235291
0 1524839308 1157.481567 810.287415
0 1524849321 1166.174194 695.590088
0 1568512658 1011.700073 514.622620
0 1568514661 1071.255127 482.288025
0 1478231205 1053.225464 318.269470
0 1773608077 971.320251 486.541351
0 1438977615 1075.685425 448.406036
0 1524834301 1291.582886 771.606689
0 1607644171 1023.114075 431.935638
0 1524800258 1147.051025 861.908936
0 1568504647 903.096191 475.436554
0 1568500642 1034.067871 469.937866
0 1478256239 992.136963 324.467499
0 1524815277 1265.596436 716.333923
0 1568503646 1125.574097 452.796143
0 1478220191 914.334839 311.531250
0 1478207174 1001.029785 312.299530
0 1524841311 1338.257568 816.406555
0 1478213182 915.360046 319.232056
0 1524813274 1231.890991 745.624390
0 1568516663 934.197388 460.725037
0 1578517672 886.246460 469.356934
0 1578527685 1036.572021 425.430634
0 1478240218 1005.978149 328.050293
0 1478215185 891.073975 328.095032
0 1524838307 1294.547363 728.320496
0 1478197163 1003.463867 320.047363
0 1478221192 1020.034302 331.688751
0 1524819281 1116.275757 846.095947
0 2086284946 1038.035278 483.701874
0 1524824288 1077.986206 700.142029
0 1524802260 1386.474731 766.380920
0 1478226199 965.080383 317.463776
0 1578518673 947.249146 441.104614
0 1438981616 958.080017 509.251862
0 1478238215 891.746460 336.337219
0 1609135173 1104.383423 480.878021
0 1524837305 1339.123291 768.988586
0 1524793249 1203.302612 733.180664
0 1568515662 1137.420898 479.471893
0 1568516664 1081.217041 511.578156
0 1438991628 1095.768433 503.265717
0 1478249230 918.644226 343.900391
0 1438996634 989.538452 492.976135
0 1578519675 975.827271 427.869202
0 1524829295 1270.178467 837.205383
0 1524864341 1261.305664 758.427795
0 1478255238 877.717773 316.665222
0 1438993631 1150.675781 471.900177
0 1524788244 1220.635986 718.703308
0 1772785076 902.004639 462.058838
0 1524828293 1091.895630 753.163025
0 1478203171 901.665955 308.198792
0 1524798255 1057.549194 815.921082
0 1478199165 940.245728 318.346985
0 1578528686 1052.475220 476.051086
0 1478192156 938.827026 310.668030
0 1478228201 1028.370361 319.157501
0 1772037075 1046.508667 513.098206
0 1578515670 1080.391113 461.260223
0 1524851323 1195.930664 776.874390
0 1478218188 924.824829 300.011383
0 1478202169 994.485413 332.614502
0 1478254236 936.120361 296.018036
0 1478246226 865.434998 321.007629
0 1524809269 1238.171631 822.117371
0 1524822285 1029.512939 801.515503
0 1524841310 1157.363770 671.522644
0 1478235210 970.725037 291.279144
0 1578515669 1003.228821 415.178650
0 1524854328 1207.137817 807.488037
0 0 773.867004 307.971313
0 1 963.595703 587.515503
0 2 1211.233032 585.705872
0 3 818.336609 300.460663
0 4 1415.115356 469.687378
0 5 430.876984 419.252380
0 6 1163.397461 336.636780
0 7 1490.320801 393.002594
0 8 1221.880249 329.423737
0 9 1496.584717 524.175781
0 10 1499.179810 413.559570
0 11 584.439636 532.154541
0 12 1370.859497 390.121704
0 13 530.356628 554.513428
0 14 1434.594238 405.820892
0 15 1147.484375 293.338623
0 16 734.541321 319.634460
0 17 1536.072266 480.701324
0 18 705.932678 604.547791
0 19 722.636108 458.805817
0 20 1433.724731 548.017090
0 21 1441.476196 497.635956
0 22 1361.341064 627.382507
0 23 1225.137329 354.237366
0 24 537.435425 513.293945
0 25 805.798462 408.843964
0 26 725.752075 434.525085
0 27 481.960022 505.607452
0 28 1295.246704 672.915405
0 29 1282.333984 632.678528
0 30 1316.233398 512.118225
0 31 551.458557 364.889435
0 32 1434.910522 351.253448
0 33 925.675537 352.464569
0 34 1205.438721 305.869354
0 35 503.973663 389.932373
0 36 1193.376953 623.485657
0 37 1480.966309 367.062653
0 38 1400.153198 593.225098
0 39 1266.657104 323.851044
