0 1578512666 992.223389 600.471558
0 1524823287 1793.136597 828.609192
0 1478234209 775.889771 364.649231
0 1707269176 999.532837 503.073792
0 1438989626 1141.271240 621.993530
0 1524801259 1517.721924 793.028503
0 1438992629 1080.057129 588.115173
0 1478227200 665.844543 370.004120
0 1524854327 1488.305786 726.726685
0 1478249229 596.296265 376.666626
0 1524807266 1505.776245 952.882324
0 1524863340 1807.776855 908.084290
0 1524831297 1590.451538 956.956055
0 1478229202 660.494446 378.479706
0 1568509654 1079.623901 573.132263
0 1524790246 1766.814941 906.200378
0 1578523681 1103.042358 494.241577
0 1478207175 629.344421 360.603333
0 1524861337 1744.731567 757.928955
0 1478210178 701.426025 346.449890
0 1524862338 1483.402954 893.165710
0 1478186149 691.954224 362.331879
0 1524797254 1675.646118 961.054749
0 1578518674 998.593018 515.595764
0 1438985621 1077.672241 505.610962
0 1524857331 1739.033813 802.395020
0 1478203170 681.060120 345.899841
0 1438994632 964.611938 584.017883
0 1578520676 1110.061401 604.720825
0 1478237213 774.293213 418.892853
0 1568511657 966.241028 569.170410
0 1775370079 991.021484 616.486816
0 1478195160 803.720276 349.212677
0 1568510655 962.922485 599.414917
0 1478257240 755.778503 408.646057
0 1578521677 942.099854 540.087341
0 1524794250 1673.698486 755.036255
0 1524812272 1543.296387 771.434326
0 1769859072 995.575928 555.799011
0 1578525683 1051.015015 602.591553
0 1770636073 944.025635 526.751831
0 1524846317 1785.133789 935.938660
0 1524833300 1554.363403 794.579224
0 1568511656 1128.813354 495.066864
0 1438985620 1078.413208 531.241455
0 1478185148 783.199280 348.658447
0 1707993177 896.040466 499.713409
0 1478189152 751.404541 418.214874
0 1524791247 1749.394287 877.919495
0 1524830296 1725.972900 904.321960
0 2088218948 1051.429199 530.339966
0 1524827292 1755.013550 826.963135
0 1606348170 1051.575928 504.763641
0 1524855329 1453.725830 813.954346
0 1478183145 770.124817 428.763275
0 1438990627 967.812988 554.843567
0 1524840309 1723.768188 778.924866
0 1478222194 715.644409 398.065002
0 1709860179 872.005310 612.124817
0 1478188151 643.525635 405.361450
0 1438988624 1024.498779 529.440308
0 1478243222 592.264587 413.501068
0 1524843313 1869.353027 939.899109
0 1524844315 1632.983643 959.002319
0 1524858333 1829.371826 881.519165
0 1524811271 1463.149536 839.107300
0 1524859334 1810.819702 854.429688
0 1478216186 760.028625 399.348206
0 1524851324 1660.500000 733.609863
0 1524814275 1471.759155 768.465088
0 1578514668 945.887268 513.860107
0 1478184146 733.252869 407.986938
0 1524829294 1709.576172 876.127319
0 1478176143 660.236694 415.514435
0 1524860336 1436.128784 766.986267
0 1478222193 633.268616 386.570251
0 1438997636 1079.206177 558.677002
0 1478194158 705.743408 416.862366
0 1478201168 650.181946 361.178650
0 1478187150 758.834961 355.981293
0 1478205172 671.051819 361.754822
0 1524838306 1563.790039 896.862915
0 1568514660 974.912476 490.138428
0 1524865342 1420.022461 723.997192
0 2085418945 884.863159 551.989014
0 1524808268 1507.481689 769.947815
0 1478200167 708.240540 371.187836
0 1478194159 644.696594 369.413635
0 1568501643 972.214600 514.727051
0 1478239216 723.717529 427.371490
0 1524820283 1532.710327 749.294739
0 1438989625 917.306824 525.859131
0 1568505649 1025.022705 516.466064
0 1478255237 800.382690 357.115723
0 1524804262 1427.901367 745.026611
0 1568506650 919.610962 512.994751
0 1478217187 789.817932 382.132019
0 1568505648 914.923523 539.166077
0 1568497640 1026.019775 491.775055
0 1578511665 1000.442139 490.955963
0 1478258241 733.856628 363.488770
0 1524796253 1590.800049 870.781311
0 1478206173 623.581909 368.824097
0 1524826291 1501.352783 840.790955
0 1578529688 881.820251 566.220520
0 1478233207 742.250549 347.552490
0 1708834178 997.621399 528.542358
0 1478189153 649.341492 396.148102
0 1568499641 1021.587402 601.530457
0 1478245224 762.709351 348.105042
0 1524852325 1512.175903 867.242554
0 1478219190 585.448608 423.224640
0 1578525682 938.042358 568.185059
0 1478232206 621.187195 404.707764
0 1524818280 1591.101929 796.134155
0 1524850322 1535.480957 924.198975
0 1438996635 973.585632 502.231293
0 1524832299 1603.553589 820.423523
0 1478242220 717.414917 354.850372
0 1524789245 1890.934814 971.412292
0 1438999639 1138.148315 590.176880
0 1478196161 750.770569 372.375305
0 1478252234 786.099487 390.936920
0 1524803261 1701.903320 800.823547
0 1478211179 583.364380 394.240631
0 1578523680 933.684753 598.360657
0 1578530689 1108.117798 574.127930
0 1568508653 1133.870239 546.588745
0 1524826290 1548.049438 954.916077
0 1524847319 1644.645264 900.581543
0 1524810270 1522.574219 728.096558
0 1524835302 1565.944580 818.799683
0 1524821284 1848.858887 909.973755
0 1524799257 1616.598267 845.869995
0 1478233208 693.507080 397.424988
0 1608354172 890.640625 524.968262
0 1524835303 1462.749634 746.445740
0 1478251232 796.955566 365.230804
0 1524812273 1481.177002 791.481812
0 1706512175 1111.088623 620.887329
0 1438986622 901.661560 613.211731
0 1478211180 687.025879 370.595490
0 1524823286 1789.325928 879.716797
0 1478223195 764.160034 390.310089
0 1478244223 703.464355 379.693268
0 1438987623 912.456787 552.938660
0 1478193157 676.757629 387.812836
0 1478198164 738.109009 355.415405
0 1524862339 1679.077881 823.684509
0 1478236212 700.573608 426.677368
0 1478240217 728.554626 417.538055
0 1478214183 676.121948 353.722870
0 1578521678 1106.308716 545.654419
0 1524844314 1523.538208 895.011597
0 1524848320 1603.025635 752.158203
0 1524806265 1578.076782 844.172302
0 1524787243 1659.748047 930.042542
0 1478241219 665.901367 406.016174
0 1524799256 1528.437256 817.180237
0 1478190154 654.405090 425.292725
0 1478226198 671.406128 396.786041
0 1478208176 617.661560 377.270050
0 1478214184 778.341797 409.306274
0 2084722944 940.106628 553.890137
0 1578522679 1051.189575 572.138733
0 1524825289 1847.611328 969.328003
0 1774531078 1107.197388 559.640259
0 1525674169 1051.103882 587.087585
0 1478197162 614.419373 352.038177
0 1524815276 1491.031128 815.565125
0 1768901071 931.382874 614.301025
0 1578526684 994.498352 570.157776
0 1478182144 696.752502 354.286194
0 1524853326 1494.304443 922.262634
0 1478218189 746.901184 428.066772
0 1578513667 996.616272 541.935547
0 1438983618 970.797180 527.646179
0 1478224196 710.764893 407.328918
0 1478247227 660.724976 345.350616
0 1524792248 1695.196167 734.996826
0 1524795252 1827.180176 937.915894
0 1524808267 1627.937866 797.693176
0 1478191155 637.541077 414.842194
0 1524856330 1718.439331 963.113525
0 1478236211 793.435242 373.566528
0 1478258242 620.146912 344.254700
0 1478212181 682.970825 416.187836
0 1478185147 737.818237 398.706085
0 1568502645 1078.036499 518.211914
0 1568508652 969.330688 541.010620
0 1438984619 921.839600 500.551117
0 1659977623 1009.882629 549.277771
0 1478209177 721.822815 347.000793
0 1438982617 1023.395569 556.756348
0 1524805264 1638.317261 753.595398
0 1771287074 1103.818604 506.459961
0 2087111947 935.903076 582.998962
0 1524817279 1473.030518 865.480713
0 1524795251 1604.158936 898.719543
0 1478230204 698.555115 388.435638
0 1478230203 634.955383 352.598877
0 1524847318 1716.994019 825.321594
0 1578516671 1051.645630 492.595673
0 1568513659 1022.814453 571.147217
0 1578529687 1104.620850 519.087341
0 1524819282 1551.432373 869.009460
0 1478253235 688.314453 406.671997
0 1524836304 1655.226807 847.572388
0 1478243221 655.522827 353.160431
0 1568501644 923.996643 488.507935
0 1438998637 1132.541382 533.049805
0 1524816278 1556.927368 729.469727
0 1705773174 1050.922729 618.682251
0 1524845316 1804.421387 967.250061
0 1524842312 1761.364258 965.178650
0 1568507651 1139.680664 605.788879
0 1438999638 907.254944 581.982239
0 1478252233 782.275574 399.991425
0 1438993630 961.169495 615.392700
0 1478237214 598.885864 404.055237
0 1524857332 1760.144531 780.434692
0 1478248228 720.387878 389.059418
0 1478225197 608.394714 423.912811
0 1524859335 1685.249878 902.449036
0 1524832298 1630.279663 872.558289
0 1478200166 562.541687 422.537628
0 1478250231 772.086060 372.970428
0 1478245225 605.320679 394.875427
0 1438995633 1080.972534 619.783569
0 1524804263 1664.871582 799.256287
0 1524839308 1669.871582 874.340271
0 1524849321 1497.685791 747.868469
0 1568512658 1080.506348 603.655090
0 1568514661 1078.802856 544.721863
0 1478231205 779.592834 356.548096
0 1773608077 993.381470 585.038940
0 1438977615 1025.529419 503.917908
0 1524834301 1687.486328 777.419006
0 1607644171 947.687988 501.390411
0 1524800258 1743.213379 933.967407
0 1568504647 904.509888 597.308594
0 1568500642 1023.956665 542.862488
0 1478256239 725.000916 380.301453
0 1524815277 1591.365967 730.846375
0 1568503646 1077.319824 493.417847
0 1478220191 611.576782 385.950470
0 1478207174 712.889038 362.909851
0 1524841311 1776.263184 803.970703
0 1478213182 627.313049 395.511230
0 1524813274 1615.204468 774.418884
0 1568516663 909.902161 567.201782
0 1578517672 875.397644 596.258789
0 1578527685 949.430664 489.322418
0 1478240218 746.571960 380.910675
0 1478215185 614.883667 414.171051
0 1524838307 1625.890015 732.226379
0 1478197163 729.488831 371.781067
0 1478221192 768.177612 381.520874
0 1524819281 1701.418335 932.002075
0 2086284946 1051.272339 557.715698
0 1524824288 1444.728271 789.939209
0 1524802260 1729.978760 736.387146
0 1478226199 681.962219 379.085999
0 1578518673 887.801514 538.246521
0 1438981616 1020.939087 617.583313
0 1478238215 631.380127 424.602173
0 1609135173 1105.450439 532.144775
0 1524837305 1709.169800 756.480713
0 1524793249 1579.203979 772.924683
0 1568515662 1131.257080 519.964539
0 1568516664 1136.671143 575.125671
0 1438991628 1135.245972 560.605469
0 1478249230 677.469543 425.984436
0 1438996634 1022.212158 586.062195
0 1578519675 893.385376 512.131104
0 1524829295 1771.758789 852.708191
0 1524864341 1651.298584 775.916992
0 1478255238 576.621582 403.403778
0 1438993631 1130.015137 507.310547
0 1524788244 1567.823486 750.724670
0 1772785076 878.667114 580.967651
0 1524828293 1539.661743 842.479248
0 1478203171 589.920044 385.331726
0 1524798255 1618.202148 928.088867
0 1478199165 654.995483 387.191040
0 1578528686 1051.352173 543.791260
0 1478192156 639.060913 377.874390
0 1478228201 754.856750 364.068542
0 1772037075 1109.071899 589.144958
0 1578515670 1051.503906 517.338135
0 1524851323 1641.264526 822.051758
0 1478218188 602.500427 368.235504
0 1478202169 742.256165 389.684235
0 1478254236 608.539307 360.028961
0 1478246226 569.683594 412.832214
0 1524809269 1732.806641 850.991516
0 1524822285 1576.779907 926.140930
0 1524841310 1454.122070 725.360229
0 1478235210 640.420593 344.802246
0 1578515669 898.610168 487.694946
0 1524854328 1693.962769 849.279663
0 0 816.142151 340.058716
0 1 987.397522 303.235687
0 2 756.644409 505.848846
0 3 1238.237671 359.355774
0 4 723.462280 617.539246
0 5 541.183960 365.694885
0 6 1456.451782 459.145538
0 7 1274.500977 744.267578
0 8 1385.848511 674.632935
0 9 1158.442871 869.608704
0 10 1248.273315 659.483765
0 11 447.485504 436.071442
0 12 1541.736572 651.944275
0 13 672.318481 339.920135
0 14 1607.812256 584.117859
0 15 1434.910767 550.782349
0 16 1543.823486 595.253784
0 17 1656.271729 750.798523
0 18 1000.638062 918.517639
0 19 820.929626 359.565826
0 20 669.385132 360.587402
0 21 694.819702 498.307465
0 22 642.600037 448.431763
0 23 1504.461304 444.315399
0 24 881.666992 908.012756
0 25 963.104187 318.546783
0 26 903.104980 317.731628
0 27 264.795227 630.154297
0 28 794.583984 836.194397
0 29 734.630188 403.148010
0 30 728.862427 567.489685
0 31 747.790955 342.523346
0 32 1068.421631 702.617737
0 33 1249.059326 335.198914
0 34 1558.584351 699.258545
0 35 615.657837 337.587006
0 36 874.939880 348.742462
0 37 963.987488 702.022888
0 38 1044.363159 851.065979
0 39 1360.417236 711.887146
