0 1578512666 936.416260 419.390778
0 1524823287 781.372437 251.706863
0 1478234209 723.470520 733.060547
0 1707269176 812.214722 468.953949
0 1438989626 872.573120 379.407715
0 1524801259 852.390442 286.218719
0 1438992629 870.822815 404.663330
0 1478227200 869.945801 799.271790
0 1524854327 809.749268 298.690552
0 1478249229 977.437927 835.754333
0 1524807266 957.100220 271.816010
0 1524863340 832.688599 245.404388
0 1524831297 931.225647 263.160736
0 1478229202 896.663452 782.506104
0 1568509654 853.863953 410.982117
0 1524790246 844.425964 249.444229
0 1578523681 728.100647 444.122681
0 1478207175 895.381226 853.999756
0 1524861337 739.589294 262.515167
0 1478210178 758.609070 834.260498
0 1524862338 931.768738 279.506653
0 1478186149 816.991699 798.852661
0 1524797254 906.129028 254.765656
0 1578518674 831.218750 461.370300
0 1438985621 763.163818 444.776428
0 1524857331 779.223145 259.469971
0 1478203170 783.843506 853.302246
0 1438994632 936.881653 433.399017
0 1578520676 871.715698 391.779297
0 1478237213 854.609802 638.609985
0 1568511657 919.973450 440.308502
0 1775370079 952.606750 412.929901
0 1478195160 644.026062 747.797241
0 1568510655 953.412170 426.643921
0 1478257240 852.853394 663.954163
0 1578521677 902.400146 462.664337
0 1524794250 762.819092 271.283173
0 1524812272 825.749817 285.592102
0 1769859072 885.622437 439.660278
0 1578525683 903.428772 405.313110
0 1770636073 884.289062 470.246887
0 1524846317 857.250488 246.012253
0 1524833300 839.709839 281.582886
0 1568511656 712.782532 436.398590
0 1438985620 800.678589 430.798676
0 1478185148 665.517517 764.014526
0 1707993177 882.828125 503.759766
0 1478189152 876.392822 651.381226
0 1524791247 831.388733 252.933151
0 1524830296 856.339905 253.544907
0 2088218948 816.704163 438.359711
0 1524827292 792.925049 255.865326
0 1606348170 779.165588 452.663849
0 1524855329 892.078735 291.556458
0 1478183145 877.466248 626.758972
0 1438990627 902.674316 447.377716
0 1524840309 765.287964 263.136017
0 1478222194 874.049805 705.128418
0 1709860179 1022.596436 442.245148
0 1478188151 971.551086 735.513062
0 1438988624 833.067078 446.079834
0 1478243222 1047.321045 751.595093
0 1524843313 833.948669 238.106628
0 1524844315 918.582275 258.931396
0 1524858333 808.090027 244.795654
0 1524811271 905.542419 287.468903
0 1524859334 794.841248 248.222778
0 1478216186 828.583252 676.917419
0 1524851324 748.387146 275.145325
0 1524814275 851.318298 295.088470
0 1578514668 865.739563 478.012970
0 1478184146 875.255981 677.459961
0 1524829294 843.303345 257.094574
0 1478176143 969.827271 706.161133
0 1524860336 864.418579 299.954010
0 1478222193 948.494934 782.943115
0 1438997636 836.528809 417.441071
0 1478194158 921.796448 678.000977
0 1478201168 868.387878 835.009949
0 1478187150 717.230347 764.476440
0 1478205172 842.272095 816.637451
0 1524838306 905.845215 270.584045
0 1568514660 809.812317 485.325439
0 1524865342 835.736206 308.661957
0 2085418945 956.048401 471.534180
0 1524808268 838.430420 290.301758
0 1478200167 820.172180 765.395935
0 1478194159 896.044189 817.034302
0 1568501643 848.291443 469.601135
0 1478239216 921.596619 651.942627
0 1524820283 811.540405 289.672913
0 1438989625 902.113342 478.656494
0 1568505649 814.509644 453.314728
0 1478255237 673.402710 732.565552
0 1524804262 850.208679 304.268127
0 1568506650 883.575684 486.611908
0 1478217187 755.967163 689.756042
0 1568505648 920.208008 470.891235
0 1568497640 776.058777 468.305359
0 1578511665 792.749512 476.721619
0 1478258241 768.781677 764.936951
0 1524796253 880.157593 269.966644
0 1478206173 923.003540 835.382751
0 1524826291 892.459167 282.830566
0 1578529688 973.273987 463.952850
0 1478233207 710.569580 798.010376
0 1708834178 849.777893 453.964172
0 1478189153 947.422119 750.654297
0 1568499641 919.758423 412.281952
0 1478245224 687.687805 780.744019
0 1524852325 905.696350 278.886536
0 1478219190 1069.741821 736.483826
0 1578525682 937.367615 448.024597
0 1478232206 997.447815 751.125427
0 1524818280 827.229797 277.020416
0 1524850322 931.492798 271.200500
0 1438996635 829.285034 477.368011
0 1524832299 840.947144 273.151215
0 1478242220 763.866516 798.432251
0 1524789245 846.568665 234.842148
0 1438999639 839.709351 391.128906
0 1478196161 773.386841 733.554016
0 1478252234 781.777649 676.373352
0 1524803261 790.946655 263.755920
0 1478211179 1027.790405 800.521057
0 1578523680 970.756531 434.045746
0 1578530689 838.151978 404.012268
0 1568508653 787.704041 409.677094
0 1524826290 944.063477 267.455078
0 1524847319 880.714233 261.934265
0 1524810270 797.074951 293.827271
0 1524835302 853.427002 277.643463
0 1524821284 821.124146 241.424026
0 1524799257 854.429688 269.348267
0 1478233208 897.787170 719.856934
0 1608354172 920.333435 487.252991
0 1524835303 837.106689 299.322815
0 1478251232 701.821533 717.830444
0 1524812273 865.276489 290.929626
0 1706512175 887.967957 385.855865
0 1438986622 1004.561340 434.691162
0 1478211180 844.667847 782.067627
0 1524823286 819.652283 248.833969
0 1478223195 803.547852 690.289368
0 1478244223 846.910461 749.707764
0 1438987623 937.875427 463.309296
0 1478193157 897.243286 750.181763
0 1478198164 740.180786 781.186646
0 1524862339 816.565430 264.374817
0 1478236212 944.578308 665.057373
0 1478240217 898.779968 664.506531
0 1478214183 813.590027 834.635864
0 1578521678 803.097534 416.788574
0 1524844314 918.705566 275.010437
0 1524848320 786.790771 280.331238
0 1524806265 866.907593 273.771942
0 1524787243 893.527649 258.320038
0 1478241219 946.415649 720.359802
0 1524799256 866.105713 282.207245
0 1478190154 992.505005 692.407532
0 1478226198 922.233887 735.025513
0 1478208176 949.640686 817.429810
0 1478214184 831.064331 650.818298
0 2084722944 920.088074 455.258972
0 1578522679 869.892212 418.092316
0 1524825289 858.133057 238.710541
0 1774531078 820.817261 410.330261
0 1525674169 886.844299 411.632660
0 1478197162 894.669678 893.669922
0 1524815276 878.987976 286.844330
0 1768901071 986.892029 427.290314
0 1578526684 902.936646 432.750946
0 1478182144 788.323486 816.239380
0 1524853326 944.543457 275.628235
0 1478218189 899.234131 639.181152
0 1578513667 867.907593 446.729492
0 1438983618 866.848022 462.018005
0 1478224196 898.298462 691.351501
0 1478247227 809.943298 872.996826
0 1524792248 736.693848 270.658508
0 1524795252 845.513855 242.030380
0 1524808267 814.945618 272.529541
0 1478191155 994.900269 720.861145
0 1524856330 893.861511 250.662033
0 1478236211 729.328613 703.568054
0 1478258242 864.923340 914.484375
0 1478212181 945.469421 691.880249
0 1478185147 850.991455 690.821228
0 1568502645 782.136414 437.707336
0 1568508652 884.970642 454.612274
0 1438984619 864.578613 494.764435
0 1659977623 868.419983 439.335632
0 1478209177 734.197571 815.839844
0 1438982617 868.921265 432.101562
0 1524805264 774.709961 275.771362
0 1771287074 747.495972 437.053650
0 2087111947 954.252625 440.955414
0 1524817279 918.770386 283.452911
0 1524795251 893.182983 266.225861
0 1478230204 872.767883 734.536499
0 1478230203 866.717896 873.318237
0 1524847318 804.654663 260.087494
0 1578516671 759.727905 460.070587
0 1568513659 886.246460 425.347076
0 1578529687 766.450745 430.145203
0 1524819282 892.827026 274.391693
0 1478253235 922.008484 705.645569
0 1524836304 842.144348 264.992798
0 1478243221 839.706909 853.651550
0 1568501644 845.104858 503.121582
0 1438998637 769.598267 416.134705
0 1524816278 784.606445 289.043030
0 1705773174 919.657593 399.129089
0 1524845316 869.867493 242.635788
0 1524842312 881.775635 246.619202
0 1568507651 856.314209 385.206604
0 1438999638 971.987549 448.670135
0 1478252233 806.798157 663.400269
0 1438993630 969.577332 420.038055
0 1478237214 1024.141113 767.217896
0 1524857332 753.752319 258.851562
0 1478248228 849.014160 719.352539
0 1478225197 1043.241577 721.361084
0 1524859335 868.434692 257.707794
0 1524832298 867.683472 265.609802
0 1478200166 1097.042480 752.063232
0 1478250231 751.031982 718.339355
0 1478245225 1000.162903 783.378784
0 1438995633 903.659851 392.428436
0 1524804263 802.852783 268.108582
0 1524839308 855.400146 261.319611
0 1524849321 824.218994 294.458405
0 1568512658 887.417603 398.480194
0 1568514661 818.804749 424.044983
0 1478231205 694.981567 748.277100
0 1773608077 919.863647 425.996155
0 1438977615 795.512207 460.721161
0 1524834301 777.003479 267.487274
0 1607644171 846.735413 485.969421
0 1524800258 869.162292 250.053619
0 1568504647 988.460205 441.600952
0 1568500642 851.199402 439.010681
0 1478256239 823.152405 734.045959
0 1524815277 772.338867 284.335846
0 1568503646 743.745605 452.011536
0 1478220191 975.344360 800.106018
0 1478207174 792.507263 781.627869
0 1524841311 767.677979 255.249298
0 1478213182 973.386353 766.764526
0 1524813274 800.990845 276.396393
0 1568516663 955.130493 455.904327
0 1578517672 1006.534546 449.314301
0 1578527685 827.259766 494.123260
0 1478240218 800.096008 718.846741
0 1478215185 1020.720154 735.999146
0 1524838307 760.267273 279.703888
0 1478197163 796.423096 749.232361
0 1478221192 777.710510 704.089722
0 1524819281 881.253296 254.155746
0 2086284946 852.560181 424.696686
0 1524824288 878.372986 295.717499
0 1524802260 725.183044 266.241730
0 1478226199 871.402649 765.853577
0 1578518673 938.406616 479.298615
0 1438981616 935.970093 405.961609
0 1478238215 1017.506897 706.675171
0 1609135173 784.979919 423.391876
0 1524837305 751.113647 266.864960
0 1524793249 813.271606 280.957581
0 1568515662 751.085388 422.737457
0 1568516664 822.747192 397.178619
0 1438991628 805.416138 403.359894
0 1478249230 968.205200 678.540527
0 1438996634 903.187927 418.742188
0 1578519675 901.812927 495.404205
0 1524829295 806.399597 252.320465
0 1524864341 788.903015 271.906830
0 1478255238 1051.668213 783.813049
0 1438993631 732.151672 429.490356
0 1524788244 799.066040 284.964478
0 1772785076 990.098083 456.548248
0 1524828293 879.582458 278.265503
0 1478203171 1003.062378 817.824036
0 1524798255 905.989380 262.547974
0 1478199165 922.473816 766.309753
0 1578528686 834.835327 431.450775
0 1478192156 922.729797 799.689575
0 1478228201 745.780334 748.755432
0 1772037075 855.114197 397.830078
0 1578515670 798.152588 445.428833
0 1524851323 828.661438 268.728882
0 1478218188 950.867188 854.346680
0 1478202169 825.950745 704.609863
0 1478254236 923.296997 873.638428
0 1478246226 1074.738647 767.669861
0 1524809269 818.133484 256.480438
0 1524822285 918.642944 266.840973
0 1524841310 822.634644 303.634766
0 1478235210 836.953735 893.378784
0 1578515669 863.361450 512.327393
0 1524854328 830.046997 260.704010
0 0 1643.768799 609.603577
0 1 1384.923218 363.010071
0 2 1132.490845 286.887726
0 3 1238.740112 315.026489
0 4 1282.585327 328.691315
0 6 1327.517578 350.138458
0 7 1306.542358 377.558197
0 8 1634.907959 555.827637
0 9 1765.361328 657.588257
0 10 1193.128174 321.428528
0 12 1496.658691 421.312408
0 13 1259.928101 384.420837
0 14 919.776062 242.447495
0 16 1348.648804 687.062195
0 17 1338.348389 328.737579
0 19 1876.496094 853.893066
0 20 1171.502075 300.828735
0 21 1469.661743 375.673004
0 23 983.991638 373.005554
0 24 1070.977539 777.405823
0 25 929.649780 356.421082
0 26 944.236633 578.527771
0 27 1044.218018 495.879639
0 28 1011.566956 356.851318
0 29 1042.598755 393.036011
0 31 783.612915 333.159180
0 33 1040.928223 540.529785
0 35 914.686707 888.819397
0 37 833.889221 846.340637
0 40 986.738098 932.895569
0 43 998.591797 247.715912
0 73 335.190277 183.582367
0 77 766.738892 178.415283
0 81 904.702454 225.122421
0 100 483.347229 199.483749
0 104 52.797710 424.866119
0 105 13.834044 362.653198
0 108 315.923096 735.303894
0 109 473.330170 880.893433
0 110 1122.473633 840.027649
0 114 1592.879028 496.168182
0 117 733.684570 76.971863
0 118 1434.330078 338.906281
0 122 688.912354 62.830360
0 123 699.739075 70.946281
0 126 831.764709 124.277672
0 127 794.449341 107.672134
0 130 903.474670 155.446182
0 133 884.251831 198.687439
0 134 0.000000 0.000000
0 139 933.964783 153.226151
0 141 904.045715 146.547302
