0 1578512666 911.159119 581.196777
0 1524823287 1348.916382 544.220093
0 1478234209 454.078217 494.914795
0 1707269176 807.510132 531.532532
0 1438989626 1001.449585 562.727356
0 1524801259 1260.890137 569.634827
0 1438992629 941.239258 558.459045
0 1478227200 360.927673 523.509766
0 1524854327 1208.881104 549.486023
0 1478249229 302.889313 545.577576
0 1524807266 1353.054810 624.934814
0 1524863340 1393.637329 568.163269
0 1524831297 1373.942627 613.432434
0 1478229202 371.379364 530.562988
0 1568509654 925.938965 551.475891
0 1524790246 1384.345947 572.921753
0 1578523681 854.563599 508.092926
0 1478207175 305.978333 525.966248
0 1524861337 1297.790405 525.904663
0 1478210178 352.182800 498.861816
0 1524862338 1313.470581 609.220154
0 1478186149 372.282104 512.064575
0 1524797254 1393.916748 602.433228
0 1578518674 821.488647 538.230469
0 1438985621 853.545959 518.435364
0 1524857331 1322.088013 542.259399
0 1478203170 330.770477 503.158478
0 1438994632 879.531921 578.993774
0 1578520676 971.389526 560.596375
0 1478237213 540.884033 530.077637
0 1568511657 864.141418 571.492432
0 1775370079 927.147827 588.857910
0 1478195160 452.578369 478.716034
0 1568510655 895.229919 586.645020
0 1478257240 509.426300 527.847595
0 1578521677 817.892334 561.946716
0 1524794250 1278.265625 534.101318
0 1524812272 1254.060303 558.109802
0 1769859072 865.033630 559.095337
0 1578525683 941.948181 570.666077
0 1770636073 803.367554 554.742249
0 1524846317 1403.146851 579.802002
0 1524833300 1271.623169 564.833618
0 1568511656 868.992432 504.089233
0 1438985620 881.711426 531.290222
0 1478185148 433.341461 482.576172
0 1707993177 741.323669 550.362488
0 1478189152 521.143921 534.819702
0 1524791247 1365.879639 566.163879
0 1524830296 1374.859375 577.780273
0 2088218948 866.711609 535.780334
0 1524827292 1339.510986 548.567322
0 1606348170 838.522339 522.709595
0 1524855329 1256.886841 586.756897
0 1478183145 552.889954 537.060669
0 1438990627 849.049561 564.136597
0 1524840309 1304.961304 536.058899
0 1478222194 457.356049 530.316833
0 1709860179 861.223022 612.042419
0 1478188151 404.018219 552.588989
0 1438988624 851.388123 540.367432
0 1478243222 369.392761 571.274231
0 1524843313 1421.316895 570.156982
0 1524844315 1384.040161 607.872009
0 1524858333 1384.485596 556.962463
0 1524811271 1275.389893 594.102417
0 1524859334 1366.547363 550.536194
0 1478216186 497.933014 521.008911
0 1524851324 1261.630615 528.013733
0 1524814275 1232.191284 567.583679
0 1578514668 789.119751 547.675171
0 1478184146 489.299469 532.571716
0 1524829294 1356.285889 570.908386
0 1478176143 437.509125 554.910889
0 1524860336 1220.905884 572.472717
0 1478222193 359.641327 542.780273
0 1438997636 910.922729 544.622375
0 1478194158 480.293884 544.632935
0 1478201168 328.583984 521.226624
0 1478187150 423.899078 492.732849
0 1478205172 350.679535 516.593933
0 1524838306 1334.831421 598.280396
0 1568514660 777.778931 529.399231
0 1524865342 1186.229614 558.706482
0 2085418945 798.865906 579.963989
0 1524808268 1243.240356 562.797119
0 1478200167 403.838623 514.310913
0 1478194159 338.730469 528.268250
0 1568501643 805.480957 542.901245
0 1478239216 512.837708 546.910095
0 1524820283 1236.808838 551.505127
0 1438989625 786.638855 559.749939
0 1568505649 837.154175 533.659546
0 1478255237 462.918335 484.730072
0 1524804262 1203.409058 565.526611
0 1568506650 772.393066 552.555786
0 1478217187 495.090698 503.442627
0 1568505648 801.164490 567.085632
0 1568497640 809.459839 520.608398
0 1578511665 793.787354 524.957214
0 1478258241 414.072723 503.302521
0 1524796253 1326.267090 585.753906
0 1478206173 316.015686 533.137634
0 1524826291 1286.400391 588.840271
0 1578529688 813.980957 587.739624
0 1478233207 393.631439 490.544556
0 1708834178 835.730469 545.054504
0 1478189153 392.918121 545.098206
0 1568499641 926.727905 575.871887
0 1478245224 413.696869 486.518127
0 1524852325 1305.155396 596.194580
0 1478219190 380.754089 579.391541
0 1578525682 847.805176 576.783752
0 1478232206 381.418488 557.893555
0 1524818280 1282.134033 560.131897
0 1524850322 1343.753052 611.329468
0 1438996635 791.500610 536.087219
0 1524832299 1299.924927 566.864319
0 1478242220 383.174103 501.085480
0 1524789245 1440.227051 576.931396
0 1438999639 970.107422 548.852356
0 1478196161 444.879181 505.512970
0 1478252234 506.217041 509.914093
0 1524803261 1312.400269 546.593018
0 1478211179 323.775818 560.958740
0 1578523680 878.927612 592.220886
0 1578530689 940.558594 546.740479
0 1568508653 925.211304 528.977051
0 1524826290 1363.616821 619.118530
0 1524847319 1355.275024 587.810242
0 1524810270 1219.860596 545.016602
0 1524835302 1289.506104 571.679993
0 1524821284 1402.739380 563.501709
0 1524799257 1318.039307 573.719299
0 1478233208 436.369507 535.130920
0 1608354172 769.528503 564.871948
0 1524835303 1214.775879 560.754761
0 1478251232 473.446869 490.853851
0 1524812273 1249.927856 574.538574
0 1706512175 987.245850 567.722473
0 1438986622 878.296265 606.038086
0 1478211180 382.624817 518.858521
0 1524823286 1375.277466 561.516235
0 1478223195 486.657471 514.299866
0 1478244223 414.471741 521.116150
0 1438987623 815.978516 574.566895
0 1478193157 403.925568 532.850586
0 1478198164 403.756714 496.864014
0 1524862339 1320.122925 557.528625
0 1478236212 492.109741 552.007507
0 1478240217 500.952484 539.670227
0 1478214183 340.629028 509.811432
0 1578521678 910.850098 533.388977
0 1524844314 1324.269409 603.689575
0 1524848320 1257.954590 542.628052
0 1524806265 1307.717651 578.652283
0 1524787243 1374.415283 595.053345
0 1478241219 426.088135 547.408691
0 1524799256 1278.864868 576.598450
0 1478190154 449.165955 562.567993
0 1478226198 414.895874 540.056702
0 1478208176 326.257080 540.454834
0 1478214184 529.107544 523.228027
0 2084722944 832.701965 569.292419
0 1578522679 910.998291 556.315186
0 1524825289 1431.353149 581.817932
0 1774531078 925.567932 540.003418
0 1525674169 926.325256 563.422058
0 1478197162 273.122467 523.656921
0 1524815276 1267.994385 581.622864
0 1768901071 894.965515 600.175842
0 1578526684 880.110962 566.319824
0 1478182144 362.136597 505.400238
0 1524853326 1333.069092 617.000671
0 1478218189 533.092468 541.929199
0 1578513667 850.242798 552.008179
0 1438983618 819.727417 549.844971
0 1478224196 468.711609 537.404114
0 1478247227 308.878906 507.551331
0 1524792248 1271.567383 523.968933
0 1524795252 1412.326294 574.929443
0 1524808267 1292.429443 555.526428
0 1478191155 415.347778 560.234619
0 1524856330 1403.579590 597.112122
0 1478236211 484.169128 497.090302
0 1478258242 263.592224 516.638733
0 1478212181 459.151855 549.711792
0 1478185147 477.872009 525.610657
0 1568502645 867.501526 524.804688
0 1568508652 834.247620 556.922119
0 1438984619 758.419312 545.498779
0 1659977623 865.466003 553.087402
0 1478209177 373.131500 494.658173
0 1438982617 880.666321 554.164978
0 1524805264 1268.211426 538.322205
0 1771287074 868.261169 514.248901
0 2087111947 863.210632 584.425110
0 1524817279 1294.247681 601.588806
0 1524795251 1345.164185 592.988464
0 1478230204 425.313293 528.054871
0 1478230203 296.138947 518.936218
0 1524847318 1329.915161 553.002563
0 1578516671 824.806702 516.349915
0 1568513659 895.726013 561.262024
0 1578529687 882.203674 520.514893
0 1524819282 1315.826050 590.917419
0 1478253235 447.646790 542.348450
0 1524836304 1328.145630 568.889282
0 1478243221 318.635315 514.322266
0 1568501644 744.709717 538.575317
0 1438998637 910.780212 522.588501
0 1524816278 1230.619019 540.637329
0 1705773174 957.875854 578.051392
0 1524845316 1422.291382 586.807983
0 1524842312 1413.035645 591.904907
0 1568507651 985.632141 555.725037
0 1438999638 846.506409 589.983826
0 1478252233 517.553894 516.508057
0 1438993630 911.244873 594.450684
0 1478237214 358.269714 563.327026
0 1524857332 1314.545410 531.906982
0 1478248228 446.220612 523.366882
0 1478225197 404.116974 573.646240
0 1524859335 1365.171143 582.742004
0 1524832298 1336.486206 580.700073
0 1478200166 356.804138 585.281189
0 1478250231 464.735931 501.256226
0 1478245225 347.377380 555.544800
0 1438995633 972.724915 572.829285
0 1524804263 1302.516113 551.014404
0 1524839308 1346.490356 575.752686
0 1524849321 1225.906738 556.081909
0 1568512658 956.831787 565.575500
0 1568514661 896.182739 537.894958
0 1478231205 443.615143 488.689148
0 1773608077 895.483276 573.685486
0 1438977615 823.180420 527.074341
0 1524834301 1295.186401 540.293457
0 1607644171 775.140869 540.741516
0 1524800258 1393.772827 584.778015
0 1568504647 862.238770 597.928833
0 1568500642 865.889648 547.201355
0 1478256239 435.298920 516.550354
0 1524815277 1241.162598 536.345459
0 1568503646 839.838074 512.178955
0 1478220191 336.708801 547.922302
0 1478207174 393.407959 507.635254
0 1524841311 1331.584961 538.011230
0 1478213182 370.418213 550.259460
0 1524813274 1275.041016 549.020691
0 1568516663 831.089478 582.198120
0 1578517672 845.149658 603.773743
0 1578527685 761.423462 533.937561
0 1478240218 455.667969 512.085022
0 1478215185 392.648926 565.687500
0 1524838307 1251.497681 532.138428
0 1478197163 424.584961 509.863495
0 1478221192 475.593811 507.716797
0 1524819281 1384.197754 589.860596
0 2086284946 895.958984 549.341797
0 1524824288 1238.728760 579.548218
0 1524802260 1281.313110 520.001770
0 1478226199 393.170654 525.785889
0 1578518673 784.051453 572.343018
0 1438981616 942.687439 583.392883
0 1478238215 426.914185 568.040039
0 1609135173 896.397705 526.893860
0 1524837305 1288.123535 529.962952
0 1524793249 1264.658325 553.518677
0 1568515662 896.604492 516.312927
0 1568516664 954.867554 542.105774
0 1438991628 939.904663 535.481750
0 1478249230 470.891632 557.225342
0 1438996634 911.077026 568.496277
0 1578519675 755.288635 557.546509
0 1524829295 1357.238159 554.985291
0 1524864341 1285.214966 544.613220
0 1478255238 334.551605 568.894165
0 1438993631 882.677368 510.147491
0 1524788244 1247.489258 547.021484
0 1772785076 829.405640 595.674561
0 1524828293 1297.173706 583.691467
0 1478203171 313.224060 553.188232
0 1524798255 1364.418457 600.359863
0 1478199165 382.040771 537.757751
0 1578528686 881.199280 542.498047
0 1478192156 349.080811 535.451355
0 1478228201 434.291412 499.063385
0 1772037075 955.829834 553.603638
0 1578515670 852.488281 529.185303
0 1524851323 1310.128174 562.148254
0 1478218188 292.765015 538.121948
0 1478202169 466.663605 518.783020
0 1478254236 282.844696 530.816528
0 1478246226 345.558502 576.999817
0 1524809269 1347.738770 559.525208
0 1524822285 1354.200073 605.783936
0 1524841310 1197.673096 554.048340
0 1478235210 286.491791 512.043579
0 1578515669 727.625732 543.315857
0 1524854328 1338.043335 564.158936
0 0 1341.654175 561.831177
0 1 1223.972168 556.938843
0 2 674.686523 543.977417
0 3 574.899292 450.987305
0 4 878.997620 635.984070
0 5 1071.376099 712.514893
0 6 622.988525 443.196991
0 7 1214.840942 524.587158
0 8 1148.283569 550.383606
0 9 1223.528931 499.522125
0 10 1128.094360 570.780518
0 11 1379.303711 580.753357
0 12 829.007080 404.827423
0 13 499.755585 469.588684
0 14 891.952209 391.319122
0 15 935.991516 658.217773
0 16 795.569275 805.269531
0 17 973.254517 412.711304
0 18 923.141663 770.770752
0 19 516.548767 457.247437
0 20 1179.413818 477.086090
0 21 492.676575 428.704041
0 22 1066.515991 439.313202
0 23 780.210999 415.379486
0 24 1195.657715 663.082703
0 25 563.632568 430.930664
0 26 494.822784 444.179932
0 27 1277.956421 515.684387
0 28 1245.420410 644.858704
0 29 1018.033325 430.451569
0 30 1062.673584 584.091553
0 31 1012.622314 735.816528
0 32 664.556763 585.002014
0 33 647.150024 414.338318
0 34 858.082825 661.144226
0 35 1380.823853 551.578186
0 36 867.546143 398.550659
0 37 780.781433 618.339233
0 38 964.937805 402.081299
0 39 722.803894 609.152527
