0 1578512666 1014.758240 422.449646
0 1707269176 1032.487305 644.559814
0 1438989626 821.199829 408.213531
0 1438992629 897.631531 458.465759
0 1568509654 897.661804 487.756927
0 1578523681 852.182373 693.046448
0 1578518674 1029.637085 608.852478
0 1438985621 897.832336 652.909912
0 1438994632 1056.926636 447.940735
0 1578520676 858.677429 432.854279
0 1568511657 1060.030884 477.128143
0 1775370079 1012.594849 395.346130
0 1568510655 1053.937744 419.837891
0 1578521677 1109.021240 536.296875
0 1769859072 1021.758972 510.154266
0 1578525683 936.590759 427.660431
0 1770636073 1113.387085 569.117004
0 1568511656 806.580933 695.838684
0 1438985620 897.759949 582.804016
0 1707993177 1213.210083 633.353088
0 2088218948 940.730530 580.076477
0 1606348170 942.633301 650.131714
0 1438990627 1063.257202 507.464142
0 1709860179 1166.818115 384.977783
0 1438988624 983.778320 577.343933
0 1578514668 1117.935791 603.311035
0 1438997636 897.693237 518.196777
0 1568514660 1081.501343 679.005188
0 2085418945 1188.183594 499.365814
0 1568501643 1073.745972 606.084290
0 1438989625 1156.745850 566.364807
0 1568505649 985.609253 611.615601
0 1568506650 1162.207031 600.532654
0 1568505648 1151.504272 533.570984
0 1568497640 989.510315 684.637817
0 1578511665 1035.461792 681.824158
0 1578529688 1182.532349 469.109131
0 1708834178 1026.903564 574.606628
0 1568499641 975.642700 425.057159
0 1578525682 1100.795288 474.459686
0 1438996635 1077.540771 641.765991
0 1438999639 818.379517 463.702118
0 1578523680 1093.181274 417.221832
0 1578530689 857.240845 490.402863
0 1568508653 813.726807 555.243958
0 1608354172 1200.182861 563.607666
0 1706512175 859.356567 405.648254
0 1438986622 1128.169434 387.576080
0 1438987623 1146.469360 502.069946
0 1578521678 855.689514 552.551514
0 2084722944 1104.827271 504.769348
0 1578522679 938.151062 485.106445
0 1774531078 856.480347 520.868408
0 1525674169 937.356140 455.841034
0 1768901071 1089.582764 390.170258
0 1578526684 1019.335449 479.792084
0 1578513667 1024.279663 541.734131
0 1438983618 1070.106445 571.864258
0 1568502645 897.795349 617.126587
0 1568508652 1066.613037 539.017944
0 1438984619 1167.901855 636.162659
0 1659977623 1002.078308 527.137329
0 1438982617 980.332275 512.839722
0 1771287074 853.115051 655.682800
0 2087111947 1096.916260 445.298492
0 1578516671 943.646790 687.446045
0 1568513659 978.708801 482.451508
0 1578529687 854.008911 619.874634
0 1568501644 1173.845825 673.350830
0 1438998637 812.049500 588.244507
0 1705773174 935.853210 400.505402
0 1568507651 819.815735 435.444855
0 1438999638 1136.972412 442.651886
0 1438993630 1051.057861 392.760284
0 1438995633 897.574341 403.078918
0 1568512658 897.602417 430.259460
0 1568514661 897.725891 549.854309
0 2079485312 1002.075012 527.082520
0 1773608077 1017.003601 450.578552
0 1438977615 987.518250 647.348389
0 1607644171 1122.678955 638.967041
0 1568504647 1132.489014 414.601532
0 1568500642 982.020813 544.445679
0 1568503646 897.870911 690.248962
0 1568516663 1141.629028 471.786652
0 1578517672 1171.861084 411.976898
0 1578527685 1127.629272 676.180725
0 2086284946 938.977173 515.520569
0 1578518673 1194.062500 530.840332
0 1438981616 974.193298 397.927856
0 1609135173 854.866333 585.526672
0 1568515662 810.302490 622.617493
0 1568516664 816.888123 493.044403
0 1438991628 815.338440 523.535400
0 1438996634 977.146790 453.211975
0 1578519675 1206.559814 597.749146
0 1438993631 808.481262 658.450623
0 1772785076 1177.095337 440.000854
0 1578528686 939.836243 547.152344
0 1772037075 857.972717 461.086090
0 1578515670 941.662109 614.373596
0 1578515669 1220.151245 670.515503
0 0 532.762146 332.021423
0 1 579.593201 374.092316
0 2 742.363586 427.273895
0 3 1311.629517 351.037384
0 4 1157.554688 647.134705
0 5 1580.458252 743.792847
0 6 1640.787842 883.363586
0 7 1380.373413 595.561462
0 8 1264.886597 929.728699
0 9 838.102356 705.483643
