0 1578512666 999.302673 492.975952
0 1524823287 809.702087 371.279236
0 1478234209 904.330933 753.813538
0 1707269176 903.981384 542.884766
0 1438989626 930.857788 466.713379
0 1524801259 884.623718 393.418457
0 1438992629 936.826294 486.971954
0 1478227200 1049.361084 789.634705
0 1524854327 850.019836 407.155792
0 1478249229 1150.702637 806.584106
0 1524807266 974.365173 372.905670
0 1524863340 854.270752 361.801880
0 1524831297 948.566162 368.034058
0 1478229202 1067.562744 774.742310
0 1568509654 923.631104 493.458008
0 1524790246 866.143372 364.121613
0 1578523681 821.599976 530.698547
0 1478207175 1086.067749 827.579590
0 1524861337 775.148743 383.654297
0 1478210178 963.874146 825.844360
0 1524862338 953.943604 381.276398
0 1478186149 1003.909058 794.231750
0 1524797254 923.463501 363.293945
0 1578518674 918.558167 535.252563
0 1438985621 853.083740 528.135498
0 1524857331 810.189575 377.810669
0 1478203170 990.869995 837.490906
0 1438994632 1003.781006 504.003967
0 1578520676 933.784851 476.648560
0 1478237213 990.865051 670.392761
0 1568511657 990.860229 510.920410
0 1775370079 1011.737915 486.465057
0 1478195160 839.626953 772.241943
0 1568510655 1016.415710 497.240601
0 1478257240 996.587219 689.815491
0 1578521677 981.863281 530.043518
0 1524794250 799.020142 388.846497
0 1524812272 860.414001 395.164459
0 1769859072 960.304321 513.394958
0 1578525683 965.972351 484.669861
0 1770636073 968.101135 537.579590
0 1524846317 876.685242 360.238525
0 1524833300 871.774231 390.724091
0 1568511656 805.518860 525.930054
0 1438985620 882.258362 513.794739
0 1478185148 863.141602 782.386536
0 1707993177 976.595337 563.927002
0 1478189152 1013.416687 678.140991
0 1524791247 855.424866 368.069794
0 1524830296 878.176819 366.472748
0 2088218948 898.793823 518.376282
0 1524827292 821.489624 373.706848
0 1606348170 869.729492 532.959106
0 1524855329 921.939819 394.394592
0 1478183145 1007.341431 659.296936
0 1438990627 977.643677 517.995239
0 1524840309 798.694885 381.985168
0 1478222194 1026.587158 718.993713
0 1709860179 1081.741455 503.560516
0 1478188151 1118.712891 732.892456
0 1438988624 915.636963 523.043091
0 1478243222 1187.604736 737.988037
0 1524843313 853.150513 355.718445
0 1524844315 935.929504 365.647919
0 1524858333 831.785461 363.370209
0 1524811271 932.797058 389.944244
0 1524859334 820.835815 367.291748
0 1478216186 979.249878 701.842407
0 1524851324 787.142029 393.221802
0 1524814275 886.367371 400.706421
0 1578514668 954.009521 545.296082
0 1478184146 1019.822632 698.011230
0 1524829294 867.486633 370.467712
0 1478176143 1109.236450 711.062500
0 1524860336 899.631287 403.538727
0 1478222193 1111.917725 770.297424
0 1438997636 910.144653 500.087250
0 1478194158 1060.162964 694.201965
0 1478201168 1057.909302 816.150269
0 1478187150 908.107849 777.920837
0 1478205172 1030.533813 805.038696
0 1524838306 927.985107 376.204498
0 1568514660 906.746155 555.946594
0 1524865342 876.494080 413.022583
0 2085418945 1031.644653 532.322083
0 1524808268 873.296387 397.915253
0 1478200167 997.194214 769.073547
0 1478194159 1076.528687 800.342590
0 1568501643 936.113770 540.226135
0 1478239216 1052.708618 674.487793
0 1524820283 848.849304 399.684692
0 1438989625 986.265198 542.612366
0 1568505649 901.333008 530.372620
0 1478255237 860.663818 758.075012
0 1524804262 888.169067 408.237030
0 1568506650 972.255371 550.465271
0 1478217187 919.894653 718.186768
0 1568505648 999.944458 534.944946
0 1568497640 871.703003 545.555420
0 1578511665 889.054077 550.700439
0 1478258241 952.791199 773.483337
0 1524796253 904.680664 377.862030
0 1478206173 1104.459717 811.351318
0 1524826291 919.647339 387.283722
0 1578529688 1044.606201 524.880615
0 1478233207 912.117859 803.515747
0 1708834178 932.796509 527.797607
0 1478189153 1102.210938 746.393921
0 1568499641 982.490845 488.786377
0 1478245224 887.296387 792.807373
0 1524852325 930.353027 382.965790
0 1478219190 1202.664795 724.699707
0 1578525682 1008.444336 515.487793
0 1478232206 1145.038330 742.178162
0 1524818280 859.107361 388.068054
0 1524850322 951.213135 374.552368
0 1438996635 921.606140 547.992126
0 1524832299 870.300049 383.759369
0 1478242220 958.162292 798.858704
0 1524789245 863.574524 351.985138
0 1438999639 905.074341 478.894836
0 1478196161 947.731323 749.578186
0 1478252234 938.442871 705.695740
0 1524803261 822.163818 380.321503
0 1478211179 1183.976440 776.019348
0 1578523680 1033.838013 501.582336
0 1578530689 907.559875 489.283569
0 1568508653 864.278931 498.168732
0 1524826290 961.376831 370.453094
0 1524847319 902.739136 371.271851
0 1524810270 837.074585 404.287079
0 1524835302 882.935303 386.361603
0 1524821284 842.555603 359.512939
0 1524799257 881.299622 379.525055
0 1478233208 1051.156006 727.895569
0 1608354172 1004.783813 547.743408
0 1524835303 874.868774 405.344116
0 1478251232 881.033508 744.357300
0 1524812273 897.659668 396.151917
0 1706512175 946.484924 470.529694
0 1438986622 1063.767090 499.171021
0 1478211180 1022.925903 779.215515
0 1524823286 843.525574 365.704163
0 1478223195 961.381165 714.237915
0 1478244223 1015.763306 754.903564
0 1438987623 1013.304504 527.456360
0 1478193157 1059.119995 750.635681
0 1478198164 932.795532 788.247803
0 1524862339 845.555908 378.663330
0 1478236212 1076.206299 682.355835
0 1478240217 1036.509399 686.075134
0 1478214183 1011.048523 820.981140
0 1578521678 880.174438 502.477722
0 1524844314 940.873352 378.722687
0 1524848320 823.577026 394.187805
0 1524806265 893.902466 382.074890
0 1524787243 913.188477 367.249359
0 1478241219 1093.052734 723.841492
0 1524799256 895.751099 389.001007
0 1478190154 1124.929688 698.670593
0 1478226198 1076.355591 737.026001
0 1478208176 1122.223877 795.677063
0 1478214184 973.904480 681.814636
0 2084722944 995.307434 522.681580
0 1578522679 939.988892 497.706879
0 1524825289 875.237488 354.187439
0 1774531078 894.016968 495.808441
0 1525674169 953.122131 491.117310
0 1478197162 1096.236816 856.615540
0 1524815276 908.751221 391.678406
0 1768901071 1046.114014 494.859985
0 1578526684 973.595337 506.435944
0 1478182144 984.236633 809.765686
0 1524853326 964.242676 377.054840
0 1478218189 1029.760010 666.803650
0 1578513667 946.708191 520.513672
0 1438983618 950.281433 532.642212
0 1478224196 1043.630737 706.408997
0 1478247227 1018.654419 849.477539
0 1524792248 775.101379 390.553528
0 1524795252 864.839905 357.963501
0 1524808267 846.619080 385.449432
0 1478191155 1134.700806 719.811462
0 1524856330 911.164551 360.971527
0 1478236211 900.767395 731.067810
0 1478258242 1076.731323 874.532959
0 1478212181 1084.398071 702.528625
0 1478185147 1002.625916 710.312073
0 1568502645 867.837585 520.883240
0 1568508652 964.121033 525.233948
0 1438984619 957.902588 558.510193
0 1659977623 944.976624 514.636230
0 1478209177 937.633911 814.523865
0 1438982617 943.280212 508.878387
0 1524805264 811.211060 391.498108
0 1771287074 836.746277 523.401123
0 2087111947 1021.284607 508.456543
0 1524817279 943.463318 385.572205
0 1524795251 915.274902 373.721130
0 1478230204 1033.741211 741.184692
0 1478230203 1067.014038 844.391602
0 1524847318 833.439819 376.167999
0 1578516671 854.683167 540.508606
0 1568513659 956.640991 502.032166
0 1578529687 851.549805 516.268860
0 1524819282 917.426758 380.396027
0 1478253235 1068.033325 715.016479
0 1524836304 868.871582 377.010559
0 1478243221 1038.629883 832.518433
0 1568501644 943.194275 566.754517
0 1438998637 850.077454 504.878235
0 1524816278 824.318237 401.460205
0 1705773174 978.548340 478.359863
0 1524845316 887.054810 356.418915
0 1524842312 899.029358 358.680084
0 1568507651 918.101440 472.740143
0 1438999638 1039.111084 512.991272
0 1478252233 956.438049 693.577148
0 1438993630 1028.773682 490.625336
0 1478237214 1172.055542 751.707825
0 1524857332 786.863464 379.458710
0 1478248228 1009.007812 731.973999
0 1478225197 1176.102051 715.805298
0 1524859335 890.374268 368.855927
0 1524832298 892.111084 375.363159
0 1478200166 1229.912354 733.823425
0 1478250231 923.948914 740.204590
0 1478245225 1155.993408 765.880493
0 1438995633 962.379578 474.411285
0 1524804263 834.305847 382.867523
0 1524839308 879.714233 372.898590
0 1524849321 861.763611 402.493622
0 1568512658 949.739380 480.624512
0 1568514661 896.357178 506.864502
0 1478231205 884.072449 767.866821
0 1773608077 986.591614 499.631317
0 1438977615 886.692383 537.874695
0 1524834301 810.692322 384.547058
0 1607644171 939.576477 553.199646
0 1524800258 888.689636 362.544098
0 1568504647 1051.578003 506.003296
0 1568500642 929.615723 515.880249
0 1478256239 990.867249 745.368652
0 1524815277 811.746643 398.674286
0 1568503646 837.985168 535.557190
0 1478220191 1139.391968 780.528748
0 1478207174 978.004395 783.717285
0 1524841311 798.379578 375.334320
0 1478213182 1128.747681 756.008789
0 1524813274 835.199402 389.780182
0 1568516663 1026.356445 520.140381
0 1578517672 1069.644531 510.505585
0 1578527685 924.789368 561.296936
0 1478240218 966.606201 736.076904
0 1478215185 1160.815063 728.783691
0 1524838307 799.355896 395.928467
0 1478197163 972.138062 759.197937
0 1478221192 942.956299 727.019165
0 1524819281 900.856262 364.880798
0 2086284946 926.563110 504.443176
0 1524824288 910.886292 398.925354
0 1524802260 763.230164 387.922852
0 1478226199 1041.319580 764.691467
0 1578518673 1018.374268 539.940857
0 1438981616 994.998779 482.377167
0 1478238215 1150.198242 707.131653
0 1609135173 866.022278 509.296143
0 1524837305 787.000610 386.232147
0 1524793249 847.716370 392.453033
0 1568515662 835.557556 511.738190
0 1568516664 891.767639 485.181610
0 1438991628 878.172363 491.604767
0 1478249230 1100.272949 690.414429
0 1438996634 969.708008 495.336456
0 1578519675 990.861633 555.736450
0 1524829295 832.600098 369.671936
0 1524864341 822.859253 387.145142
0 1478255238 1199.792236 761.491272
0 1438993631 820.708496 518.753662
0 1524788244 836.121826 396.916351
0 1772785076 1057.269409 517.610413
0 1524828293 906.683777 384.660858
0 1478203171 1167.622559 791.041809
0 1524798255 925.689636 369.650330
0 1478199165 1085.169922 760.336609
0 1578528686 912.834900 511.331299
0 1478192156 1094.521118 785.067078
0 1478228201 928.242004 763.518921
0 1772037075 920.812744 482.898407
0 1578515670 884.429138 525.583679
0 1524851323 857.841431 381.193542
0 1478218188 1133.186768 822.673889
0 1478202169 984.895508 722.994568
0 1478254236 1115.042969 839.340515
0 1478246226 1215.096069 747.433411
0 1524809269 844.525208 372.084686
0 1524822285 938.363342 372.084442
0 1524841310 863.158203 410.067322
0 1478235210 1047.262451 861.819580
0 1578515669 961.971924 572.322510
0 1524854328 856.614563 374.530640
0 0 1324.781128 420.372864
0 1 689.702148 422.990143
0 2 1207.033447 464.848267
0 3 1479.429199 451.851624
0 4 1088.337646 414.930420
0 5 1024.675415 360.103638
0 6 1478.992188 591.035461
0 7 951.170349 389.214508
0 8 712.583496 438.235168
0 9 776.942749 636.213074
0 10 1011.426514 413.884308
0 11 802.834778 358.569763
0 12 1289.686035 698.406067
0 13 1210.755981 393.480042
0 14 1196.309814 776.479980
0 15 1200.499878 482.485077
0 16 1274.371094 409.422241
0 17 838.748047 660.594910
0 18 682.286255 408.657043
0 19 721.229004 681.413269
0 20 729.722168 613.152405
0 21 581.156799 671.570068
0 22 636.748474 558.840576
0 23 1347.945679 663.366028
0 24 824.975586 365.020599
0 25 608.132141 633.213379
0 26 804.854065 711.624512
0 27 862.696411 342.396057
0 28 537.492798 542.503784
0 29 363.422333 545.988892
0 30 1162.132690 441.920868
0 31 1161.550415 385.410370
0 32 1038.003174 617.763611
0 33 519.043579 604.150757
0 34 1201.446411 500.655579
0 35 1083.649902 364.364410
0 36 1252.867432 491.202576
0 37 958.918823 650.953369
0 38 630.941956 587.331421
0 39 1101.487549 552.345215
