0 1578512666 942.516541 743.798645
0 1478234209 1034.958252 574.547607
0 1707269176 1047.030151 694.073975
0 1438989626 1021.629089 790.340088
0 1524801259 1114.502319 989.520447
0 1438992629 1014.236755 757.721863
0 1478227200 957.367188 560.043518
0 1524854327 1170.315186 946.435608
0 1478249229 908.411194 553.224670
0 1524807266 927.426575 1057.951904
0 1478229202 945.948425 563.878845
0 1568509654 1029.708374 749.744568
0 1578523681 1133.633911 712.209656
0 1478207175 943.457214 549.359802
0 1524861337 1366.164307 1060.614380
0 1478210178 1003.228577 552.359863
0 1524862338 975.141235 1023.922424
0 1478186149 981.441650 559.815857
0 1578518674 1033.158691 700.673645
0 1438985621 1101.471802 712.742920
0 1478203170 990.427917 548.939026
0 1438994632 940.826233 729.285400
0 1578520676 1017.840515 773.623413
0 1478237213 979.530273 604.580444
0 1568511657 956.533264 722.000427
0 1775370079 926.046509 751.634644
0 1478195160 1070.309937 570.286560
0 1568510655 924.723877 736.753601
0 1478257240 977.539917 595.798096
0 1578521677 969.593933 701.688904
0 1524794250 1300.122192 1029.631836
0 1524812272 1161.712158 988.132324
0 1769859072 989.504028 721.443359
0 1578525683 979.319336 758.370850
0 1770636073 984.250366 695.058228
0 1524833300 1142.659668 1003.470764
0 1568511656 1152.870483 718.682922
0 1438985620 1073.830200 726.995178
0 1478185148 1056.467041 566.587158
0 1707993177 979.439392 670.895874
0 1478189152 965.382263 600.297607
0 2088218948 1055.146729 720.334167
0 1606348170 1082.945190 706.389832
0 1524855329 1040.456543 977.340332
0 1478183145 967.165161 609.251648
0 1438990627 971.859253 714.892151
0 1524840309 1315.586548 1062.287598
0 1478222194 962.005920 583.340759
0 1709860179 857.017700 723.681885
0 1478188151 910.418884 575.812500
0 1438988624 1036.859375 713.814331
0 1478243222 872.753784 572.257446
0 1524811271 1019.459595 992.315125
0 1478216186 989.464294 591.384888
0 1524851324 1316.835938 1013.398926
0 1524814275 1106.636841 961.590271
0 1578514668 998.567383 688.581177
0 1478184146 963.663696 591.666382
0 1478176143 911.135559 583.876282
0 1524860336 1080.322144 948.908691
0 1478222193 921.589417 564.113281
0 1438997636 1044.788086 741.969360
0 1478194158 937.801697 591.948547
0 1478201168 955.923157 552.791321
0 1478187150 1032.147583 566.825500
0 1478205172 968.583069 556.276245
0 1524838306 1030.152344 1054.634644
0 1568514660 1043.233032 681.788879
0 1524865342 1117.582031 922.335327
0 2085418945 921.105835 696.048218
0 1524808268 1133.754395 974.658813
0 1478200167 983.344604 567.303772
0 1478194159 944.682007 556.498230
0 1568501643 1015.685669 694.565430
0 1478239216 939.047180 600.595398
0 1524820283 1180.102783 973.326721
0 1438989625 967.427124 689.060425
0 1568505649 1050.997437 706.909790
0 1478255237 1059.695557 574.296326
0 1524804262 1099.261597 935.401245
0 1568506650 981.793091 682.717163
0 1478217187 1026.643555 586.782471
0 1568505648 952.723877 695.552551
0 1568497640 1078.284180 693.583984
0 1578511665 1060.581177 687.626709
0 1478258241 1007.773499 567.064331
0 1524796253 1081.152832 1052.987671
0 1478206173 932.193115 553.007751
0 1524826291 1046.237061 1006.372070
0 1578529688 905.655396 702.710205
0 1478233207 1029.431152 559.362183
0 1708834178 1018.955261 707.431213
0 1478189153 922.480164 571.761414
0 1568499641 960.710449 751.002563
0 1478245224 1042.842407 562.946228
0 1524852325 1024.621338 1022.398560
0 1478219190 860.201538 576.322510
0 1578525682 939.212952 715.433472
0 1478232206 897.645264 572.009155
0 1524818280 1171.719360 1017.868164
0 1524850322 978.910767 1056.289307
0 1438996635 1029.618652 688.103271
0 1524832299 1152.187500 1034.296631
0 1478242220 1005.462891 559.588745
0 1438999639 1053.508301 772.934143
0 1478196161 1010.164246 574.799438
0 1478252234 1015.203796 591.104065
0 1524803261 1264.768677 1063.968628
0 1478211179 884.822693 560.729309
0 1578523680 907.319397 729.862305
0 1578530689 1049.042114 757.074890
0 1568508653 1098.270020 748.494507
0 1524826290 954.719604 1074.225342
0 1524810270 1197.865356 959.026611
0 1524835302 1122.908813 1019.371460
0 1524799257 1131.914062 1051.348511
0 1478233208 948.614563 579.417664
0 1608354172 950.942322 683.183289
0 1524835303 1125.412476 947.669556
0 1478251232 1048.883545 578.380798
0 1524812273 1087.206055 975.996704
0 1706512175 1001.607971 782.232727
0 1438986622 873.709290 730.440979
0 1478211180 970.253113 563.644836
0 1478223195 1001.161987 587.055542
0 1478244223 971.980591 571.267517
0 1438987623 937.671570 702.198853
0 1478193157 947.258484 571.514160
0 1478198164 1018.699951 563.178589
0 1524862339 1213.708740 1065.657715
0 1478236212 925.347046 596.377808
0 1478240217 951.474792 596.087646
0 1478214183 979.601685 552.575378
0 1578521678 1078.665527 741.363342
0 1524844314 1002.194702 1039.026123
0 1524848320 1238.228027 1000.595154
0 1524806265 1102.420654 1035.865845
0 1478241219 923.402222 579.678345
0 1524799256 1094.555908 1004.918213
0 1478190154 898.634766 588.154358
0 1478226198 935.441040 575.558350
0 1478208176 920.728394 556.720642
0 1478214184 991.653809 600.000549
0 2084722944 954.585693 708.478760
0 1578522679 1010.804565 742.577271
0 1774531078 1064.043457 749.118530
0 1525674169 995.264160 750.372559
0 1478197162 942.271973 542.451843
0 1524815276 1067.085327 990.914673
0 1768901071 890.769714 737.349487
0 1578526684 974.230164 728.710144
0 1478182144 992.431763 556.054810
0 1524853326 951.732361 1040.617310
0 1478218189 952.984436 604.886047
0 1578513667 1004.407898 714.352478
0 1438983618 1001.422791 701.180542
0 1478224196 950.019165 587.603638
0 1478247227 977.821289 545.570129
0 1524792248 1348.983765 1028.091187
0 1524808267 1201.725586 1032.734497
0 1478191155 898.131287 579.939636
0 1478236211 1037.868042 582.542114
0 1478258242 953.173828 538.983398
0 1478212181 924.357239 587.878662
0 1478185147 975.620605 587.329285
0 1568502645 1087.819580 719.782104
0 1568508652 986.818176 707.954224
0 1438984619 995.833496 676.517700
0 1659977623 1005.951904 721.165344
0 1478209177 1016.228149 555.833801
0 1438982617 1007.531860 728.136780
0 1524805264 1268.681519 1014.881958
0 1771287074 1120.394043 719.231750
0 2087111947 923.462219 722.559143
0 1524817279 997.701904 1007.832458
0 1524795251 1059.060303 1070.773560
0 1478230204 960.405945 575.304810
0 1478230203 954.526123 545.775085
0 1578516671 1096.352905 699.664246
0 1568513659 992.316284 735.567505
0 1578529687 1106.827637 726.426941
0 1524819282 1052.423584 1037.442261
0 1478253235 936.600464 583.608215
0 1524836304 1162.405273 1067.354980
0 1478243221 966.967834 549.149231
0 1568501644 1009.559082 670.457275
0 1438998637 1112.437134 740.759277
0 1524816278 1226.252563 972.000244
0 1705773174 962.954041 766.580078
0 1568507651 1037.783447 781.519836
0 1438999638 906.468445 715.976440
0 1478252233 1003.542725 595.509216
0 1438993630 908.211121 744.412292
0 1478237214 885.076416 568.266724
0 1524857332 1349.515259 1078.638550
0 1478248228 973.768738 579.157532
0 1478225197 872.801758 580.201599
0 1524832298 1110.856323 1069.060181
0 1478200166 847.805420 572.506348
0 1478250231 1023.902893 578.639160
0 1478245225 897.175781 564.348267
0 1438995633 982.055054 774.314880
0 1524804263 1232.725342 1048.093018
0 1524849321 1152.347656 960.305786
0 1568512658 998.357727 765.909119
0 1568514661 1059.490723 734.388611
0 1478231205 1045.811157 570.530945
0 1773608077 958.572571 736.159668
0 1438977615 1064.801880 700.168213
0 1524834301 1282.778564 1046.476685
0 1607644171 1012.556519 682.252380
0 1568504647 890.290527 723.119690
0 1568500642 1022.375000 720.887939
0 1478256239 985.313538 575.051819
0 1524815277 1255.515503 985.374023
0 1568503646 1114.798706 705.871521
0 1478220191 909.057800 560.500244
0 1478207174 994.503479 563.411438
0 1478213182 909.726685 568.025208
0 1524813274 1220.309692 1016.371643
0 1568516663 922.257446 709.004883
0 1578517672 873.625244 716.521057
0 1578527685 1026.229004 676.066833
0 1478240218 998.864685 578.898010
0 1478215185 885.339111 576.067261
0 1524838307 1285.695435 999.166931
0 1478197163 996.646606 571.021423
0 1478221192 1012.639526 582.807739
0 2086284946 1025.955566 734.977112
0 1524824288 1060.731812 962.880249
0 1524802260 1382.188721 1043.266479
0 1478226199 958.860596 567.543640
0 1578518673 936.197388 689.541077
0 1438981616 944.289490 759.021973
0 1478238215 885.611084 584.144958
0 1609135173 1092.922485 733.801941
0 1524837305 1332.599121 1044.867798
0 1524793249 1190.549927 1002.029785
0 1568515662 1126.250977 733.217041
0 1568516664 1068.820557 764.573792
0 1438991628 1083.736084 756.429993
0 1478249230 911.878235 592.231384
0 1438996634 976.714111 743.187012
0 1578519675 965.352661 676.969849
0 1524864341 1251.036621 1031.179688
0 1478255238 872.707458 564.583801
0 1438993631 1139.724609 725.860535
0 1524788244 1208.716187 986.750122
0 1772785076 889.833069 709.532532
0 1524828293 1073.876709 1020.881531
0 1478203171 896.721985 556.943542
0 1478199165 934.321350 567.784180
0 1578528686 1040.731689 727.565063
0 1478192156 933.239319 560.271606
0 1478228201 1021.256653 570.775879
0 1772037075 1033.646362 765.240356
0 1578515670 1069.213745 713.277893
0 1524851323 1182.437622 1049.716919
0 1478218188 919.895752 549.570862
0 1478202169 987.352295 583.073914
0 1478254236 931.180908 545.980469
0 1478246226 860.370422 568.508789
0 1524822285 1007.015320 1072.495361
0 1524841310 1143.565552 934.210449
0 1478235210 965.404785 542.251953
0 1578515669 993.213379 664.956787
0 0 529.544373 748.226929
0 1 1393.892944 795.476135
0 2 742.873840 688.440247
0 3 432.819458 690.970764
0 4 779.729492 762.831970
0 5 870.624878 950.817322
0 6 614.756714 582.486023
0 7 959.391113 841.645142
0 8 1298.134888 783.457703
0 9 1103.977905 576.161255
0 10 881.738037 774.181519
0 11 1310.953491 963.661011
0 12 801.531128 545.738586
0 13 613.956604 816.994629
0 14 872.290588 522.699280
0 15 724.502991 670.796997
0 16 566.532471 773.663940
0 17 1059.442993 562.923462
0 18 1434.967896 830.218323
0 19 1166.065186 568.067810
0 20 1143.834717 589.250488
0 21 1225.378174 568.025024
0 22 1249.568481 626.859131
0 23 751.214355 556.045532
0 24 1248.175049 925.517944
0 25 1267.712036 591.809448
0 26 1111.753174 549.001099
0 27 1208.322632 1020.569336
0 28 1355.665894 645.574036
0 29 1539.083862 649.869019
0 30 724.386719 713.885193
0 31 670.867615 844.194824
0 32 929.648865 583.246338
0 33 1357.540771 613.782471
0 34 758.376404 652.776611
0 35 763.682800 922.617004
0 36 710.644958 651.260071
0 37 991.550232 568.601379
0 38 1233.624512 607.964233
0 39 861.674316 621.245544
