0 1578512666 923.506775 550.070435
0 1707269176 774.926697 655.593140
0 1438989626 824.961853 481.512054
0 1438992629 831.574829 527.973633
0 1568509654 811.229187 541.050537
0 1578523681 650.042969 615.096497
0 1578518674 798.359985 638.950684
0 1438985621 699.095886 613.122986
0 1438994632 929.585449 576.116394
0 1578520676 828.185730 504.162445
0 1568511657 909.969666 590.545105
0 1775370079 942.107666 536.859985
0 1568510655 948.578796 562.145569
0 1578521677 895.200378 634.704041
0 1769859072 864.026489 592.313843
0 1578525683 874.882996 526.652527
0 1770636073 873.735168 651.073425
0 1568511656 626.291565 601.466187
0 1438985620 746.167419 582.868286
0 1707993177 884.634094 717.036377
0 2088218948 770.563721 595.911926
0 1606348170 723.800293 626.959045
0 1438990627 889.700500 605.454529
0 1709860179 1044.751587 585.356323
0 1438988624 795.500122 609.244446
0 1578514668 851.508484 668.023560
0 1438997636 790.234131 554.544861
0 1568514660 777.305237 688.128967
0 2085418945 970.208130 646.660522
0 1568501643 824.628174 653.319702
0 1438989625 901.021606 665.662354
0 1568505649 772.683289 624.905151
0 1568506650 879.022583 683.074097
0 1568505648 922.258423 648.853882
0 1568497640 724.620056 657.894287
0 1578511665 750.651917 672.833252
0 1578529688 989.790588 630.556030
0 1708834178 820.994751 622.875305
0 1568499641 898.946716 538.241943
0 1578525682 935.997742 603.591919
0 1438996635 801.388977 670.413696
0 1438999639 785.497131 505.340240
0 1578523680 974.178894 574.474915
0 1578530689 787.804565 529.308777
0 1568508653 721.599976 543.920410
0 1608354172 928.947510 680.593140
0 1706512175 847.476562 492.149567
0 1438986622 1018.284302 572.851318
0 1438987623 942.771851 632.617920
0 1578521678 744.831543 556.069214
0 2084722944 915.942566 618.885986
0 1578522679 835.142212 553.037231
0 1774531078 766.657471 542.477722
0 1525674169 855.323059 539.638733
0 1768901071 992.365723 560.605469
0 1578526684 884.495972 577.776184
0 1578513667 842.871033 607.338562
0 1438983618 847.066467 636.814758
0 1568502645 723.026184 597.742065
0 1568508652 868.744568 620.869080
0 1438984619 856.219543 701.122314
0 1659977623 840.859497 593.205688
0 1438982617 838.902283 579.454590
0 1771287074 674.938599 599.593384
0 2087111947 955.399292 588.796143
0 1578516671 699.188049 643.299561
0 1568513659 859.559082 565.276367
0 1578529687 699.008728 584.604248
0 1568501644 832.567444 719.842407
0 1438998637 698.926270 557.610413
0 1705773174 893.850281 514.059814
0 1568507651 805.524109 493.248260
0 1438999638 981.771729 601.750305
0 1438993630 966.978943 548.610962
0 1438995633 870.434937 502.996735
0 1568512658 851.300781 515.294983
0 1568514661 768.558105 568.476929
0 2079485312 840.860840 593.153198
0 1773608077 904.312561 563.702393
0 1438977615 749.070679 641.112122
0 1607644171 828.479004 685.585876
0 1568504647 1000.323853 587.066650
0 1568500642 817.560791 594.102661
0 1568503646 674.335571 629.037354
0 1568516663 962.598267 616.925720
0 1578517672 1027.031250 599.929382
0 1578527685 804.602539 703.794128
0 2086284946 814.310364 566.867798
0 1578518673 949.939331 663.329529
0 1438981616 917.736450 525.345337
0 1609135173 722.293823 570.104065
0 1568515662 675.508789 571.749451
0 1568516664 764.853699 517.804443
0 1438991628 743.564880 530.658264
0 1438996634 879.563843 551.545837
0 1578519675 907.193176 698.483765
0 1438993631 651.310486 586.360107
0 1772785076 1008.720947 614.987732
0 1578528686 792.795654 581.151855
0 1772037075 808.304260 516.543091
0 1578515670 747.578247 611.172424
0 1578515669 861.224731 736.288147
0 0 1117.216187 593.609741
0 1 926.386597 438.939240
0 2 1051.566406 608.652832
0 3 744.739136 333.707184
0 4 411.375488 591.401733
0 5 977.168457 879.319641
0 6 741.825806 674.958801
0 7 616.831055 509.640106
0 8 589.499023 550.707092
0 9 857.361084 968.632019
