0 1578512666 993.725952 530.456726
0 1707269176 860.285522 655.738037
0 1438989626 884.626038 472.124878
0 1438992629 898.125671 518.803528
0 1568509654 879.678040 534.579468
0 1578523681 729.788330 628.968811
0 1578518674 881.268982 636.037598
0 1438985621 778.320801 621.257507
0 1438994632 1003.701904 556.400818
0 1578520676 891.206970 494.880157
0 1568511657 986.098572 573.489685
0 1775370079 1010.497498 514.710693
0 1568510655 1020.762268 539.838989
0 1578521677 977.783203 620.403931
0 1769859072 940.194092 580.715393
0 1578525683 941.377075 512.290405
0 1770636073 958.636536 639.647949
0 1568511656 704.175842 617.866638
0 1438985620 820.803833 584.927063
0 1707993177 979.345642 705.823792
0 2088218948 847.104126 595.368591
0 1606348170 804.993958 632.478271
0 1438990627 967.925964 591.131226
0 1709860179 1121.319336 552.204895
0 1438988624 874.015503 606.052612
0 1578514668 938.831116 659.554016
0 1438997636 860.660034 550.843201
0 1568514660 867.471680 688.649719
0 2085418945 1055.088135 623.868591
0 1568501643 909.701965 647.653564
0 1438989625 988.218140 651.392151
0 1568505649 853.507629 624.695984
0 1568506650 968.682373 671.749512
0 1568505648 1007.096313 631.719971
0 1568497640 810.380188 663.902527
0 1578511665 838.572876 676.123108
0 1578529688 1072.464233 605.067261
0 1708834178 901.559448 616.987793
0 1568499641 967.270447 521.276001
0 1578525682 1014.227600 583.774414
0 1438996635 888.951843 667.797302
0 1438999639 848.647095 501.183502
0 1578523680 1048.398682 549.429504
0 1578530689 854.498779 525.373230
0 1568508653 790.534485 548.118530
0 1608354172 1018.529419 663.425964
0 1706512175 908.767639 480.292633
0 1438986622 1092.695557 542.520569
0 1438987623 1025.349487 612.699036
0 1578521678 815.510559 557.760315
0 2084722944 996.303406 601.789612
0 1578522679 905.408936 543.987366
0 1774531078 835.302734 541.319214
0 1525674169 923.665588 527.898682
0 1768901071 1064.697388 533.048035
0 1578526684 958.599609 563.435303
0 1578513667 921.190613 598.557007
0 1438983618 929.758606 628.183105
0 1568502645 799.906677 602.797791
0 1568508652 949.155945 609.352722
0 1438984619 948.454163 692.828491
0 1659977623 917.082886 584.353333
0 1438982617 913.086243 570.533997
0 1771287074 752.265991 610.296875
0 2087111947 1031.583862 566.329895
0 1578516671 782.867859 651.976929
0 1568513659 931.709717 553.603699
0 1578529687 774.023132 592.223389
0 1568501644 927.495911 714.668152
0 1438998637 769.955078 564.739624
0 1705773174 958.567505 497.141327
0 1568507651 866.896851 486.443970
0 1438999638 1060.101440 576.485535
0 1438993630 1037.304443 523.780273
0 1438995633 933.409607 488.629700
0 1568512658 916.028259 503.493744
0 1568514661 841.044861 567.617554
0 2079485312 917.078735 584.300720
0 1773608077 976.434875 546.690613
0 1438977615 832.307739 643.968445
0 1607644171 918.332397 680.156921
0 1568504647 1076.655518 559.235291
0 1568500642 893.864624 588.008118
0 1568503646 756.011658 640.335632
0 1568516663 1043.008423 594.297485
0 1578517672 1105.553589 569.263672
0 1578527685 897.103210 701.494019
0 2086284946 886.581543 560.579041
0 1578518673 1037.120117 643.310364
0 1438981616 984.257812 505.833069
0 1609135173 795.094055 574.720032
0 1568515662 748.723450 581.887451
0 1568516664 829.853516 516.362305
0 1438991628 810.491333 532.000244
0 1438996634 949.762512 537.192200
0 1578519675 999.282959 684.251038
0 1438993631 726.808289 599.587463
0 1772785076 1089.277100 586.875366
0 1578528686 867.156250 577.697632
0 1772037075 873.125122 509.900482
0 1578515670 826.394348 613.619080
0 1578515669 958.679443 728.185120
0 0 821.775024 413.058716
0 1 757.660095 453.790497
0 2 651.146667 417.693604
0 3 1131.930298 571.661560
0 4 1031.415283 822.659607
0 5 1154.427734 850.494995
0 6 1128.462891 737.025513
0 7 1042.693604 914.262878
0 8 654.022400 739.845093
0 9 861.350220 651.199463
