0 1578512666 996.999207 471.956604
0 1524823287 805.662903 351.966675
0 1478234209 904.810547 733.265198
0 1707269176 902.110168 522.833496
0 1438989626 928.178955 446.367035
0 1524801259 881.035278 373.413330
0 1438992629 934.377319 466.581512
0 1478227200 1050.024414 767.414917
0 1524854327 846.508911 387.529358
0 1478249229 1151.341187 783.222107
0 1524807266 970.765320 351.948975
0 1524863340 850.240601 342.015411
0 1524831297 944.851562 347.322205
0 1478229202 1068.053223 752.407349
0 1568509654 921.234863 473.204681
0 1524790246 862.172302 344.223267
0 1578523681 819.498596 511.487366
0 1478207175 1087.028198 804.771851
0 1524861337 771.167542 364.722290
0 1478210178 965.051392 804.319519
0 1524862338 950.384583 360.546204
0 1478186149 1004.690918 772.460754
0 1524797254 919.633789 342.819702
0 1578518674 916.616333 515.055725
0 1438985621 850.990051 508.604797
0 1524857331 806.230591 358.511627
0 1478203170 992.118286 815.617371
0 1438994632 1001.595947 482.943024
0 1578520676 931.218994 456.281555
0 1478237213 990.388428 649.248108
0 1568511657 988.732422 489.991638
0 1775370079 1009.383179 465.316650
0 1478195160 840.383362 752.282654
0 1568510655 1014.175964 476.049744
0 1478257240 996.308105 668.553650
0 1578521677 979.925659 509.204956
0 1524794250 795.165649 369.688690
0 1524812272 856.787842 375.406372
0 1769859072 958.169189 492.776184
0 1578525683 963.538940 463.983185
0 1770636073 966.230408 516.878662
0 1524846317 872.697815 340.223114
0 1524833300 868.124207 370.841339
0 1568511656 803.339905 506.882385
0 1438985620 880.035278 493.967377
0 1478185148 863.989441 762.135864
0 1707993177 975.008362 543.123901
0 1478189152 1013.008911 656.741943
0 1524791247 851.471008 348.290283
0 1524830296 874.264771 346.460876
0 2088218948 896.642700 498.381744
0 1524827292 817.511536 354.283203
0 1606348170 867.710693 513.258789
0 1524855329 918.449341 374.017395
0 1478183145 1006.744873 638.013245
0 1438990627 975.575745 497.200867
0 1524840309 794.755981 362.812653
0 1478222194 1026.580933 697.321350
0 1709860179 1079.632690 481.709869
0 1478188151 1118.740234 710.214233
0 1438988624 913.557190 502.877716
0 1478243222 1187.585571 714.576721
0 1524843313 849.046326 335.924530
0 1524844315 932.157471 345.055725
0 1524858333 827.712219 343.813385
0 1524811271 929.282715 369.447571
0 1524859334 816.779175 347.856171
0 1478216186 979.106262 680.719543
0 1524851324 783.310425 374.194183
0 1524814275 882.865967 380.700745
0 1578514668 952.208984 524.735168
0 1478184146 1019.611450 676.483154
0 1524829294 863.592468 350.574280
0 1478176143 1109.073730 688.566895
0 1524860336 896.192017 383.406189
0 1478222193 1112.297729 747.523804
0 1438997636 907.803528 479.973450
0 1478194158 1059.884399 672.271118
0 1478201168 1058.815796 793.700684
0 1478187150 908.850830 757.224731
0 1478205172 1031.380737 782.934448
0 1524838306 924.308716 355.721100
0 1568514660 905.023071 535.860535
0 1524865342 873.110840 393.142487
0 2085418945 1029.772705 510.977478
0 1524808268 869.732605 378.034393
0 1478200167 997.728516 747.494934
0 1478194159 1077.249146 777.785095
0 1568501643 934.243042 519.849304
0 1478239216 1052.243164 652.695557
0 1524820283 845.248230 380.053314
0 1438989625 984.462341 521.724792
0 1568505649 899.319214 510.351746
0 1478255237 861.234497 737.960571
0 1524804262 884.757202 388.229706
0 1568506650 970.523987 529.715942
0 1478217187 919.967102 697.618652
0 1568505648 998.073364 513.921387
0 1568497640 869.830811 525.831299
0 1578511665 887.256897 530.797424
0 1478258241 953.429688 752.344543
0 1524796253 900.965393 357.616486
0 1478206173 1105.231812 788.443970
0 1524826291 916.072998 366.912384
0 1578529688 1042.670898 503.406311
0 1478233207 913.138428 782.650879
0 1708834178 930.787292 507.457611
0 1478189153 1102.383911 723.829529
0 1568499641 980.122742 467.935059
0 1478245224 888.232422 772.255005
0 1524852325 926.756592 362.476318
0 1478219190 1202.512817 701.187622
0 1578525682 1006.381653 494.381073
0 1478232206 1145.115112 719.188904
0 1524818280 855.395569 368.305664
0 1524850322 947.575317 353.831940
0 1438996635 919.807495 527.759338
0 1524832299 866.566284 363.873810
0 1478242220 959.063232 777.539246
0 1524789245 859.455994 332.075256
0 1438999639 902.489685 458.819824
0 1478196161 948.119934 728.598572
0 1478252234 938.366760 684.980408
0 1524803261 818.266724 360.909302
0 1478211179 1184.287109 752.471008
0 1578523680 1031.661133 480.216400
0 1578530689 905.094849 469.190613
0 1568508653 861.852417 478.518585
0 1524826290 957.719727 349.619720
0 1524847319 898.945068 351.027771
0 1524810270 833.499573 384.784332
0 1524835302 879.262512 366.356049
0 1524821284 838.466431 339.836700
0 1524799257 877.544800 359.518158
0 1478233208 1051.213379 705.935303
0 1608354172 1003.047607 526.664917
0 1524835303 871.393921 385.464172
0 1478251232 881.428772 724.089661
0 1524812273 894.132812 376.022461
0 1706512175 943.872070 450.029114
0 1438986622 1061.598267 477.501404
0 1478211180 1023.527100 757.321899
0 1524823286 839.511963 346.036835
0 1478223195 961.380737 693.255920
0 1478244223 1016.129639 733.196655
0 1438987623 1011.368286 506.299194
0 1478193157 1059.389526 728.498657
0 1478198164 933.619446 767.245422
0 1524862339 841.700012 359.012238
0 1478236212 1075.802124 660.298035
0 1478240217 1036.167603 664.414124
0 1478214183 1012.090088 798.992432
0 1578521678 877.819763 482.668396
0 1524844314 937.255798 358.116821
0 1524848320 819.849304 374.796997
0 1524806265 890.207947 361.948425
0 1524787243 909.376160 346.889313
0 1478241219 1093.026245 701.464417
0 1524799256 892.139160 368.873535
0 1478190154 1124.638184 676.057495
0 1478226198 1076.472900 714.768494
0 1478208176 1122.818726 772.669373
0 1478214184 973.554260 660.811035
0 2084722944 993.305725 501.707764
0 1578522679 937.660828 477.289886
0 1524825289 871.176758 334.167969
0 1774531078 891.605896 475.856079
0 1525674169 950.740234 470.564362
0 1478197162 1097.447388 833.525574
0 1524815276 905.200134 371.427094
0 1768901071 1043.884033 473.367676
0 1578526684 971.401489 485.681366
0 1478182144 985.210327 788.117615
0 1524853326 960.662720 356.210571
0 1478218189 1029.230347 645.269348
0 1578513667 944.634583 500.033081
0 1438983618 948.341980 512.123779
0 1478224196 1043.484741 684.606628
0 1478247227 1019.968323 827.242065
0 1524792248 771.205627 371.640015
0 1524795252 860.794067 338.059662
0 1524808267 842.845581 365.805634
0 1478191155 1134.590210 697.020142
0 1524856330 907.277100 340.613464
0 1478236211 900.996704 710.648865
0 1478258242 1078.157471 851.530457
0 1478212181 1084.179321 680.319641
0 1478185147 1002.552551 688.918640
0 1568502645 865.677734 501.202911
0 1568508652 962.115784 504.576294
0 1438984619 956.246216 537.901611
0 1659977623 942.837708 494.173004
0 1478209177 938.735107 793.334961
0 1438982617 941.077209 488.431488
0 1524805264 807.419983 372.224731
0 1771287074 834.577087 504.036438
0 2087111947 1019.163574 487.219116
0 1524817279 939.926147 364.957855
0 1524795251 911.539734 353.358307
0 1478230204 1033.948730 719.350525
0 1478230203 1068.174561 821.682617
0 1524847318 829.522827 356.631500
0 1578516671 852.735229 520.959290
0 1568513659 954.380432 481.448151
0 1578529687 849.315918 496.753296
0 1524819282 913.770935 360.029419
0 1478253235 1067.948975 692.931213
0 1524836304 865.056396 357.121399
0 1478243221 1039.733887 810.176270
0 1568501644 941.616577 546.289124
0 1438998637 847.708679 485.374756
0 1524816278 820.679138 382.079163
0 1705773174 976.065796 457.541779
0 1524845316 883.051819 336.288177
0 1524842312 895.084229 338.436493
0 1568507651 915.468689 452.528290
0 1438999638 1037.053223 491.573578
0 1478252233 956.221191 672.716614
0 1438993630 1026.481812 469.306702
0 1478237214 1172.177002 728.397400
0 1524857332 782.862000 360.397980
0 1478248228 1009.149536 710.432983
0 1478225197 1175.907837 692.602234
0 1524859335 886.521240 348.728851
0 1524832298 888.336182 355.236755
0 1478200166 1229.797607 709.992493
0 1478250231 924.259460 719.509888
0 1478245225 1156.263428 742.671082
0 1438995633 959.832031 453.753510
0 1524804263 830.470520 363.340424
0 1524839308 875.879700 352.889587
0 1524849321 858.225647 382.739014
0 1568512658 947.240112 460.099274
0 1568514661 894.073669 486.892670
0 1478231205 884.730896 747.466492
0 1773608077 984.341675 478.743225
0 1438977615 884.747742 518.000854
0 1524834301 806.815979 365.261078
0 1607644171 937.849426 532.781128
0 1524800258 884.760620 342.415527
0 1568504647 1049.463379 484.458557
0 1568500642 927.472839 495.572876
0 1478256239 991.165222 723.960449
0 1524815277 808.043396 379.412994
0 1568503646 835.960815 516.178833
0 1478220191 1139.819580 757.420349
0 1478207174 978.716675 762.267822
0 1524841311 794.358765 356.146698
0 1478213182 1128.971802 733.127197
0 1524813274 831.448181 370.261902
0 1568516663 1024.358032 498.851868
0 1578517672 1067.591064 488.778290
0 1578527685 923.139526 541.023376
0 1478240218 966.832336 714.957825
0 1478215185 1160.752563 705.687317
0 1524838307 795.588440 376.784912
0 1478197163 972.601440 737.923828
0 1478221192 943.107117 706.179993
0 1524819281 896.985596 344.637360
0 2086284946 924.291321 484.164581
0 1524824288 907.420837 378.669525
0 1524802260 759.270264 369.121613
0 1478226199 1041.750122 742.675720
0 1578518673 1016.568604 518.728210
0 1438981616 992.580444 461.395599
0 1478238215 1149.957520 684.228088
0 1609135173 863.726562 489.632416
0 1524837305 783.082703 367.188141
0 1524793249 844.027710 372.815796
0 1568515662 833.249207 492.383942
0 1568516664 889.233398 465.245758
0 1438991628 875.690735 471.810547
0 1478249230 1099.926880 668.083130
0 1438996634 967.392456 474.617645
0 1578519675 989.198364 534.794434
0 1524829295 828.603821 350.125519
0 1524864341 819.045532 367.743927
0 1478255238 1199.952881 737.848877
0 1438993631 818.463318 499.551331
0 1524788244 832.457397 377.406250
0 1772785076 1055.273560 496.008575
0 1524828293 903.049377 364.412933
0 1478203171 1168.092407 767.586853
0 1524798255 921.935547 349.171997
0 1478199165 1085.497070 737.886658
0 1578528686 910.622070 491.193481
0 1478192156 1095.066406 762.401550
0 1478228201 928.802734 742.680298
0 1772037075 918.296265 462.667236
0 1578515670 882.342651 505.734955
0 1524851323 854.046631 361.426117
0 1478218188 1134.004517 799.403809
0 1478202169 984.967773 701.737549
0 1478254236 1116.051147 816.161194
0 1478246226 1215.114990 723.696838
0 1524809269 840.589294 352.425751
0 1524822285 934.667480 351.485962
0 1524841310 859.711182 390.315094
0 1478235210 1048.635742 839.207947
0 1578515669 960.465210 551.660645
0 1524854328 852.739075 354.757507
0 0 738.105408 601.794983
0 1 1237.137207 419.890167
0 2 762.530212 390.029297
0 3 433.608307 499.951263
0 4 490.170197 495.513397
0 5 1457.251221 561.608398
0 6 500.690002 460.742279
0 7 549.411926 471.058014
0 8 638.196045 633.988220
0 9 956.619446 323.930756
0 10 545.322693 582.021729
0 11 1160.507324 363.626282
0 12 739.188965 371.956604
0 13 1478.149292 427.204407
0 14 850.166809 331.606750
0 15 935.524536 656.270325
0 16 1413.366699 588.877991
0 17 808.155640 337.204620
0 18 1525.176270 508.867340
0 19 823.113525 360.603851
0 20 927.214966 316.322327
0 21 613.863159 431.727936
0 22 882.938293 320.337524
0 23 554.389587 439.532013
0 24 1208.726807 543.659607
0 25 942.984863 368.955719
0 26 993.443542 383.458893
0 27 1057.916748 338.566437
0 28 1090.336670 350.624359
0 29 857.034668 354.825500
0 30 689.268005 649.669922
0 31 1275.743774 386.397461
0 32 345.687469 538.559631
0 33 1100.304810 400.405792
0 34 614.058655 672.348511
0 35 1135.599731 354.476288
0 36 1209.062866 454.374176
0 37 475.942780 596.754089
0 38 990.697632 334.277679
0 39 356.468719 561.933228
