0 1578512666 897.064331 580.635254
0 1707269176 757.013245 505.091766
0 1438989626 1014.768433 539.088684
0 1438992629 935.172852 537.861023
0 1568509654 914.439819 527.383606
0 1578523681 818.261169 460.847687
0 1578518674 775.687439 515.164673
0 1438985621 817.342346 478.315582
0 1438994632 854.651123 580.093323
0 1578520676 975.067749 538.476379
0 1568511657 833.677612 568.516907
0 1775370079 918.998718 592.466736
0 1568510655 876.130981 591.949158
0 1578521677 771.450317 556.620239
0 1769859072 834.284485 546.771851
0 1578525683 937.163574 558.962646
0 1770636073 751.869019 545.553162
0 1568511656 836.907715 452.783234
0 1438985620 854.924500 497.307648
0 1707993177 668.623718 544.322144
0 2088218948 835.410034 506.443359
0 1606348170 797.756226 487.008606
0 1438990627 813.192749 557.210266
0 1709860179 831.650391 641.151001
0 1438988624 815.369446 515.825378
0 1578514668 732.734680 534.738647
0 1438997636 894.163940 517.137268
0 1568514660 717.533936 504.411163
0 2085418945 746.169800 590.380188
0 1568501643 754.505310 524.817566
0 1438989625 729.495728 556.027222
0 1568505649 796.304810 505.769165
0 1568506650 710.350830 544.939148
0 1568505648 749.094238 567.377991
0 1568497640 759.401917 486.303680
0 1578511665 738.744690 495.237701
0 1578529688 766.750244 602.603882
0 1708834178 794.781189 525.463745
0 1568499641 917.400024 569.644287
0 1578525682 812.017822 579.548523
0 1438996635 735.813843 514.500793
0 1438999639 972.208130 518.436646
0 1578523680 854.573486 603.600464
0 1578530689 933.279114 517.788513
0 1568508653 911.758423 489.103882
0 1608354172 706.475586 566.804077
0 1706512175 996.674988 549.173218
0 1438986622 854.491455 628.420288
0 1438987623 769.162720 579.000916
0 1578521678 893.289429 497.991180
0 2084722944 791.494324 567.948914
0 1578522679 895.082275 537.242676
0 1774531078 913.066772 507.782135
0 1525674169 915.882446 547.978516
0 1768901071 876.643066 616.073914
0 1578526684 854.724731 557.797363
0 1578513667 814.308533 535.996826
0 1438983618 773.622375 535.369324
0 1568502645 835.932861 487.710297
0 1568508652 793.179688 546.164062
0 1438984619 691.644104 534.104858
0 1659977623 834.576477 536.309448
0 1438982617 854.794617 536.621277
0 1771287074 836.431580 469.843140
0 2087111947 833.038086 591.428955
0 1578516671 779.527039 477.599762
0 1568513659 875.184937 547.376709
0 1578529687 854.984863 479.028137
0 1568501644 673.360535 523.515686
0 1438998637 892.455627 479.737396
0 1705773174 958.942627 570.203674
0 1568507651 993.252197 528.648132
0 1438999638 810.778870 603.103516
0 1438993630 898.135803 604.094788
0 1438995633 978.073547 559.540894
0 1568512658 956.378662 548.577332
0 1568514661 874.330261 507.114349
0 2079485312 834.577026 536.260498
0 1773608077 875.645630 569.082031
0 1438977615 777.653381 495.930939
0 1607644171 714.032227 524.168213
0 1568504647 832.363342 615.604431
0 1568500642 834.861267 526.106873
0 1568503646 799.140381 469.117188
0 1568516663 789.718323 590.905945
0 1578517672 809.470581 627.977356
0 1578527685 695.747192 513.833679
0 2086284946 874.747009 526.746765
0 1578518673 726.084106 578.450439
0 1438981616 939.259094 581.174377
0 1609135173 873.933228 488.408691
0 1568515662 873.554504 470.565765
0 1568516664 951.620850 508.446838
0 1438991628 931.475586 498.671539
0 1438996634 896.047852 558.381409
0 1578519675 687.327515 555.431091
0 1438993631 855.042480 461.582947
0 1772785076 787.844055 615.132446
0 1578528686 854.861206 516.482849
0 1772037075 953.941101 528.017395
0 1578515670 816.379578 496.620911
0 1578515669 650.348999 533.467957
0 0 1147.224365 478.410950
0 1 1132.622314 442.634277
0 2 1079.192627 493.373505
0 3 883.000671 547.645569
0 4 642.161682 564.739502
0 5 459.842651 507.089417
0 6 566.336182 526.030396
0 7 396.835510 502.105255
0 8 401.498138 453.186157
0 9 896.187256 397.394684
