0 1578512666 1056.752808 486.707520
0 1524823287 532.957764 578.426270
0 1478234209 1575.145020 529.629456
0 1707269176 1174.506836 526.692810
0 1438989626 967.177368 513.030823
0 1524801259 684.997070 533.288330
0 1438992629 1028.959351 511.354858
0 1478227200 1601.142822 489.613159
0 1524854327 723.798279 552.182190
0 1478249229 1606.770508 465.787598
0 1524807266 650.085022 486.760773
0 1524863340 520.206726 550.815308
0 1524831297 614.402283 498.912933
0 1478229202 1579.360596 484.114014
0 1568509654 1045.096924 517.197327
0 1524790246 540.654175 543.650574
0 1578523681 1134.607666 562.738525
0 1478207175 1641.356934 482.417542
0 1524861337 568.951355 600.155823
0 1478210178 1660.349609 513.694824
0 1524862338 672.942261 497.297668
0 1478186149 1614.131836 501.830231
0 1524797254 577.343201 511.533752
0 1578518674 1156.597290 520.611328
0 1438985621 1131.225708 548.379456
0 1524857331 566.013855 577.564270
0 1478203170 1669.334106 506.828552
0 1438994632 1086.515869 485.886292
0 1578520676 998.049805 512.193359
0 1478237213 1434.194702 500.361755
0 1568511657 1102.619629 491.242798
0 1775370079 1041.279175 481.453186
0 1478195160 1612.479614 550.278259
0 1568510655 1070.734985 480.637177
0 1478257240 1465.631470 499.508942
0 1578521677 1149.489380 495.877258
0 1524794250 611.611328 583.767517
0 1524812272 678.754211 546.594177
0 1769859072 1105.111816 503.128632
0 1578525683 1027.972290 499.202515
0 1770636073 1166.597290 501.453308
0 1524846317 529.709167 537.462585
0 1524833300 666.174805 540.292419
0 1568511656 1119.260132 570.604492
0 1438985620 1095.638184 535.495300
0 1478185148 1622.467773 542.645020
0 1707993177 1228.229980 499.773987
0 1478189152 1445.109619 493.864594
0 1524791247 551.837341 549.973206
0 1524830296 560.691162 536.629761
0 2088218948 1110.412354 528.407532
0 1524827292 554.176086 570.651672
0 1606348170 1145.955322 540.998962
0 1524855329 709.003601 513.921509
0 1478183145 1414.015137 494.711853
0 1438990627 1119.056274 496.710052
0 1524840309 578.123718 584.635864
0 1478222194 1507.410278 492.167084
0 1709860179 1095.703979 458.260651
0 1478188151 1516.656860 468.283997
0 1438988624 1124.886353 521.463745
0 1478243222 1515.850586 451.755096
0 1524843313 488.615234 551.656372
0 1524844315 596.049744 505.163055
0 1524858333 510.294159 564.744080
0 1524811271 696.736755 508.266602
0 1524859334 521.498718 571.508362
0 1478216186 1486.593994 505.274445
0 1524851324 624.400696 590.998230
0 1524814275 716.168396 532.450439
0 1578514668 1184.066772 507.147125
0 1478184146 1476.241211 493.016357
0 1524829294 571.976440 542.812561
0 1478176143 1486.688477 469.114166
0 1524860336 734.315796 525.590088
0 1478222193 1567.452881 472.616211
0 1438997636 1061.581665 523.165405
0 1478194158 1466.302856 481.248993
0 1478201168 1632.462402 488.759766
0 1478187150 1608.456055 528.747009
0 1478205172 1623.389160 495.229370
0 1524838306 636.970093 509.902069
0 1568514660 1206.613892 525.833801
0 1524865342 760.722046 537.763000
0 2085418945 1159.305298 478.183563
0 1524808268 697.651611 539.450378
0 1478200167 1582.188599 502.692871
0 1478194159 1610.340332 483.266296
0 1568501643 1170.470093 513.811523
0 1478239216 1435.799805 482.087189
0 1524820283 691.611023 553.034851
0 1438989625 1179.958374 495.043457
0 1568505649 1142.439575 527.550720
0 1478255237 1588.405884 543.538025
0 1524804262 747.377747 531.611511
0 1568506650 1197.395264 500.614136
0 1478217187 1519.385742 524.213623
0 1568505648 1162.878784 489.586914
0 1568497640 1178.718018 540.131042
0 1578511665 1192.810669 532.908203
0 1478258241 1595.041992 515.442017
0 1524796253 630.013306 522.177246
0 1478206173 1619.358521 477.043091
0 1524826291 678.786072 514.744812
0 1578529688 1142.930664 473.054291
0 1478233207 1641.809692 527.863464
0 1708834178 1139.069458 514.659546
0 1478189153 1537.131104 473.452850
0 1568499641 1042.501099 492.894806
0 1478245224 1632.242188 535.175171
0 1524852325 666.835876 509.084839
0 1478219190 1496.357300 446.992737
0 1578525682 1116.313354 485.064117
0 1478232206 1526.283813 462.392853
0 1524818280 646.965759 547.440491
0 1524850322 643.655518 498.105743
0 1438996635 1188.347168 519.757874
0 1524832299 634.736633 541.133545
0 1478242220 1627.675293 514.568970
0 1524789245 478.125183 545.323425
0 1438999639 998.432251 524.862915
0 1478196161 1562.449707 516.313965
0 1478252234 1497.387695 518.054626
0 1524803261 586.895386 569.793884
0 1478211179 1565.182739 455.789734
0 1578523680 1084.455322 474.680542
0 1578530689 1029.987549 524.014709
0 1568508653 1047.916504 543.596069
0 1524826290 632.410889 492.779907
0 1524847319 599.581543 523.002808
0 1524810270 704.754395 559.619080
0 1524835302 653.863708 534.125244
0 1524821284 499.335663 558.128357
0 1524799257 622.768372 534.961060
0 1478233208 1517.511841 485.806488
0 1608354172 1193.061279 488.757507
0 1524835303 729.167419 538.607178
0 1478251232 1564.877563 536.950562
0 1524812273 703.444153 526.423767
0 1706512175 982.579651 506.467285
0 1438986622 1082.472778 463.899017
0 1478211180 1591.760742 496.087372
0 1524823286 531.281006 557.282104
0 1478223195 1508.011230 511.165039
0 1478244223 1560.171021 496.944336
0 1438987623 1146.145386 484.240997
0 1478193157 1548.417725 484.960785
0 1478198164 1618.166260 521.583801
0 1524862339 595.291992 555.586365
0 1478236212 1446.377930 475.956940
0 1478240217 1455.810181 487.494934
0 1478214183 1646.114258 500.966522
0 1578521678 1063.328613 536.355469
0 1524844314 655.128113 503.539612
0 1524848320 652.460205 568.075012
0 1524806265 641.812622 528.088196
0 1524787243 588.347534 517.209045
0 1478241219 1506.844727 474.288544
0 1524799256 672.609802 527.256470
0 1478190154 1466.935547 464.043396
0 1478226198 1527.416992 479.569611
0 1478208176 1597.810059 471.778595
0 1478214184 1454.807251 506.132874
0 2084722944 1132.731567 490.415344
0 1578522679 1059.906128 510.515320
0 1524825289 498.764893 538.294434
0 1774531078 1046.476929 530.118042
0 1525674169 1043.772827 504.799927
0 1478197162 1672.410767 481.567749
0 1524815276 690.986206 520.523254
0 1768901071 1068.996216 469.641907
0 1578526684 1088.659058 497.541840
0 1478182144 1636.989380 507.697998
0 1524853326 661.400024 491.976837
0 1478218189 1425.014282 488.337616
0 1578513667 1121.911621 508.833252
0 1438983618 1152.970337 507.990723
0 1478224196 1486.642578 486.651215
0 1478247227 1678.136230 500.101776
0 1524792248 603.198242 599.278076
0 1524795252 509.370453 544.487488
0 1524808267 627.357971 554.737000
0 1478191155 1496.592651 463.218597
0 1524856330 558.272461 518.028503
0 1478236211 1541.876831 530.510742
0 1478258242 1695.214722 487.049957
0 1478212181 1476.593750 475.123230
0 1478185147 1497.106323 498.655121
0 1568502645 1113.234253 541.865784
0 1568508652 1135.836182 502.291473
0 1438984619 1215.200562 506.302551
0 1659977623 1106.396240 509.254150
0 1478209177 1651.176636 520.704956
0 1438982617 1090.890137 509.674805
0 1524805264 632.254883 575.837097
0 1771287074 1116.180664 555.917969
0 2087111947 1100.224609 479.820251
0 1524817279 684.718750 502.726471
0 1524795251 618.458069 516.388611
0 1478230204 1538.616943 491.316772
0 1478230203 1663.819702 487.905365
0 1524847318 574.949585 563.040039
0 1578516671 1164.326416 547.507080
0 1568513659 1074.423950 503.964783
0 1578529687 1098.167603 549.250671
0 1524819282 648.604187 515.567200
0 1478253235 1496.841919 480.409790
0 1524836304 603.337280 541.973633
0 1478243221 1655.056030 494.370300
0 1568501644 1233.386230 512.112427
0 1438998637 1065.151855 550.120789
0 1524816278 685.305969 567.213928
0 1705773174 1012.494629 493.719360
0 1524845316 518.994629 531.404968
0 1524842312 538.826660 524.650940
0 1568507651 982.638672 518.884033
0 1438999638 1113.676270 473.867859
0 1478252233 1475.866699 512.029114
0 1438993630 1055.267212 475.492279
0 1478237214 1535.730347 456.611969
0 1524857332 556.674744 592.744263
0 1478248228 1528.619507 497.800232
0 1478225197 1486.731689 452.571045
0 1524859335 580.329651 529.748535
0 1524832298 611.052673 528.918884
0 1478200166 1505.808105 441.515839
0 1478250231 1552.270874 523.338135
0 1478245225 1556.008911 461.566193
0 1438995633 997.682556 500.031372
0 1524804263 607.338867 562.186462
0 1524839308 591.710876 535.795898
0 1524849321 710.582397 545.746826
0 1568512658 1013.158020 505.634125
0 1568514661 1078.424683 529.263367
0 1478231205 1598.538086 536.063416
0 1773608077 1072.542847 492.069305
0 1438977615 1160.379150 533.771667
0 1524834301 599.112854 576.701233
0 1607644171 1201.908936 512.962524
0 1524800258 549.643677 530.577209
0 1568504647 1097.921021 468.834412
0 1568500642 1107.707153 515.506470
0 1478256239 1550.284546 503.554474
0 1524815277 665.440063 574.971802
0 1568503646 1149.626221 555.041199
0 1478220191 1576.697998 466.620697
0 1478207174 1604.684692 508.566406
0 1524841311 544.679993 585.503052
0 1478213182 1546.660034 467.452820
0 1524813274 639.769409 561.331726
0 1568516663 1129.747925 479.002380
0 1578517672 1111.139282 463.095703
0 1578527685 1220.136230 518.903381
0 1478240218 1540.195801 510.299896
0 1478215185 1506.311646 457.433228
0 1524838307 645.143066 582.898071
0 1478197163 1572.420288 509.433655
0 1478221192 1529.898438 517.184875
0 1524819281 569.185974 523.827393
0 2086284946 1076.382935 516.352417
0 1524824288 721.527283 519.694702
0 1524802260 581.520142 607.743652
0 1478226199 1569.861084 490.465485
0 1578518673 1176.012085 483.416901
0 1438981616 1027.024170 487.527771
0 1478238215 1476.926025 458.253601
0 1609135173 1080.554688 542.731445
0 1524837305 590.515198 591.871826
0 1524793249 659.464294 553.886414
0 1568515662 1082.778564 556.793701
0 1568516664 1014.568848 530.971741
0 1438991628 1031.059692 537.214600
0 1478249230 1456.754639 469.943420
0 1438996634 1058.297729 498.372681
0 1578519675 1210.463623 494.208710
0 1524829295 542.601379 563.892639
0 1524864341 619.656738 568.934998
0 1478255238 1545.002075 450.938232
0 1438993631 1100.809814 563.619751
0 1524788244 672.241211 560.475952
0 1772785076 1126.878418 468.025970
0 1524828293 660.481567 521.350769
0 1478203171 1585.767944 460.738525
0 1524798255 607.139221 510.718384
0 1478199165 1558.027954 478.728455
0 1578528686 1093.214478 522.315125
0 1478192156 1588.675171 477.886261
0 1478228201 1585.197754 522.461487
0 1772037075 1013.848816 518.041199
0 1578515670 1127.988281 534.634033
0 1524851323 615.216797 548.285767
0 1478218188 1628.202759 470.940002
0 1478202169 1518.419678 504.414978
0 1478254236 1650.078125 476.198944
0 1478246226 1525.214355 446.181183
0 1524809269 563.266418 556.434814
0 1524822285 625.571838 504.351807
0 1524841310 742.450134 544.898376
0 1478235210 1686.761230 493.510223
0 1578515669 1246.372070 505.456970
0 1524854328 583.507385 549.130005
0 0 1028.061646 755.200134
0 1 1531.093262 618.183105
0 2 1198.698853 422.597900
0 3 710.462646 565.839844
0 4 1007.900391 409.724915
0 5 1482.843262 509.625153
0 6 624.278992 530.906311
0 7 1065.977783 383.207855
0 8 868.318054 462.383972
0 9 549.942505 489.126556
0 10 1550.481445 499.235016
0 11 836.291077 406.187378
0 12 633.291931 462.823242
0 13 1599.829590 435.150299
0 14 796.071716 398.344055
0 15 1425.662231 727.553406
0 16 1585.961304 469.554688
0 17 885.764038 384.062683
0 18 1483.853149 489.077057
0 19 1598.513428 584.676147
0 20 918.143982 371.588654
0 21 881.241882 434.087494
0 22 995.111755 353.872589
0 23 1543.302246 447.415497
0 24 583.523865 496.606628
0 25 1378.223999 467.828400
0 26 1584.906250 539.351135
0 27 1056.665161 330.417450
0 28 1271.863037 343.826385
0 29 1164.930176 399.679932
0 30 948.537231 620.970825
0 31 1510.399536 393.645020
0 32 837.723877 449.629364
0 33 1495.644409 591.523132
0 34 775.051331 572.504700
0 35 1283.823242 397.784088
0 36 1407.903809 643.451538
0 37 711.297974 537.725708
0 38 1422.415161 377.215393
0 39 793.210083 465.602844
