0 1578512666 928.787964 734.083557
0 1524823287 748.921570 600.679504
0 1478234209 805.069458 1011.718445
0 1707269176 826.703369 781.959290
0 1438989626 861.625610 703.699768
0 1524801259 822.014893 626.628174
0 1438992629 865.775330 724.946899
0 1478227200 955.453552 1058.170410
0 1524854327 785.716187 638.888672
0 1524807266 913.944824 610.279968
0 1524863340 794.718872 593.327393
0 1524831297 888.574829 604.146423
0 1478229202 975.962646 1042.082886
0 1568509654 851.710205 731.072754
0 1524790246 806.391907 596.230286
0 1578523681 743.241516 765.328125
0 1524861337 712.690308 611.476685
0 1524862338 892.773132 617.711853
0 1478186149 906.792480 1061.519775
0 1524797254 863.896790 598.180115
0 1578518674 842.438232 774.579956
0 1438985621 775.922119 764.081238
0 1524857331 748.693970 607.279175
0 1438994632 932.403198 745.765076
0 1578520676 863.657776 714.104797
0 1478237213 904.435730 922.891357
0 1568511657 918.647705 752.384949
0 1775370079 941.965881 727.903320
0 1478195160 734.118225 1029.787354
0 1568510655 945.820068 739.308105
0 1478257240 908.647949 944.458435
0 1578521677 907.778870 772.001099
0 1524794250 736.203308 617.878784
0 1524812272 797.453125 627.230164
0 1769859072 887.252625 753.562805
0 1578525683 895.639343 723.915100
0 1770636073 893.014465 779.297119
0 1524846317 817.352112 592.849792
0 1524833300 809.350769 623.286194
0 1568511656 727.225708 759.566895
0 1438985620 807.385010 750.378052
0 1478185148 758.036194 1042.260132
0 1707993177 899.335815 807.530273
0 1478189152 927.284119 932.356812
0 1524791247 795.230591 599.672791
0 1524830296 818.224915 599.172974
0 2088218948 823.858032 755.941345
0 1524827292 760.520630 603.694153
0 1606348170 792.518127 769.924072
0 1524855329 859.454529 629.407593
0 1478183145 922.610840 911.484131
0 1438990627 904.540588 759.173950
0 1524840309 736.643433 610.932190
0 1478222194 937.501892 977.992371
0 1709860179 1011.646851 748.895630
0 1478188151 1033.017822 997.328552
0 1438988624 840.648071 761.611694
0 1478243222 1104.776001 1005.886475
0 1524843313 794.223022 587.179260
0 1524844315 876.151062 601.142761
0 1524858333 771.982422 593.807068
0 1524811271 870.776978 625.433167
0 1524859334 760.557373 597.211914
0 1478216186 889.366577 956.979065
0 1524851324 723.709900 621.732178
0 1524814275 823.044800 634.089111
0 1578514668 877.853699 786.788879
0 1478184146 932.239075 954.487183
0 1524829294 807.095764 602.666504
0 1478176143 1024.698975 972.712891
0 1524860336 836.128601 637.595764
0 1478222193 1023.125366 1038.907471
0 1438997636 837.298889 737.349426
0 1478194158 974.741028 952.016785
0 1478187150 806.489197 1039.067871
0 1478205172 934.124573 1074.901001
0 1524838306 867.223633 611.358154
0 1568514660 828.227905 795.899658
0 1524865342 811.847839 646.118958
0 2085418945 958.446594 776.670166
0 1524808268 810.154358 630.634216
0 1478200167 902.001038 1032.775269
0 1478194159 983.372742 1071.434814
0 1568501643 859.969910 780.623779
0 1478239216 968.569092 930.051208
0 1524820283 785.319763 631.252136
0 1438989625 911.168701 785.428162
0 1568505649 825.248352 768.654053
0 1478255237 758.192505 1014.677673
0 1524804262 824.111145 641.814209
0 1568506650 896.100220 793.079102
0 1478217187 825.303772 972.556763
0 1568505648 925.839294 777.979248
0 1568497640 793.212646 783.303894
0 1578511665 810.543335 789.538147
0 1478258241 854.475220 1035.906372
0 1524796253 843.696472 611.901062
0 1524826291 857.822021 622.116089
0 1578529688 972.264771 769.455994
0 1478233207 808.007568 1068.319214
0 1708834178 857.764404 767.392273
0 1478189153 1014.703430 1011.694519
0 1568499641 912.063782 728.953369
0 1478245224 782.655518 1055.098633
0 1524852325 868.970581 618.277893
0 1478219190 1121.302246 991.755432
0 1578525682 936.179382 757.966858
0 1478232206 1059.948730 1008.776978
0 1524818280 796.869385 619.992432
0 1524850322 890.639526 610.817810
0 1438996635 844.312622 788.158813
0 1524832299 808.574036 616.183472
0 1478242220 857.646301 1064.902588
0 1524789245 805.049316 583.952881
0 1438999639 834.226074 715.089111
0 1478196161 851.509399 1008.786743
0 1478252234 846.118591 959.492798
0 1524803261 760.482666 610.390198
0 1478211179 1098.596558 1048.317871
0 1578523680 963.168762 744.629822
0 1578530689 835.730103 725.984863
0 1568508653 790.612793 733.218262
0 1524826290 901.171509 607.191833
0 1524847319 842.383972 605.180908
0 1524810270 772.943665 635.354675
0 1524835302 821.019592 619.418152
0 1524821284 783.202454 590.463440
0 1524799257 820.057251 612.446533
0 1478233208 962.542297 988.923706
0 1608354172 929.689880 791.683228
0 1524835303 810.986206 638.240540
0 1478251232 781.383545 1000.122314
0 1524812273 834.865662 630.019409
0 1706512175 877.134521 708.372009
0 1438986622 993.742432 743.501709
0 1478211180 928.341187 1045.289307
0 1524823286 783.527222 596.719971
0 1478223195 869.405945 969.940735
0 1478244223 922.935486 1017.611938
0 1438987623 940.127625 770.724426
0 1478193157 969.034424 1014.639343
0 1478198164 831.694519 1051.796753
0 1524862339 784.208862 609.850830
0 1478236212 992.418274 939.686279
0 1478240217 950.711853 942.062195
0 1578521678 806.423157 738.451599
0 1524844314 879.907776 614.512451
0 1524848320 760.402954 624.467834
0 1524806265 832.466064 615.623840
0 1524787243 853.239319 601.648315
0 1478241219 1006.809448 986.187256
0 1524799256 833.645569 622.699707
0 1478190154 1041.969360 959.704895
0 1478226198 988.266663 1000.153625
0 1478208176 1032.129883 1068.003174
0 1478214184 885.649841 934.681885
0 2084722944 922.162415 764.893433
0 1578522679 867.983765 736.254089
0 1524825289 816.506287 586.722778
0 1774531078 821.255371 732.142212
0 1525674169 881.979187 730.009827
0 1524815276 846.455811 626.029175
0 1768901071 976.166748 738.206848
0 1578526684 901.443848 746.907410
0 1478182144 884.378052 1078.402344
0 1524853326 903.459106 613.960815
0 1478218189 945.307068 920.653442
0 1578513667 872.697510 760.388916
0 1438983618 875.216492 773.286255
0 1478224196 956.446533 964.777832
0 1524792248 711.845398 618.449402
0 1524795252 805.710083 589.995483
0 1524808267 784.566772 616.745850
0 1478191155 1050.678467 983.475403
0 1524856330 851.808472 595.257629
0 1478236211 803.739197 986.091309
0 1478212181 999.395142 962.230286
0 1478185147 913.118469 967.347839
0 1568502645 791.854675 757.142090
0 1568508652 890.068359 766.138794
0 1438984619 880.617554 800.940308
0 1659977623 871.479919 754.154602
0 1438982617 870.288940 748.056946
0 1524805264 748.215393 621.149414
0 1771287074 759.644531 758.350586
0 2087111947 949.843811 751.214478
0 1524817279 881.881104 621.535339
0 1524795251 854.716980 608.247925
0 1478230204 943.102051 1003.004761
0 1524847318 772.281860 606.750977
0 1578516671 776.225525 777.193176
0 1568513659 884.558838 741.531372
0 1578529687 775.632202 751.549622
0 1524819282 856.243713 615.066772
0 1478253235 981.294678 975.340881
0 1524836304 807.822754 609.313965
0 1568501644 864.703369 809.020691
0 1438998637 775.354797 739.560669
0 1524816278 760.361023 631.873108
0 1705773174 908.976196 717.964722
0 1524845316 828.116455 589.529663
0 1524842312 839.882751 592.374390
0 1568507651 848.085571 709.328003
0 1438999638 967.615845 756.767395
0 1478252233 866.221985 946.875366
0 1438993630 958.910828 733.008179
0 1478237214 1087.632202 1020.545349
0 1524857332 724.994324 607.809998
0 1478248228 917.871704 991.685120
0 1478225197 1094.155029 980.787903
0 1524859335 830.221130 602.156189
0 1524832298 831.325195 608.779663
0 1478200166 1149.191040 1003.022400
0 1478250231 827.298096 997.283997
0 1478245225 1069.835815 1035.762451
0 1438995633 892.915649 713.126282
0 1524804263 772.439087 613.545410
0 1524839308 819.126160 605.701782
0 1524849321 798.057190 634.720276
0 1568512658 879.506531 718.966431
0 1568514661 822.528381 743.782593
0 1478231205 781.998474 1026.699951
0 1773608077 915.284729 740.416321
0 1438977615 809.441956 775.882263
0 1524834301 748.458679 614.098816
0 1607644171 862.280334 794.484558
0 1524800258 829.152100 595.742859
0 1568504647 980.842896 750.051392
0 1568500642 855.656738 754.748230
0 1478256239 897.518311 1005.882324
0 1524815277 747.963806 628.442993
0 1568503646 759.571716 771.202454
0 1478220191 1051.348633 1051.569946
0 1478207174 880.254089 1048.527222
0 1524841311 737.069275 604.211548
0 1478213182 1041.882568 1023.559448
0 1524813274 772.601624 620.569519
0 1568516663 954.048523 763.656128
0 1578517672 998.851807 755.575623
0 1578527685 846.277466 802.392456
0 1478240218 872.792175 994.471741
0 1478215185 1077.361206 994.529297
0 1524838307 735.748108 625.062988
0 1478197163 876.400757 1020.612610
0 1478221192 848.729492 983.367310
0 1524819281 841.113403 598.675415
0 2086284946 853.640625 742.653442
0 1524824288 847.907349 633.461060
0 1524802260 700.150818 615.213623
0 1478226199 949.073242 1029.674072
0 1578518673 944.259888 784.076599
0 1438981616 925.323669 722.889648
0 1478238215 1067.719971 970.108093
0 1609135173 791.220154 744.918762
0 1524837305 724.362854 614.654846
0 1524793249 784.936890 623.875549
0 1568515662 759.714172 746.062134
0 1568516664 820.035522 720.987854
0 1438991628 805.501953 727.029175
0 1478249230 1016.877136 949.567627
0 1438996634 898.479553 735.165466
0 1578519675 914.720703 799.498230
0 1524829295 772.129700 600.174927
0 1524864341 760.443481 617.310974
0 1478255238 1116.100342 1032.647217
0 1438993631 743.676147 752.728821
0 1524788244 772.769714 627.835022
0 1772785076 985.728699 762.426880
0 1524828293 845.053040 618.846619
0 1478203171 1080.403564 1064.605469
0 1524798255 865.533325 604.662415
0 1478199165 995.698364 1026.602173
0 1578528686 838.936646 749.213867
0 1478192156 1003.636536 1054.854004
0 1478228201 829.423828 1023.641785
0 1772037075 849.860229 719.974060
0 1578515670 808.390259 762.842468
0 1524851323 796.305054 612.994690
0 1478202169 893.315247 980.667725
0 1478246226 1132.953247 1017.559448
0 1524809269 783.862549 603.179077
0 1524822285 877.998779 607.718689
0 1524841310 798.682739 642.476379
0 1578515669 883.517578 815.788574
0 1524854328 795.759094 606.225159
0 0 816.273193 922.893127
0 1 860.513794 622.913208
0 2 588.347595 924.127197
0 3 697.564087 605.905945
0 4 966.857666 805.939514
0 5 1497.797607 768.706299
0 6 635.912537 626.652588
0 7 1094.188721 694.087830
0 8 1133.078003 707.661926
0 9 1012.859375 609.347412
0 10 1099.479736 729.072571
0 11 1170.917358 648.538635
0 12 497.757568 670.941650
0 13 1281.075195 679.035583
0 14 392.717041 689.135681
0 15 1187.535645 720.823059
0 16 1172.686035 1023.362244
0 17 725.742065 613.659851
0 18 1256.473633 952.107300
0 19 438.711792 828.381653
0 20 972.024414 600.102295
0 21 470.095825 911.936523
0 22 869.099365 577.755859
0 23 442.496338 686.754456
0 24 1437.639160 738.640747
0 25 344.988220 751.199768
0 26 324.091644 776.239380
0 27 1058.975952 617.886353
0 28 1029.424805 891.922607
0 29 570.256836 670.571594
0 30 1023.239014 771.522095
0 31 1311.415649 900.785217
0 32 1073.976562 795.212097
0 33 416.806335 736.034302
0 34 1154.812622 739.382202
0 35 1098.119019 629.248535
0 36 448.828766 713.736389
0 37 905.043213 886.239136
0 38 800.709900 580.857056
0 39 1102.157837 770.495972
