0 1578512666 1034.901733 542.830627
0 1707269176 1189.204224 451.206085
0 1438989626 1131.139160 628.970276
0 1438992629 1128.918945 568.122681
0 1568509654 1152.209717 553.324097
0 1578523681 1306.394043 482.847870
0 1578518674 1168.602539 463.439362
0 1438985621 1260.790283 484.333466
0 1438994632 1036.409912 516.534424
0 1578520676 1129.996826 597.663086
0 1568511657 1059.343018 503.201904
0 1775370079 1010.777771 557.155334
0 1568510655 1012.950073 530.173157
0 1578521677 1082.020508 466.433105
0 1769859072 1104.011719 501.793213
0 1578525683 1080.921265 569.365784
0 1770636073 1103.401245 454.255493
0 1568511656 1332.510254 494.587158
0 1438985620 1218.860107 510.975342
0 1707993177 1102.848877 411.244080
0 2088218948 1194.368530 498.943665
0 1606348170 1236.221069 472.963715
0 1438990627 1081.767090 490.165375
0 1709860179 927.329651 507.365143
0 1438988624 1170.608154 487.271271
0 1578514668 1124.329102 442.335846
0 1438997636 1174.950806 538.874695
0 1568514660 1186.812378 429.095642
0 2085418945 1018.820007 457.261505
0 1568501643 1146.148315 452.736298
0 1438989625 1082.261475 443.870422
0 1568505649 1191.719604 474.458496
0 1568506650 1103.118286 432.225372
0 1568505648 1060.959595 455.763855
0 1568497640 1232.572144 449.664825
0 1578511665 1209.366577 439.233795
0 1578529688 996.684509 469.383728
0 1708834178 1147.546753 475.942230
0 1568499641 1057.547607 555.888428
0 1578525682 1037.840210 491.596313
0 1438996635 1166.696411 440.790344
0 1438999639 1179.800049 596.496887
0 1578523680 991.661255 517.897888
0 1578530689 1177.306763 566.869507
0 1568508653 1248.398438 550.718445
0 1608354172 1061.708862 433.773895
0 1706512175 1105.448242 613.641479
0 1438986622 947.250366 519.251038
0 1438987623 1039.198364 467.913757
0 1578521678 1222.374756 537.535095
0 2084722944 1060.171997 478.877075
0 1578522679 1127.900146 540.203735
0 1774531078 1200.110840 552.026489
0 1525674169 1104.690186 554.611389
0 1768901071 967.779480 531.499939
0 1578526684 1081.500122 515.160583
0 1578513667 1126.021851 488.723694
0 1438983618 1125.154053 464.941681
0 1568502645 1240.064209 497.502563
0 1568508652 1103.698608 477.415039
0 1438984619 1123.544189 420.821045
0 1659977623 1126.472900 501.084869
0 1438982617 1126.935913 513.776184
0 1771287074 1286.109985 496.050446
0 2087111947 1015.008911 504.600067
0 1578516671 1256.458130 460.401611
0 1568513659 1104.341797 527.488708
0 1578529687 1265.356689 509.558655
0 1568501644 1143.552002 409.650055
0 1438998637 1270.176636 536.184875
0 1705773174 1056.573364 584.479736
0 1568507651 1155.777344 612.528259
0 1438999638 994.237549 493.016754
0 1438993630 988.945190 544.128784
0 1438995633 1080.606812 598.819641
0 1568512658 1105.058350 583.283386
0 1568514661 1197.161499 524.762329
0 2079485312 1126.471436 501.032501
0 1773608077 1058.469482 528.836121
0 1438977615 1212.369385 461.926056
0 1607644171 1144.818359 430.666046
0 1568504647 971.005676 505.987732
0 1568500642 1149.018921 500.373840
0 1568503646 1281.054688 471.457794
0 1568516663 1016.962952 480.328430
0 1578517672 950.955505 494.426697
0 1578527685 1164.882812 419.238251
0 2086284946 1150.571045 526.130859
0 1578518673 1040.489990 445.394196
0 1438981616 1033.309082 570.598938
0 1609135173 1244.117310 523.383118
0 1568515662 1291.442993 521.993042
0 1568516664 1203.230225 580.860962
0 1438991628 1226.089478 565.606079
0 1438996634 1081.218506 541.522339
0 1578519675 1082.490845 422.392944
0 1438993631 1312.215210 508.130920
0 1772785076 974.068359 481.769257
0 1578528686 1172.721191 512.381165
0 1772037075 1153.942383 582.077148
0 1578515670 1215.529663 485.807861
0 1578515669 1122.796143 400.320221
0 0 1196.058960 694.745850
0 1 1051.916626 656.397278
0 2 1252.512085 785.271667
0 3 1317.560425 624.768982
0 4 1125.568481 258.988617
0 5 1034.758423 275.738068
0 6 1494.527588 446.542603
0 7 1412.814209 355.513092
0 8 1331.963135 464.486267
0 9 1086.237305 290.631287
