0 1578512666 934.308960 738.678406
0 1524823287 1051.844238 528.242981
0 1478234209 247.431915 985.551880
0 1707269176 738.059631 750.875488
0 1438989626 937.883667 677.535767
0 1524801259 1067.990723 577.718018
0 1438992629 895.030579 703.011963
0 1524854327 1006.244446 580.237366
0 1524807266 1202.859863 588.182617
0 1524863340 1112.564941 532.706787
0 1524831297 1188.364990 572.806396
0 1568509654 868.850830 704.502808
0 1524790246 1118.191528 539.203979
0 1578523681 707.321655 701.606140
0 1524861337 995.741516 530.139648
0 1524862338 1162.126709 589.937378
0 1524797254 1174.657227 558.265137
0 1578518674 766.740173 749.092957
0 1438985621 735.093445 712.119934
0 1524857331 1037.815186 535.302368
0 1438994632 911.166626 753.788025
0 1578520676 916.903503 690.008484
0 1478237213 493.602570 941.660828
0 1568511657 883.044861 755.588379
0 1775370079 961.507202 736.988037
0 1478195160 176.828857 968.549133
0 1568510655 939.073547 752.001343
0 1478257240 449.623840 967.806213
0 1578521677 828.953491 773.430969
0 1524794250 1004.062744 543.274597
0 1524812272 1042.417236 570.956055
0 1769859072 851.477356 743.826477
0 1578525683 925.293518 713.468933
0 1770636073 799.615112 775.366272
0 1524846317 1136.862915 538.538086
0 1524833300 1062.609619 570.154114
0 1568511656 706.902954 689.958679
0 1438985620 789.176392 709.040039
0 1478185148 163.577240 992.911560
0 1707993177 742.588379 810.046936
0 1478189152 488.837524 964.364563
0 1524791247 1099.421509 539.873474
0 1524830296 1123.967773 545.873901
0 2088218948 791.111328 721.334351
0 1524827292 1056.649658 534.648376
0 1606348170 736.045715 724.562195
0 1524855329 1100.132202 592.607971
0 1478183145 531.453125 938.448059
0 1438990627 854.705750 757.402710
0 1524840309 1018.881348 535.959839
0 1478222194 395.402802 1021.186584
0 1709860179 983.817688 793.135864
0 1438988624 793.118347 734.087036
0 1524843313 1125.306152 525.759460
0 1524844315 1181.416748 565.435730
0 1524858333 1088.764404 526.994873
0 1524811271 1120.917725 591.712585
0 1524859334 1070.351929 527.617310
0 1478216186 410.010193 971.282959
0 1524851324 984.683655 543.965759
0 1524814275 1052.783081 586.369324
0 1578514668 770.042847 777.317139
0 1478184146 443.572418 991.892395
0 1524829294 1104.963135 546.570129
0 1478176143 467.118225 1067.849365
0 1524860336 1058.193726 594.414551
0 1438997636 842.483276 706.004333
0 1478194158 478.551849 1013.372131
0 1478187150 192.961472 1014.646912
0 1524838306 1148.692993 574.425171
0 1568514660 709.661377 766.688721
0 1524865342 1015.758240 596.242615
0 2085418945 865.180908 801.452759
0 1524808268 1047.526489 578.552979
0 1478200167 255.660782 1061.025146
0 1568501643 768.359436 762.930786
0 1478239216 523.667114 984.620117
0 1524820283 1022.110657 571.762573
0 1438989625 801.955139 790.234680
0 1568505649 765.181580 735.773010
0 1478255237 217.839081 965.068115
0 1524804262 1037.038818 595.325928
0 1568506650 771.794373 792.285400
0 1478217187 338.397949 954.834839
0 1568505648 831.872620 788.200439
0 1568497640 708.672546 739.183350
0 1578511665 709.157471 752.671753
0 1478258241 223.627457 1037.330322
0 1524796253 1122.510498 567.775146
0 1524826291 1114.655884 583.775391
0 1578529688 895.203369 799.348083
0 1478233207 134.879578 1045.671021
0 1708834178 795.201721 747.324036
0 1568499641 929.718750 725.843018
0 1478245224 149.613831 1018.582642
0 1524852325 1135.043457 582.920715
0 1578525682 886.939575 769.605713
0 1524818280 1057.376953 562.799011
0 1524850322 1175.469482 581.225891
0 1438996635 739.125549 764.802368
0 1524832299 1077.194092 562.032898
0 1478242220 165.275436 1069.822876
0 1524789245 1143.436890 525.146545
0 1438999639 887.790710 680.229919
0 1478196161 278.274475 1006.900818
0 1478252234 377.780823 951.492004
0 1524803261 1042.511230 541.903259
0 1578523680 944.022644 765.840088
0 1578530689 865.612244 692.846802
0 1568508653 811.345276 684.341431
0 1524826290 1195.509888 580.385742
0 1524847319 1135.992920 559.759827
0 1524810270 1001.688782 572.573608
0 1524835302 1082.688599 569.356689
0 1524821284 1107.082275 526.375610
0 1524799257 1096.901855 561.271057
0 1478233208 387.497742 1048.192749
0 1608354172 804.391418 805.714294
0 1524835303 1031.918579 587.244019
0 1478251232 258.433197 961.622375
0 1524812273 1073.526733 585.499695
0 1706512175 942.281738 688.604126
0 1438986622 977.911011 778.270874
0 1524823286 1094.023804 533.350586
0 1478223195 369.990601 974.795349
0 1478244223 300.096893 1056.699951
0 1438987623 861.549683 786.182617
0 1478198164 179.498444 1041.477539
0 1524862339 1066.646851 547.973877
0 1478236212 519.467041 1009.526794
0 1478240217 483.827087 988.237427
0 1578521678 813.595215 695.725281
0 1524844314 1155.314209 582.070862
0 1524848320 1012.839661 557.128601
0 1524806265 1102.655151 568.563721
0 1524787243 1155.378052 559.010437
0 1478241219 423.380524 1072.261230
0 1524799256 1088.338501 576.887756
0 1478190154 510.367767 1063.486816
0 1478226198 379.146545 1076.723145
0 1478214184 455.377411 944.905518
0 2084722944 858.060730 771.510803
0 1578522679 872.206665 716.580811
0 1524825289 1149.359375 531.429138
0 1774531078 839.695435 694.280945
0 1525674169 898.846313 715.019226
0 1524815276 1094.150757 584.635010
0 1768901071 972.232117 763.979126
0 1578526684 879.296448 742.097534
0 1524853326 1182.552246 589.057434
0 1478218189 527.657349 960.957520
0 1578513667 823.446594 745.568604
0 1438983618 797.365662 761.073730
0 1478224196 437.199463 1017.258423
0 1524792248 980.712524 537.285217
0 1524795252 1131.010010 532.066284
0 1524808267 1052.286865 555.644104
0 1524856330 1168.078613 551.286560
0 1478236211 298.617340 958.211548
0 1478212181 472.990204 1039.871338
0 1478185147 402.896515 995.585632
0 1568502645 762.232971 710.574463
0 1568508652 826.146912 759.231140
0 1438984619 741.387268 794.352844
0 1659977623 836.047485 738.077393
0 1478209177 119.308868 1074.296997
0 1438982617 848.368408 730.752625
0 1524805264 1008.392029 550.108093
0 1771287074 734.174988 700.120178
0 2087111947 915.592651 767.715576
0 1524817279 1141.582153 590.822388
0 1524795251 1142.255127 566.991028
0 1478230204 344.039856 1052.422729
0 1524847318 1061.582153 541.223083
0 1578516671 708.205566 726.194092
0 1568513659 875.686218 729.104004
0 1578529687 760.837036 698.644714
0 1524819282 1128.688721 575.241394
0 1478253235 430.478577 1044.009277
0 1524836304 1091.304321 554.175781
0 1568501644 710.730774 796.437317
0 1438998637 785.507935 685.731018
0 1524816278 997.260010 565.123047
0 1705773174 951.550232 711.929810
0 1524845316 1155.436401 537.875610
0 1524842312 1161.673950 544.492493
0 1568507651 912.923096 678.878235
0 1438999638 920.194153 782.195251
0 1478252233 416.772095 948.182373
0 1438993630 966.768127 750.228333
0 1524857332 1014.539673 529.504150
0 1478248228 353.154724 1025.157104
0 1524859335 1129.899292 552.723389
0 1524832298 1116.501221 560.513367
0 1478250231 288.707855 981.929260
0 1438995633 946.834473 700.061829
0 1524804263 1047.333374 548.681396
0 1524839308 1110.654297 553.447571
0 1524849321 1026.944580 579.392822
0 1568512658 921.024475 701.531677
0 1568514661 815.925781 707.516724
0 1478231205 205.723969 989.212463
0 1773608077 906.906189 740.381531
0 1438977615 737.033752 737.471741
0 1524834301 1023.338379 542.587097
0 1607644171 740.233887 779.283569
0 1524800258 1142.871094 545.181335
0 1568504647 949.167053 780.225220
0 1568500642 820.846558 732.413574
0 1478256239 310.447845 1029.170776
0 1524815277 992.952820 557.877014
0 1568503646 707.755554 713.676819
0 1478207174 210.723129 1065.399292
0 1524841311 1033.240356 528.871948
0 1524813274 1032.617310 556.384338
0 1568516663 890.989197 784.180969
0 1578517672 954.518799 795.189819
0 1578527685 710.185364 781.265808
0 1478240218 320.254456 1003.089172
0 1524838307 988.762329 550.827209
0 1478197163 267.274628 1033.228271
0 1478221192 329.558563 978.343933
0 1524819281 1149.040527 552.003052
0 2086284946 845.372375 718.153748
0 1524824288 1079.224609 593.508667
0 1524802260 976.844788 530.778503
0 1578518673 834.911255 803.574707
0 1438981616 956.437988 724.230530
0 1609135173 787.309753 697.179871
0 1524837305 999.847412 536.620789
0 1524793249 1037.449463 563.569397
0 1568515662 759.489685 687.130371
0 1568516664 862.484863 681.590942
0 1438991628 837.003601 682.961487
0 1478249230 515.040222 1035.778320
0 1438996634 902.802246 727.467468
0 1578519675 773.618225 807.871582
0 1524829295 1075.385620 533.997803
0 1524864341 1027.915405 549.392883
0 1438993631 733.288635 688.539551
0 1524788244 1017.410889 564.344055
0 1772785076 924.981628 797.260437
0 1524828293 1108.570801 576.062195
0 1524798255 1161.890259 566.211182
0 1578528686 818.341309 719.738220
0 1478228201 235.845978 1010.753113
0 1772037075 891.347656 691.422668
0 1578515670 763.680237 722.942322
0 1524851323 1071.848877 554.907959
0 1478202169 361.792816 999.317688
0 1524809269 1080.552002 540.546448
0 1524822285 1168.584839 573.613525
0 1524841310 1010.932251 588.123779
0 1578515669 711.298950 812.240356
0 1524854328 1085.856445 547.270081
0 0 341.043976 877.969666
0 1 563.016846 575.243408
0 2 1066.546509 628.640076
0 3 431.703644 615.014771
0 4 794.258362 560.671387
0 6 445.706573 561.232788
0 7 376.464142 575.379395
0 8 359.535583 598.303162
0 9 447.237793 980.932312
0 10 524.352417 561.756592
0 12 421.314209 678.185669
0 14 895.746887 527.379761
0 15 1099.748901 602.490601
0 16 365.151611 812.770874
0 17 1163.356323 534.715576
0 18 289.458374 941.020386
0 19 1088.187500 653.637329
0 20 1315.866821 672.875183
0 21 132.144089 861.513306
0 22 1331.421021 707.700195
0 23 497.100281 587.742676
0 25 1114.005127 748.351135
0 26 1131.871094 831.175232
0 28 1280.186157 618.737549
0 29 231.249664 729.508057
0 30 874.818054 561.502197
0 31 284.700439 1047.471924
0 32 1177.980591 729.899536
0 33 746.871521 839.548096
0 34 1140.382690 643.007446
0 36 1078.541016 704.218262
0 37 1065.643921 853.812866
0 38 1200.080322 558.749939
0 39 1141.469727 697.882324
