0 1578512666 976.681824 568.756958
0 1524823287 1077.192017 356.899902
0 1478234209 346.744751 834.392822
0 1707269176 786.781067 591.590637
0 1438989626 975.373779 509.980347
0 1524801259 1096.713379 404.902802
0 1438992629 935.416138 536.968506
0 1478227200 349.178650 955.505554
0 1524854327 1035.476318 411.147278
0 1478249229 369.618439 1041.083496
0 1524807266 1231.826294 406.987305
0 1524863340 1138.256226 357.576416
0 1524831297 1216.497314 392.688171
0 1478229202 392.159271 948.838745
0 1568509654 909.931580 539.920471
0 1524790246 1144.302734 363.691437
0 1578523681 752.060181 546.533020
0 1478207175 286.184021 1023.393860
0 1524861337 1021.273926 362.261017
0 1478210178 229.126251 947.063171
0 1524862338 1191.280884 411.201721
0 1478186149 314.819244 934.027466
0 1524797254 1201.963257 379.130402
0 1578518674 814.440063 588.264954
0 1438985621 780.136536 554.955139
0 1524857331 1063.668823 364.787292
0 1478203170 217.704819 975.898682
0 1438994632 955.308960 584.448669
0 1578520676 955.780029 523.214294
0 1478237213 572.847473 781.854553
0 1568511657 928.070129 587.766785
0 1775370079 1003.119141 565.578186
0 1478195160 278.331573 822.835144
0 1568510655 982.370544 581.152039
0 1478257240 534.370667 807.842590
0 1578521677 877.027405 607.727234
0 1524794250 1030.562500 374.781250
0 1524812272 1070.785034 399.797455
0 1769859072 896.346191 578.416565
0 1578525683 965.879028 545.218933
0 1770636073 848.750000 611.218201
0 1524846317 1162.955078 361.872803
0 1524833300 1090.838989 397.771423
0 1568511656 750.481201 535.424744
0 1438985620 832.534851 548.885681
0 1478185148 269.419769 845.334717
0 1707993177 796.830505 646.999329
0 1478189152 570.953552 802.665894
0 1524791247 1125.564453 365.518463
0 1524830296 1150.502808 369.961731
0 2088218948 835.556030 560.499451
0 1524827292 1082.443604 362.972198
0 1606348170 782.275146 566.746704
0 1524855329 1129.690430 417.603668
0 1478183145 608.311829 776.919861
0 1438990627 900.652405 591.106750
0 1524840309 1044.807861 366.610748
0 1478222194 489.839447 858.567017
0 1709860179 1029.043945 617.527527
0 1478188151 518.653137 929.218079
0 1438988624 838.682373 572.517395
0 1478243222 554.816956 979.989136
0 1524843313 1150.581543 349.863708
0 1524844315 1209.134766 385.820282
0 1524858333 1114.051636 353.365997
0 1524811271 1150.324585 415.458862
0 1524859334 1095.663452 355.128967
0 1478216186 497.478912 813.062988
0 1524851324 1011.295837 376.659790
0 1524814275 1082.174072 414.347412
0 1578514668 820.281555 614.732666
0 1478184146 531.522034 829.840820
0 1524829294 1131.540527 371.826599
0 1478176143 562.427185 896.361328
0 1524860336 1088.106323 421.926117
0 1478222193 428.796295 971.006042
0 1438997636 884.290833 542.890564
0 1478194158 566.894226 847.273621
0 1478201168 296.248840 991.982971
0 1478187150 299.882019 863.191284
0 1478205172 305.780182 962.237183
0 1524838306 1176.961060 396.719757
0 1568514660 760.817383 608.141052
0 1524865342 1046.095337 426.292877
0 2085418945 914.549072 632.058838
0 1524808268 1076.402466 406.973938
0 1478200167 364.546112 901.096375
0 1478194159 340.870422 984.921204
0 1568501643 817.307983 601.259460
0 1478239216 606.101257 819.103271
0 1524820283 1050.632446 401.833435
0 1438989625 852.356873 625.083374
0 1568505649 811.672241 575.723999
0 1478255237 316.231537 817.561584
0 1524804262 1067.154541 424.103912
0 1568506650 823.366638 628.711487
0 1478217187 428.039642 802.003967
0 1568505648 881.148926 621.479980
0 1568497640 757.129883 582.199219
0 1578511665 758.940613 594.938171
0 1478258241 331.565826 881.763855
0 1524796253 1150.417480 391.752350
0 1478206173 332.099548 1015.974976
0 1524826291 1143.589355 408.025116
0 1578529688 943.469788 628.388245
0 1478233207 250.271301 893.678528
0 1708834178 841.919434 584.960815
0 1478189153 476.890656 935.695984
0 1568499641 971.187988 556.786438
0 1478245224 260.076965 868.922241
0 1524852325 1163.857056 405.938660
0 1478219190 598.035950 973.005981
0 1578525682 933.016785 600.815186
0 1478232206 515.008606 957.362183
0 1524818280 1085.119141 390.827637
0 1524850322 1204.090820 401.796844
0 1438996635 789.156616 604.688843
0 1524832299 1104.827515 388.854645
0 1478242220 281.878845 913.436401
0 1524789245 1168.723999 348.124298
0 1438999639 926.429016 515.518005
0 1478196161 378.447021 851.879883
0 1478252234 464.691498 796.903992
0 1524803261 1068.827881 371.050323
0 1478211179 461.751007 1025.874634
0 1578523680 988.264648 593.994690
0 1578530689 905.768433 528.938904
0 1568508653 851.919983 523.947937
0 1524826290 1224.058472 399.741302
0 1524847319 1163.387329 382.992249
0 1524810270 1030.380493 403.879425
0 1524835302 1110.795410 395.755280
0 1524821284 1132.357544 351.610931
0 1524799257 1124.441040 386.891144
0 1478233208 485.736511 883.005798
0 1608354172 856.101196 639.476868
0 1524835303 1061.495728 416.476135
0 1478251232 353.813538 812.332153
0 1524812273 1102.748657 412.229401
0 1706512175 980.562378 520.377625
0 1438986622 1022.206421 603.826294
0 1478211180 357.059875 927.601868
0 1524823286 1119.736572 359.366852
0 1478223195 460.274506 818.327637
0 1478244223 405.312500 895.010986
0 1438987623 909.744812 617.901123
0 1478193157 440.357574 914.930603
0 1478198164 291.102509 887.694214
0 1524862339 1093.349365 375.582581
0 1478236212 604.916992 841.700989
0 1478240217 568.971313 824.449036
0 1478214183 261.957611 969.034546
0 1578521678 855.152039 534.732666
0 1524844314 1184.023926 403.862640
0 1524848320 1040.335693 387.954529
0 1524806265 1130.654663 393.748962
0 1524787243 1182.721191 381.056732
0 1478241219 522.113770 902.493774
0 1524799256 1116.924072 402.841858
0 1478190154 602.370972 890.285034
0 1478226198 481.425720 908.683350
0 1478208176 377.548370 1008.631531
0 1478214184 537.091675 786.829895
0 2084722944 905.115723 604.259644
0 1578522679 914.235779 551.274170
0 1524825289 1175.044189 354.019867
0 1774531078 880.536499 531.827026
0 1525674169 940.137390 548.237183
0 1478197162 227.750824 1064.502441
0 1524815276 1123.220093 410.122009
0 1768901071 1015.615112 590.618164
0 1578526684 923.296997 575.175964
0 1478182144 272.176666 940.514282
0 1524853326 1211.604492 409.089203
0 1478218189 607.231689 797.532349
0 1578513667 869.220886 581.678101
0 1438983618 845.273132 597.852844
0 1478224196 528.536499 852.895447
0 1478247227 205.655167 1006.320251
0 1524792248 1006.824768 370.282837
0 1524795252 1156.691895 355.794098
0 1524808267 1079.547729 384.064056
0 1478191155 560.021118 922.801453
0 1524856330 1194.975098 372.611816
0 1478236211 391.081635 807.146484
0 1478258242 179.451904 1072.475342
0 1478212181 564.715393 871.216370
0 1478185147 493.749146 835.279175
0 1568502645 806.416748 551.911011
0 1568508652 873.054016 594.468689
0 1438984619 794.176270 632.364807
0 1659977623 880.823547 573.841492
0 1478209177 239.967422 919.692627
0 1438982617 892.188782 566.165100
0 1524805264 1035.386230 381.283112
0 1771287074 778.069031 543.555908
0 2087111947 960.732544 597.393555
0 1524817279 1170.854370 413.324921
0 1524795251 1170.084717 389.765442
0 1478230204 445.707672 888.981140
0 1478230203 239.794601 1030.889282
0 1524847318 1087.827637 369.197815
0 1578516671 755.381653 569.900024
0 1568513659 918.688293 563.019165
0 1578529687 803.919678 540.596924
0 1524819282 1157.047119 398.750397
0 1478253235 525.404175 877.084534
0 1524836304 1118.388184 380.210480
0 1478243221 251.179337 999.115601
0 1568501644 764.783447 636.043335
0 1438998637 826.787292 526.791443
0 1524816278 1025.419800 396.804138
0 1705773174 991.462219 542.219238
0 1524845316 1181.521973 360.062531
0 1524842312 1188.163574 366.257874
0 1568507651 950.973328 512.741028
0 1438999638 966.356140 610.816101
0 1478252233 501.040894 791.846191
0 1438993630 1009.256714 577.876892
0 1478237214 511.165222 987.042236
0 1524857332 1039.997803 360.465881
0 1478248228 450.798523 864.288879
0 1478225197 599.557007 943.981628
0 1524859335 1156.862305 376.393219
0 1524832298 1143.960938 384.937012
0 1478200166 596.430542 1003.642212
0 1478250231 384.911469 828.991943
0 1478245225 467.074341 994.166260
0 1438995633 985.922363 531.118164
0 1524804263 1074.119141 377.473816
0 1524839308 1137.670654 378.297333
0 1524849321 1055.990234 409.055389
0 1568512658 960.745911 534.034485
0 1568514661 858.492371 545.878845
0 1478231205 308.248932 839.840149
0 1773608077 950.075012 571.956177
0 1438977615 784.488647 578.951233
0 1524834301 1049.739746 372.911438
0 1607644171 791.620056 618.271057
0 1524800258 1169.376831 368.105499
0 1568504647 994.375427 607.309387
0 1568500642 865.520691 569.331177
0 1478256239 411.409058 870.061890
0 1524815277 1020.588684 389.913757
0 1568503646 753.692749 558.018250
0 1478220191 422.537659 1001.362305
0 1478207174 323.403351 907.237915
0 1524841311 1058.636963 358.678864
0 1478213182 472.113525 964.150696
0 1524813274 1059.988525 386.004639
0 1568516663 938.146545 614.346558
0 1578517672 1000.715088 621.122864
0 1578527685 762.763672 621.833496
0 1478240218 417.215973 846.298096
0 1478215185 557.487793 950.639465
0 1524838307 1015.882324 383.201263
0 1478197163 371.666443 875.886597
0 1478221192 422.753326 823.637085
0 1524819281 1175.963501 374.498077
0 2086284946 888.172729 554.330078
0 1524824288 1108.951416 419.759369
0 1524802260 1002.464661 364.064362
0 1478226199 398.904114 921.236511
0 1578518673 885.426941 635.754944
0 1438981616 997.191223 553.699341
0 1478238215 601.000061 916.445190
0 1609135173 829.613586 537.655945
0 1524837305 1025.859985 368.442566
0 1524793249 1065.315674 392.810150
0 1568515662 801.504150 529.651978
0 1568516664 901.739563 518.311340
0 1438991628 876.903625 521.121277
0 1478249230 603.674988 865.400757
0 1438996634 945.020813 559.892944
0 1578519675 826.569763 643.224915
0 1524829295 1101.132690 361.165405
0 1524864341 1054.798340 379.373962
0 1478255238 507.106140 1018.387573
0 1438993631 776.069214 532.529724
0 1524788244 1045.416016 394.802277
0 1772785076 972.191162 624.743103
0 1524828293 1137.035034 400.791107
0 1478203171 415.924225 1033.439453
0 1524798255 1189.656860 387.788116
0 1478199165 434.727936 942.235901
0 1578528686 861.946594 557.405090
0 1478192156 385.050751 977.929260
0 1478228201 339.337219 857.510681
0 1772037075 930.849121 526.068054
0 1578515670 808.999451 563.613220
0 1524851323 1099.014160 382.132690
0 1478218188 322.826141 1048.807739
0 1478202169 455.648560 840.764709
0 1478254236 275.539520 1056.613647
0 1478246226 551.996948 1010.977173
0 1524809269 1106.739624 367.353882
0 1524822285 1196.777588 394.699036
0 1524841310 1040.712646 418.615631
0 1478235210 192.924042 1038.462402
0 1578515669 766.881104 650.800415
0 1524854328 1112.489624 373.700195
0 0 1548.207642 934.744080
0 1 1102.190796 428.559601
0 2 976.135620 388.709076
0 3 348.034882 1014.614746
0 4 608.905701 430.646729
0 5 1292.268921 434.445923
0 6 421.255554 792.831726
0 7 682.033020 425.439636
0 8 475.367371 437.259033
0 9 453.954834 546.916016
0 10 671.751526 394.117920
0 11 717.497375 373.948273
0 12 480.823639 611.524597
0 13 1148.598145 338.712891
0 14 468.021667 506.963226
0 15 1145.988892 459.514832
0 16 1341.988159 456.767822
0 17 498.968750 565.863770
0 18 1263.965332 406.349518
0 19 1113.030762 402.247772
0 20 460.514557 483.161469
0 21 279.312561 654.490234
0 22 480.657623 459.346466
0 23 897.328186 376.805481
0 24 1210.833496 359.299774
0 25 1034.143433 385.181610
0 26 1047.756348 417.230988
0 27 626.255005 410.953094
0 28 542.788391 450.359680
0 29 565.050781 415.363281
0 30 346.450317 665.667419
0 31 983.937744 357.673462
0 32 248.106934 700.784241
0 33 1247.949585 617.624451
0 34 688.091003 732.148071
0 35 768.627686 385.842590
0 36 778.254211 670.274170
0 37 359.600952 750.067505
0 38 528.712219 476.394440
0 39 205.045837 781.853943
