0 1578512666 938.651855 594.701477
0 1524823287 481.711517 452.455811
0 1478234209 1300.650024 1020.436157
0 1707269176 913.390686 692.093384
0 1438989626 812.257629 571.726013
0 1524801259 625.541199 472.865417
0 1438992629 854.752014 600.162659
0 1478227200 1506.662842 1012.419189
0 1524854327 602.480591 499.615326
0 1478249229 1621.728027 995.842407
0 1524807266 706.722717 429.092682
0 1524863340 528.899780 430.997009
0 1524831297 665.987427 425.948578
0 1478229202 1496.314941 982.780518
0 1568509654 849.965271 612.848328
0 1524790246 549.503662 432.605927
0 1578523681 786.684509 697.002991
0 1478207175 1605.836304 1053.201416
0 1524861337 452.647278 477.624695
0 1524862338 695.116089 443.976410
0 1478186149 1473.789429 1039.024658
0 1524797254 625.441467 422.819092
0 1578518674 917.425049 676.539001
0 1438985621 823.166260 683.869385
0 1524857331 494.034302 462.337006
0 1438994632 962.487915 609.453735
0 1578520676 833.101807 585.674561
0 1478237213 1237.986694 856.618225
0 1568511657 959.638062 622.387878
0 1775370079 941.761658 582.711853
0 1568510655 965.237366 596.975159
0 1478257240 1278.409668 883.668762
0 1578521677 982.285217 652.265442
0 1524794250 497.427582 481.258148
0 1524812272 595.706604 479.708801
0 1769859072 928.629578 633.341309
0 1578525683 885.719116 590.174561
0 1770636073 979.648254 666.799622
0 1524846317 557.345825 425.279388
0 1524833300 603.484497 471.099579
0 1568511656 756.322571 694.207031
0 1438985620 834.502869 653.825806
0 1707993177 1035.138794 703.190735
0 1478189152 1274.598145 860.229614
0 1524791247 541.439331 440.140106
0 1524830296 570.156677 434.218658
0 2088218948 863.341797 656.403564
0 1524827292 503.131531 454.159668
0 1606348170 853.138611 686.601379
0 1524855329 676.425354 467.944183
0 1478183145 1235.211182 834.399414
0 1438990627 956.682251 635.803040
0 1524840309 484.664032 470.759766
0 1478222194 1359.822754 916.120483
0 1709860179 1046.746094 591.617737
0 1478188151 1468.337280 902.645996
0 1438988624 892.275330 658.989807
0 1478243222 1535.104736 885.926270
0 1524843313 516.734497 422.126770
0 1524844315 645.690796 424.382019
0 1524858333 499.718109 436.862549
0 1524811271 682.836243 459.723267
0 1524859334 490.843903 444.547394
0 1478216186 1282.412109 908.281982
0 1524851324 487.807281 490.245941
0 1524814275 640.524658 483.320740
0 1578514668 976.907288 681.907349
0 1478184146 1316.078125 887.432495
0 1524829294 562.375549 441.784821
0 1478176143 1422.543945 874.823181
0 1524860336 663.020569 485.133698
0 1478222193 1527.013550 958.840454
0 1438997636 845.001587 626.002686
0 1478194158 1348.269043 867.496643
0 1478201168 1561.608765 1048.453125
0 1478187150 1350.084473 1057.313354
0 1478205172 1517.593750 1043.727661
0 1524838306 653.263306 440.708221
0 1568514660 940.085266 711.129272
0 1524865342 648.777588 503.398010
0 2085418945 1041.376221 643.235229
0 1524808268 618.086731 481.512451
0 1478200167 1421.697632 1003.437256
0 1478194159 1549.443726 1016.941650
0 1568501643 947.116211 679.218689
0 1478239216 1306.859375 841.379578
0 1524820283 587.690247 488.582001
0 1438989625 1008.964905 669.420166
0 1568505649 887.833191 673.868408
0 1478255237 1261.855103 1047.687256
0 1524804262 656.008667 494.125305
0 1568506650 1006.798584 684.605042
0 1478217187 1250.549316 957.183777
0 1568505648 1011.048889 654.812561
0 1568497640 878.404480 705.449280
0 1578511665 909.191101 708.284302
0 1478258241 1386.807007 1029.686157
0 1524796253 625.489136 446.742950
0 1478206173 1592.425293 1021.485474
0 1524826291 661.293213 458.020416
0 1578529688 1042.792480 629.620850
0 1708834178 921.303894 661.584534
0 1478189153 1477.191040 928.005066
0 1568499641 912.145874 592.434631
0 1524852325 667.820801 450.068481
0 1478219190 1525.265625 862.657227
0 1578525682 987.269897 624.791321
0 1478232206 1506.803223 906.489502
0 1524818280 581.483582 469.338196
0 1524850322 680.332397 434.826721
0 1438996635 943.671387 694.853455
0 1524832299 589.346130 461.017517
0 1478242220 1439.181274 1067.034058
0 1524789245 524.896545 415.058594
0 1438999639 801.373413 595.559326
0 1478196161 1337.518433 994.538391
0 1478252234 1247.167114 930.109131
0 1524803261 515.813904 464.080688
0 1478211179 1596.088257 940.044495
0 1578523680 991.902832 599.255615
0 1578530689 822.758667 610.481750
0 1568508653 783.515137 634.663635
0 1524826290 686.331299 427.518799
0 1524847319 611.610718 437.455688
0 1524810270 579.424194 497.731476
0 1524835302 611.034424 462.742737
0 1524821284 508.344910 429.391968
0 1524799257 596.981812 452.936981
0 1478233208 1398.777344 920.065002
0 1608354172 1038.378540 672.049316
0 1524835303 633.176208 492.272675
0 1478251232 1257.877197 1015.844055
0 1524812273 647.653992 474.635773
0 1706512175 838.006775 573.910278
0 1438986622 1020.383606 589.381470
0 1478211180 1464.081299 1007.917725
0 1524823286 520.553528 438.499359
0 1478223195 1286.620239 934.159668
0 1478244223 1413.651978 974.171082
0 1438987623 1013.055176 640.749878
0 1478193157 1446.174683 950.540833
0 1478198164 1394.523682 1062.161865
0 1524862339 546.131531 457.580078
0 1478236212 1342.897705 844.890503
0 1478240217 1311.358521 863.855713
0 1478214183 1529.158325 1076.850952
0 1578521678 811.637939 637.153931
0 1524844314 674.164551 442.340363
0 1524848320 542.441284 484.910553
0 1524806265 618.366150 454.627289
0 1524787243 618.621704 430.036194
0 1478241219 1430.032715 898.818665
0 1524799256 632.776855 464.472198
0 1478190154 1415.406982 851.954529
0 1478226198 1437.899780 924.026489
0 1478208176 1579.732788 991.468567
0 1478214184 1240.897583 879.920532
0 2084722944 984.823975 638.272583
0 1578522679 877.256104 615.222046
0 1524825289 544.912476 416.603516
0 1774531078 817.300903 623.571899
0 1525674169 881.563110 602.474854
0 1524815276 654.573792 466.206024
0 1768901071 994.098816 587.151672
0 1578526684 932.092102 619.991821
0 1478182144 1484.058960 1071.930420
0 1524853326 701.000061 436.431152
0 1478218189 1270.964111 837.882507
0 1578513667 925.036072 647.195801
0 1438983618 950.428101 664.187866
0 1478224196 1353.904175 891.212036
0 1524792248 465.054016 488.386871
0 1524795252 537.016357 423.701233
0 1524808267 559.538330 467.581268
0 1478191155 1459.910156 878.508972
0 1524856330 605.239136 421.259796
0 1478236211 1254.114258 985.721497
0 1478212181 1385.330566 871.152344
0 1478185147 1321.034668 912.192810
0 1568502645 828.945435 668.553772
0 1568508652 953.614441 649.726501
0 1438984619 1004.544861 700.402100
0 1659977623 912.726990 638.958679
0 1438982617 900.665527 630.887390
0 1524805264 519.905151 483.081970
0 1771287074 793.295654 681.146667
0 2087111947 989.627930 611.794250
0 1524817279 689.063904 451.737335
0 1524795251 632.412109 439.080017
0 1478230204 1406.022217 946.418457
0 1524847318 524.604858 455.867706
0 1578516671 847.724854 702.624084
0 1568513659 904.631592 617.603271
0 1578529687 799.648560 665.909668
0 1524819282 646.629211 448.403687
0 1478253235 1391.888672 895.007385
0 1524836304 575.649963 451.250824
0 1568501644 1002.198486 716.849121
0 1438998637 777.106995 648.695435
0 1524816278 556.428894 495.852661
0 1705773174 889.731934 578.298157
0 1524845316 564.974792 418.152008
0 1524842312 585.083618 419.704102
0 1568507651 806.910522 583.434692
0 1438999638 1016.851135 614.141968
0 1478252233 1243.954102 904.387695
0 1438993630 967.891602 584.928528
0 1478237214 1545.431885 910.349182
0 1524857332 462.625671 468.983643
0 1478248228 1366.046509 942.314209
0 1478225197 1488.498901 859.075378
0 1524859335 590.858887 435.835266
0 1524832298 604.400330 445.086243
0 1478200166 1562.180542 866.253601
0 1478250231 1295.720093 990.119751
0 1478245225 1556.284058 936.013977
0 1438995633 863.831421 576.101013
0 1524804263 537.648499 465.828766
0 1524839308 583.362488 443.433533
0 1524849321 610.403442 490.424927
0 1568512658 859.371216 587.921204
0 1568514661 839.851074 639.652344
0 1478231205 1305.862183 1052.488525
0 1773608077 935.430664 607.120300
0 1438977615 883.213257 689.342712
0 1524834301 506.758850 472.540405
0 1607644171 974.055969 697.622986
0 1524800258 577.723083 426.861267
0 1568504647 1018.648560 601.542969
0 1568500642 896.549683 644.673218
0 1478256239 1372.600220 969.895508
0 1524815277 533.494568 493.978790
0 1568503646 817.151733 699.808655
0 1478220191 1567.702637 963.017944
0 1478207174 1430.194336 1034.344238
0 1524841311 472.309479 460.597748
0 1478213182 1516.652100 932.000854
0 1524813274 551.118591 476.115417
0 1568516663 1014.987854 627.202332
0 1578517672 1045.474854 603.837219
0 1578527685 971.087524 713.984192
0 1478240218 1331.733398 965.639221
0 1478215185 1497.430176 882.209961
0 1524838307 510.620728 492.109894
0 1478197163 1379.510376 998.977478
0 1478221192 1291.050049 961.401978
0 1524819281 598.148315 428.446838
0 2086284946 872.789673 628.441162
0 1524824288 669.823059 476.410583
0 1524802260 442.360626 486.532715
0 1478226199 1454.889648 978.466064
0 1578518673 1039.906006 657.367981
0 1438981616 915.708496 580.501770
0 1478238215 1451.879639 855.507812
0 1609135173 805.758057 651.256409
0 1524837305 475.008362 479.439056
0 1524793249 573.383911 477.909790
0 1568515662 770.448975 663.274414
0 1568516664 795.635925 608.122620
0 1438991628 789.687134 621.148621
0 1478249230 1379.079834 848.415405
0 1438996634 908.455872 604.794006
0 1578519675 1036.790771 687.311829
0 1524829295 511.967651 446.217102
0 1524864341 528.910278 474.325623
0 1478255238 1584.223999 914.225220
0 1438993631 763.526245 678.433228
0 1524788244 565.036255 486.743896
0 1772785076 1044.157959 616.496826
0 1524828293 639.803162 456.321747
0 1478203171 1608.572998 967.213989
0 1524798255 639.143433 431.629272
0 1478199165 1486.504639 954.681458
0 1578528686 868.154785 642.158752
0 1478192156 1537.928955 987.114624
0 1478228201 1343.626099 1025.050171
0 1772037075 828.022217 597.857483
0 1578515670 858.340210 671.206604
0 1524851323 567.711914 459.296631
0 1478218188 1635.609009 1026.050537
0 1478202169 1326.246338 938.228027
0 1478254236 1650.277588 1057.972778
0 1478246226 1572.935181 889.657898
0 1524809269 533.143066 447.890869
0 1524822285 659.713562 433.226105
0 1524841310 625.598267 501.504150
0 1578515669 1033.418823 719.724121
0 1524854328 554.370422 449.568787
0 0 205.492737 831.400269
0 1 245.223312 747.686523
0 2 875.624268 472.856445
0 3 418.263458 539.910950
0 4 651.276611 466.736725
0 5 765.829163 858.929871
0 6 729.461243 797.478210
0 7 467.714447 627.531311
0 8 366.308136 722.083862
0 9 1253.738403 443.956543
0 10 417.914703 674.429504
0 11 1063.087646 903.399048
0 12 939.464966 418.126038
0 13 631.070435 823.631042
0 14 795.010620 408.553009
0 15 929.629028 493.840820
0 16 320.386078 783.280151
0 17 1054.680664 432.098663
0 18 563.870117 429.859528
0 19 1172.242188 525.117371
0 20 1570.861084 605.739563
0 21 1063.574707 1040.732788
0 22 1595.788818 651.472351
0 23 541.514771 402.928864
0 24 574.111145 412.486633
0 25 1162.810425 627.336243
0 26 1176.752686 592.130432
0 27 1520.150879 910.946716
0 28 1546.758911 565.643799
0 29 780.876038 1027.472290
0 30 704.394409 457.413605
0 31 333.970337 848.123230
0 32 1239.367920 646.735596
0 33 1216.977905 862.887451
0 34 1000.338257 482.070984
0 35 658.212463 879.613708
0 36 1182.596558 558.735718
0 37 1271.796265 691.548279
0 38 1514.975342 488.001709
0 39 1105.647339 519.278564
