0 1578512666 950.979797 576.433411
0 1524823287 1731.718018 800.376770
0 1478234209 738.754578 341.002502
0 1707269176 960.104370 479.905090
0 1438989626 1098.496582 597.964233
0 1524801259 1464.731445 766.014221
0 1438992629 1038.506348 564.381836
0 1478227200 627.928772 345.781525
0 1524854327 1437.715454 701.201294
0 1478249229 557.672119 352.096100
0 1524807266 1448.833008 921.760742
0 1524863340 1743.450562 877.466125
0 1524831297 1531.192627 925.457703
0 1478229202 622.418457 354.243347
0 1568509654 1038.379639 549.560303
0 1524790246 1703.854370 875.737854
0 1578523681 1063.249146 471.488342
0 1478207175 591.245056 336.166077
0 1524861337 1686.899658 731.643921
0 1478210178 664.115662 322.376343
0 1524862338 1428.564209 863.722107
0 1478186149 654.345764 338.234955
0 1524797254 1613.847168 929.167908
0 1578518674 958.929810 492.330658
0 1438985621 1037.807861 482.677216
0 1524857331 1680.033447 774.947815
0 1478203170 643.603455 321.711090
0 1438994632 923.801758 560.084595
0 1578520676 1067.932007 580.854248
0 1478237213 736.302917 395.209473
0 1568511657 925.698914 545.375366
0 1775370079 949.481934 592.279358
0 1478195160 766.956238 325.711456
0 1568510655 921.835266 575.331665
0 1478257240 717.865967 384.888550
0 1578521677 902.170288 516.470032
0 1524794250 1617.911865 728.846375
0 1524812272 1490.297607 744.907043
0 1769859072 955.161682 532.193726
0 1578525683 1009.380920 578.640991
0 1770636073 904.333191 503.238708
0 1524846317 1720.687988 904.509399
0 1524833300 1500.475952 767.497375
0 1568511656 1088.822510 472.393951
0 1438985620 1038.025024 508.082581
0 1478185148 746.350769 325.043213
0 1707993177 856.910217 476.223602
0 1478189152 713.325134 394.428558
0 1524791247 1687.823486 848.338074
0 1524830296 1664.325928 874.012512
0 2088218948 1011.223877 507.111542
0 1524827292 1694.804688 798.826599
0 1606348170 1011.877319 481.752106
0 1524855329 1401.600830 786.513367
0 1478183145 731.964111 405.046509
0 1438990627 927.530273 531.176147
0 1524840309 1665.905518 752.109131
0 1478222194 677.674988 374.120026
0 1709860179 830.967712 587.758057
0 1478188151 604.945557 381.075165
0 1438988624 984.454224 506.141632
0 1478243222 553.130310 388.984497
0 1524843313 1801.964722 908.106079
0 1524844315 1572.482910 927.311157
0 1524858333 1765.164185 851.669189
0 1524811271 1410.172485 811.057983
0 1524859334 1748.051025 825.424866
0 1478216186 722.278931 375.617065
0 1524851324 1605.679199 707.938354
0 1524814275 1420.426880 742.041443
0 1578514668 906.424866 490.443176
0 1478184146 695.236755 384.124359
0 1524829294 1649.249878 846.676575
0 1478176143 621.646423 391.312988
0 1524860336 1385.570923 740.611938
0 1478222193 594.856506 362.209015
0 1438997636 1038.257324 535.253845
0 1478194158 667.439331 392.869202
0 1478201168 612.259094 336.855042
0 1478187150 721.746948 332.237854
0 1478205172 633.292664 337.544678
0 1524838306 1506.884155 867.140564
0 1568514660 935.810608 466.975677
0 1524865342 1370.871216 698.520142
0 2085418945 844.836792 528.130859
0 1524808268 1455.335693 743.473206
0 1478200167 670.617798 347.189117
0 1478194159 606.614441 345.078705
0 1568501643 932.662231 491.386353
0 1478239216 685.361511 403.452515
0 1524820283 1480.551392 723.276184
0 1438989625 877.688721 502.273315
0 1568505649 985.227722 493.276031
0 1478255237 763.477478 333.598541
0 1524804262 1378.065308 719.120178
0 1568506650 880.217773 489.501038
0 1478217187 752.469421 358.556427
0 1568505648 875.073547 515.480347
0 1568497640 986.700684 468.777740
0 1578511665 961.241455 467.876190
0 1478258241 696.510864 339.617462
0 1524796253 1533.913452 841.708984
0 1478206173 585.320190 344.376587
0 1524826291 1447.471313 812.643982
0 1578529688 841.552673 542.250183
0 1478233207 705.195923 323.708557
0 1708834178 957.715881 505.172852
0 1478189153 610.933411 371.880005
0 1568499641 980.161621 577.536499
0 1478245224 725.764038 324.375610
0 1524852325 1457.341309 838.410889
0 1478219190 546.126648 398.690063
0 1578525682 897.615540 544.332397
0 1478232206 582.428955 380.314789
0 1524818280 1536.276001 768.982849
0 1524850322 1478.556030 893.794434
0 1438996635 934.261963 478.983154
0 1524832299 1547.737183 792.650452
0 1478242220 680.093079 330.879700
0 1524789245 1821.784912 938.501892
0 1438999639 1096.075562 566.538696
0 1478196161 713.387451 348.599365
0 1478252234 748.596130 367.337860
0 1524803261 1644.010132 773.453125
0 1478211179 544.388245 369.646606
0 1578523680 892.727966 574.231384
0 1578530689 1066.636963 550.609741
0 1568508653 1092.754395 523.430969
0 1524826290 1489.975952 923.607605
0 1524847319 1585.470947 870.570679
0 1524810270 1471.210449 702.544800
0 1524835302 1511.116211 791.112488
0 1524821284 1783.114380 879.197388
0 1524799257 1559.730835 817.417297
0 1478233208 655.405945 373.372650
0 1608354172 851.075439 501.309082
0 1524835303 1412.176636 720.503418
0 1478251232 759.905945 341.695984
0 1524812273 1429.042358 764.533386
0 1706512175 1068.615723 596.824341
0 1438986622 860.538452 588.886169
0 1478211180 649.263245 346.484985
0 1524823286 1726.461548 850.002136
0 1478223195 726.569336 366.603027
0 1478244223 665.685852 355.678284
0 1438987623 872.367920 529.144775
0 1478193157 638.675659 363.670837
0 1478198164 700.910461 331.558502
0 1524862339 1621.154053 795.733582
0 1478236212 662.096069 402.656708
0 1478240217 690.370605 393.648499
0 1478214183 638.515747 329.524017
0 1578521678 1065.430542 522.432983
0 1524844314 1467.690918 865.429932
0 1524848320 1549.129517 726.057068
0 1524806265 1522.250244 815.823608
0 1524787243 1599.304810 899.137878
0 1478241219 627.484619 381.836304
0 1524799256 1474.553223 789.577026
0 1478190154 615.636902 401.067627
0 1478226198 633.158752 372.625977
0 1478208176 579.233582 352.811157
0 1478214184 740.517700 385.653503
0 2084722944 899.932373 530.159851
0 1578522679 1010.157166 548.512146
0 1524825289 1780.047852 936.628357
0 1774531078 1066.023315 536.276428
0 1525674169 1009.776062 563.305542
0 1478197162 576.292480 327.495148
0 1524815276 1438.048096 788.043945
0 1768901071 890.147644 590.015747
0 1578526684 953.816956 546.419678
0 1478182144 659.294861 330.201538
0 1524853326 1438.446411 892.019470
0 1478218189 708.650818 404.249084
0 1578513667 956.460571 518.452942
0 1438983618 931.008911 504.205200
0 1478224196 672.630127 383.360870
0 1478247227 623.109802 321.046509
0 1524792248 1639.419067 709.291687
0 1524795252 1761.290649 906.306152
0 1524808267 1572.131592 770.470581
0 1478191155 598.784668 390.536041
0 1524856330 1655.285645 931.028015
0 1478236211 756.237915 350.012268
0 1478258242 582.178162 319.719116
0 1478212181 644.531311 392.090668
0 1478185147 699.965942 374.868195
0 1568502645 1037.914673 495.170074
0 1568508652 929.299194 517.460876
0 1438984619 882.664917 477.142426
0 1659977623 969.526184 525.767090
0 1478209177 684.646484 323.042145
0 1438982617 982.826599 533.212524
0 1524805264 1583.495117 727.450684
0 1771287074 1063.767944 483.603333
0 2087111947 895.215637 559.013611
0 1524817279 1419.150513 836.765991
0 1524795251 1546.144043 868.854187
0 1478230204 660.617126 364.402832
0 1478230203 597.014587 328.170837
0 1524847318 1657.949951 797.278870
0 1578516671 1012.188354 469.680267
0 1568513659 981.969666 547.465271
0 1578529687 1064.303833 496.118744
0 1524819282 1495.595459 840.058594
0 1478253235 650.046143 382.598236
0 1524836304 1597.272461 819.013611
0 1478243221 617.755554 328.847107
0 1568501644 885.034058 465.177643
0 1438998637 1091.721924 510.028107
0 1524816278 1504.754272 703.890198
0 1705773174 1008.971069 594.548828
0 1524845316 1738.385742 934.758240
0 1524842312 1696.798462 932.891418
0 1568507651 1097.263916 581.963013
0 1438999638 866.665283 557.943970
0 1478252233 744.613831 376.366699
0 1438993630 919.795471 591.146790
0 1478237214 559.934753 379.555145
0 1524857332 1701.187866 753.556213
0 1478248228 682.579895 365.135529
0 1478225197 569.273010 399.481750
0 1524859335 1624.864868 872.290161
0 1524832298 1572.294922 843.362061
0 1478200166 523.004028 397.899170
0 1478250231 734.802551 349.305450
0 1478245225 566.548218 370.390350
0 1438995633 1038.773926 595.685791
0 1524804263 1608.042969 771.960693
0 1524839308 1610.740356 845.017944
0 1524849321 1446.338623 721.888733
0 1568512658 1038.637695 579.746948
0 1568514661 1038.139282 521.436157
0 1478231205 742.602661 332.917938
0 1773608077 952.423828 561.156860
0 1438977615 985.976135 480.828094
0 1524834301 1630.677124 750.664368
0 1607644171 908.448853 478.062256
0 1524800258 1680.156250 902.715759
0 1568504647 863.657837 573.132507
0 1568500642 983.654236 519.446167
0 1478256239 687.350586 356.396790
0 1524815277 1538.346924 705.237671
0 1568503646 1037.704468 470.583801
0 1478220191 572.978638 361.479156
0 1478207174 675.418518 338.925903
0 1524841311 1716.112915 776.444885
0 1478213182 588.729919 371.134827
0 1524813274 1560.380615 747.781372
0 1568516663 869.566833 543.290649
0 1578517672 834.624817 572.035034
0 1578527685 910.408203 466.076141
0 1478240218 709.036072 357.115967
0 1478215185 575.945984 389.759888
0 1524838307 1571.988525 706.587036
0 1478197163 691.992554 347.893890
0 1478221192 730.742310 357.835815
0 1524819281 1639.695190 900.925293
0 2086284946 1010.525085 534.232605
0 1524824288 1393.408447 763.054810
0 1524802260 1673.208252 710.647034
0 1478226199 644.041809 354.960480
0 1578518673 848.009155 514.491821
0 1438981616 979.207092 593.413391
0 1478238215 592.443054 400.274292
0 1609135173 1064.857788 509.054779
0 1524837305 1652.380127 730.244080
0 1524793249 1525.312500 746.343079
0 1568515662 1090.723511 497.068512
0 1568516664 1094.929443 551.660583
0 1438991628 1093.822998 537.300171
0 1478249230 638.854614 401.861755
0 1438996634 981.081970 562.230530
0 1578519675 854.040833 488.559998
0 1524829295 1710.264404 823.818176
0 1524864341 1595.502075 749.221741
0 1478255238 537.462891 378.796265
0 1438993631 1089.757568 484.530548
0 1524788244 1514.814941 724.665588
0 1772785076 838.150879 556.875732
0 1524828293 1484.830444 814.232544
0 1478203171 551.122009 360.750000
0 1524798255 1558.984985 897.353638
0 1478199165 616.755493 362.939575
0 1578528686 1010.880432 520.440552
0 1478192156 600.815735 353.526917
0 1478228201 717.622864 340.309662
0 1772037075 1067.272827 565.459595
0 1578515670 1011.555969 494.222504
0 1524851323 1584.416504 794.190735
0 1478218188 564.045959 343.675079
0 1478202169 704.563965 365.868927
0 1478254236 570.250488 335.477722
0 1478246226 530.337769 388.209900
0 1524809269 1672.539062 822.214050
0 1524822285 1518.735474 895.572449
0 1524841310 1404.269043 699.859741
0 1478235210 602.634705 320.382507
0 1578515669 859.688171 464.280121
0 1524854328 1634.875122 820.612549
0 0 429.143188 774.391724
0 1 1446.603516 533.892151
0 2 665.597046 613.863708
0 3 150.031128 741.196594
0 4 1036.882202 682.600220
0 5 1169.903931 849.409241
0 6 341.524353 455.683350
0 7 1337.835571 684.445618
0 8 1337.002686 447.153687
0 9 941.682556 325.239227
0 10 1152.737061 647.586609
0 11 1669.957642 738.217957
0 12 496.091980 344.522552
0 13 682.889099 808.155762
0 14 574.389526 313.724945
0 15 660.221802 547.662170
0 16 531.272949 788.924133
0 17 870.506226 322.625153
0 18 1528.980103 558.069031
0 19 837.115051 307.611755
0 20 1004.436584 329.632263
0 21 1002.611511 284.621338
0 22 1158.454956 347.620819
0 23 458.176300 372.187653
0 24 1589.758057 734.560730
0 25 954.945862 297.545410
0 26 784.966003 315.672638
0 27 1685.079346 856.934143
0 28 1262.069824 335.336060
0 29 1340.855835 327.929047
0 30 856.500427 641.004150
0 31 797.426758 814.787170
0 32 714.051758 344.588654
0 33 1048.756592 303.786407
0 34 647.193115 514.110901
0 35 1030.050537 858.211792
0 36 596.968689 590.885132
0 37 728.913208 317.138885
0 38 1111.551514 328.852203
0 39 717.535278 413.656311
