0 1578512666 995.709717 511.139557
0 1524823287 1378.834961 832.823181
0 1478234209 1072.296997 339.866516
0 1707269176 1094.288086 456.998657
0 1438989626 1077.193237 550.820190
0 1524801259 1181.838135 729.828857
0 1438992629 1067.245117 520.234802
0 1478227200 993.081116 330.232605
0 1524854327 1232.593384 687.671875
0 1478249229 943.292236 326.490509
0 1524807266 1009.628906 800.828613
0 1524863340 1291.796387 875.689819
0 1524831297 1064.687256 827.133667
0 1478229202 981.995972 334.800049
0 1568509654 1081.764160 511.701019
0 1524790246 1258.338135 860.692078
0 1578523681 1181.384521 469.389526
0 1478207175 978.080383 320.383362
0 1524861337 1426.029419 780.287720
0 1478210178 1038.453857 319.601868
0 1524862338 1051.803711 768.112793
0 1478186149 1017.231567 328.479462
0 1524797254 1123.324829 855.148743
0 1578518674 1081.112061 464.235168
0 1438985621 1149.595825 471.831757
0 1524857331 1361.788086 801.446045
0 1478203170 1025.262939 316.972534
0 1438994632 992.695801 497.332489
0 1578520676 1072.104858 535.176086
0 1478237213 1019.446106 373.277191
0 1568511657 1007.449463 489.401093
0 1775370079 980.320129 519.591736
0 1478195160 1107.481445 333.361053
0 1568510655 977.607300 505.443909
0 1478257240 1016.648926 364.677368
0 1578521677 1018.452515 469.026825
0 1524794250 1361.614868 756.041748
0 1524812272 1226.911133 726.040710
0 1769859072 1039.831055 486.907379
0 1578525683 1033.084473 522.898926
0 1770636073 1032.317505 461.726959
0 1524846317 1238.927246 880.361145
0 1524833300 1209.658203 740.900818
0 1568511656 1200.874878 474.505402
0 1438985620 1123.373169 487.244568
0 1478185148 1093.250366 330.524384
0 1707993177 1025.393311 438.521637
0 1478189152 1004.919434 369.906982
0 1524791247 1277.065674 841.715454
0 1524830296 1225.964233 846.180481
0 2088218948 1104.420898 481.933319
0 1524827292 1345.196777 819.045166
0 1606348170 1130.792847 466.788940
0 1524855329 1110.218506 722.799438
0 1478183145 1007.536499 378.677185
0 1438990627 1021.879333 481.643768
0 1524840309 1377.825317 784.434509
0 1478222194 999.947327 353.243683
0 1709860179 909.956665 496.909027
0 1478188151 947.603027 348.971222
0 1438988624 1085.850342 476.729095
0 1478243222 909.584900 347.789185
0 1524843313 1307.594604 912.126099
0 1524844315 1093.537231 840.917175
0 1524858333 1344.510620 871.032166
0 1524811271 1091.353027 737.433716
0 1524859334 1361.979492 851.586365
0 1478216186 1028.171387 359.540039
0 1524851324 1376.909424 740.543701
0 1524814275 1172.402710 704.949524
0 1578514668 1045.890625 454.580719
0 1478184146 1002.391296 361.434113
0 1524829294 1244.954346 827.757385
0 1478176143 949.135864 356.965088
0 1524860336 1146.266235 694.836487
0 1478222193 957.604126 336.573212
0 1438997636 1095.951050 503.362427
0 1478194158 976.574341 363.330872
0 1478201168 990.935425 323.041656
0 1478187150 1068.811279 332.303558
0 1478205172 1003.984314 325.740082
0 1524838306 1106.323120 792.551208
0 1568514660 1089.525269 445.278168
0 1524865342 1180.231934 668.488708
0 2085418945 970.134216 466.471466
0 1524808268 1199.273804 715.346924
0 1478200167 1019.834290 335.869110
0 1478194159 980.007385 327.478149
0 1568501643 1063.329224 459.360779
0 1478239216 978.658997 371.842621
0 1524820283 1243.637085 711.634399
0 1438989625 1015.164307 456.919891
0 1568505649 1099.249023 469.206665
0 1478255237 1097.133057 338.053070
0 1524804262 1163.497925 681.469604
0 1568506650 1028.786133 449.892242
0 1478217187 1065.002808 352.621277
0 1568505648 1001.252502 464.097198
0 1568497640 1125.193970 454.640533
0 1578511665 1107.187378 449.914154
0 1478258241 1044.339355 334.085114
0 1524796253 1154.477051 788.429016
0 1478206173 967.129456 324.764954
0 1524826291 1117.930176 748.644287
0 1578529688 955.575684 473.835083
0 1478233207 1065.436279 324.980255
0 1708834178 1067.650269 471.628662
0 1478189153 959.261780 344.167358
0 1568499641 1014.197937 516.956604
0 1478245224 1079.236938 327.731110
0 1524852325 1098.607544 764.143799
0 1478219190 897.484558 352.630676
0 1578525682 989.809021 484.107605
0 1478232206 934.440308 345.977051
0 1524818280 1238.295898 752.298157
0 1524850322 1058.040527 796.684387
0 1438996635 1076.564941 452.245453
0 1524832299 1220.689941 768.047974
0 1478242220 1041.349976 326.728699
0 1524789245 1288.071045 933.859009
0 1438999639 1106.979248 532.441528
0 1478196161 1047.426758 341.682434
0 1478252234 1053.915039 357.648621
0 1524803261 1329.491211 788.592407
0 1478211179 920.436218 335.505981
0 1578523680 959.878662 499.865906
0 1578530689 1101.341431 517.575684
0 1568508653 1149.078857 506.464966
0 1524826290 1036.731445 813.777283
0 1524847319 1164.265625 818.523926
0 1524810270 1259.860107 697.661438
0 1524835302 1191.853149 756.236572
0 1524821284 1326.394653 891.198486
0 1524799257 1202.502930 784.317749
0 1478233208 986.170715 350.170319
0 1608354172 998.339966 452.205048
0 1524835303 1189.481445 691.249939
0 1478251232 1086.607056 342.825684
0 1524812273 1154.801025 719.068604
0 1706512175 1056.955200 544.296204
0 1438986622 927.002075 502.403870
0 1478211180 1006.355225 333.029266
0 1524823286 1310.233521 856.132751
0 1478223195 1039.492432 354.492584
0 1478244223 1008.803101 340.555420
0 1438987623 987.041382 471.428864
0 1478193157 984.049438 342.360168
0 1478198164 1054.975586 329.494751
0 1524862339 1281.026978 792.761597
0 1478236212 964.575317 368.509369
0 1478240217 990.630798 366.592010
0 1478214183 1014.710205 321.320648
0 1578521678 1129.241699 500.779572
0 1524844314 1078.654785 780.148804
0 1524848320 1300.921875 733.196594
0 1524806265 1173.468994 772.071045
0 1524787243 1144.150757 836.518250
0 1478241219 960.974365 352.012817
0 1524799256 1163.852417 744.767578
0 1478190154 937.089661 362.004242
0 1478226198 972.610474 347.145264
0 1478208176 955.998657 329.218506
0 1478214184 1031.141968 367.974152
0 2084722944 1004.286377 476.485291
0 1578522679 1062.598755 505.950012
0 1524825289 1252.830933 917.022461
0 1774531078 1115.452759 509.080536
0 1525674169 1048.012451 514.326355
0 1478197162 976.212280 313.505310
0 1524815276 1136.652100 733.626587
0 1768901071 944.403564 508.013489
0 1578526684 1025.453735 494.803680
0 1478182144 1027.929688 324.004303
0 1524853326 1031.060547 784.203613
0 1478218189 992.977417 375.231445
0 1578513667 1053.893188 479.184265
0 1438983618 1049.809448 466.628937
0 1478224196 988.363281 358.243103
0 1478247227 1012.266296 314.381958
0 1524792248 1408.345215 752.060547
0 1524795252 1272.675171 895.972656
0 1524808267 1267.787720 764.035400
0 1478191155 935.743042 353.857910
0 1524856330 1154.096680 869.850464
0 1478236211 1075.898560 347.681030
0 1478258242 986.839111 309.313568
0 1478212181 962.744507 360.122345
0 1478185147 1013.945862 356.366516
0 1568502645 1136.629517 479.452972
0 1568508652 1035.995972 474.054840
0 1438984619 1042.127075 443.009460
0 1659977623 1056.000122 485.662231
0 1478209177 1051.843384 322.270782
0 1438982617 1058.152466 492.279449
0 1524805264 1330.823608 744.451782
0 1771287074 1168.780884 476.976990
0 2087111947 975.010071 491.899261
0 1524817279 1071.890991 752.530762
0 1524795251 1134.846558 805.336853
0 1478230204 997.583557 345.321808
0 1478230203 988.855835 316.072021
0 1524847318 1312.610352 805.697998
0 1578516671 1143.555176 459.460052
0 1568513659 1043.832764 500.318787
0 1578529687 1155.895508 484.733917
0 1524819282 1126.124023 776.104553
0 1478253235 974.559387 355.103088
0 1524836304 1232.431885 796.942078
0 1478243221 1001.687073 318.676849
0 1568501644 1055.195557 436.267273
0 1438998637 1162.471313 498.201477
0 1524816278 1287.891602 707.931030
0 1705773174 1017.802490 531.674744
0 1524845316 1218.794922 900.761169
0 1524842312 1185.902466 885.046265
0 1568507651 1092.266479 541.519653
0 1438999638 957.681763 486.575836
0 1478252233 1042.629761 362.765472
0 1438993630 962.172424 513.741516
0 1478237214 921.481445 343.029236
0 1524857332 1410.831421 797.205750
0 1478248228 1011.332031 348.330353
0 1478225197 910.476685 355.705627
0 1524859335 1194.623047 832.131714
0 1524832298 1183.705200 801.133789
0 1478200166 884.695435 349.603821
0 1478250231 1061.550171 344.658020
0 1478245225 933.179321 338.348785
0 1438995633 1037.163208 537.915894
0 1524804263 1298.172485 776.128052
0 1524839308 1213.849731 814.236877
0 1524849321 1216.184448 701.301086
0 1568512658 1052.382202 528.970703
0 1568514661 1109.817139 495.212372
0 1478231205 1082.862183 335.155945
0 1773608077 1010.750305 502.878998
0 1438977615 1112.360596 461.845551
0 1524834301 1345.817139 772.049438
0 1607644171 1059.181152 447.583252
0 1524800258 1206.292725 865.264709
0 1568504647 942.512451 494.401886
0 1568500642 1072.154785 484.418152
0 1478256239 1022.522278 343.500885
0 1524815277 1316.720215 718.492737
0 1568503646 1162.281738 464.375427
0 1478220191 944.683472 333.745819
0 1478207174 1030.681641 331.260834
0 1524841311 1395.109131 814.707275
0 1478213182 946.119690 341.235565
0 1524813274 1284.619263 748.369934
0 1568516663 972.521240 478.920013
0 1578517672 925.497681 489.048431
0 1578527685 1072.197754 440.730011
0 1478240218 1036.458496 346.492920
0 1478215185 922.561035 350.799683
0 1524838307 1346.380737 729.359131
0 1478197163 1033.523193 338.753143
0 1478221192 1050.616821 349.532654
0 1524819281 1174.717529 850.658203
0 2086284946 1076.855103 497.763245
0 1524824288 1128.514404 708.606873
0 1524802260 1440.728882 763.924683
0 1478226199 995.295959 337.655487
0 1578518673 984.385742 459.263062
0 1438981616 998.859314 525.568115
0 1478238215 923.676697 358.829712
0 1609135173 1142.719238 492.666107
0 1524837305 1393.335815 767.981750
0 1524793249 1255.347900 737.043884
0 1568515662 1175.561523 490.124481
0 1568516664 1121.344116 523.577942
0 1438991628 1135.373535 514.921509
0 1478249230 950.720764 365.230377
0 1438996634 1029.185181 508.542389
0 1578519675 1012.006287 445.292725
0 1524829295 1328.022461 837.263000
0 1524864341 1314.762451 760.033386
0 1478255238 908.721741 340.126740
0 1438993631 1188.359375 482.227783
0 1524788244 1271.871582 722.262024
0 1772785076 940.700317 481.358978
0 1524828293 1145.290527 760.185059
0 1478203171 931.958130 330.961212
0 1524798255 1114.545044 822.822937
0 1478199165 970.724487 339.444336
0 1578528686 1090.792236 489.759735
0 1478192156 968.898438 331.988068
0 1478228201 1058.209473 336.953308
0 1772037075 1086.895996 526.271729
0 1578515670 1117.751221 474.278259
0 1524851323 1250.401245 780.217529
0 1478218188 954.443054 322.092102
0 1478202169 1025.299927 351.386871
0 1478254236 965.414978 317.764252
0 1478246226 896.809814 344.825348
0 1524809269 1295.145386 823.395264
0 1524822285 1085.855591 809.551392
0 1524841310 1206.060303 677.951233
0 1478235210 999.459778 311.829224
0 1578515669 1038.509521 431.887482
0 1524854328 1263.297729 809.961548
0 0 1313.693359 372.911743
0 1 922.373901 376.762512
0 2 1512.883179 383.133820
0 3 1365.986084 385.280579
0 4 1295.453369 336.806152
0 5 946.021912 296.829620
0 6 1583.436401 473.676178
0 7 1019.817444 367.993713
0 8 754.066101 459.207062
0 9 891.800171 722.286499
0 10 1057.234497 351.215668
0 11 717.946045 652.747314
0 12 1367.029785 627.385193
0 13 1065.384155 757.598328
0 14 1301.159180 713.171265
0 15 1541.947266 438.149475
0 16 1210.691040 353.741516
0 17 966.602783 731.286133
0 18 575.186462 406.512970
0 19 1383.466064 501.336914
0 20 796.415283 630.831787
0 21 1002.441345 586.303650
0 22 678.369446 598.976135
0 23 1523.665771 499.274658
0 24 676.000122 371.291168
0 25 1207.253174 624.990356
0 26 1296.304932 574.521118
0 27 613.011963 388.280121
0 28 634.215698 559.947571
0 29 800.491211 462.923279
0 30 1436.615967 375.106781
0 31 1107.036987 334.329987
0 32 1434.797119 549.578186
0 33 998.985535 616.785217
0 34 1514.407471 467.315552
0 35 1019.978821 311.386047
0 36 1565.508667 395.890442
0 37 1389.241943 583.285583
0 38 736.171692 614.522827
0 39 1458.485352 517.396667
