0 1578512666 954.322815 566.323364
0 1478234209 1424.800781 402.951935
0 1707269176 1158.103271 556.867798
0 1438989626 929.160156 653.418640
0 1524801259 615.802979 906.873413
0 1438992629 989.279358 614.201416
0 1478227200 1364.711182 355.742950
0 1524854327 738.028259 900.411072
0 1478249229 1323.968262 330.806396
0 1524807266 394.528473 861.487610
0 1524831297 369.553467 919.893188
0 1478229202 1342.461792 356.689148
0 1568509654 1020.145996 612.738525
0 1578523681 1210.824951 621.425659
0 1478207175 1373.241699 337.373871
0 1478210178 1439.105103 361.957703
0 1524862338 472.852875 857.435120
0 1478186149 1394.082153 363.880920
0 1524797254 341.895538 984.572937
0 1578518674 1129.093872 558.213806
0 1438985621 1173.907349 605.451111
0 1478203170 1431.339600 352.909454
0 1438994632 981.759766 549.734131
0 1578520676 959.831482 633.410950
0 1478237213 1287.218750 419.848541
0 1568511657 1010.417297 548.413147
0 1775370079 925.074646 567.680481
0 1478195160 1481.493530 411.348083
0 1568510655 953.069214 551.056519
0 1478257240 1305.134644 408.161560
0 1578521677 1064.411499 531.173584
0 1524794250 670.226746 1074.609741
0 1524812272 650.686157 935.631348
0 1769859072 1041.861816 562.261475
0 1578525683 956.972656 598.594543
0 1770636073 1092.470215 529.888550
0 1524833300 608.811279 937.870972
0 1568511656 1217.355469 639.549744
0 1438985620 1112.516968 608.360657
0 1478185148 1472.505371 400.875153
0 1707993177 1139.533813 499.783142
0 1478189152 1281.131836 409.206512
0 1524830296 402.886963 1051.499390
0 2088218948 1108.204346 591.479065
0 1606348170 1168.440430 588.644897
0 1524855329 589.884155 851.379944
0 1478183145 1262.826782 420.915802
0 1438990627 1039.041992 547.093750
0 1478222194 1316.080688 386.850647
0 1709860179 922.307495 509.609192
0 1478188151 1275.593140 359.532898
0 1438988624 1104.051758 575.223999
0 1478243222 1243.182617 342.857544
0 1524844315 356.086212 951.387207
0 1524811271 550.934265 853.395203
0 1478216186 1329.114258 407.117615
0 1524851324 716.818420 1071.987793
0 1524814275 662.242920 875.328430
0 1578514668 1120.497070 528.605042
0 1478184146 1298.874634 397.856873
0 1524829294 448.656555 1048.958374
0 1478176143 1258.519409 369.671753
0 1524860336 667.603149 847.358765
0 1478222193 1314.162598 348.752930
0 1438997636 1050.974487 611.277466
0 1478194158 1269.493896 388.859161
0 1478201168 1379.996460 345.965332
0 1478187150 1440.292480 391.730499
0 1478205172 1386.940674 354.797607
0 1524838306 451.904663 915.539124
0 1568514660 1181.672729 540.519409
0 1524865342 745.082031 843.349976
0 2085418945 1031.157593 504.685455
0 1524808268 656.611023 904.715820
0 1478200167 1378.565552 374.207336
0 1478194159 1358.071289 346.893707
0 1568501643 1124.718628 543.144592
0 1478239216 1251.555176 399.906799
0 1524820283 692.491272 933.395569
0 1438989625 1088.876343 515.821167
0 1568505649 1133.631470 573.842041
0 1478255237 1457.292603 412.406982
0 1524804262 706.372559 845.352844
0 1568506650 1116.421387 514.567566
0 1478217187 1384.547119 415.589966
0 1568505648 1061.300903 517.076172
0 1568497640 1192.685547 571.083069
0 1578511665 1187.078979 555.523315
0 1478258241 1408.991943 382.844879
0 1524796253 482.766052 944.612061
0 1478206173 1351.612549 338.285828
0 1524826291 542.670776 881.581116
0 1578529688 1003.989624 505.914368
0 1478233207 1455.317139 380.847626
0 1708834178 1100.050537 559.561462
0 1478189153 1297.902710 358.584137
0 1568499641 955.623047 582.158508
0 1478245224 1463.783691 390.712860
0 1524852325 502.686523 883.671997
0 1478219190 1221.439331 343.774323
0 1578525682 1008.199341 533.747925
0 1478232206 1270.175903 350.615417
0 1524818280 601.445984 970.524780
0 1524850322 422.527039 887.863708
0 1438996635 1153.211914 541.831299
0 1524832299 558.373108 972.856140
0 1478242220 1424.272461 372.245941
0 1438999639 993.492615 650.322754
0 1478196161 1393.243164 393.768738
0 1478252234 1360.250854 416.653015
0 1524803261 576.782776 1079.868286
0 1478211179 1281.194092 332.602417
0 1578523680 951.859802 536.328064
0 1578530689 1022.817749 630.403259
0 1568508653 1089.680908 645.693848
0 1524826290 382.351410 889.964539
0 1524847319 428.710022 979.874084
0 1524810270 734.226807 931.163391
0 1524835302 566.866394 940.114197
0 1524799257 515.226318 975.191467
0 1478233208 1309.846313 377.156250
0 1608354172 1085.404785 502.231628
0 1524835303 701.973999 873.250793
0 1478251232 1433.067871 413.466949
0 1524812273 622.448792 877.409363
0 1706512175 928.278564 634.917664
0 1438986622 922.963318 523.371948
0 1478211180 1371.539795 364.843872
0 1478223195 1353.070557 406.074677
0 1478244223 1355.680420 375.189392
0 1438987623 1033.694824 518.332520
0 1478193157 1326.393555 366.772369
0 1478198164 1432.165405 381.845764
0 1524862339 539.946777 1043.890137
0 1478236212 1246.167480 389.864838
0 1478240217 1275.226196 398.881378
0 1478214183 1409.150024 353.853088
0 1578521678 1085.644897 627.403198
0 1524844314 462.638641 885.766174
0 1524848320 681.969116 1000.132935
0 1524806265 524.851379 942.361267
0 1524787243 385.340149 982.221497
0 1478241219 1281.164673 368.704437
0 1524799256 574.928528 909.034546
0 1478190154 1235.853149 370.640015
0 1478226198 1303.789551 367.737976
0 1478208176 1329.964600 339.198547
0 1478214184 1311.586792 418.782318
0 2084722944 1036.321289 532.460022
0 1578522679 1017.575562 595.743164
0 1774531078 1054.251099 628.902283
0 1525674169 987.292542 597.168030
0 1478197162 1387.991089 328.118225
0 1524815276 582.591431 879.493652
0 1768901071 923.642212 537.620361
0 1578526684 1012.716309 563.613831
0 1478182144 1416.603882 362.918884
0 1524853326 433.721161 859.459778
0 1478218189 1257.105835 410.252472
0 1578513667 1070.973145 560.910645
0 1438983618 1096.192505 544.459534
0 1478224196 1292.798340 387.854401
0 1478247227 1423.788574 344.111084
0 1524808267 593.676270 1004.971497
0 1478191155 1253.263428 360.482483
0 1524856330 326.921661 1019.590332
0 1478236211 1408.819458 414.527924
0 1478258242 1409.295288 327.223694
0 1478212181 1263.927246 379.126740
0 1478185147 1322.500488 396.833374
0 1568502645 1143.231079 606.905029
0 1568508652 1067.633667 545.775879
0 1438984619 1143.935791 513.315369
0 1659977623 1058.004150 569.370667
0 1478209177 1447.094360 371.266602
0 1438982617 1044.786377 577.992920
0 1524805264 676.263306 1036.322144
0 1771287074 1179.589111 622.917236
0 2087111947 980.045471 535.037231
0 1524817279 511.923859 855.413574
0 1524795251 440.610107 946.866699
0 1478230204 1332.774048 376.172394
0 1478230203 1394.851929 336.462738
0 1578516671 1198.503662 587.230408
0 1568513659 1015.100769 579.379822
0 1578529687 1148.313843 624.410645
0 1524819282 492.979492 913.367371
0 1478253235 1286.897339 378.141052
0 1524836304 505.071838 1009.827209
0 1478243221 1401.902222 345.037781
0 1568501644 1171.419922 512.064575
0 1438998637 1121.661133 644.154846
0 1524816278 730.222656 963.554810
0 1705773174 926.615784 600.022827
0 1524842312 311.097778 1056.595337
0 1568507651 961.347168 651.869690
0 1438999638 978.390564 520.849426
0 1478252233 1335.930786 417.717194
0 1438993630 924.345581 552.380493
0 1478237214 1264.906494 341.941589
0 1478248228 1339.341309 385.847778
0 1478225197 1226.110840 352.481201
0 1524859335 416.154175 1014.700134
0 1524832298 472.005280 977.530762
0 1478200166 1216.894165 335.302246
0 1478250231 1400.913818 403.991852
0 1478245225 1286.611572 341.026459
0 1438995633 927.431152 617.132690
0 1524804263 585.467957 1041.362915
0 1524839308 460.652252 1012.261536
0 1524849321 697.352722 902.561707
0 1568512658 958.374451 615.666138
0 1568514661 1081.764771 609.818176
0 1478231205 1448.664551 401.913025
0 1773608077 983.536621 564.967773
0 1438977615 1163.176025 572.461792
0 1524834301 623.548279 1077.236572
0 1607644171 1148.492432 527.322937
0 1524800258 357.034088 1054.045044
0 1568504647 950.692322 522.109985
0 1568500642 1074.436646 576.607666
0 1478256239 1362.580078 384.845856
0 1524815277 725.999207 997.719910
0 1568503646 1204.545776 603.999084
0 1478220191 1308.297485 340.112091
0 1478207174 1401.429688 373.226196
0 1478213182 1292.178955 349.683746
0 1524813274 637.861511 1002.550049
0 1568516663 1006.057983 519.590271
0 1578517672 949.564636 508.376251
0 1578527685 1176.456299 526.042297
0 1478240218 1369.684814 394.789307
0 1478215185 1248.153076 351.547913
0 1524838307 721.538086 1033.808472
0 1478197163 1385.796997 383.844910
0 1478221192 1377.003784 405.032776
0 1524819281 371.577332 1017.143066
0 2086284946 1047.821899 594.320068
0 1524824288 628.773743 849.367798
0 1478226199 1348.977051 365.807678
0 1578518673 1058.295898 503.457886
0 1438981616 925.830872 583.550415
0 1478238215 1230.913452 361.432983
0 1609135173 1116.999268 625.906006
0 1524793249 644.445068 968.197449
0 1568515662 1153.600098 642.617798
0 1568516664 1025.596680 648.777771
0 1438991628 1057.659424 647.234802
0 1478249230 1240.935791 380.113403
0 1438996634 985.379700 580.768311
0 1578519675 1112.484009 501.006714
0 1524864341 630.906738 1038.840210
0 1478255238 1259.779297 333.501556
0 1438993631 1185.498291 641.082764
0 1524788244 687.370544 965.874146
0 1772785076 976.792053 507.144623
0 1524828293 533.987366 911.199158
0 1478203171 1302.590454 331.704010
0 1524798255 398.383606 949.125061
0 1478199165 1320.192261 357.636200
0 1578528686 1078.031372 592.898682
0 1478192156 1336.126709 347.822876
0 1478228201 1416.779053 392.749146
0 1772037075 991.344543 631.906189
0 1578515670 1138.340576 590.061096
0 1524851323 549.413086 1007.397217
0 1478218188 1345.327637 329.909546
0 1478202169 1346.103882 395.810852
0 1478254236 1366.668579 329.013489
0 1478246226 1238.345947 334.401489
0 1524822285 410.762756 917.714355
0 1524841310 741.642212 871.176514
0 1478235210 1416.443237 335.552368
0 1578515669 1166.554199 498.560913
0 1524854328 494.343048 1046.421997
0 0 1743.513916 905.365356
0 1 1272.119385 372.227966
0 2 1239.805054 800.711243
0 3 1694.552490 966.609802
0 4 1811.159912 738.566345
0 5 1461.712280 446.824554
0 6 779.492981 1011.966614
0 7 1720.559570 609.407471
0 8 1493.603516 404.881653
0 9 582.403503 439.362213
0 10 1747.395996 674.241394
0 11 1339.848511 297.812927
0 12 437.932831 810.393127
0 13 1670.064453 692.399109
0 14 444.062500 724.989746
0 15 1791.384888 846.247314
0 16 1656.350464 747.039917
0 17 580.304260 407.927551
0 18 1191.028320 281.633240
0 19 756.109863 588.813477
0 20 568.289307 475.120850
0 21 689.286865 585.149658
0 22 1116.923584 352.661926
0 23 388.202393 894.141602
0 24 1265.550781 287.900513
0 25 759.029053 540.152893
0 26 726.165466 756.459839
0 27 1370.375366 339.812653
0 28 693.353821 289.167572
0 29 754.571350 414.978729
0 30 1520.429932 779.527100
0 31 1585.116089 591.121338
0 32 1042.357910 891.399902
0 33 779.070068 458.367859
0 34 1672.166748 835.130188
0 35 1475.715332 484.128143
0 36 1764.470581 778.831238
0 37 908.800049 881.580933
0 38 1244.085083 342.507935
0 39 1376.760986 866.718079
