0 1578512666 936.711426 730.375610
0 1524823287 382.822479 799.244751
0 1478234209 1447.876709 790.808777
0 1707269176 1047.802979 773.073792
0 1438989626 841.496521 752.144653
0 1524801259 550.551147 760.984009
0 1438992629 904.121704 752.870605
0 1478227200 1478.036377 753.614380
0 1524854327 585.613892 780.788086
0 1478249229 1486.127319 731.313965
0 1524807266 526.447327 714.910461
0 1524863340 377.176239 771.750793
0 1524831297 487.148376 725.173035
0 1478229202 1457.126831 747.591064
0 1568509654 919.266541 759.085754
0 1524790246 400.119354 765.554382
0 1578523681 1001.264160 806.443542
0 1478207175 1518.457642 748.301453
0 1524861337 414.166107 822.005310
0 1478210178 1534.060059 778.719055
0 1524862338 547.069214 725.866455
0 1478186149 1489.567627 765.700378
0 1524797254 446.143005 735.881287
0 1578518674 1030.848755 766.557434
0 1438985621 1000.409180 792.384888
0 1524857331 417.162354 799.644531
0 1478203170 1543.622681 772.507629
0 1438994632 966.695251 730.722595
0 1578520676 872.808228 752.507629
0 1478237213 1311.356567 757.591736
0 1568511657 981.863159 736.432007
0 1775370079 922.179932 724.790405
0 1478195160 1482.749146 812.048035
0 1568510655 951.847107 725.133606
0 1478257240 1342.694824 757.955078
0 1578521677 1028.000732 742.620728
0 1524794250 462.543579 807.453857
0 1524812272 540.903015 773.652527
0 1769859072 982.225708 747.869080
0 1578525683 905.453857 741.201294
0 1770636073 1044.177979 748.586914
0 1524846317 390.543945 759.127319
0 1524833300 529.595886 767.057556
0 1568511656 984.306885 813.530640
0 1438985620 966.817932 778.599731
0 1478185148 1493.505859 805.061035
0 1707993177 1106.137085 749.304932
0 1478189152 1323.048218 751.818420
0 1524791247 409.917755 772.131104
0 1524830296 422.541718 759.498596
0 2088218948 983.000793 772.321472
0 1524827292 406.804016 792.418701
0 1606348170 1016.578552 785.796448
0 1524855329 579.703918 743.204773
0 1478183145 1292.055664 751.459290
0 1438990627 997.361389 742.265808
0 1524840309 427.776733 807.048950
0 1478222194 1385.038208 752.536743
0 1709860179 980.863586 704.894775
0 1478188151 1397.045044 730.283508
0 1438988624 998.816040 766.185669
0 1478243222 1398.211182 714.702759
0 1524843313 344.436646 771.370544
0 1524844315 466.865845 730.469666
0 1524858333 363.172058 784.975403
0 1524811271 568.588867 737.299500
0 1524859334 372.878723 792.024048
0 1478216186 1362.783691 764.229858
0 1524851324 473.859222 815.048950
0 1524814275 582.558105 761.355408
0 1578514668 1060.715332 754.686096
0 1478184146 1354.042358 752.177612
0 1524829294 432.485657 765.930176
0 1478176143 1367.354126 729.940002
0 1524860336 602.684387 755.413879
0 1478222193 1446.655029 736.276917
0 1438997636 934.756104 765.442322
0 1478194158 1345.677368 740.644043
0 1478201168 1509.039185 753.973633
0 1478187150 1481.067383 791.194519
0 1478205172 1499.411621 759.771851
0 1524838306 507.362610 736.590393
0 1568514660 1080.206909 773.449951
0 1524865342 626.722961 768.185181
0 2085418945 1040.858398 726.163208
0 1524808268 561.969666 767.433411
0 1478200167 1457.869019 765.332703
0 1478194159 1487.791504 747.946228
0 1568501643 1045.949707 760.555115
0 1478239216 1315.350464 740.292969
0 1524820283 552.476562 780.402954
0 1438989625 1058.641602 742.975586
0 1568505649 1015.400940 772.697571
0 1478255237 1459.514282 804.665588
0 1524804262 614.566895 761.726868
0 1568506650 1075.156616 748.945923
0 1478217187 1393.058472 783.550720
0 1568505648 1042.482422 737.133850
0 1568497640 1049.743530 786.181946
0 1578511665 1065.152222 779.742004
0 1478258241 1469.201172 777.966064
0 1524796253 497.183990 748.153015
0 1478206173 1497.336670 742.399902
0 1524826291 548.752808 742.846069
0 1578529688 1025.390015 720.679688
0 1478233207 1514.259888 791.580261
0 1708834178 1014.276245 760.187683
0 1478189153 1416.645386 735.929626
0 1568499641 921.250549 735.730286
0 1478245224 1504.006348 798.240417
0 1524852325 537.974854 736.944946
0 1478219190 1379.590088 709.499756
0 1578525682 996.680603 731.069580
0 1478232206 1407.236084 725.094910
0 1524818280 508.153778 773.272156
0 1524850322 517.107971 725.519775
0 1438996635 1062.883301 766.929138
0 1524832299 497.223877 766.681702
0 1478242220 1501.629761 778.342529
0 1524789245 335.392334 764.802917
0 1438999639 870.703613 764.699097
0 1478196161 1436.774658 777.589600
0 1478252234 1371.927246 776.836731
0 1524803261 440.731415 792.813416
0 1478211179 1446.298096 720.349365
0 1578523680 966.667786 720.000671
0 1578530689 902.728882 765.070679
0 1568508653 917.095642 784.640320
0 1524826290 507.004456 719.987793
0 1524847319 465.893402 747.790222
0 1524810270 564.326111 787.314331
0 1524835302 518.546021 760.612610
0 1524821284 353.693970 778.092896
0 1524799257 486.542755 760.241272
0 1478233208 1395.802979 746.880798
0 1608354172 1072.794434 737.484741
0 1524835303 594.345398 767.809265
0 1478251232 1436.833740 797.459351
0 1524812273 571.036072 755.046814
0 1706512175 858.341858 746.433533
0 1438986622 966.641357 709.716553
0 1478211180 1468.064819 759.408447
0 1524823286 386.819489 778.477844
0 1478223195 1383.330200 770.647522
0 1478244223 1436.719604 759.045105
0 1438987623 1026.667603 731.416626
0 1478193157 1426.464111 747.235901
0 1478198164 1491.468018 784.693787
0 1524862339 453.076416 779.247803
0 1478236212 1326.626343 734.887878
0 1478240217 1334.485718 746.170532
0 1478214183 1521.268311 766.068054
0 1578521678 934.043701 778.219116
0 1524844314 527.429138 731.170776
0 1524848320 508.592316 793.602905
0 1524806265 507.744812 754.312683
0 1524787243 455.909515 741.770264
0 1478241219 1386.637451 735.582397
0 1524799256 539.389587 754.679749
0 1478190154 1348.473633 724.415405
0 1478226198 1406.336182 741.346375
0 1478208176 1476.666138 736.624207
0 1478214184 1331.092163 763.862305
0 2084722944 1012.171997 736.782898
0 1578522679 935.436890 753.233704
0 1524825289 358.547943 758.756042
0 1774531078 918.205994 771.569153
0 1525674169 920.280334 747.151245
0 1478197162 1549.125610 748.656616
0 1524815276 559.770447 748.878601
0 1768901071 952.126221 714.637634
0 1578526684 966.723877 741.910950
0 1478182144 1511.560425 772.135559
0 1524853326 536.649597 720.330688
0 1478218189 1303.829590 745.815491
0 1578513667 998.072571 753.959839
0 1438983618 1029.393066 754.322937
0 1478224196 1365.143555 746.525635
0 1478247227 1552.970581 766.435730
0 1524792248 449.812744 822.420959
0 1524795252 367.754913 765.178589
0 1524808267 486.207855 779.632874
0 1478191155 1377.854004 724.755127
0 1524856330 424.965240 741.411621
0 1478236211 1414.688110 790.423096
0 1478258242 1571.050049 754.692200
0 1478212181 1356.631104 735.235107
0 1478185147 1374.034546 758.318359
0 1568502645 983.415649 785.411133
0 1568508652 1013.200928 748.227966
0 1438984619 1092.039307 755.049194
0 1659977623 982.413025 753.778259
0 1478209177 1524.275146 785.074890
0 1438982617 966.753845 753.596741
0 1524805264 485.848450 800.444031
0 1771287074 983.850525 799.131897
0 2087111947 981.515930 725.476746
0 1524817279 557.713135 731.521423
0 1524795251 486.855530 742.128845
0 1478230204 1416.036011 752.895935
0 1478230203 1540.043823 754.332947
0 1524847318 430.215302 785.754944
0 1578516671 1033.968262 792.775085
0 1568513659 951.252136 747.510132
0 1578529687 966.852295 791.994690
0 1524819282 517.803345 742.487427
0 1478253235 1376.005981 740.995239
0 1524836304 464.853851 766.305908
0 1478243221 1530.760376 760.135315
0 1568501644 1109.302124 761.289856
0 1438998637 933.297302 791.604492
0 1524816278 542.525940 793.997620
0 1705773174 890.946716 735.379456
0 1524845316 381.183929 752.844788
0 1524842312 403.317505 747.064819
0 1568507651 855.935669 758.351196
0 1438999638 996.028198 720.340149
0 1478252233 1351.277222 770.275696
0 1438993630 937.308899 719.661133
0 1478237214 1417.217041 720.013306
0 1524857332 403.456696 814.228516
0 1478248228 1405.376221 758.681702
0 1478225197 1369.429443 714.370239
0 1524859335 444.460785 753.578735
0 1524832298 476.101929 753.945740
0 1478200166 1389.547607 704.726624
0 1478250231 1425.859741 783.931763
0 1478245225 1436.619751 725.434631
0 1438995633 874.821350 740.846436
0 1524804263 463.739990 786.144775
0 1524839308 454.541290 759.869873
0 1524849321 573.654175 774.033020
0 1568512658 889.310242 746.792419
0 1568514661 950.602478 771.945312
0 1478231205 1470.419067 797.849915
0 1773608077 951.556030 736.081177
0 1438977615 1032.372192 779.361206
0 1524834301 451.504303 800.044250
0 1607644171 1077.625000 760.922485
0 1524800258 412.821472 753.211792
0 1568504647 981.182983 714.973450
0 1568500642 982.604492 759.820374
0 1478256239 1426.172119 764.965088
0 1524815277 520.194702 800.843750
0 1568503646 1017.813049 799.527039
0 1478220191 1456.431763 730.970459
0 1478207174 1479.500244 771.763550
0 1524841311 393.012024 806.644043
0 1478213182 1426.737549 730.626892
0 1524813274 497.266663 786.534607
0 1568516663 1011.186340 725.820007
0 1578517672 995.402283 710.048828
0 1578527685 1094.919678 767.300842
0 1478240218 1415.385010 771.019592
0 1478215185 1388.137573 719.677185
0 1524838307 497.312622 807.858826
0 1478197163 1447.441650 771.391541
0 1478221192 1404.350098 777.213135
0 1524819281 434.604553 747.427551
0 2086284946 950.934631 759.453003
0 1524824288 591.066345 749.241394
0 1524802260 425.150513 829.981689
0 1478226199 1447.035400 753.255127
0 1578518673 1056.656250 731.763672
0 1438981616 906.729309 730.028625
0 1478238215 1359.059448 719.341125
0 1609135173 950.254639 785.025696
0 1524837305 438.656830 814.638733
0 1524793249 519.341248 780.017883
0 1568515662 949.890076 798.736755
0 1568516664 885.811523 771.193115
0 1438991628 901.271362 777.838379
0 1478249230 1337.664917 729.596558
0 1438996634 936.088013 741.556091
0 1578519675 1089.284302 743.330505
0 1524829295 396.692657 785.365173
0 1524864341 474.660858 793.208130
0 1478255238 1426.994385 715.035339
0 1438993631 966.888306 806.043396
0 1524788244 530.795410 786.924438
0 1772785076 1010.241394 715.309326
0 1524828293 528.476379 748.515808
0 1478203171 1466.004883 725.774414
0 1524798255 476.751953 736.235779
0 1478199165 1436.668091 741.697510
0 1578528686 966.785217 765.813965
0 1478192156 1467.001587 742.048706
0 1478228201 1458.662964 784.312805
0 1772037075 887.600220 758.718445
0 1578515670 999.594177 778.980530
0 1524851323 475.406525 772.891785
0 1478218188 1506.678955 736.971558
0 1478202169 1394.477051 764.597473
0 1478254236 1527.673584 742.751099
0 1478246226 1408.081543 709.828735
0 1524809269 419.946991 778.862793
0 1524822285 497.146667 730.820251
0 1524841310 606.407227 774.413452
0 1478235210 1562.110718 760.498779
0 1578515669 1123.365112 755.412354
0 1524854328 442.661194 772.511414
0 0 1276.343018 621.842346
0 1 710.321533 709.720215
0 2 904.968628 640.026001
0 3 1391.135254 748.681641
0 4 664.445801 705.711548
0 5 803.318420 621.641418
0 6 1376.707153 772.956177
0 7 705.772339 689.703735
0 8 788.487122 854.852417
0 9 753.017456 935.306702
0 10 704.358582 785.006165
0 11 528.156738 796.065125
0 12 1098.002686 907.739075
0 13 489.766571 688.262024
0 14 1012.931213 935.890320
0 15 951.141235 624.610718
0 16 966.821350 582.737122
0 17 1028.008911 980.579224
0 18 833.483276 609.015259
0 19 959.035217 636.776001
0 20 815.521301 975.314880
0 21 1358.707520 901.625732
0 22 930.331482 995.459778
0 23 1329.153931 784.244751
0 24 1355.684082 813.644409
0 25 1139.846069 682.015320
0 26 1179.018311 698.148743
0 27 671.892090 880.600159
0 28 641.497070 852.568237
0 29 879.284912 934.582764
0 30 859.439758 877.955627
0 31 489.897095 754.481689
0 32 1446.254639 747.065247
0 33 1229.416504 709.873413
0 34 1102.756348 657.043518
0 35 604.107971 825.886658
0 36 1444.385742 816.912598
0 37 1295.667725 707.211792
0 38 737.173584 895.278992
0 39 1388.461426 727.673523
