0 1578512666 953.849426 443.393097
0 1524823287 492.981934 302.302094
0 1478234209 1307.096924 849.601196
0 1707269176 930.080322 538.900940
0 1438989626 827.637573 420.895874
0 1524801259 638.067078 322.516083
0 1438992629 870.502197 448.945435
0 1478227200 1506.156372 842.232605
0 1524854327 616.054871 349.457611
0 1478249229 1618.149902 826.893860
0 1524807266 718.047180 278.027802
0 1524863340 539.274719 280.455261
0 1524831297 676.931274 274.948730
0 1478229202 1497.131592 814.762207
0 1568509654 865.991882 461.461670
0 1524790246 560.052612 282.029602
0 1578523681 805.261047 543.845581
0 1478207175 1600.371460 879.847168
0 1524861337 465.208710 327.744324
0 1478210178 1491.757568 928.814331
0 1524862338 706.858826 293.153137
0 1478186149 1473.562012 866.769104
0 1524797254 636.001770 271.883636
0 1578518674 933.849915 523.754211
0 1438985621 840.921936 531.030273
0 1524857331 505.833771 312.242828
0 1478203170 1536.151245 933.534302
0 1438994632 977.718445 457.912201
0 1578520676 848.686768 434.669952
0 1478237213 1248.767944 696.472839
0 1568511657 975.017395 470.656860
0 1775370079 956.803162 431.524689
0 1478195160 1272.880737 905.542725
0 1568510655 980.330078 445.589661
0 1478257240 1287.815186 722.024292
0 1578521677 997.754883 499.942139
0 1524794250 510.179626 331.285156
0 1524812272 608.456909 329.480896
0 1769859072 944.371643 481.476379
0 1578525683 901.116760 439.018982
0 1770636073 995.265320 514.158325
0 1524846317 567.601379 274.574280
0 1524833300 615.892456 320.793335
0 1568511656 775.283875 541.172913
0 1438985620 851.489624 501.705078
0 1478185148 1316.248779 910.153748
0 1707993177 1050.325317 549.515747
0 1478189152 1284.467163 699.872437
0 1524791247 552.300415 289.685852
0 1524830296 580.878723 283.607574
0 2088218948 880.064392 504.180084
0 1524827292 514.540894 303.966217
0 1606348170 870.544678 533.645264
0 1524855329 688.904480 317.425293
0 1478183145 1246.335938 675.386108
0 1438990627 972.222168 483.845673
0 1524840309 496.878998 320.754883
0 1478222194 1366.469116 752.530945
0 1709860179 1061.463501 440.136993
0 1478188151 1472.514282 739.829346
0 1438988624 908.728943 506.662903
0 1478243222 1538.247192 724.039856
0 1524843313 526.619873 271.487427
0 1524844315 656.443298 273.414429
0 1524858333 510.253021 286.480560
0 1524811271 695.054138 309.111725
0 1524859334 501.735138 294.283539
0 1478216186 1291.317139 745.194275
0 1524851324 501.014557 340.336761
0 1524814275 653.479248 333.001923
0 1578514668 992.684082 528.898071
0 1478184146 1324.464722 725.557373
0 1524829294 573.398315 291.294128
0 1478176143 1428.643677 713.602356
0 1524860336 676.075195 334.769073
0 1478222193 1527.729004 792.473755
0 1438997636 861.325256 474.411469
0 1478194158 1356.277832 706.710999
0 1478201168 1557.912354 875.468323
0 1478187150 1353.979736 883.532715
0 1478205172 1515.642944 871.109009
0 1524838306 664.669434 289.956451
0 1568514660 956.645386 557.342224
0 1524865342 662.486816 353.138916
0 2085418945 1056.284424 490.997009
0 1524808268 630.939941 331.239197
0 1478200167 1424.308838 833.912476
0 1478194159 1547.348145 846.419922
0 1568501643 963.219788 526.322021
0 1478239216 1316.321655 681.972412
0 1524820283 600.805420 338.420746
0 1438989625 1024.293213 516.672607
0 1568505649 904.574036 521.194580
0 1478255237 1269.320068 874.670044
0 1524804262 669.380005 343.820099
0 1568506650 1022.243286 531.482483
0 1478217187 1259.665283 790.956970
0 1568505648 1026.270264 502.389648
0 1568497640 895.789978 551.916687
0 1578511665 926.167114 554.625000
0 1478258241 1389.960083 858.147034
0 1524796253 636.991272 296.141846
0 1478206173 1588.720093 850.625549
0 1524826291 673.367920 307.448334
0 1578529688 1057.645996 477.625732
0 1478233207 1403.592896 919.440369
0 1708834178 937.483643 509.153503
0 1478189153 1480.339111 763.647339
0 1568499641 927.445129 441.202911
0 1478245224 1359.819092 914.786194
0 1524852325 679.637634 299.392822
0 1478219190 1529.472046 702.031921
0 1578525682 1002.477844 472.972870
0 1478232206 1509.893921 743.432739
0 1524818280 593.772400 319.074829
0 1524850322 691.680115 283.920227
0 1438996635 959.994141 541.541626
0 1524832299 601.299683 310.663116
0 1478242220 1439.412231 892.476379
0 1524789245 534.486084 264.281464
0 1438999639 817.362732 444.501251
0 1478196161 1343.167969 825.664185
0 1478252234 1256.749023 765.672607
0 1524803261 527.737610 313.944519
0 1478211179 1595.601929 774.899719
0 1578523680 1006.887451 447.792572
0 1578530689 838.937683 459.179932
0 1568508653 800.596375 483.020020
0 1524826290 697.465759 276.486511
0 1524847319 622.676514 286.774628
0 1524810270 592.928467 347.624054
0 1524835302 623.121155 312.347534
0 1524821284 518.544983 278.884552
0 1524799257 608.620667 302.482025
0 1478233208 1404.272583 756.221436
0 1608354172 1053.412964 519.194824
0 1524835303 646.463745 342.015778
0 1478251232 1265.939209 845.356506
0 1524812273 660.296326 324.243073
0 1706512175 853.324768 423.009644
0 1438986622 1035.186523 437.974701
0 1478211180 1465.143555 838.063477
0 1524823286 531.252014 288.081329
0 1478223195 1294.983643 769.454163
0 1478244223 1417.306274 806.759888
0 1438987623 1028.178223 488.605927
0 1478193157 1449.504883 784.737061
0 1478198164 1396.598755 887.994385
0 1524862339 557.815308 307.306580
0 1478236212 1351.512085 685.284180
0 1478240217 1320.303467 703.285156
0 1478214183 1525.627808 901.501953
0 1578521678 828.502319 485.415192
0 1524844314 685.739502 291.552917
0 1524848320 555.377930 334.843933
0 1524806265 630.151367 304.133514
0 1524787243 629.426880 279.231110
0 1478241219 1435.282471 736.240173
0 1524799256 644.995605 314.036011
0 1478190154 1422.292358 691.945251
0 1478226198 1442.229004 759.926880
0 1478208176 1577.638306 822.832703
0 1478214184 1251.309082 718.505127
0 2084722944 1000.157532 486.222168
0 1578522679 893.126587 463.750183
0 1524825289 554.697449 265.795013
0 1774531078 833.810242 472.070740
0 1525674169 897.188660 451.177277
0 1478197162 1656.443726 915.196655
0 1524815276 666.923340 315.728607
0 1768901071 1008.984375 435.818542
0 1578526684 947.638977 468.347778
0 1478182144 1482.421387 896.978821
0 1524853326 712.526978 285.490448
0 1478218189 1281.263184 678.673035
0 1578513667 940.988647 495.069916
0 1438983618 966.328918 511.651947
0 1478224196 1361.258545 729.104248
0 1478247227 1580.754272 938.276611
0 1524792248 478.182922 338.526581
0 1524795252 547.087158 273.029083
0 1524808267 571.706787 317.360504
0 1478191155 1465.036743 717.068115
0 1524856330 615.606628 270.356323
0 1478236211 1262.724976 817.486816
0 1478258242 1670.595093 947.828796
0 1478212181 1392.390991 710.150024
0 1478185147 1328.817505 748.855225
0 1568502645 846.302307 516.099792
0 1568508652 969.327881 497.502258
0 1438984619 1020.116150 546.848938
0 1659977623 928.680847 487.016022
0 1478209177 1447.572021 924.116333
0 1438982617 916.605530 479.114258
0 1524805264 532.750305 333.062317
0 1771287074 811.395264 528.423828
0 2087111947 1004.719849 460.170410
0 1524817279 701.036621 301.024017
0 1524795251 643.648438 288.363678
0 1478230204 1410.635132 780.892639
0 1478230203 1612.637573 910.610718
0 1524847318 536.151978 305.634399
0 1578516671 865.513672 549.217407
0 1568513659 920.342163 466.045563
0 1578529687 817.305603 513.564636
0 1524819282 658.289246 297.765411
0 1478253235 1398.197510 732.665161
0 1524836304 587.141357 300.834473
0 1478243221 1569.032715 906.045898
0 1568501644 1017.907654 562.804077
0 1438998637 794.607788 496.778198
0 1524816278 569.861450 345.795227
0 1705773174 904.917480 427.255096
0 1524845316 574.954651 267.312012
0 1524842312 595.257690 268.832458
0 1568507651 822.584473 432.504791
0 1438999638 1031.800659 462.435242
0 1478252233 1253.966675 741.547974
0 1438993630 982.856567 433.668549
0 1478237214 1547.422119 747.050476
0 1524857332 474.729492 319.022614
0 1478248228 1371.925781 777.064148
0 1478225197 1493.609985 698.656860
0 1524859335 601.753296 285.189270
0 1524832298 615.743591 294.522125
0 1478200166 1565.470947 705.419739
0 1478250231 1302.859863 821.566711
0 1478245225 1557.024658 771.133667
0 1438995633 879.084656 425.129333
0 1524804263 549.695190 315.650452
0 1524839308 594.546021 292.906250
0 1524849321 623.605591 340.216003
0 1568512658 874.864075 436.841339
0 1568514661 856.494141 487.817749
0 1478231205 1311.554077 879.091370
0 1773608077 950.796448 455.660675
0 1438977615 900.264038 536.268799
0 1524834301 519.083679 322.491394
0 1607644171 990.005981 544.190918
0 1524800258 588.162659 276.122955
0 1568504647 1033.521729 450.001862
0 1568500642 912.736877 492.645050
0 1478256239 1377.646362 802.784180
0 1524815277 546.853638 343.971069
0 1568503646 835.337524 546.527039
0 1478220191 1567.085449 796.366333
0 1478207174 1431.668091 862.448425
0 1524841311 483.983582 310.545288
0 1478213182 1518.604126 767.382874
0 1524813274 563.658875 325.977417
0 1568516663 1030.020508 475.295807
0 1578517672 1060.233398 452.217590
0 1578527685 987.225464 560.068604
0 1478240218 1338.153687 798.825195
0 1478215185 1501.570923 720.547180
0 1524838307 523.904724 342.151581
0 1478197163 1383.650635 829.779358
0 1478221192 1298.826904 794.882812
0 1524819281 608.771118 277.675293
0 2086284946 888.923523 476.759308
0 1524824288 682.580688 325.974396
0 1524802260 455.409515 336.721008
0 1478226199 1457.134277 810.752563
0 1578518673 1054.874268 504.844696
0 1438981616 930.823486 429.386841
0 1478238215 1457.883545 695.294739
0 1609135173 823.004272 499.237793
0 1524837305 487.665833 329.512512
0 1524793249 586.029968 327.726990
0 1568515662 788.401123 511.037445
0 1568516664 811.963684 456.904938
0 1438991628 806.378174 469.737000
0 1478249230 1386.835449 688.608459
0 1438996634 923.953247 453.415680
0 1578519675 1051.897827 534.075195
0 1524829295 523.010437 295.915405
0 1524864341 541.343506 324.232239
0 1478255238 1585.099731 750.682556
0 1438993631 781.964172 525.825684
0 1524788244 578.062927 336.630096
0 1772785076 1058.961670 464.706787
0 1524828293 651.733704 305.788910
0 1478203171 1606.606323 800.275085
0 1524798255 650.130188 280.790558
0 1478199165 1488.535889 788.597412
0 1578528686 884.572144 490.227692
0 1478192156 1537.299316 818.788818
0 1478228201 1348.436890 853.864624
0 1772037075 843.893677 446.720093
0 1578515670 875.391663 518.643127
0 1524851323 579.531128 308.982819
0 1478218188 1630.273315 854.849670
0 1478202169 1333.375488 773.251282
0 1478254236 1643.021362 884.245789
0 1478246226 1575.066406 727.546143
0 1524809269 544.336426 297.551208
0 1524822285 670.881226 282.353577
0 1524841310 639.240906 351.295868
0 1478235210 1625.568481 943.041443
0 1578515669 1048.692749 565.548767
0 1524854328 565.713379 299.190887
0 0 420.058350 675.179138
0 1 1303.766113 655.540405
0 2 576.917236 785.165161
0 3 356.058563 641.750183
0 4 1075.647095 863.493896
0 5 1354.343750 755.155090
0 6 362.294922 444.046875
0 7 1170.303833 477.788818
0 8 1195.311279 355.948334
0 9 924.272949 255.841034
0 10 1170.053711 528.670410
0 11 874.996033 266.775238
0 12 594.222290 277.361725
0 13 584.886292 255.128235
0 14 575.645874 240.706833
0 15 390.651184 491.748657
0 16 641.387817 686.782776
0 17 870.932800 248.613129
0 18 1601.486084 475.295959
0 19 423.264771 562.624268
0 20 1030.271729 275.723328
0 21 955.633118 316.125244
0 22 1185.940430 290.698975
0 23 446.799561 400.217865
0 24 1632.588135 572.313049
0 25 579.730957 374.717346
0 26 518.551575 444.564484
0 27 1615.767578 517.247803
0 28 1282.756104 302.285248
0 29 1229.877930 393.061279
0 30 722.980408 778.586914
0 31 884.761414 694.619324
0 32 537.670776 337.759918
0 33 665.306213 301.399261
0 34 447.660767 434.747650
0 35 1129.580688 738.204895
0 36 453.141754 778.340820
0 37 566.708252 304.816223
0 38 1116.277710 284.583557
0 39 504.708313 368.914307
