0 1578512666 994.020508 431.176056
0 1524823287 468.750793 512.333801
0 1478234209 1499.062866 472.835907
0 1707269176 1104.877075 468.260651
0 1438989626 902.625366 454.812469
0 1524801259 622.958252 471.966278
0 1438992629 963.601807 453.571625
0 1478227200 1530.247437 436.365265
0 1524854327 658.864319 489.365662
0 1478249229 1539.118530 414.567017
0 1524807266 593.996948 429.339478
0 1524863340 459.305786 487.152802
0 1524831297 557.555847 440.273621
0 1478229202 1509.513306 431.229309
0 1568509654 978.751831 458.982483
0 1524790246 480.151703 480.725525
0 1578523681 1061.060547 500.942322
0 1478207175 1570.945190 429.963684
0 1524861337 501.598724 532.252380
0 1478210178 1585.302124 458.674927
0 1524862338 615.251343 439.071014
0 1478186149 1541.364380 447.606384
0 1524797254 519.739929 451.620300
0 1578518674 1088.027710 462.624084
0 1438985621 1059.550049 487.839630
0 1524857331 501.239777 511.708984
0 1478203170 1595.131348 452.437531
0 1438994632 1023.428650 430.563110
0 1578520676 933.092468 454.192474
0 1478237213 1364.105469 445.421417
0 1568511657 1038.611694 435.536407
0 1775370079 979.440430 426.298584
0 1478195160 1532.998291 491.865814
0 1568510655 1008.546997 425.688477
0 1478257240 1395.215088 444.788361
0 1578521677 1084.176270 439.991943
0 1524794250 545.232300 517.567932
0 1524812272 615.304016 484.061768
0 1769859072 1039.567871 446.412933
0 1578525683 964.137024 442.464966
0 1770636073 1100.312012 445.169037
0 1524846317 470.102783 475.036804
0 1524833300 603.680237 478.260803
0 1568511656 1044.985474 508.033295
0 1438985620 1026.177246 475.920502
0 1478185148 1543.902466 484.946289
0 1707993177 1161.223511 443.921753
0 1478189152 1375.742188 439.529083
0 1524791247 490.416290 486.536377
0 1524830296 500.588318 474.424408
0 2088218948 1041.599731 469.523193
0 1524827292 490.407715 505.365845
0 1606348170 1074.969238 481.179352
0 1524855329 648.764526 454.415436
0 1478183145 1344.969482 440.159180
0 1438990627 1054.105225 440.611481
0 1524840309 512.317383 518.195923
0 1478222194 1437.415771 438.266174
0 1709860179 1035.955078 405.320190
0 1478188151 1449.805420 416.439148
0 1438988624 1056.715454 463.253082
0 1478243222 1451.273682 401.283661
0 1524843313 428.239685 487.768372
0 1524844315 538.824646 445.893921
0 1524858333 448.051483 499.782013
0 1524811271 637.367126 449.196960
0 1524859334 458.286560 505.988434
0 1478216186 1415.101807 450.159424
0 1524851324 556.950134 524.201477
0 1524814275 653.658142 471.349579
0 1578514668 1116.784912 450.454376
0 1478184146 1406.557617 438.898071
0 1524829294 510.968292 480.110657
0 1478176143 1420.113770 417.061493
0 1524860336 672.274048 465.179504
0 1478222193 1499.350830 420.643097
0 1438997636 994.223999 464.508392
0 1478194158 1398.350708 428.081238
0 1478201168 1561.277222 435.729889
0 1478187150 1532.022949 472.187439
0 1478205172 1551.418823 441.609619
0 1524838306 578.474365 450.410278
0 1568514660 1136.583862 467.628021
0 1524865342 696.787109 476.403107
0 2085418945 1096.098022 423.853302
0 1524808268 634.671814 477.642426
0 1478200167 1509.731567 448.245972
0 1478194159 1540.208252 430.596924
0 1568501643 1102.547974 456.479309
0 1478239216 1368.148682 428.707092
0 1524820283 627.180664 489.988983
0 1438989625 1114.288452 439.371582
0 1568505649 1073.215698 468.892365
0 1478255237 1510.210693 485.599365
0 1524804262 684.401123 470.732025
0 1568506650 1130.746826 444.545868
0 1478217187 1444.846680 467.624756
0 1568505648 1098.163696 434.302246
0 1568497640 1107.305176 480.543182
0 1578511665 1122.093262 474.019989
0 1478258241 1520.642944 459.965057
0 1524796253 570.248413 461.576324
0 1478206173 1549.978516 424.938904
0 1524826291 618.989197 455.025146
0 1578529688 1080.618164 419.083160
0 1478233207 1565.031860 471.538055
0 1708834178 1071.533813 457.106415
0 1478189153 1469.305176 421.269348
0 1568499641 979.219910 436.767242
0 1478245224 1554.577881 478.171875
0 1524852325 607.900879 449.804047
0 1478219190 1432.675537 396.826538
0 1578525682 1052.875977 429.949310
0 1478232206 1460.116211 411.084656
0 1524818280 584.015015 484.681763
0 1524850322 586.384583 439.672729
0 1438996635 1119.384399 461.994202
0 1524832299 572.732422 478.878296
0 1478242220 1552.949219 459.320465
0 1524789245 418.648895 481.952667
0 1438999639 931.909241 465.760132
0 1478196161 1488.383545 460.608704
0 1478252234 1424.004395 461.893219
0 1524803261 522.576294 504.742310
0 1478211179 1499.435913 405.209778
0 1578523680 1022.806885 420.301636
0 1578530689 963.044556 465.134705
0 1568508653 978.244141 483.082275
0 1524826290 575.943604 434.756409
0 1524847319 540.281128 462.186157
0 1524810270 639.318787 496.046631
0 1524835302 592.301453 472.582123
0 1524821284 438.038239 493.710144
0 1524799257 561.687500 473.197052
0 1478233208 1448.250244 432.491425
0 1608354172 1128.000122 433.683929
0 1524835303 665.707458 477.023193
0 1478251232 1487.933960 479.473419
0 1524812273 641.860413 465.794464
0 1706512175 918.579163 448.890411
0 1438986622 1022.208252 410.423065
0 1478211180 1520.090454 442.247131
0 1524823286 469.448303 493.092194
0 1478223195 1435.415771 455.645844
0 1478244223 1488.805908 442.883789
0 1438987623 1082.362793 429.334686
0 1478193157 1478.860840 431.860809
0 1478198164 1542.593384 465.687927
0 1524862339 532.404480 491.853577
0 1478236212 1379.410400 423.143097
0 1478240217 1387.155273 433.750092
0 1478214183 1573.041992 446.965820
0 1578521678 994.297607 476.552185
0 1524844314 597.034912 444.687561
0 1524848320 587.056152 503.492523
0 1524806265 581.159912 467.021820
0 1524787243 529.905762 456.849304
0 1478241219 1439.299805 421.894806
0 1524799256 611.489136 466.408569
0 1478190154 1401.308228 412.324097
0 1478226198 1458.878052 426.826874
0 1478208176 1529.437012 420.015961
0 1478214184 1383.647705 450.795410
0 2084722944 1068.367676 434.919739
0 1578522679 994.153503 452.949921
0 1524825289 439.659851 475.648315
0 1774531078 978.503296 470.782135
0 1525674169 978.990540 447.653381
0 1478197162 1601.724609 429.329590
0 1524815276 630.306641 460.354126
0 1768901071 1008.211426 415.618713
0 1578526684 1024.075073 441.230133
0 1478182144 1563.096558 453.081055
0 1524853326 604.519592 434.157410
0 1478218189 1356.670532 434.378113
0 1578513667 1055.384155 451.703888
0 1438983618 1086.063232 451.079559
0 1478224196 1417.681885 433.121185
0 1478247227 1604.764648 446.324402
0 1524792248 535.243408 531.621155
0 1524795252 449.378601 481.339539
0 1524808267 563.950867 491.232971
0 1478191155 1430.692749 411.704803
0 1524856330 500.291870 457.455719
0 1478236211 1466.151367 473.483368
0 1478258242 1623.466797 434.456421
0 1478212181 1409.334961 422.519379
0 1478185147 1426.368408 444.154358
0 1568502645 1042.680420 481.814606
0 1568508652 1069.919067 445.791412
0 1438984619 1147.549438 449.828308
0 1659977623 1040.060425 452.015717
0 1478209177 1575.270996 465.040436
0 1438982617 1024.747559 452.327332
0 1524805264 566.363281 510.456482
0 1771287074 1043.807861 494.639465
0 2087111947 1037.692139 425.077545
0 1524817279 626.198242 444.083221
0 1524795251 559.559814 456.242035
0 1478230204 1468.316650 437.633423
0 1478230203 1592.350342 435.093567
0 1524847318 511.621124 498.540527
0 1578516671 1092.210205 487.201813
0 1568513659 1009.258484 447.033569
0 1578529687 1026.938110 488.476532
0 1524819282 589.254272 455.634003
0 1478253235 1428.593872 427.454468
0 1524836304 541.828552 479.494904
0 1478243221 1582.791382 440.971191
0 1568501644 1164.707153 455.222412
0 1438998637 994.374268 489.112488
0 1524816278 619.367615 502.866241
0 1705773174 949.583801 437.381409
0 1524845316 460.262878 469.466400
0 1524842312 480.469788 463.403320
0 1568507651 917.113464 460.228790
0 1438999638 1051.693604 419.692780
0 1478252233 1403.609375 456.284760
0 1438993630 993.957825 420.909668
0 1478237214 1470.237549 405.828522
0 1524857332 490.398560 525.460754
0 1478248228 1457.565308 443.519531
0 1478225197 1422.409912 401.898468
0 1524859335 520.627686 468.245819
0 1524832298 550.872803 467.634247
0 1478200166 1442.758057 391.845123
0 1478250231 1477.381348 466.980072
0 1478245225 1489.578613 410.463684
0 1438995633 934.229126 443.081116
0 1524804263 543.475586 497.918427
0 1524839308 531.116516 473.811188
0 1524849321 646.637756 483.440887
0 1568512658 948.764160 448.272308
0 1568514661 1010.028870 470.153107
0 1478231205 1521.231079 478.823151
0 1773608077 1008.895813 436.152222
0 1438977615 1090.074951 474.654419
0 1524834301 533.777222 511.083221
0 1607644171 1133.605713 455.851318
0 1524800258 490.424377 468.856506
0 1568504647 1036.807251 415.012787
0 1568500642 1040.563110 457.732635
0 1478256239 1478.143555 448.884705
0 1524815277 598.998047 509.828857
0 1568503646 1076.798706 494.000000
0 1478220191 1509.307861 415.191895
0 1478207174 1531.107788 453.723602
0 1524841311 479.452118 518.822937
0 1478213182 1479.536743 415.815918
0 1524813274 575.376587 497.295380
0 1568516663 1066.875854 424.465820
0 1578517672 1050.555298 409.819244
0 1578527685 1150.785522 461.363434
0 1478240218 1467.267334 455.006012
0 1478215185 1441.077637 406.446411
0 1524838307 578.196899 516.939026
0 1478197163 1499.164795 454.365295
0 1478221192 1456.170776 461.251434
0 1524819281 510.354980 462.795166
0 2086284946 1009.635742 458.358002
0 1524824288 660.397705 459.741791
0 1524802260 513.061523 539.203308
0 1478226199 1499.260498 436.999786
0 1578518673 1111.888794 428.719238
0 1438981616 964.651550 431.788208
0 1478238215 1411.955811 407.063477
0 1609135173 1010.438721 482.448914
0 1524837305 523.648987 524.831604
0 1524793249 595.542908 490.611450
0 1568515662 1010.866211 495.277985
0 1568516664 947.022644 471.410248
0 1438991628 962.464050 477.182953
0 1478249230 1390.461670 417.683075
0 1438996634 994.085632 441.847992
0 1578519675 1144.441528 438.750397
0 1524829295 479.813141 499.161713
0 1524864341 554.792480 504.117859
0 1478255238 1480.174805 400.668060
0 1438993631 1027.732300 501.583282
0 1524788244 607.324341 496.671478
0 1772785076 1065.440308 414.406067
0 1524828293 600.256836 460.965637
0 1478203171 1519.079956 409.841919
0 1524798255 549.087402 451.015656
0 1478199165 1489.203613 426.198395
0 1578528686 1025.447754 463.881195
0 1478192156 1519.570435 425.569092
0 1478228201 1509.963623 466.334473
0 1772037075 947.911072 459.606049
0 1578515670 1058.103027 475.287903
0 1524851323 552.770874 485.300873
0 1478218188 1559.563843 419.388031
0 1478202169 1446.600342 449.522491
0 1478254236 1580.428223 424.307861
0 1478246226 1461.285767 396.213989
0 1524809269 500.903656 492.473328
0 1524822285 567.910339 445.291168
0 1524841310 678.016541 482.819153
0 1478235210 1614.207886 440.331879
0 1578515669 1178.356689 449.201385
0 1524854328 521.571289 485.919067
0 0 703.267883 375.205933
0 1 1119.101562 692.939331
0 2 1251.932007 402.887299
0 3 886.592285 317.065186
0 4 1034.876465 340.731873
0 5 829.640320 612.396301
0 6 985.335754 294.408051
0 7 1086.966431 350.520935
0 8 930.257935 370.023468
0 9 1263.375732 296.137177
0 10 791.772217 396.161804
0 11 1469.232910 397.691833
0 12 1114.852661 270.875549
0 13 1303.644165 520.434082
0 14 1305.460083 311.146820
0 15 722.583618 523.705383
0 16 770.865173 575.629150
0 17 1180.749390 285.367828
0 18 884.632263 638.373047
0 19 1310.638184 414.068848
0 20 1336.007812 324.104187
0 21 1258.708496 385.068390
0 22 1409.025269 336.736877
0 23 953.819214 310.515289
0 24 1195.247559 584.217285
0 25 1360.279175 426.257202
0 26 1425.635986 446.060089
0 27 1511.781982 376.113342
0 28 540.827026 428.660187
0 29 1411.629395 415.704620
0 30 683.743225 449.867340
0 31 1347.169678 490.093506
0 32 978.681091 337.636505
0 33 1442.797729 526.429993
0 34 676.536926 423.035583
0 35 700.592102 359.138550
0 36 1256.490479 609.771301
0 37 873.932373 372.710388
0 38 559.390442 456.680267
0 39 890.865784 355.872162
