0 1578512666 1029.681519 557.047241
0 1524823287 1842.466187 695.517456
0 1478234209 788.051331 351.190460
0 1707269176 1025.107422 462.414581
0 1438989626 1178.459595 562.688232
0 1524801259 1567.379883 688.939758
0 1438992629 1114.378296 536.277893
0 1478227200 680.696899 367.746429
0 1524854327 1531.448242 628.361511
0 1478249229 613.411133 381.368317
0 1524807266 1572.306519 842.275513
0 1524863340 1864.552246 769.991272
0 1524831297 1655.701172 837.844238
0 1478229202 676.562012 376.520721
0 1568509654 1112.183594 521.888428
0 1524790246 1824.006226 772.246155
0 1578523681 1125.903809 443.283630
0 1478207175 643.665894 362.384552
0 1524861337 1787.739990 632.566406
0 1478210178 712.539368 341.193420
0 1524862338 1544.151978 787.809570
0 1478186149 705.310913 357.605255
0 1524797254 1739.713135 833.380188
0 1578518674 1025.697021 474.612122
0 1438985621 1102.269409 456.885223
0 1524857331 1786.479614 675.809937
0 1478203170 692.469666 342.764038
0 1438994632 1000.631348 544.017029
0 1578520676 1145.795288 549.226013
0 1478237213 793.422852 404.000305
0 1568511657 1000.427490 529.565430
0 1775370079 1030.431030 572.554932
0 1478195160 813.445984 333.296722
0 1568510655 1000.842590 558.989807
0 1478257240 773.941528 395.971375
0 1578521677 973.210388 503.997101
0 1524794250 1717.251465 636.923828
0 1524812272 1590.306274 665.717834
0 1769859072 1027.586914 513.711731
0 1578525683 1087.586182 553.146912
0 1770636073 973.469910 490.940277
0 1524846317 1844.917480 798.753174
0 1524833300 1603.604004 686.768982
0 1568511656 1151.391357 441.443573
0 1438985620 1106.037354 481.590057
0 1478185148 793.189880 334.881927
0 1707993177 923.057068 469.727386
0 1478189152 770.878357 405.693237
0 1524791247 1804.092407 747.003296
0 1524830296 1783.603516 774.493042
0 2088218948 1079.396362 483.469086
0 1524827292 1804.662842 697.744873
0 1606348170 1076.488892 458.732635
0 1524855329 1506.671387 715.302246
0 1478183145 790.593994 413.989227
0 1438990627 1000.230591 515.608276
0 1524840309 1769.089233 654.831543
0 1478222194 733.201111 389.839325
0 1709860179 913.420044 580.354126
0 1478188151 663.463867 404.315460
0 1438988624 1052.819336 485.343597
0 1478243222 614.360474 417.446594
0 1524844315 1697.629639 835.616333
0 1524858333 1883.315552 742.506104
0 1524811271 1518.589844 738.358643
0 1524859334 1862.413574 718.462769
0 1478216186 776.919861 386.518860
0 1524851324 1702.057251 617.663574
0 1524814275 1519.574951 670.024780
0 1578514668 973.721008 478.307831
0 1478184146 751.756226 397.646973
0 1524829294 1764.685547 749.240173
0 1478176143 681.163818 412.430145
0 1524860336 1484.374634 672.168213
0 1478222193 650.941223 387.165802
0 1438997636 1110.064453 507.993774
0 1478194158 725.928711 409.068634
0 1478201168 664.175354 360.794464
0 1478187150 770.175903 344.525726
0 1478205172 684.723694 359.201355
0 1524838306 1623.409180 783.401855
0 1568514660 999.339172 452.421082
0 1524865342 1463.918945 632.595886
0 2085418945 918.567078 521.269775
0 1524808268 1554.885132 667.874756
0 1478200167 722.449280 364.525208
0 1478194159 659.880676 369.352417
0 1568501643 999.678406 476.462158
0 1478239216 744.907043 417.399567
0 1524820283 1577.571655 645.558289
0 1438989625 947.146545 492.796906
0 1568505649 1051.777100 472.757690
0 1478255237 811.170288 341.332306
0 1524804262 1473.931152 651.965027
0 1568506650 947.824646 480.149200
0 1478217187 803.974792 366.740387
0 1568505648 946.445740 505.869049
0 1568497640 1049.791382 448.778625
0 1578511665 1024.536377 450.601929
0 1478258241 746.602600 354.403931
0 1524796253 1647.276611 755.904968
0 1478206173 639.104370 370.955322
0 1524826291 1556.281982 736.177551
0 1578529688 917.347229 535.272522
0 1478233207 752.790039 338.043488
0 1708834178 1026.306030 487.213654
0 1478189153 667.950317 394.795135
0 1568499641 1058.595947 555.099609
0 1478245224 772.971252 336.464172
0 1524852325 1569.672852 760.310181
0 1478219190 608.985657 427.545441
0 1578525682 972.664368 531.472595
0 1478232206 641.502441 405.974152
0 1524818280 1639.944458 684.591248
0 1524850322 1598.444946 812.162354
0 1438996635 999.506042 464.249146
0 1524832299 1654.689575 706.581116
0 1478242220 729.335022 347.707153
0 1438999639 1171.692871 532.378296
0 1478196161 764.362366 361.291595
0 1478252234 801.445007 375.673126
0 1524803261 1749.668701 678.015869
0 1478211179 603.089233 399.721344
0 1578523680 972.078918 560.927307
0 1578530689 1140.299805 519.957031
0 1568508653 1162.402466 490.765045
0 1524826290 1613.927246 840.064026
0 1524847319 1703.224243 778.963135
0 1524810270 1565.365112 626.234802
0 1524835302 1617.503296 708.772156
0 1524821284 1905.242432 767.728394
0 1524799257 1670.118042 729.590271
0 1478233208 711.407349 391.494537
0 1608354172 920.886047 494.649078
0 1524835303 1508.372437 649.835938
0 1478251232 808.834839 349.579102
0 1524812273 1531.271240 691.103699
0 1706512175 1148.695312 564.672119
0 1438986622 942.556396 578.412109
0 1478211180 701.553040 366.137360
0 1524823286 1843.635376 744.758606
0 1478223195 779.816833 377.324677
0 1478244223 718.867554 373.273315
0 1438987623 945.720947 519.387329
0 1478193157 693.730347 383.898376
0 1478198164 749.736328 346.117950
0 1524862339 1729.429321 702.177551
0 1478236212 722.135132 419.099365
0 1478240217 748.380371 407.382660
0 1478214183 688.646606 350.876709
0 1578521678 1135.176270 492.669250
0 1524844314 1583.711182 785.609558
0 1524848320 1647.196655 641.254333
0 1524806265 1632.045532 731.793335
0 1524787243 1721.014404 805.494019
0 1478241219 685.469910 402.653412
0 1524799256 1580.438477 710.955994
0 1478190154 676.733765 422.488342
0 1478226198 689.657104 393.146484
0 1478208176 634.420593 379.755585
0 1478214184 796.172119 394.292328
0 2084722944 972.942017 517.500122
0 1578522679 1084.138550 523.815002
0 1524825289 1909.615479 824.352295
0 1774531078 1137.693970 506.078278
0 1525674169 1085.831665 538.220154
0 1478197162 627.898315 355.608856
0 1524815276 1543.494751 713.132629
0 1768901071 971.770142 576.464844
0 1578526684 1028.260742 527.653442
0 1478182144 708.971802 349.293427
0 1524853326 1557.881104 814.369141
0 1478218189 767.726624 415.696198
0 1578513667 1026.935669 500.239594
0 1438983618 999.856323 489.079163
0 1478224196 729.615906 399.319183
0 1478247227 672.437012 344.331757
0 1524792248 1736.488770 615.504578
0 1524795252 1886.518677 796.489929
0 1524808267 1676.401611 682.406494
0 1478191155 658.850342 414.105713
0 1524856330 1781.952515 831.135803
0 1478236211 806.437195 358.045532
0 1478258242 632.482178 347.458496
0 1478212181 703.523254 410.751129
0 1478185147 755.038574 388.180756
0 1568502645 1104.122559 469.035706
0 1568508652 1000.040344 502.120636
0 1438984619 948.481079 467.905548
0 1659977623 1040.845459 505.972290
0 1478209177 732.646057 339.619904
0 1438982617 1055.010986 511.810486
0 1524805264 1682.170044 639.092407
0 1771287074 1128.110107 455.033539
0 2087111947 972.376770 545.939392
0 1524817279 1531.069702 762.501526
0 1524795251 1663.246704 781.186401
0 1478230204 715.188293 382.259827
0 1478230203 648.109985 354.034424
0 1524847318 1766.984009 699.964905
0 1578516671 1075.104126 446.951141
0 1568513659 1056.164307 525.736633
0 1578529687 1130.388306 467.168091
0 1524819282 1608.408325 758.111328
0 1478253235 707.520508 400.987976
0 1524836304 1708.318359 727.379700
0 1478243221 668.359375 352.457031
0 1568501644 949.116882 456.046906
0 1438998637 1159.512207 477.818359
0 1524816278 1599.383911 624.101685
0 1705773174 1089.405273 568.624023
0 1524845316 1866.902954 826.621826
0 1524842312 1824.348877 828.882996
0 1568507651 1175.014771 547.257812
0 1438999638 944.194580 547.856873
0 1478252233 798.845154 384.853638
0 1438993630 1001.061646 574.512512
0 1478237214 619.585388 407.629517
0 1524857332 1805.185181 652.633606
0 1478248228 736.688599 380.618011
0 1478225197 631.521362 425.863251
0 1524859335 1743.343018 776.732056
0 1524832298 1686.278442 753.690979
0 1478200166 586.496704 429.224121
0 1478250231 785.379517 359.670135
0 1478245225 624.666565 398.082550
0 1438995633 1119.010742 566.650696
0 1524804263 1712.976318 680.214722
0 1524839308 1725.414673 751.469482
0 1524849321 1542.918945 647.700378
0 1568512658 1116.652466 551.189026
0 1568514661 1108.016846 494.568787
0 1478231205 790.653870 342.930542
0 1773608077 1028.958496 542.089661
0 1438977615 1050.768188 460.575775
0 1524834301 1733.107056 657.022522
0 1607644171 973.964111 466.079468
0 1524800258 1803.466919 801.008240
0 1568504647 943.390198 562.859680
0 1568500642 1053.896729 498.353912
0 1478256239 740.082153 371.644867
0 1524815277 1633.505127 621.962097
0 1568503646 1100.474854 445.119507
0 1478220191 629.609741 388.794708
0 1478207174 725.937195 356.006104
0 1524841311 1823.409546 673.596863
0 1478213182 646.286804 396.440491
0 1524813274 1661.482178 661.383911
0 1568516663 944.971008 533.374939
0 1578517672 914.776123 564.787109
0 1578527685 974.199341 454.236053
0 1478240218 761.338196 370.013245
0 1478215185 636.582581 415.777863
0 1524838307 1667.729492 619.816101
0 1478197163 743.385681 362.909973
0 1478221192 782.635620 368.378387
0 1524819281 1762.166016 803.255188
0 2086284946 1082.503540 509.904480
0 1524824288 1495.277710 693.260620
0 1524802260 1771.024658 613.339111
0 1478226199 697.694214 374.898590
0 1578518673 919.745972 507.736420
0 1438981616 1059.878906 570.592041
0 1478238215 654.104004 424.177551
0 1609135173 1132.742554 479.706482
0 1524837305 1752.441162 634.748474
0 1524793249 1625.838379 663.554260
0 1568515662 1156.716553 465.296021
0 1568516664 1168.487427 518.020691
0 1438991628 1165.392578 504.158020
0 1478249230 699.410767 420.795624
0 1438996634 1057.358521 540.157410
0 1578519675 921.989136 481.986206
0 1524829295 1823.694580 720.703308
0 1524864341 1697.238403 659.206665
0 1478255238 597.712524 409.281525
0 1438993631 1154.010986 453.177521
0 1524788244 1612.330566 643.409668
0 1772785076 916.084412 549.769470
0 1524828293 1594.100464 733.989136
0 1478203171 608.320129 390.420410
0 1524798255 1680.010742 807.724792
0 1478199165 672.314758 385.533691
0 1578528686 1080.923706 496.463654
0 1478192156 655.470886 378.139740
0 1478228201 767.307251 352.798737
0 1772037075 1142.998535 534.330627
0 1578515670 1077.918945 470.898926
0 1524851323 1691.998047 704.382996
0 1478218188 618.367676 372.555145
0 1478202169 758.231384 378.972992
0 1478254236 623.195068 363.971619
0 1478246226 592.183899 419.111908
0 1524809269 1785.106079 722.936279
0 1524822285 1639.154541 809.947510
0 1524841310 1497.633057 630.481873
0 1478235210 652.441162 345.896545
0 1578515669 924.091431 457.853668
0 1524854328 1746.647705 725.161682
0 0 1716.805176 650.592346
0 1 1029.017456 270.076263
0 2 867.734436 300.170502
0 3 1280.971924 858.442627
0 4 824.556702 399.604248
0 5 1257.156616 300.554718
0 6 1084.647705 830.447388
0 7 817.544556 373.063446
0 8 717.186951 610.033203
0 9 147.366562 791.356628
0 10 783.257202 654.552673
0 11 439.353943 499.054535
0 12 582.281250 809.778809
0 13 700.814575 333.354431
0 14 316.403717 760.252258
0 15 1404.718872 284.123627
0 16 1324.891113 290.597168
0 17 391.436798 808.192444
0 18 1193.108154 304.215759
0 19 996.080383 288.644806
0 20 272.305786 732.263916
0 21 775.181213 579.732971
0 22 340.810333 678.181763
0 23 931.114929 839.149353
0 24 820.381714 331.536285
0 25 1079.445679 285.281067
0 26 1165.310669 280.128265
0 27 419.484070 568.345215
0 28 1200.555664 786.408203
0 29 744.392517 538.522461
0 30 1046.366211 608.024841
0 31 636.387695 349.157227
0 32 1169.015503 638.297058
0 33 1336.739014 270.876678
0 34 1483.532593 400.396088
0 35 890.577026 777.975281
0 36 1397.715698 367.841949
0 37 1513.753418 597.925232
0 38 1307.016968 792.420715
0 39 1450.102051 640.503662
