0 1578512666 929.253723 597.060303
0 1524823287 1696.617676 858.153015
0 1478234209 726.312378 349.835358
0 1707269176 942.376709 500.446228
0 1438989626 1075.972900 625.800598
0 1524801259 1434.079834 811.733032
0 1438992629 1017.366150 589.156799
0 1478227200 614.550476 348.910767
0 1524854327 1409.559570 745.402588
0 1478249229 543.363220 351.627838
0 1524807266 1412.897705 967.916931
0 1524863340 1705.784302 936.023865
0 1524831297 1494.502808 975.184204
0 1478229202 608.608398 357.131226
0 1568509654 1017.834656 574.252258
0 1524790246 1666.819092 932.573425
0 1578523681 1045.790527 497.101990
0 1478207175 577.995178 337.347137
0 1524861337 1654.649414 787.282043
0 1478210178 652.067322 327.277771
0 1524862338 1394.795776 908.485046
0 1478186149 641.512756 342.695251
0 1524797254 1576.223267 982.461670
0 1578518674 940.689514 512.867615
0 1438985621 1019.946899 507.066925
0 1524857331 1646.519409 830.360596
0 1478203170 631.440918 325.543976
0 1438994632 902.683899 579.286377
0 1578520676 1046.118774 607.134216
0 1478237213 721.456055 404.139313
0 1568511657 905.200073 564.572815
0 1775370079 927.096008 612.946350
0 1478195160 755.310364 335.956055
0 1568510655 900.074585 594.544983
0 1478257240 703.366394 392.828827
0 1578521677 882.816345 534.340759
0 1524794250 1586.759644 781.354858
0 1524812272 1460.126587 791.682068
0 1769859072 935.272705 552.747742
0 1578525683 987.656616 602.094727
0 1770636073 885.540649 521.140198
0 1524846317 1682.514648 962.219482
0 1524833300 1469.432251 814.832886
0 1568511656 1071.263916 499.273468
0 1438985620 1019.145020 532.573242
0 1478185148 734.646912 334.219147
0 1707993177 839.112427 491.632507
0 1478189152 698.373047 402.184753
0 1524791247 1651.876343 904.348999
0 1524830296 1627.880249 929.125305
0 2088218948 992.399231 530.284485
0 1524827292 1660.318481 854.962830
0 1606348170 994.078552 504.859039
0 1524855329 1370.742065 829.512939
0 1478183145 716.656799 413.805023
0 1438990627 907.627930 550.375427
0 1524840309 1633.324341 806.835266
0 1478222194 663.390747 379.951508
0 1709860179 808.271423 602.686829
0 1478188151 589.751892 383.218079
0 1438988624 965.665955 527.996826
0 1478243222 537.052429 388.524719
0 1524843313 1762.446777 969.317139
0 1524844315 1535.348633 978.821655
0 1524858333 1727.952881 911.068054
0 1524811271 1378.385376 854.606995
0 1524859334 1711.918091 883.990601
0 1478216186 708.217407 383.739716
0 1524851324 1575.374268 759.849670
0 1524814275 1390.992676 785.633484
0 1578514668 888.174194 508.379639
0 1478184146 680.625488 390.905151
0 1524829294 1613.875610 900.992798
0 1478176143 606.134216 394.374298
0 1524860336 1356.456909 782.611938
0 1478222193 580.438477 363.720032
0 1438997636 1018.286804 559.871216
0 1478194158 652.235107 398.277954
0 1478201168 599.159912 339.129181
0 1478187150 709.604919 340.162506
0 1478205172 620.332397 340.911896
0 1524838306 1472.386108 915.355896
0 1568514660 918.592285 486.258942
0 1524865342 1343.366943 739.635315
0 2085418945 824.773438 543.265564
0 1524808268 1425.549316 788.656860
0 1478200167 657.495850 352.529938
0 1478194159 593.089905 347.102234
0 1568501643 914.425842 510.623108
0 1478239216 669.814819 409.834534
0 1524820283 1451.219116 769.521423
0 1438989625 858.857056 518.856812
0 1568505649 966.965210 515.113159
0 1478255237 751.472900 343.684723
0 1524804262 1349.771973 760.664551
0 1568506650 861.934570 506.137177
0 1478217187 739.322021 368.156830
0 1568505648 855.673462 532.014832
0 1568497640 969.437805 490.593292
0 1578511665 944.009460 488.425629
0 1478258241 683.896851 346.263977
0 1524796253 1500.022949 890.937317
0 1478206173 571.637329 345.294342
0 1524826291 1415.349487 857.863464
0 1578529688 820.868713 557.325623
0 1478233207 693.342224 330.747192
0 1708834178 938.945190 525.710205
0 1478189153 596.216492 374.274719
0 1568499641 958.447754 599.576904
0 1478245224 713.990845 332.482819
0 1524852325 1424.245605 884.244690
0 1478219190 529.518066 397.942444
0 1578525682 877.075867 562.155884
0 1478232206 567.055969 381.298187
0 1524818280 1504.806274 817.934631
0 1524850322 1443.379150 940.984985
0 1438996635 916.543213 498.241333
0 1524832299 1515.348877 842.221924
0 1478242220 667.767456 336.642853
0 1524789245 1781.031372 1000.700562
0 1438999639 1074.793213 594.099365
0 1478196161 700.473328 356.151764
0 1478252234 735.043945 376.773010
0 1524803261 1611.058472 827.251282
0 1478211179 529.120850 368.604584
0 1578523680 870.910278 592.031006
0 1578530689 1046.027832 576.675110
0 1568508653 1073.176147 550.652771
0 1524826290 1453.685913 971.549316
0 1524847319 1550.080811 922.235962
0 1524810270 1442.684448 748.288696
0 1524835302 1479.163208 839.041687
0 1524821284 1744.775879 939.476685
0 1524799257 1526.384521 867.645447
0 1478233208 640.990540 378.058472
0 1608354172 832.185791 516.574463
0 1524835303 1383.567871 763.615051
0 1478251232 747.531921 351.621979
0 1524812273 1398.749146 808.635071
0 1706512175 1046.166748 623.227112
0 1438986622 837.954529 605.249695
0 1478211180 636.019165 350.720001
0 1524823286 1689.902100 907.707397
0 1478223195 712.931885 374.906128
0 1478244223 652.146545 360.803650
0 1438987623 852.378296 545.634399
0 1478193157 624.568970 367.445862
0 1478198164 688.682373 338.402344
0 1524862339 1587.788208 848.588318
0 1478236212 646.408142 407.850494
0 1478240217 675.299500 400.230957
0 1478214183 625.960510 333.125763
0 1578521678 1045.943359 548.319153
0 1524844314 1433.577881 911.919373
0 1524848320 1518.949585 775.434631
0 1524806265 1489.349121 864.382690
0 1524787243 1562.823242 951.591248
0 1478241219 612.456787 385.138672
0 1524799256 1443.000244 835.863464
0 1478190154 599.623474 403.884827
0 1478226198 618.599182 376.166229
0 1478208176 565.103394 353.461609
0 1478214184 726.116333 394.753265
0 2084722944 879.996460 548.004333
0 1578522679 989.655273 571.830566
0 1524825289 1740.011719 997.047668
0 1774531078 1045.984863 562.248108
0 1525674169 988.674072 586.687317
0 1478197162 563.307251 327.854889
0 1524815276 1406.859863 832.687195
0 1768901071 867.653015 607.813965
0 1578526684 933.338074 566.990906
0 1478182144 646.860168 334.883972
0 1524853326 1403.619385 937.454468
0 1478218189 693.231018 411.819397
0 1578513667 937.140625 538.995789
0 1438983618 912.236694 523.424683
0 1478224196 657.893616 388.982208
0 1478247227 610.822021 323.810791
0 1524792248 1608.594360 762.744080
0 1524795252 1722.466797 965.767029
0 1524808267 1540.202026 821.038269
0 1478191155 583.097717 392.423676
0 1524856330 1617.126953 986.104309
0 1478236211 743.483093 359.776337
0 1478258242 569.606445 320.346344
0 1478212181 629.180054 396.325745
0 1478185147 685.799683 381.845215
0 1568502645 1019.552673 519.607300
0 1568508652 909.972046 536.667725
0 1438984619 864.911133 493.834442
0 1659977623 949.921936 546.987366
0 1478209177 672.701050 329.012146
0 1438982617 962.930725 555.121094
0 1524805264 1552.844727 778.393860
0 1771287074 1045.826782 509.275818
0 2087111947 874.049072 576.821899
0 1524817279 1386.394287 880.901672
0 1524795251 1511.220459 918.794800
0 1478230204 646.646912 369.309875
0 1478230203 584.184082 329.611206
0 1524847318 1624.041992 851.774536
0 1578516671 994.877441 492.761902
0 1568513659 961.489807 569.410156
0 1578529687 1045.864380 521.855957
0 1524819282 1462.121826 887.589905
0 1478253235 635.170654 387.060089
0 1524836304 1563.443604 870.910339
0 1478243221 605.068481 331.368134
0 1568501644 867.791748 481.928406
0 1438998637 1072.673706 537.153870
0 1524816278 1475.828369 751.176453
0 1705773174 986.600525 618.084106
0 1524845316 1699.021118 993.397217
0 1524842312 1658.059448 989.749512
0 1568507651 1075.372070 609.656006
0 1438999638 845.428589 574.358643
0 1478252233 730.643799 385.634918
0 1438993630 897.366760 610.379456
0 1478237214 544.369080 379.379089
0 1524857332 1668.026367 809.871399
0 1478248228 668.733398 371.174561
0 1478225197 552.877014 399.922424
0 1524859335 1588.967407 925.679443
0 1524832298 1537.948975 894.286926
0 1478200166 506.168701 395.963257
0 1478250231 721.974243 357.963745
0 1478245225 551.477356 370.493896
0 1438995633 1016.375854 620.654907
0 1524804263 1575.619385 824.143799
0 1524839308 1575.899780 897.638794
0 1524849321 1417.383545 766.567383
0 1568512658 1016.880249 604.613831
0 1568514661 1018.723267 545.986694
0 1478231205 730.535095 341.923340
0 1773608077 931.333069 581.752136
0 1438977615 968.221802 502.652130
0 1524834301 1598.643311 803.801025
0 1607644171 890.721436 496.037384
0 1524800258 1642.589966 958.674316
0 1568504647 841.760742 589.518311
0 1568500642 964.321960 541.325012
0 1478256239 673.927979 362.640869
0 1524815277 1508.991211 754.065918
0 1568503646 1020.328308 494.931458
0 1478220191 558.386047 361.858215
0 1478207174 662.700928 344.479279
0 1524841311 1682.002197 833.471924
0 1478213182 573.842529 372.383942
0 1524813274 1529.343506 797.737915
0 1568516663 848.965393 559.740173
0 1578517672 812.625977 587.006775
0 1578527685 893.186401 484.093201
0 1478240218 695.717712 364.478821
0 1478215185 560.070435 390.473816
0 1524838307 1542.173218 756.956970
0 1478197163 678.980591 354.340515
0 1478221192 717.515747 366.317474
0 1524819281 1602.692871 955.131531
0 2086284946 990.602051 557.495605
0 1524824288 1363.440063 805.539001
0 1524802260 1641.833496 765.640198
0 1478226199 630.373352 358.967072
0 1578518673 828.543457 529.690063
0 1438981616 956.840576 615.514526
0 1478238215 576.245483 401.903229
0 1609135173 1045.903076 534.862976
0 1524837305 1620.694580 784.317627
0 1524793249 1494.724731 794.709106
0 1568515662 1072.188110 524.105591
0 1568516664 1074.234863 579.099121
0 1438991628 1073.696289 564.626038
0 1478249230 623.011108 405.867279
0 1438996634 959.996460 584.219116
0 1578519675 835.706787 503.895752
0 1524829295 1674.763794 880.717407
0 1524864341 1563.983032 800.768616
0 1478255238 521.691101 377.460754
0 1438993631 1071.718506 511.485718
0 1524788244 1485.074341 772.477173
0 1772785076 816.822205 571.896545
0 1524828293 1452.337524 861.122009
0 1478203171 536.342041 359.997070
0 1524798255 1522.981079 948.053406
0 1478199165 602.499451 365.582611
0 1578528686 991.516235 543.655273
0 1478192156 586.851746 355.296082
0 1478228201 705.100708 348.049316
0 1772037075 1046.072510 591.627441
0 1578515670 993.252869 517.359741
0 1524851323 1551.557129 845.404114
0 1478218188 550.192810 343.487152
0 1478202169 690.828369 373.039978
0 1478254236 556.838318 335.565765
0 1478246226 514.043579 386.576416
0 1524809269 1637.633301 877.446289
0 1524822285 1483.166382 944.517944
0 1524841310 1376.453735 742.518127
0 1478235210 590.210571 322.078247
0 1578515669 842.408325 479.764587
0 1524854328 1600.526489 874.177246
0 0 604.408569 793.807068
0 1 1482.969482 729.843201
0 2 1373.211426 692.087097
0 3 432.312195 781.037415
0 4 1325.499634 486.477753
0 5 1602.986206 877.805115
0 6 766.602417 831.298401
0 7 1156.268799 335.566010
0 8 1094.545410 336.073395
0 9 922.610046 363.139404
0 10 1214.492676 337.700928
0 11 1177.743164 386.073090
0 12 491.112671 354.997284
0 13 869.302917 339.344910
0 14 436.903595 365.043182
0 15 667.765015 429.402374
0 16 646.322205 881.025146
0 17 690.026001 328.557404
0 18 1459.251709 492.958130
0 19 1017.679504 684.791931
0 20 1450.090942 603.337891
0 21 1318.513062 350.911835
0 22 1406.622803 529.177490
0 23 174.021744 571.547791
0 24 1486.652832 569.009094
0 25 648.879456 582.780273
0 26 657.559509 651.599670
0 27 1469.103760 532.007019
0 28 1148.983276 363.106201
0 29 1325.439453 398.075867
0 30 1370.913208 647.477844
0 31 966.939819 873.248779
0 32 822.019531 297.283875
0 33 736.707092 426.110168
0 34 738.904419 321.068726
0 35 1157.382202 914.817322
0 36 913.811890 680.657349
0 37 929.144836 310.133942
0 38 1006.990906 352.066315
0 39 730.971741 301.540588
