0 1578512666 924.778259 672.014893
0 1524823287 1285.160522 1036.214233
0 1478234209 1018.650757 504.838013
0 1707269176 1029.225708 623.622925
0 1438989626 1002.863647 718.310547
0 1524801259 1091.960815 912.913269
0 1438992629 995.896790 686.194580
0 1478227200 941.223022 489.735870
0 1524854327 1147.496338 871.446167
0 1478249229 892.258423 482.521729
0 1524807266 907.287109 978.204651
0 1524863340 1192.174194 1077.556152
0 1524831297 961.550781 1010.287537
0 1478229202 929.760437 493.475464
0 1568509654 1011.346313 678.439575
0 1524790246 1158.873413 1059.061157
0 1578523681 1115.003662 642.127563
0 1478207175 927.393311 478.942932
0 1524861337 1337.119873 982.473328
0 1478210178 987.186951 482.430511
0 1524862338 954.514648 945.561829
0 1478186149 965.314087 489.703278
0 1524797254 1019.523010 1044.562988
0 1578518674 1015.351746 630.050964
0 1438985621 1083.072021 642.436218
0 1524857331 1270.039429 1001.193604
0 1478203170 974.416443 478.906769
0 1438994632 923.220581 657.686157
0 1578520676 999.295349 701.861267
0 1478237213 962.954529 534.334290
0 1568511657 938.911743 650.598999
0 1775370079 908.336487 679.632568
0 1478195160 1054.012207 500.869659
0 1568510655 907.138855 664.949768
0 1478257240 961.053528 525.571167
0 1578521677 952.098511 630.617737
0 1524794250 1273.261841 952.418213
0 1524812272 1138.361572 911.781616
0 1769859072 971.711792 650.269958
0 1578525683 961.218689 686.610474
0 1770636073 966.753174 624.161438
0 1524846317 1137.052490 1079.404419
0 1524833300 1119.410767 926.521301
0 1568511656 1133.985352 648.641846
0 1438985620 1055.432129 656.310303
0 1478185148 1040.235474 497.068207
0 1707993177 962.203674 600.206238
0 1478189152 948.862305 529.959595
0 1524791247 1179.828735 1039.524780
0 1524830296 1126.703857 1041.194458
0 2088218948 1036.964600 649.615234
0 1524827292 1251.705688 1019.173523
0 1606348170 1064.761719 636.038818
0 1524855329 1019.290710 900.790039
0 1478183145 950.558411 538.889954
0 1438990627 954.226379 643.681885
0 1524840309 1287.688721 983.884888
0 1478222194 945.647156 513.030640
0 1709860179 839.810120 651.593323
0 1478188151 894.100830 505.109131
0 1438988624 1018.874146 643.056885
0 1478243222 856.407471 501.258057
0 1524844315 990.049988 1027.137451
0 1524858333 1246.965454 1075.718994
0 1524811271 998.450989 915.194031
0 1524859334 1266.447144 1055.569214
0 1478216186 973.012268 521.266418
0 1524851324 1289.961304 936.849609
0 1524814275 1084.627319 885.835754
0 1578514668 981.071777 617.853088
0 1478184146 947.226318 521.345276
0 1524829294 1147.937622 1022.331909
0 1478176143 894.757812 513.163452
0 1524860336 1058.899780 873.413025
0 1478222193 905.373840 493.513336
0 1438997636 1026.409302 670.878601
0 1478194158 921.368347 521.424377
0 1478201168 939.844238 482.475983
0 1478187150 1015.935059 497.110962
0 1478205172 952.483032 486.062378
0 1524838306 1008.259399 975.411316
0 1568514660 1025.599854 611.444885
0 1524865342 1095.969604 847.791016
0 2085418945 903.856018 624.703552
0 1524808268 1111.103394 898.619873
0 1478200167 967.141663 497.196716
0 1478194159 928.557434 486.090027
0 1568501643 998.042236 623.891724
0 1478239216 922.540100 530.052368
0 1524820283 1156.668091 897.542847
0 1438989625 950.061218 618.110107
0 1568505649 1033.010498 636.334412
0 1478255237 1043.360596 504.784180
0 1524804262 1077.736572 860.393372
0 1568506650 964.430603 611.931702
0 1478217187 1010.200745 516.970825
0 1568505648 935.357971 624.432007
0 1568497640 1060.303955 623.355103
0 1578511665 1042.782593 617.341858
0 1478258241 991.570557 497.153778
0 1524796253 1058.334717 974.026001
0 1478206173 916.081787 482.498840
0 1524826291 1024.630615 928.906738
0 1578529688 888.410217 631.188477
0 1478233207 1013.308838 489.638336
0 1708834178 1001.149292 636.631104
0 1478189153 906.205078 501.160187
0 1568499641 942.800598 679.233398
0 1478245224 1026.669312 493.324890
0 1524852325 1003.191467 944.297607
0 1478219190 843.808777 505.218597
0 1578525682 921.732361 643.996033
0 1478232206 881.339661 501.209045
0 1524818280 1147.698486 940.544495
0 1524850322 957.910950 976.804138
0 1438996635 1011.978699 617.597107
0 1524832299 1128.278564 956.304382
0 1478242220 989.342651 489.670776
0 1438999639 1034.677368 701.406921
0 1478196161 993.874634 504.891937
0 1478252234 998.726440 521.187744
0 1524803261 1237.987427 985.304199
0 1478211179 868.571960 489.834137
0 1578523680 889.870483 658.033264
0 1578530689 1030.445190 685.780334
0 1568508653 1079.386719 677.651672
0 1524826290 933.977966 993.985352
0 1524847319 1065.535767 1007.222168
0 1524810270 1174.362671 883.780090
0 1524835302 1099.781372 941.789001
0 1524799257 1108.139160 972.648132
0 1478233208 932.290894 509.010925
0 1608354172 933.693542 612.176270
0 1524835303 1103.304810 872.427185
0 1478251232 1032.511963 508.771210
0 1524812273 1065.311646 899.702271
0 1706512175 983.098083 710.222961
0 1438986622 856.400269 658.381592
0 1478211180 954.082947 493.437683
0 1524823286 1212.818726 1057.310059
0 1478223195 984.745117 517.042969
0 1478244223 955.737061 501.062836
0 1438987623 920.309021 630.902710
0 1478193157 931.004150 501.111450
0 1478198164 1002.537109 493.362396
0 1524862339 1188.013550 986.731201
0 1478236212 908.877441 525.742798
0 1478240217 935.002197 525.656860
0 1478214183 963.545837 482.453217
0 1578521678 1060.039185 670.502625
0 1524844314 980.966248 960.252930
0 1524848320 1213.222046 924.160278
0 1524806265 1079.435913 957.613586
0 1524787243 1042.980713 1025.526367
0 1478241219 907.065125 509.071259
0 1524799256 1072.142822 927.710938
0 1478190154 882.216797 517.333374
0 1478226198 919.145142 505.054596
0 1478208176 904.569885 486.117706
0 1478214184 975.109985 529.867065
0 2084722944 937.095764 637.227478
0 1578522679 992.656311 671.255981
0 1774531078 1045.429321 678.044922
0 1525674169 977.136963 678.835815
0 1478197162 926.266113 472.022888
0 1524815276 1045.324463 914.050720
0 1768901071 873.343750 665.314392
0 1578526684 956.451111 657.340332
0 1478182144 976.347107 486.034821
0 1524853326 931.334961 961.583252
0 1478218189 936.431885 534.434143
0 1578513667 986.606812 643.368835
0 1438983618 983.779236 630.333862
0 1478224196 933.622742 517.187805
0 1478247227 961.834167 475.434875
0 1524792248 1321.081543 951.136475
0 1524808267 1176.862305 955.002136
0 1478191155 881.770630 509.131744
0 1524856330 1050.020752 1062.594604
0 1478236211 1021.460632 512.832703
0 1478258242 937.216919 468.642212
0 1478212181 907.955383 517.260498
0 1478185147 959.219238 517.115234
0 1568502645 1069.418823 649.289612
0 1568508652 969.177917 636.928772
0 1438984619 978.477173 605.892029
0 1659977623 988.068237 650.105774
0 1478209177 1000.149536 486.007294
0 1438982617 989.562866 656.995789
0 1524805264 1242.786377 938.074890
0 1771287074 1101.758789 648.965149
0 2087111947 905.995239 650.929260
0 1524817279 976.872375 930.108704
0 1524795251 1036.434692 991.059692
0 1478230204 944.122070 505.000244
0 1478230203 938.509521 475.448456
0 1524847318 1219.340820 1002.688110
0 1578516671 1078.174194 629.487976
0 1568513659 974.362000 664.224487
0 1578529687 1088.191162 655.969421
0 1524819282 1030.332642 958.929688
0 1478253235 920.237366 513.096985
0 1524836304 1137.765137 988.166077
0 1478243221 950.934753 478.924805
0 1568501644 992.211792 599.986511
0 1438998637 1093.546753 670.127991
0 1524816278 1202.007080 896.471191
0 1705773174 944.885925 694.587524
0 1568507651 1018.981934 709.746338
0 1438999638 889.124023 644.311340
0 1478252233 987.031738 525.485657
0 1438993630 890.651855 672.396423
0 1478237214 868.776855 497.369629
0 1524857332 1320.457275 999.707336
0 1478248228 957.448120 508.950745
0 1478225197 856.407104 509.192413
0 1524859335 1095.609009 1023.924622
0 1524832298 1087.239502 989.608887
0 1478200166 831.408264 501.307220
0 1478250231 1007.558472 508.830902
0 1478245225 880.923096 493.551331
0 1438995633 963.777100 702.317383
0 1524804263 1206.944092 969.914795
0 1524839308 1117.091309 1005.702393
0 1524849321 1129.604736 884.805359
0 1568512658 980.045715 694.151245
0 1568514661 1041.100098 663.504456
0 1478231205 1029.541260 500.917755
0 1773608077 940.811401 664.586487
0 1438977615 1046.816528 629.768921
0 1524834301 1255.948730 968.559021
0 1607644171 995.065735 611.687927
0 1524800258 1104.608398 1060.822510
0 1568504647 872.961548 651.260742
0 1568500642 1004.395874 649.942017
0 1478256239 969.031799 504.945984
0 1524815277 1230.463745 909.535156
0 1568503646 1096.403809 635.744202
0 1478220191 892.852173 489.801270
0 1478207174 978.341797 493.399994
0 1524841311 1303.150146 1017.607788
0 1478213182 893.466003 497.326233
0 1524813274 1195.366089 939.306458
0 1568516663 904.902039 637.527222
0 1578517672 856.400940 644.627625
0 1578527685 1008.745972 605.660889
0 1478240218 982.537170 508.890747
0 1478215185 868.988770 505.163757
0 1524838307 1259.768921 922.988831
0 1478197163 980.403992 501.014343
0 1478221192 996.258423 512.898499
0 1524819281 1073.269653 1042.873901
0 2086284946 1007.791321 663.863770
0 1524824288 1039.428589 886.871094
0 1524802260 1353.173462 965.869385
0 1478226199 942.648193 497.239777
0 1578518673 918.946411 618.367859
0 1438981616 926.410217 687.027832
0 1478238215 869.208130 513.230164
0 1609135173 1074.288696 663.146362
0 1524837305 1304.691284 967.210632
0 1524793249 1166.436646 925.337769
0 1568515662 1107.358154 662.789612
0 1568516664 1049.966431 693.283447
0 1438991628 1064.864624 685.367615
0 1478249230 895.438110 521.503723
0 1438996634 958.779419 671.634705
0 1578519675 948.108887 606.123962
0 1524829295 1232.646729 1037.864746
0 1524864341 1225.189453 953.706848
0 1478255238 856.407776 493.589417
0 1438993631 1120.833618 655.629639
0 1524788244 1184.528564 910.655579
0 1772785076 872.596313 637.828003
0 1524828293 1051.613037 943.040039
0 1478203171 880.520203 486.145508
0 1524798255 1013.689697 1008.750549
0 1478199165 918.089661 497.282928
0 1578528686 1022.556274 656.652405
0 1478192156 917.069153 489.768555
0 1478228201 1005.005371 500.965973
0 1772037075 1015.072266 693.716492
0 1578515670 1051.029053 642.746033
0 1524851323 1157.674805 971.277771
0 1478218188 903.791931 478.961090
0 1478202169 970.987488 512.964478
0 1478254236 915.126160 475.462036
0 1478246226 844.021973 497.413116
0 1524809269 1199.968994 1020.748230
0 1524822285 985.348328 992.518433
0 1524841310 1121.375488 859.454529
0 1478235210 949.435547 472.013733
0 1578515669 975.988281 594.418762
0 1524854328 1168.358887 1004.191040
0 0 1282.923828 874.739685
0 1 1446.236572 556.160706
0 2 858.346191 560.723267
0 3 1204.782715 893.309265
0 4 679.292664 639.698669
0 5 1498.410889 642.409912
0 6 770.334290 898.737610
0 7 1119.802734 804.673218
0 8 1216.793701 754.991699
0 9 549.965759 532.972046
0 10 1034.921753 795.888550
0 11 1265.508301 812.297913
0 12 520.550659 679.331299
0 13 1514.529541 695.593201
0 14 487.091278 656.358582
0 15 886.222412 762.074097
0 16 1323.575195 846.387634
0 17 425.461426 575.883179
0 18 1092.153809 512.748169
0 19 1031.035156 502.177124
0 20 684.063110 784.818604
0 21 969.885864 492.707794
0 22 735.583069 825.426514
0 23 665.604797 835.046448
0 24 1210.877441 543.987732
0 25 1258.982422 523.638428
0 26 1175.046265 503.259552
0 27 1159.369507 530.320801
0 28 779.780762 472.602448
0 29 1115.046509 480.107513
0 30 820.486633 578.585205
0 31 1424.019653 740.574524
0 32 629.615784 617.599731
0 33 1463.261108 580.323242
0 34 736.468506 660.626648
0 35 1443.165649 705.259399
0 36 879.451599 540.911987
0 37 678.451172 599.780334
0 38 713.125549 495.176941
0 39 624.250000 646.431519
