0 1578512666 962.632019 661.435242
0 1524823287 1755.877930 908.848206
0 1478234209 752.395813 420.020660
0 1707269176 972.224915 563.903564
0 1438989626 1111.196533 686.584167
0 1524801259 1483.597656 867.309265
0 1438992629 1050.757202 651.097778
0 1478227200 641.937805 422.370331
0 1524854327 1454.937988 799.776978
0 1478249229 571.809631 427.130219
0 1524807266 1470.500854 1029.522949
0 1524863340 1770.431152 989.548096
0 1524831297 1554.862061 1035.233276
0 1478229202 636.280396 430.673340
0 1568509654 1050.636963 636.046997
0 1524790246 1729.951294 986.863831
0 1578523681 1075.588379 557.671204
0 1478207175 605.602478 412.011871
0 1524861337 1708.159790 836.641663
0 1478210178 678.402649 399.893005
0 1524862338 1448.676514 968.212158
0 1478186149 668.390198 415.437439
0 1524797254 1639.551636 1040.965942
0 1578518674 970.994934 576.408386
0 1438985621 1050.096680 568.391357
0 1524857331 1702.524902 881.306519
0 1478203170 658.005981 398.787872
0 1438994632 935.366394 644.226013
0 1578520676 1080.379395 668.490173
0 1478237213 749.161865 474.019196
0 1568511657 937.361206 629.340820
0 1775370079 961.048828 677.531433
0 1478195160 780.679871 405.434479
0 1568510655 933.295776 659.677551
0 1478257240 730.915527 463.306061
0 1578521677 913.908203 599.555054
0 1524794250 1638.139404 832.237061
0 1524812272 1509.110718 846.026184
0 1769859072 967.039368 616.625122
0 1578525683 1021.425049 664.957886
0 1770636073 916.170288 586.229797
0 1524846317 1748.085938 1017.405762
0 1524833300 1519.932983 869.632385
0 1568511656 1101.208130 559.140503
0 1438985620 1050.301514 594.039795
0 1478185148 760.185242 404.324066
0 1707993177 868.833374 557.945068
0 1478189152 726.234314 472.739227
0 1524791247 1712.727539 957.856262
0 1524830296 1689.546143 984.184570
0 2088218948 1023.408142 592.473938
0 1524827292 1718.282593 906.423767
0 1606348170 1024.108032 566.893555
0 1524855329 1419.831055 887.177307
0 1478183145 744.683960 483.763275
0 1438990627 939.284058 614.991272
0 1524840309 1687.487427 857.336792
0 1478222194 690.996948 451.684204
0 1709860179 841.682251 670.334473
0 1478188151 618.311523 457.045288
0 1438988624 996.548401 590.909912
0 1478243222 566.428223 463.817780
0 1524843313 1831.302612 1022.979797
0 1524844315 1597.165771 1038.096924
0 1524858333 1791.692383 963.042175
0 1524811271 1428.977905 912.873352
0 1524859334 1773.345581 935.280090
0 1478216186 735.460938 454.146576
0 1524851324 1625.175415 810.403625
0 1524814275 1438.167603 841.527771
0 1578514668 918.355225 573.359314
0 1478184146 708.347107 462.051270
0 1524829294 1673.352051 955.270325
0 1478176143 634.769775 467.633087
0 1524860336 1402.782837 839.284058
0 1478222193 608.645935 438.009735
0 1438997636 1050.521118 621.539307
0 1478194158 680.453064 470.183411
0 1478201168 626.511108 413.152588
0 1478187150 735.593201 410.938080
0 1478205172 647.440308 414.294464
0 1524838306 1528.670532 973.516663
0 1568514660 947.946350 550.351379
0 1524865342 1387.214844 795.549561
0 2085418945 856.233154 610.102478
0 1524808268 1473.610107 843.775085
0 1478200167 684.434448 424.697205
0 1478194159 620.721191 421.208618
0 1568501643 944.658936 574.882935
0 1478239216 698.163574 481.155304
0 1524820283 1498.769897 823.470093
0 1438989625 889.444397 584.673645
0 1568505649 997.363342 577.935730
0 1478255237 777.113403 413.195404
0 1524804262 1394.826050 816.931580
0 1568506650 892.083740 571.837585
0 1478217187 765.810059 437.791901
0 1568505648 886.711853 597.963013
0 1568497640 998.912231 553.274109
0 1578511665 973.414185 551.811890
0 1478258241 710.351685 417.726807
0 1524796253 1555.650024 947.540405
0 1478206173 599.525696 420.048065
0 1524826291 1466.972900 915.345520
0 1578529688 852.795044 624.334229
0 1478233207 719.254761 402.106415
0 1708834178 969.722229 589.347961
0 1478189153 624.474487 448.000244
0 1568499641 992.008423 663.195312
0 1478245224 739.710144 403.214722
0 1524852325 1477.534180 942.410339
0 1478219190 559.208557 473.365387
0 1578525682 909.135376 627.669739
0 1478232206 595.861938 455.797089
0 1524818280 1556.329102 871.959351
0 1524850322 1500.322998 1000.809875
0 1438996635 946.330261 562.411194
0 1524832299 1568.545166 896.767578
0 1478242220 694.153625 408.685120
0 1524789245 1852.724731 1055.395630
0 1438999639 1108.685791 654.547607
0 1478196161 727.015991 427.028778
0 1478252234 761.826660 446.459991
0 1524803261 1665.884033 878.963867
0 1478211179 558.159119 444.327759
0 1578523680 903.999634 657.922302
0 1578530689 1079.049438 637.729126
0 1568508653 1105.253540 610.756409
0 1524826290 1512.640625 1032.375366
0 1524847319 1608.959839 978.840759
0 1524810270 1488.879150 801.895691
0 1524835302 1531.271118 894.363770
0 1524821284 1810.986206 992.237427
0 1524799257 1581.358398 922.788147
0 1478233208 668.799683 450.454956
0 1608354172 862.751770 583.119507
0 1524835303 1429.418701 819.107544
0 1478251232 773.448975 421.169281
0 1524812273 1447.323120 864.989990
0 1706512175 1081.083008 684.768555
0 1438986622 871.461670 672.129944
0 1478211180 663.175537 423.533203
0 1524823286 1752.174316 960.446899
0 1478223195 739.876282 445.249084
0 1478244223 679.369568 433.041412
0 1438987623 883.881042 611.730042
0 1478193157 652.299683 440.417908
0 1478198164 714.863403 409.811035
0 1524862339 1643.285278 901.587341
0 1478236212 674.941406 479.853455
0 1478240217 703.331421 471.460632
0 1478214183 652.794434 406.436554
0 1578521678 1077.813965 609.150146
0 1524844314 1488.636719 970.861938
0 1524848320 1568.343140 827.846558
0 1524806265 1543.162964 920.302917
0 1524787243 1623.852295 1009.084167
0 1478241219 640.784790 458.294800
0 1524799256 1494.060913 891.964233
0 1478190154 628.572754 477.253967
0 1478226198 646.625549 449.226959
0 1478208176 593.278198 428.310059
0 1478214184 753.507812 464.562195
0 2084722944 911.564697 613.359619
0 1578522679 1022.262024 634.367126
0 1524825289 1809.923462 1052.498413
0 1774531078 1078.420654 623.181641
0 1525674169 1021.851318 649.376404
0 1478197162 590.905823 403.071869
0 1524815276 1456.914307 889.568726
0 1768901071 901.282471 673.927917
0 1578526684 965.624207 631.014038
0 1478182144 673.464050 407.560272
0 1524853326 1459.302002 998.062256
0 1478218189 721.411133 482.458557
0 1578513667 968.404541 602.745300
0 1438983618 942.929565 587.787964
0 1478224196 685.802551 460.797791
0 1478247227 637.628723 397.683838
0 1524792248 1659.383179 812.538940
0 1524795252 1789.654663 1020.190063
0 1524808267 1592.786133 874.290222
0 1478191155 611.964844 466.359955
0 1524856330 1682.020142 1043.840698
0 1478236211 769.682617 429.364990
0 1478258242 596.932678 395.478882
0 1478212181 657.599182 468.907562
0 1478185147 713.217346 452.914764
0 1568502645 1050.197266 580.996094
0 1568508652 941.139038 601.149170
0 1438984619 894.634521 559.432007
0 1659977623 981.495422 610.431396
0 1478209177 698.818909 400.999176
0 1438982617 994.830566 618.261108
0 1524805264 1603.213257 830.040039
0 1771287074 1076.116821 569.890808
0 2087111947 906.615417 642.513855
0 1524817279 1438.581421 939.852173
0 1524795251 1568.778076 976.176208
0 1478230204 674.160095 441.623840
0 1478230203 611.515381 404.192352
0 1524847318 1680.751709 904.003418
0 1578516671 1024.440674 554.738098
0 1568513659 993.924438 632.689453
0 1578529687 1076.663086 582.529053
0 1524819282 1516.557007 944.973022
0 1478253235 663.281738 459.545624
0 1524836304 1619.620850 925.277771
0 1478243221 632.144897 405.313904
0 1568501644 897.101257 547.435547
0 1438998637 1104.189209 597.177490
0 1524816278 1522.873169 804.017700
0 1705773174 1020.982117 681.144897
0 1524845316 1767.205933 1049.606812
0 1524842312 1724.571533 1046.720947
0 1568507651 1109.917114 670.259888
0 1438999638 877.902893 640.803955
0 1478252233 757.727600 455.379700
0 1438993630 931.144897 675.728394
0 1478237214 573.436096 454.550262
0 1524857332 1723.338501 859.610046
0 1478248228 696.042969 442.831024
0 1478225197 582.304871 474.660187
0 1524859335 1649.215698 981.510193
0 1524832298 1594.813354 950.112427
0 1478200166 536.137329 472.071991
0 1478250231 748.338684 428.196289
0 1478245225 580.241333 445.550659
0 1438995633 1051.011719 682.955444
0 1524804263 1629.304443 876.625122
0 1524839308 1634.047363 952.689026
0 1524849321 1464.066528 821.287109
0 1568512658 1050.881958 666.722778
0 1568514661 1050.409302 607.545898
0 1478231205 756.343201 412.066193
0 1773608077 964.156006 645.940552
0 1438977615 998.150818 565.397644
0 1524834301 1651.694946 855.067139
0 1607644171 920.466858 560.920715
0 1524800258 1706.596191 1014.626648
0 1568504647 874.743469 656.169434
0 1568500642 995.704773 604.343445
0 1478256239 700.946899 434.227203
0 1524815277 1556.920410 806.142944
0 1568503646 1049.999268 556.203796
0 1478220191 586.852600 436.807526
0 1478207174 689.360535 416.581543
0 1524841311 1739.227539 883.653076
0 1478213182 602.346375 446.774811
0 1524813274 1580.286133 850.539246
0 1568516663 880.946655 626.000916
0 1578517672 845.527222 654.418945
0 1578527685 922.508728 548.892639
0 1478240218 722.546082 435.414246
0 1478215185 589.184387 465.088196
0 1524838307 1591.021118 808.271606
0 1478197163 705.714600 425.862427
0 1478221192 744.167114 436.602478
0 1524819281 1665.185059 1011.852783
0 2086284946 1022.657776 619.899170
0 1524824288 1411.108887 862.674622
0 1524802260 1693.644653 814.677612
0 1478226199 657.814148 431.856781
0 1578518673 859.549988 596.372925
0 1438981616 990.994629 679.336853
0 1478238215 605.426208 475.956390
0 1609135173 1077.228516 595.607666
0 1524837305 1673.121460 834.437622
0 1524793249 1544.669434 848.280884
0 1568515662 1103.161499 584.063904
0 1568516664 1107.499634 639.413452
0 1438991628 1106.356201 624.826050
0 1478249230 651.744446 478.553040
0 1438996634 992.984253 647.657288
0 1578519675 865.844421 570.317749
0 1524829295 1734.812866 932.772888
0 1524864341 1615.961426 852.801392
0 1478255238 551.033813 453.304688
0 1438993631 1102.168335 571.392212
0 1524788244 1533.528687 825.656616
0 1772785076 849.228821 639.096313
0 1524828293 1505.034546 917.822083
0 1478203171 565.081604 435.606506
0 1524798255 1582.597900 1006.320923
0 1478199165 630.461670 439.213226
0 1578528686 1023.039673 605.943665
0 1478192156 614.768433 429.491089
0 1478228201 731.363403 418.873169
0 1772037075 1079.702026 652.821472
0 1578515670 1023.764099 579.464966
0 1524851323 1605.883179 899.175354
0 1478218188 578.351318 418.888641
0 1478202169 717.948425 444.039429
0 1478254236 584.714294 410.872223
0 1478246226 543.696411 462.548737
0 1524809269 1696.347900 930.270081
0 1524822285 1541.421509 1003.562744
0 1524841310 1421.050049 797.661621
0 1478235210 617.270996 396.580811
0 1578515669 871.723877 545.980225
0 1524854328 1657.950684 927.771729
0 0 562.622681 389.164703
0 1 1005.842834 756.276917
0 2 1214.219238 789.019592
0 3 960.736755 412.061462
0 4 1406.420166 625.939819
0 5 248.210083 789.998352
0 6 1100.484619 416.389862
0 7 1429.455566 676.680542
0 8 1290.826538 403.777649
0 9 1596.172363 707.142700
0 10 1305.476196 445.444031
0 11 1525.242798 967.799927
0 12 1417.423462 464.682678
0 13 940.784912 951.257141
0 14 1457.662231 548.231323
0 15 684.486328 559.759155
0 16 22.764551 787.970764
0 17 1473.651978 518.113892
0 18 130.414627 828.086548
0 19 1123.811279 748.831543
0 20 1540.714233 664.122559
0 21 1344.804565 404.948181
0 22 1478.524414 580.635559
0 23 1197.736084 422.778351
0 24 680.781738 392.519989
0 25 689.944214 724.178406
0 26 691.459900 673.431152
0 27 1651.934570 816.342224
0 28 1610.758911 860.086182
0 29 1473.862305 631.682617
0 30 1234.759766 398.445648
0 31 1376.839478 954.598633
0 32 959.679810 372.120270
0 33 663.523010 636.967224
0 34 730.198975 427.118591
0 35 1612.880249 947.953430
0 36 770.496399 455.390656
0 37 833.875488 370.571014
0 38 1569.514526 747.812317
0 39 900.278503 367.347198
