0 1578512666 1012.925171 441.046112
0 1524823287 491.802704 556.002869
0 1478234209 1528.118652 451.463898
0 1707269176 1127.505127 471.707367
0 1438989626 922.597534 470.764557
0 1524801259 643.273315 505.613373
0 1438992629 983.886230 465.675659
0 1478227200 1556.884155 412.272186
0 1524854327 680.317688 520.996521
0 1478249229 1564.105469 389.488892
0 1524807266 611.625000 464.334869
0 1524863340 480.858826 531.118896
0 1524831297 575.943115 477.653687
0 1478229202 1535.314697 408.361145
0 1568509654 999.536133 470.213745
0 1524790246 501.245392 523.332947
0 1578523681 1085.640015 507.693512
0 1478207175 1597.870850 403.143311
0 1524861337 525.799316 574.150513
0 1478210178 1614.966187 431.523682
0 1524862338 633.469360 472.834473
0 1478186149 1569.167725 423.027222
0 1524797254 538.928955 491.469788
0 1578518674 1110.059937 467.039124
0 1438985621 1083.150513 494.459991
0 1524857331 524.176819 553.369263
0 1478203170 1624.478516 424.528656
0 1438994632 1042.517700 438.567047
0 1578520676 953.210510 468.222717
0 1478237213 1388.476929 432.081726
0 1568511657 1058.188843 442.652435
0 1775370079 997.889771 437.022705
0 1478195160 1564.343262 468.750397
0 1568510655 1027.166016 434.564972
0 1478257240 1420.052979 429.459900
0 1578521677 1104.496582 444.295746
0 1524794250 568.469055 556.590820
0 1524812272 636.392822 518.329712
0 1769859072 1059.946167 453.628784
0 1578525683 983.633667 454.376892
0 1770636073 1121.176025 448.533081
0 1524846317 490.883514 518.206543
0 1524833300 624.401794 513.180542
0 1568511656 1069.918091 515.913269
0 1438985620 1048.583740 484.436432
0 1478185148 1574.897705 460.988922
0 1707993177 1182.656372 443.416504
0 1478189152 1399.831787 425.342560
0 1524791247 511.834656 528.571777
0 1524830296 521.235779 515.698303
0 2088218948 1063.682861 476.968536
0 1524827292 512.979126 547.617493
0 1606348170 1098.237793 486.720673
0 1524855329 667.951904 486.251678
0 1478183145 1368.615234 427.940491
0 1438990627 1074.189331 446.823669
0 1524840309 535.634277 559.254333
0 1478222194 1462.458252 420.130585
0 1709860179 1053.311035 412.185913
0 1478188151 1473.283569 397.113403
0 1438988624 1078.483032 469.648560
0 1478243222 1473.537354 381.597443
0 1524843313 449.948120 533.660583
0 1524844315 557.607178 484.497833
0 1524858333 470.406860 544.581604
0 1524811271 656.219421 481.686584
0 1524859334 480.983673 550.227600
0 1478216186 1440.717773 433.667633
0 1524851324 580.594116 562.589478
0 1524814275 673.940857 503.079071
0 1578514668 1138.214111 452.861542
0 1478184146 1431.112793 422.739227
0 1524829294 531.938232 520.802795
0 1478176143 1443.129517 399.644806
0 1524860336 692.170044 495.674988
0 1478222193 1524.078613 398.224976
0 1438997636 1015.528015 474.851044
0 1478194158 1421.892822 412.249084
0 1478201168 1588.489990 409.641876
0 1478187150 1561.696533 448.709991
0 1478205172 1578.924194 416.268555
0 1524838306 597.457764 486.587891
0 1568514660 1159.518188 469.068390
0 1524865342 717.447266 505.510376
0 2085418945 1115.339600 427.162781
0 1524808268 655.351990 510.629211
0 1478200167 1536.953491 425.695740
0 1478194159 1566.560669 405.754913
0 1568501643 1124.275269 459.880737
0 1478239216 1391.247681 414.810791
0 1524820283 648.651062 523.593628
0 1438989625 1134.864868 441.762695
0 1568505649 1095.560181 474.340790
0 1478255237 1540.555176 463.790497
0 1524804262 704.671997 500.539490
0 1568506650 1151.884766 445.977417
0 1478217187 1472.425049 449.585144
0 1568505648 1118.199951 437.635864
0 1568497640 1130.874512 484.043976
0 1578511665 1145.341431 476.480316
0 1478258241 1549.060303 436.956635
0 1524796253 589.947083 498.385162
0 1478206173 1576.052002 399.362335
0 1524826291 638.222351 488.725891
0 1578529688 1099.361694 423.304962
0 1478233207 1595.348511 445.950012
0 1708834178 1092.993042 462.472076
0 1478189153 1493.528320 400.784271
0 1568499641 998.416870 447.648956
0 1478245224 1585.230591 453.390472
0 1524852325 626.809387 484.139679
0 1478219190 1454.258545 378.256592
0 1578525682 1072.168823 436.083069
0 1478232206 1483.337891 391.003662
0 1524818280 605.154663 520.898376
0 1524850322 604.678223 475.246429
0 1438996635 1141.703369 464.424133
0 1524832299 593.516174 515.726624
0 1478242220 1581.977661 434.243073
0 1524789245 440.051178 528.377441
0 1438999639 952.836426 480.031738
0 1478196161 1516.213745 439.664337
0 1478252234 1450.732666 445.062225
0 1524803261 545.044189 545.001709
0 1478211179 1522.885742 382.504456
0 1578523680 1041.146973 428.202118
0 1578530689 984.149292 477.444092
0 1568508653 1000.751465 494.716064
0 1524826290 593.946045 470.933807
0 1524847319 560.073242 500.865662
0 1524810270 661.185608 528.976196
0 1524835302 612.669250 508.142426
0 1524821284 460.064270 539.060608
0 1524799257 582.128418 510.666260
0 1478233208 1473.014526 413.557617
0 1608354172 1148.295532 435.120056
0 1524835303 686.367065 508.072479
0 1478251232 1517.318604 458.945587
0 1524812273 661.780151 498.192383
0 1706512175 938.231628 463.758240
0 1438986622 1039.828003 418.228271
0 1478211180 1547.016968 418.917877
0 1524823286 491.328339 536.496521
0 1478223195 1461.841064 437.968658
0 1478244223 1515.176636 421.561646
0 1438987623 1101.878662 433.594177
0 1478193157 1504.132690 410.962036
0 1478198164 1571.941284 441.402191
0 1524862339 554.056274 531.351868
0 1478236212 1402.244141 408.431488
0 1478240217 1410.968262 418.732880
0 1478214183 1601.450195 420.353058
0 1578521678 1016.469360 487.077118
0 1524844314 615.630371 479.647461
0 1524848320 609.384277 539.753052
0 1524806265 601.187012 503.211761
0 1524787243 549.390808 496.118683
0 1478241219 1463.039307 403.338470
0 1524799256 631.452515 500.704651
0 1478190154 1423.626953 396.026764
0 1478226198 1483.369263 407.110016
0 1478208176 1554.690308 395.660522
0 1478214184 1408.774170 436.313751
0 2084722944 1088.164307 440.146637
0 1578522679 1014.625061 463.123352
0 1524825289 460.593689 520.709656
0 1774531078 1000.130981 482.207458
0 1525674169 998.965210 458.703827
0 1478197162 1629.245239 400.526367
0 1524815276 649.876648 493.409088
0 1768901071 1026.101318 424.379852
0 1578526684 1043.943237 449.346466
0 1478182144 1591.811890 427.228119
0 1524853326 622.437378 468.541962
0 1478218189 1380.040039 421.312592
0 1578513667 1076.292358 458.002991
0 1438983618 1107.221436 455.434906
0 1478224196 1441.959717 416.147888
0 1478247227 1633.800903 417.673218
0 1524792248 559.365051 571.443787
0 1524795252 470.616425 525.857849
0 1524808267 585.520569 528.771301
0 1478191155 1453.453125 393.517700
0 1524856330 519.898743 498.573090
0 1478236211 1494.614502 454.211761
0 1478258242 1651.898438 404.364838
0 1478212181 1432.611328 405.887512
0 1478185147 1451.694702 426.832642
0 1568502645 1065.671875 489.391571
0 1568508652 1090.529785 451.083557
0 1438984619 1169.270874 450.282806
0 1659977623 1060.851807 459.285065
0 1478209177 1605.258301 438.662659
0 1438982617 1045.427002 460.565826
0 1524805264 589.139160 548.084473
0 1771287074 1067.748291 502.360870
0 2087111947 1056.499634 432.102386
0 1524817279 644.727661 477.215118
0 1524795251 578.941956 493.659393
0 1478230204 1493.868530 417.516541
0 1478230203 1620.161377 407.006104
0 1524847318 533.726013 539.402222
0 1578516671 1116.108154 491.764099
0 1568513659 1029.424683 456.168884
0 1578529687 1050.265015 497.149963
0 1524819282 608.552429 491.195068
0 1478253235 1452.599976 409.682129
0 1524836304 562.695068 518.267334
0 1478243221 1610.898071 413.613678
0 1568501644 1187.035278 454.681915
0 1438998637 1017.451660 499.834076
0 1524816278 641.659668 537.120056
0 1705773174 968.620117 450.139771
0 1524845316 480.741760 513.189087
0 1524842312 500.506439 505.811584
0 1568507651 937.553894 475.348145
0 1438999638 1070.226196 425.755920
0 1478252233 1429.520996 440.639496
0 1438993630 1012.124146 430.643646
0 1478237214 1493.207642 385.006134
0 1524857332 514.201477 567.959595
0 1478248228 1483.402466 424.199860
0 1478225197 1444.233398 384.072418
0 1524859335 540.841370 508.210602
0 1524832298 570.983337 505.713745
0 1478200166 1464.104980 372.544434
0 1478250231 1505.524902 446.863434
0 1478245225 1513.281494 388.484741
0 1438995633 953.569702 456.884552
0 1524804263 565.487854 536.804138
0 1524839308 551.650635 513.184875
0 1524849321 667.697144 515.755676
0 1568512658 968.567627 461.233582
0 1568514661 1031.873291 479.590790
0 1478231205 1551.236694 456.171143
0 1773608077 1028.273071 445.153198
0 1438977615 1113.019653 479.138062
0 1524834301 556.622253 550.729736
0 1607644171 1155.622559 457.284027
0 1524800258 510.760864 510.702362
0 1568504647 1054.875000 421.954437
0 1568500642 1061.776001 465.057983
0 1478256239 1504.807373 428.358643
0 1524815277 621.727783 545.433350
0 1568503646 1101.033325 499.645569
0 1478220191 1533.771240 392.035461
0 1478207174 1559.215210 429.921844
0 1524841311 502.872375 561.911987
0 1478213182 1503.497314 394.576935
0 1524813274 597.318298 534.200439
0 1568516663 1085.890869 429.635040
0 1578517672 1068.356812 415.818756
0 1578527685 1173.413452 461.803711
0 1478240218 1494.229858 435.292114
0 1478215185 1463.587280 387.502899
0 1524838307 601.377075 553.921326
0 1478197163 1526.687866 432.609833
0 1478221192 1483.437988 442.366180
0 1524819281 530.259766 503.341125
0 2086284946 1030.623779 467.638550
0 1524824288 679.932800 490.913483
0 1524802260 537.675415 580.490112
0 1478226199 1525.343750 414.897064
0 1578518673 1131.647461 431.100342
0 1438981616 983.390930 443.520325
0 1478238215 1434.024536 389.994812
0 1609135173 1033.176514 492.056671
0 1524837305 547.360413 565.277527
0 1524793249 617.052124 526.185242
0 1568515662 1034.536987 505.070160
0 1568516664 968.455933 484.818573
0 1438991628 984.423645 489.712158
0 1478249230 1413.035278 402.171234
0 1438996634 1013.758057 451.864227
0 1578519675 1165.294800 439.224548
0 1524829295 502.032440 541.994751
0 1524864341 577.179138 542.380249
0 1478255238 1502.897827 379.117676
0 1438993631 1052.021118 510.428467
0 1524788244 629.217468 531.591125
0 1772785076 1083.703979 419.524353
0 1524828293 619.881531 495.899658
0 1478203171 1543.283936 385.960815
0 1524798255 568.164307 489.031250
0 1478199165 1514.200806 404.532684
0 1578528686 1046.972412 472.252533
0 1478192156 1545.095093 401.950134
0 1478228201 1538.696899 444.135803
0 1772037075 968.512939 472.783630
0 1578515670 1080.767090 481.790100
0 1524851323 573.982300 523.461548
0 1478218188 1585.363525 393.090942
0 1478202169 1472.728882 431.015930
0 1478254236 1607.071899 396.769257
0 1478246226 1483.308228 375.798309
0 1524809269 522.658875 533.926941
0 1524822285 586.590271 482.075043
0 1524841310 699.067810 513.176147
0 1478235210 1642.938965 410.953278
0 1578515669 1200.391846 447.698792
0 1524854328 542.875793 526.019348
0 0 632.735107 433.307068
0 1 965.897278 641.700134
0 2 1058.061401 339.902100
0 3 659.621948 419.143127
0 4 818.440674 418.623322
0 5 750.036987 593.639465
0 6 867.865479 337.100220
0 7 897.255188 564.235291
0 8 1030.510986 615.564209
0 9 1445.800293 332.595947
0 10 835.428467 548.832153
0 11 823.640198 603.949707
0 12 1135.043945 286.541992
0 13 1132.853394 621.375610
0 14 1110.287109 279.133057
0 15 999.222534 337.209930
0 16 517.725769 456.776245
0 17 1329.532715 300.674500
0 18 1178.108887 582.775696
0 19 1146.529907 368.332520
0 20 593.395874 430.611145
0 21 1563.089600 489.508270
0 22 559.902161 454.032196
0 23 924.791321 329.242340
0 24 1075.414062 678.203064
0 25 1475.300903 431.951355
0 26 1406.654907 410.698944
0 27 1143.447510 653.485352
0 28 1492.193604 389.195953
0 29 1450.160034 572.674683
0 30 1020.115479 351.651154
0 31 554.950378 496.717102
0 32 1238.697266 360.501495
0 33 1462.406006 508.034851
0 34 1105.784546 346.489166
0 35 604.844971 526.095886
0 36 1154.031494 336.459869
0 37 1299.612061 372.775879
0 38 1536.931396 364.958588
0 39 1144.026367 349.598755
