0 1578512666 927.836792 711.089600
0 1478234209 1022.315247 543.268066
0 1707269176 1032.691406 662.577454
0 1438989626 1006.059021 758.005737
0 1524801259 1095.460815 955.648132
0 1438992629 999.138794 725.561462
0 1478227200 944.953918 527.991577
0 1524854327 1151.444946 913.607971
0 1478249229 896.058594 520.676025
0 1524807266 909.028442 1021.664062
0 1524831297 963.686279 1054.601807
0 1478229202 933.485596 531.713013
0 1568509654 1014.658447 717.774170
0 1578523681 1118.691162 681.408020
0 1478207175 931.173584 517.162720
0 1524861337 1343.145020 1027.344482
0 1478210178 990.910278 520.768311
0 1524862338 956.788757 988.509460
0 1478186149 969.030396 528.005920
0 1578518674 1018.772156 669.017273
0 1438985621 1086.661377 681.645813
0 1524857331 1275.398071 1046.271362
0 1478203170 978.157654 517.217041
0 1438994632 926.329102 696.642212
0 1578520676 1002.513428 741.382996
0 1478237213 966.538940 572.721985
0 1568511657 942.086182 689.537537
0 1775370079 911.317017 718.732605
0 1478195160 1057.683228 539.362549
0 1568510655 910.176270 703.925354
0 1478257240 964.663940 563.931091
0 1578521677 955.370850 669.444580
0 1524794250 1278.498169 996.458862
0 1524812272 1142.258667 954.630798
0 1769859072 974.972290 689.281799
0 1578525683 964.341187 725.898010
0 1770636073 970.076843 662.978699
0 1524833300 1123.146729 969.591736
0 1568511656 1137.735718 688.016235
0 1438985620 1058.924194 695.563232
0 1478185148 1043.911743 535.527649
0 1707993177 965.589844 638.869568
0 1478189152 952.457092 568.306213
0 2088218948 1040.409424 688.773010
0 1524827292 1256.912720 1064.603760
0 1606348170 1068.302979 675.159546
0 1524855329 1022.210327 943.094482
0 1478183145 954.124573 577.265747
0 1438990627 957.461975 682.604797
0 1524840309 1293.181885 1028.634399
0 1478222194 949.297729 551.330994
0 1709860179 842.750671 690.309937
0 1478188151 897.801025 543.292542
0 1438988624 1022.278870 682.123657
0 1478243222 860.151672 539.361206
0 1524844315 992.425781 1071.920776
0 1524811271 1001.173645 957.697815
0 1478216186 976.636597 559.639954
0 1524851324 1295.310913 980.626099
0 1524814275 1088.081055 928.065247
0 1578514668 984.442993 656.662354
0 1478184146 950.849182 559.666931
0 1524829294 1151.995117 1067.506348
0 1478176143 898.422729 551.362244
0 1524860336 1062.165649 915.357910
0 1478222193 909.115784 531.703186
0 1438997636 1029.786255 710.183594
0 1478194158 924.992615 559.693970
0 1478201168 943.601013 520.722290
0 1478187150 1019.614563 535.522583
0 1478205172 956.218506 524.336243
0 1524838306 1010.933899 1019.122070
0 1568514660 1029.078125 650.313843
0 1524865342 1099.526489 889.422485
0 2085418945 907.052795 663.382690
0 1524808268 1114.767090 941.150513
0 1478200167 970.835388 535.512512
0 1478194159 932.310425 524.317444
0 1568501643 1001.435181 662.777771
0 1478239216 926.131531 568.345581
0 1524820283 1160.711914 940.185547
0 1438989625 953.369812 656.851440
0 1568505649 1036.464844 675.384827
0 1478255237 1047.026001 543.263184
0 1524804262 1081.154419 902.176147
0 1568506650 967.785645 650.667480
0 1478217187 1013.840698 555.409241
0 1568505648 938.616333 663.180359
0 1568497640 1063.846313 662.377808
0 1578511665 1046.289795 656.286011
0 1478258241 995.255920 535.517517
0 1524796253 1061.484741 1017.861023
0 1478206173 919.859070 520.699158
0 1524826291 1027.542236 971.742920
0 1578529688 891.549866 669.874695
0 1478233207 1017.003601 528.034485
0 1708834178 1004.520752 675.610901
0 1478189153 909.914978 539.361572
0 1568499641 945.887451 718.411987
0 1478245224 1030.353516 531.752075
0 1524852325 1005.887939 987.366028
0 1478219190 847.542297 543.302429
0 1578525682 924.889282 682.846497
0 1478232206 885.065369 539.361450
0 1524818280 1151.696533 983.970520
0 1524850322 960.115845 1020.389709
0 1438996635 1015.416199 656.473877
0 1524832299 1132.102051 999.987244
0 1478242220 993.046997 528.020264
0 1438999639 1038.034058 741.010193
0 1478196161 997.540833 543.272888
0 1478252234 1002.355164 559.613037
0 1524803261 1242.953857 1029.931274
0 1478211179 872.362061 527.948303
0 1578523680 892.893250 696.914307
0 1578530689 1033.810913 725.226074
0 1568508653 1082.941040 717.140930
0 1524826290 935.902771 1037.859009
0 1524847319 1068.722656 1051.794678
0 1524810270 1178.539795 926.229797
0 1524835302 1103.339844 985.096619
0 1524799257 1111.770508 1016.606689
0 1478233208 935.958679 547.276917
0 1608354172 936.992371 650.845032
0 1524835303 1106.909424 914.480957
0 1478251232 1036.170288 547.236511
0 1524812273 1068.600464 942.120117
0 1706512175 986.233154 749.787415
0 1438986622 859.341614 697.187317
0 1478211180 957.794067 531.722778
0 1478223195 988.381714 555.430359
0 1478244223 959.423462 539.361877
0 1438987623 923.513062 669.659302
0 1478193157 934.700928 539.361755
0 1478198164 1006.227722 531.742310
0 1524862339 1192.458862 1031.234985
0 1478236212 912.486023 563.997314
0 1478240217 938.610229 563.964172
0 1478214183 967.284729 520.745300
0 1578521678 1063.530640 709.883728
0 1524844314 983.427795 1003.570557
0 1524848320 1217.804321 967.461914
0 1524806265 1082.799805 1001.175537
0 1524787243 1045.911255 1070.441040
0 1478241219 910.742126 547.287109
0 1524799256 1075.463623 970.664612
0 1478190154 885.867920 555.515198
0 1478226198 922.832764 543.287598
0 1478208176 908.343018 524.298645
0 1478214184 978.710876 568.266968
0 2084722944 940.312622 676.065308
0 1578522679 995.922974 710.484558
0 1774531078 1048.860474 717.457031
0 1525674169 980.334351 718.092529
0 1478197162 930.073120 510.237244
0 1524815276 1048.433105 956.670532
0 1768901071 876.291687 704.213623
0 1578526684 959.649414 696.371094
0 1478182144 980.067444 524.354980
0 1524853326 933.354065 1004.777466
0 1478218189 940.009094 572.767761
0 1578513667 989.924927 682.363831
0 1438983618 987.123779 669.230652
0 1478224196 937.260925 555.472656
0 1478247227 965.595215 513.718811
0 1524792248 1326.799561 995.294678
0 1524808267 1181.151367 998.805115
0 1478191155 885.459595 547.297241
0 1478236211 1025.110352 551.284485
0 1478258242 941.024170 506.876465
0 1478212181 911.598572 555.493896
0 1478185147 962.855164 555.451477
0 1568502645 1072.961426 688.519897
0 1568508652 972.470154 675.837769
0 1438984619 981.875122 644.623352
0 1659977623 991.373291 689.154297
0 1478209177 1003.857422 524.373718
0 1438982617 992.854980 696.100891
0 1524805264 1247.680054 981.735291
0 1771287074 1105.403320 688.267578
0 2087111947 909.087585 689.794128
0 1524817279 979.380371 972.826538
0 1524795251 1039.350220 1035.188110
0 1478230204 947.799866 543.282715
0 1478230203 942.291809 513.687622
0 1524847318 1224.148071 1047.640991
0 1578516671 1081.757935 668.592834
0 1568513659 977.590942 703.351807
0 1578529687 1091.789062 695.295837
0 1524819282 1033.242310 1002.369995
0 1478253235 923.893738 551.346558
0 1524836304 1141.694702 1032.545654
0 1478243221 954.694214 517.189941
0 1568501644 995.649353 638.714539
0 1438998637 1097.156738 709.584900
0 1524816278 1206.436523 939.225159
0 1705773174 947.927490 733.908630
0 1568507651 1022.261108 749.393921
0 1438999638 892.206421 683.089111
0 1478252233 990.647278 563.898132
0 1438993630 893.612732 711.393677
0 1478237214 872.530212 535.492188
0 1524857332 1326.372437 1044.909058
0 1478248228 961.109497 547.266724
0 1478225197 860.110901 547.307495
0 1524859335 1099.100220 1068.969604
0 1524832298 1090.659302 1033.863403
0 1478200166 835.173767 539.361084
0 1478250231 1011.215088 547.246521
0 1478245225 884.684326 531.693359
0 1438995633 966.861206 741.757202
0 1524804263 1211.554932 1014.117493
0 1524839308 1120.812744 1050.402588
0 1524849321 1133.417480 927.145386
0 1568512658 983.211792 733.553040
0 1568514661 1044.536987 702.782288
0 1478231205 1033.212280 539.362427
0 1773608077 943.942444 703.638062
0 1438977615 1050.316772 668.804749
0 1524834301 1261.057739 1012.882690
0 1607644171 998.480774 650.490356
0 1568504647 875.975952 690.051575
0 1568500642 1007.746460 689.026917
0 1478256239 972.702515 543.277832
0 1524815277 1235.171387 952.610901
0 1568503646 1100.035767 674.934998
0 1478220191 896.619995 527.962769
0 1478207174 982.041321 531.732544
0 1524841311 1308.940186 1063.164429
0 1478213182 897.200439 535.497314
0 1524813274 1199.809326 982.850098
0 1568516663 908.047485 676.293640
0 1578517672 859.412659 683.332520
0 1578527685 1012.201172 644.457764
0 1478240218 986.194824 547.256653
0 1478215185 872.704224 543.297424
0 1524838307 1264.782471 966.404846
0 1478197163 984.082581 539.362122
0 1478221192 999.905762 551.299927
0 2086284946 1011.122131 703.066589
0 1524824288 1042.528931 928.989502
0 1524802260 1359.294556 1010.432129
0 1478226199 946.352722 535.507446
0 1578518673 922.196228 657.041138
0 1438981616 929.417480 726.235718
0 1478238215 872.884399 551.377869
0 1609135173 1077.835693 702.499023
0 1524837305 1310.303711 1011.654175
0 1524793249 1170.593018 968.524231
0 1568515662 1111.019043 702.216736
0 1568516664 1053.394409 732.845703
0 1438991628 1068.358398 724.891968
0 1478249230 899.066650 559.721069
0 1438996634 961.940002 710.786499
0 1578519675 951.453186 644.789429
0 1524864341 1229.949341 997.628967
0 1478255238 860.191040 531.683472
0 1438993631 1124.541260 695.029297
0 1524788244 1188.828247 953.618408
0 1772785076 875.674316 676.522766
0 1524828293 1054.737671 986.228394
0 1478203171 884.315979 524.279724
0 1524798255 1016.347961 1053.194336
0 1478199165 921.807861 535.502380
0 1578528686 1025.946411 695.831604
0 1478192156 920.817200 527.977173
0 1478228201 1008.678833 539.362244
0 1772037075 1018.367188 733.198730
0 1578515670 1054.524048 681.884277
0 1524851323 1161.793213 1015.358826
0 1478218188 907.595459 517.135437
0 1478202169 974.635071 551.315430
0 1478254236 918.931885 513.656433
0 1478246226 847.797058 535.487122
0 1524809269 1204.598633 1066.051025
0 1524822285 987.765442 1036.519897
0 1524841310 1125.117920 901.343872
0 1478235210 953.218750 510.272308
0 1578515669 979.413208 633.080872
0 1524854328 1172.620361 1049.018066
0 0 378.126129 595.271057
0 1 726.399292 715.045044
0 2 1429.589111 652.160461
0 3 593.938232 550.391174
0 4 1393.056641 601.148987
0 5 606.747253 781.602783
0 6 929.327576 928.514526
0 7 1026.521484 521.298950
0 8 1019.079102 537.522034
0 9 1530.041016 675.626404
0 10 1116.332886 521.811157
0 11 1071.355347 530.293396
0 12 1148.143555 573.678101
0 13 895.236328 526.909241
0 14 1092.663208 547.611084
0 15 1140.176025 532.341980
0 16 508.899078 750.286255
0 17 1294.969238 600.884460
0 18 1077.140625 1046.853394
0 19 1269.321289 756.763367
0 20 1474.209961 676.719238
0 21 1293.532471 822.363831
0 22 1374.314575 635.456543
0 23 894.142029 495.723846
0 24 905.496948 974.357666
0 25 1063.267700 837.951538
0 26 1168.868530 842.685730
0 27 985.734680 1008.244690
0 28 1474.575073 726.144348
0 29 1214.027954 891.916260
0 30 1459.811279 635.596497
0 31 440.467987 644.175232
0 32 1520.798096 620.618896
0 33 815.294006 718.956299
0 34 1306.313721 562.189575
0 35 419.182098 667.139465
0 36 1252.491821 787.701233
0 37 1513.617188 651.022888
0 38 1552.866455 705.092346
0 39 1375.178345 579.008667
