0 1578512666 1022.055786 490.178223
0 1524823287 490.136780 436.700897
0 1478234209 1547.415283 796.189758
0 1707269176 1052.311768 584.669800
0 1438989626 890.783691 491.546204
0 1524801259 649.466187 430.384033
0 1438992629 947.095154 510.531616
0 1478227200 1707.324463 750.721252
0 1524854327 643.097534 460.836792
0 1478249229 1789.361450 716.117981
0 1524807266 703.258972 372.700623
0 1524863340 524.770020 406.556030
0 1524831297 660.670471 376.808685
0 1478229202 1686.496094 728.308594
0 1568509654 949.787842 523.278259
0 1524790246 546.945190 404.399933
0 1578523681 938.191223 613.178101
0 1478207175 1800.937988 765.511292
0 1524861337 476.600250 467.219391
0 1478210178 1738.240479 829.348145
0 1524862338 700.904663 389.430481
0 1478186149 1693.054688 778.566162
0 1524797254 617.912170 380.933105
0 1578518674 1047.517090 569.695618
0 1438985621 964.756714 594.136414
0 1524857331 509.296600 444.247467
0 1478203170 1776.045410 824.669067
0 1438994632 1052.098022 499.602722
0 1578520676 918.509338 500.893921
0 1478237213 1419.799072 669.903870
0 1568511657 1056.557861 512.099731
0 1775370079 1018.292175 478.424164
0 1478195160 1547.088135 853.006897
0 1568510655 1047.784546 487.515625
0 1478257240 1466.248291 685.564209
0 1578521677 1093.389404 535.501282
0 1524794250 525.065430 462.381714
0 1524812272 623.825317 442.578278
0 1769859072 1034.126831 527.876709
0 1578525683 970.409302 495.522949
0 1770636073 1098.818604 549.291260
0 1524846317 550.244080 395.657837
0 1524833300 626.231018 432.682068
0 1568511656 908.206299 616.442993
0 1438985620 958.446533 564.265808
0 1478185148 1585.604858 848.239746
0 1707993177 1167.930542 572.168945
0 1478189152 1452.056274 666.221313
0 1524791247 543.553894 413.386902
0 1524830296 569.074829 402.248291
0 2088218948 986.670776 561.254944
0 1524827292 513.332336 434.416901
0 1606348170 994.022461 590.972168
0 1524855329 697.120605 416.319580
0 1478183145 1406.832153 651.251099
0 1438990627 1061.171631 525.027954
0 1524840309 505.140961 454.370056
0 1478222194 1547.981079 697.974731
0 1709860179 1119.201172 468.039490
0 1478188151 1629.318970 666.782471
0 1438988624 1014.819824 558.252075
0 1478243222 1675.071167 640.761902
0 1524843313 506.460907 399.897766
0 1524844315 639.312622 378.868835
0 1524858333 498.527924 417.782867
0 1524811271 698.417542 407.103821
0 1524859334 494.392029 427.107269
0 1478216186 1481.061157 705.753296
0 1524851324 521.028625 473.079559
0 1524814275 670.934875 437.897736
0 1578514668 1104.445435 563.582275
0 1478184146 1499.069824 681.783936
0 1524829294 565.996643 411.195801
0 1478176143 1580.085571 651.605469
0 1524860336 694.412292 435.565155
0 1478222193 1700.266479 702.938416
0 1438997636 952.573975 536.466980
0 1478194158 1516.269775 658.890747
0 1478201168 1765.103760 769.847595
0 1478187150 1603.508789 816.991150
0 1478205172 1729.142822 774.199158
0 1524838306 657.140991 393.685608
0 1568514660 1086.852905 596.991028
0 1524865342 691.539551 455.978363
0 2085418945 1141.891113 516.525391
0 1524808268 647.405945 440.235413
0 1478200167 1636.628662 759.185608
0 1478194159 1742.489746 746.511047
0 1568501643 1076.019775 566.634766
0 1478239216 1469.965332 644.105225
0 1524820283 621.347534 452.771118
0 1438989625 1126.669922 546.320129
0 1568505649 1018.937073 572.764709
0 1478255237 1528.436279 826.176636
0 1524804262 692.997375 445.619232
0 1568506650 1132.794312 560.538025
0 1478217187 1477.609741 753.063538
0 1568505648 1120.760010 532.600220
0 1568497640 1027.639404 603.438538
0 1578511665 1057.287842 600.210205
0 1478258241 1620.493774 787.346619
0 1524796253 633.045532 404.649750
0 1478206173 1777.533936 742.315186
0 1524826291 675.938416 409.307739
0 1578529688 1135.931152 503.789612
0 1478233207 1662.207397 838.758728
0 1708834178 1042.893921 555.257202
0 1478189153 1647.550903 686.401123
0 1568499641 996.264160 492.847321
0 1478245224 1623.977783 843.490295
0 1524852325 677.513367 400.308258
0 1478219190 1657.076050 622.926514
0 1578525682 1083.082275 509.322723
0 1478232206 1661.624512 663.061646
0 1524818280 602.945496 434.985138
0 1524850322 680.535461 383.040497
0 1438996635 1081.335938 581.531677
0 1524832299 605.619080 425.329590
0 1478242220 1678.036011 807.872559
0 1524789245 510.267090 391.316498
0 1438999639 894.200012 516.036987
0 1478196161 1565.441284 767.708801
0 1478252234 1462.185913 730.876404
0 1524803261 532.785156 441.924316
0 1478211179 1746.161255 674.938965
0 1578523680 1073.450684 484.859528
0 1578530689 922.925964 526.090637
0 1568508653 899.777954 556.022949
0 1524826290 681.985901 374.752594
0 1524847319 613.198059 397.958160
0 1524810270 618.794312 463.274261
0 1524835302 628.567627 423.069855
0 1524821284 502.549316 408.716553
0 1524799257 608.216919 415.947449
0 1478233208 1581.278442 694.104370
0 1608354172 1154.447388 543.356934
0 1524835303 669.167236 447.997894
0 1478251232 1510.680298 800.634949
0 1524812273 672.651184 428.090912
0 1706512175 916.408569 488.909119
0 1438986622 1094.064575 470.626312
0 1478211180 1672.037720 754.946167
0 1524823286 521.064392 415.582611
0 1478223195 1496.536621 726.845459
0 1478244223 1617.338745 736.504333
0 1438987623 1115.053467 519.352295
0 1478193157 1632.805420 710.854736
0 1478198164 1640.840210 812.423584
0 1524862339 559.574463 429.863495
0 1478236212 1501.387695 640.548523
0 1478240217 1484.213013 662.550293
0 1478214183 1752.023438 798.819885
0 1578521678 927.654785 553.068176
0 1524844314 679.045166 391.555847
0 1524848320 573.314087 457.565674
0 1524806265 630.838196 413.729523
0 1524787243 615.587158 389.330017
0 1478241219 1596.911133 670.515015
0 1524799256 651.467346 420.814972
0 1478190154 1563.946533 633.467651
0 1478226198 1614.468262 690.246521
0 1478208176 1755.188354 720.167908
0 1478214184 1433.322144 689.356445
0 2084722944 1088.147095 522.186523
0 1578522679 976.581665 520.473022
0 1524825289 531.882324 389.231506
0 1774531078 925.249329 539.345215
0 1525674169 973.443848 507.789185
0 1478197162 1862.005615 785.363159
0 1524815276 674.318298 418.564880
0 1768901071 1068.867676 473.219360
0 1578526684 1029.966553 514.883789
0 1478182144 1715.096680 803.338013
0 1524853326 702.097717 380.952393
0 1478218189 1438.446899 647.672668
0 1578513667 1038.433350 541.326294
0 1438983618 1070.893433 552.270264
0 1478224196 1531.787109 678.015747
0 1478247227 1813.710327 820.007385
0 1524792248 496.448090 475.544830
0 1524795252 528.374695 397.775635
0 1524808267 579.609436 437.293182
0 1478191155 1611.845337 647.979797
0 1524856330 596.469116 383.001526
0 1478236211 1493.757202 776.291382
0 1478258242 1888.623291 810.735474
0 1478212181 1548.227295 655.242493
0 1478185147 1514.575439 701.857727
0 1568502645 961.543945 578.927917
0 1568508652 1065.947266 538.409973
0 1438984619 1139.145020 575.281250
0 1659977623 1022.596069 535.986816
0 1478209177 1700.294800 834.044678
0 1438982617 1007.012451 530.732788
0 1524805264 549.216797 459.971008
0 1771287074 935.409668 597.309509
0 2087111947 1078.186279 496.887421
0 1524817279 699.678406 398.144287
0 1524795251 635.192017 395.819733
0 1478230204 1598.907227 714.832520
0 1478230203 1825.477051 789.832581
0 1524847318 536.478210 432.137756
0 1578516671 997.907410 606.675842
0 1568513659 1003.307861 517.674866
0 1578529687 932.729980 582.022156
0 1524819282 655.302490 402.476776
0 1478253235 1564.400757 674.259460
0 1524836304 585.547974 418.169983
0 1478243221 1788.816650 794.318115
0 1568501644 1145.734863 590.579712
0 1438998637 901.771118 570.311768
0 1524816278 594.435913 465.717285
0 1705773174 967.473083 483.654022
0 1524845316 553.454224 387.150696
0 1524842312 574.983154 385.074005
0 1568507651 892.463623 503.589294
0 1438999638 1104.209839 494.178833
0 1478252233 1447.437744 709.661499
0 1438993630 1043.610352 475.818665
0 1478237214 1693.828247 659.352600
0 1524857332 481.246613 456.744049
0 1478248228 1564.896973 718.823608
0 1478225197 1626.126709 626.429565
0 1524859335 591.159058 400.101013
0 1524832298 610.742249 406.827240
0 1478200166 1687.931763 619.434021
0 1478250231 1529.661621 771.992615
0 1478245225 1713.396851 678.747437
0 1438995633 941.971619 486.278412
0 1524804263 556.222717 439.606262
0 1524839308 588.392639 409.009247
0 1524849321 645.283997 450.381836
0 1568512658 944.491150 498.205139
0 1568514661 955.458435 550.121094
0 1478231205 1566.041138 821.575500
0 1773608077 1025.945068 502.324768
0 1438977615 1023.207458 587.816589
0 1524834301 528.982605 452.001282
0 1607644171 1110.280273 578.402161
0 1524800258 572.069214 393.544312
0 1568504647 1099.054199 482.209900
0 1568500642 1010.847473 544.250244
0 1478256239 1582.584229 740.623047
0 1524815277 570.022400 468.165802
0 1568503646 968.091431 609.922363
0 1478220191 1733.830566 698.999817
0 1478207174 1656.838623 782.948608
0 1524841311 485.756836 446.575653
0 1478213182 1680.526855 682.568054
0 1524813274 576.508362 447.279388
0 1568516663 1109.539917 506.552673
0 1578517672 1124.595581 479.566711
0 1578527685 1116.335205 593.780823
0 1478240218 1547.711548 744.755798
0 1478215185 1643.507080 644.365356
0 1524838307 545.553284 470.619904
0 1478197163 1601.096802 763.439758
0 1478221192 1512.720337 748.902588
0 1524819281 593.850159 391.435028
0 2086284946 979.828247 533.596191
0 1524824288 695.786072 425.802765
0 1524802260 471.811493 478.015747
0 1478226199 1651.975830 732.399475
0 1578518673 1148.059448 529.706604
0 1438981616 992.913208 481.035919
0 1478238215 1595.083740 629.943359
0 1609135173 930.146729 567.284790
0 1524837305 500.860016 464.797821
0 1524793249 600.192871 444.926239
0 1568515662 903.837463 585.124756
0 1568516664 895.995789 528.910156
0 1438991628 897.854004 542.230896
0 1478249230 1532.714600 637.002747
0 1438996634 999.727112 505.053589
0 1578519675 1161.066895 557.501953
0 1524829295 517.253296 424.865875
0 1524864341 552.771667 449.637726
0 1478255238 1725.930908 655.655151
0 1438993631 905.981079 600.491333
0 1524788244 597.357605 455.165741
0 1772785076 1130.169189 491.476929
0 1524828293 653.411987 411.516327
0 1478203171 1767.284546 695.074097
0 1524798255 637.280273 387.229279
0 1478199165 1666.591553 706.890076
0 1578528686 983.189148 547.181824
0 1478192156 1720.900024 724.231323
0 1478228201 1584.019531 791.760315
0 1772037075 920.680542 513.280884
0 1578515670 990.279480 575.842102
0 1524851323 582.621399 427.594116
0 1478218188 1812.457886 738.133789
0 1478202169 1530.773682 722.827881
0 1478254236 1836.646118 761.190308
0 1478246226 1706.538086 637.169739
0 1524809269 540.066284 422.629181
0 1524822285 658.929626 385.132782
0 1524841310 667.345886 458.404846
0 1478235210 1851.235962 815.362854
0 1578515669 1175.052368 587.387451
0 1524854328 562.831055 420.397217
0 0 348.359436 540.118591
0 4 292.858704 974.112854
0 6 1096.725464 288.891205
0 7 1226.666626 322.395721
0 8 1760.928345 338.645325
0 9 1297.618530 281.306122
0 10 1166.269897 296.051636
0 11 539.868042 390.359619
0 12 1861.006470 361.963837
0 13 1082.968140 307.200531
0 14 1650.172852 333.970703
0 16 837.081421 311.061188
0 19 410.905029 420.448364
0 23 1117.302124 687.563416
0 25 1332.376343 518.916443
0 26 741.560913 500.516998
0 27 1032.058105 717.608459
0 28 1409.006226 517.888733
0 29 1217.589355 681.774048
0 31 1296.382324 455.928375
0 33 842.617981 776.734253
0 37 1697.466797 568.024353
0 59 1319.474731 267.780396
0 104 201.945999 369.232330
0 146 958.640015 347.804779
0 170 1868.628784 619.331421
0 175 1149.336914 262.712799
0 181 1591.433350 255.344711
0 182 1704.039307 354.218475
0 184 379.507294 275.036224
0 191 360.664673 288.673798
0 197 67.038239 298.497925
0 198 3.328577 290.912750
