0 1578512666 1027.328125 389.694489
0 1524823287 619.091064 942.421448
0 1478234209 1509.811646 220.506393
0 1707269176 1231.755127 379.054657
0 1438989626 1003.314514 474.794983
0 1524801259 707.915649 712.448914
0 1438992629 1062.455933 436.455597
0 1478227200 1448.677124 172.264359
0 1524854327 823.343323 707.107727
0 1478249229 1406.828247 146.810410
0 1524807266 498.282684 670.174316
0 1524863340 495.109406 910.447388
0 1524831297 478.558563 723.062012
0 1478229202 1425.380493 173.561600
0 1568509654 1093.145874 434.886230
0 1524790246 506.298859 874.653442
0 1578523681 1284.083496 442.554077
0 1478207175 1458.243164 152.952469
0 1524861337 755.550720 936.689331
0 1478210178 1526.481201 177.711060
0 1524862338 571.299133 666.723755
0 1478186149 1479.148438 180.338120
0 1524797254 457.003357 780.859497
0 1578518674 1202.455322 380.579620
0 1438985621 1247.125610 427.012207
0 1524857331 671.658752 902.906921
0 1478203170 1518.688599 168.365891
0 1438994632 1054.562256 373.150208
0 1578520676 1033.399780 455.291718
0 1478237213 1366.191162 239.554428
0 1568511657 1083.219971 371.650543
0 1775370079 998.251648 391.207825
0 1478195160 1568.838501 228.506989
0 1568510655 1025.935425 374.648254
0 1478257240 1385.041626 227.334290
0 1578521677 1137.411499 354.155487
0 1524794250 764.960571 863.432922
0 1524812272 741.853333 738.778320
0 1769859072 1114.748291 385.144501
0 1578525683 1030.258545 421.354218
0 1770636073 1165.692017 352.667786
0 1524846317 463.433502 876.512878
0 1524833300 702.561279 740.575806
0 1568511656 1290.361572 460.306458
0 1438985620 1185.427368 430.167236
0 1478185148 1559.882080 217.766312
0 1707993177 1213.524658 322.174408
0 1478189152 1360.156982 228.696091
0 1524791247 549.233948 872.790894
0 1524830296 516.942810 840.604553
0 2088218948 1181.205322 413.587921
0 1524827292 627.410828 904.796814
0 1606348170 1241.823486 410.469055
0 1524855329 681.203186 661.530029
0 1478183145 1340.967285 240.929520
0 1438990627 1111.908447 370.149231
0 1524840309 715.980652 901.013977
0 1478222194 1396.990967 205.214417
0 1709860179 994.774231 333.796051
0 1478188151 1355.611450 177.446579
0 1438988624 1177.127808 397.576019
0 1478243222 1322.298462 160.569824
0 1524843313 438.232788 950.018677
0 1524844315 468.025421 751.305237
0 1524858333 528.507141 946.226562
0 1524811271 644.517822 663.263611
0 1524859334 573.760315 944.325684
0 1478216186 1409.949341 225.971252
0 1524851324 808.317322 861.552246
0 1524814275 750.622742 683.789612
0 1578514668 1194.002441 351.178528
0 1478184146 1378.824585 216.795502
0 1524829294 558.838867 838.760498
0 1478176143 1337.648315 188.191650
0 1524860336 754.726685 658.055481
0 1478222193 1396.066040 165.692886
0 1438997636 1123.870972 433.315063
0 1478194158 1348.590698 207.882431
0 1478201168 1465.028076 161.840637
0 1478187150 1526.488892 208.684814
0 1478205172 1471.994141 170.965973
0 1524838306 554.790161 719.534546
0 1568514660 1255.814087 362.618591
0 1524865342 828.454529 654.571289
0 2085418945 1103.925537 327.997101
0 1524808268 746.335754 710.671082
0 1478200167 1462.536743 191.292694
0 1478194159 1442.020996 163.125824
0 1568501643 1198.158936 365.635712
0 1478239216 1329.782959 219.489197
0 1524820283 781.203735 736.978210
0 1438989625 1162.124146 338.657410
0 1568505649 1206.898804 396.035248
0 1478255237 1543.423950 229.892487
0 1524804262 791.565063 656.314575
0 1568506650 1189.979126 337.184692
0 1478217187 1467.323975 234.041122
0 1568505648 1134.298340 340.128571
0 1568497640 1266.540405 392.948578
0 1578511665 1261.086792 377.528015
0 1478258241 1494.053833 199.863968
0 1524796253 585.033386 745.952454
0 1478206173 1435.537842 154.224716
0 1524826291 638.024414 689.056580
0 1578529688 1076.595825 329.449066
0 1478233207 1542.717041 197.181473
0 1708834178 1173.187622 382.102905
0 1478189153 1378.847656 176.152725
0 1568499641 1028.768311 405.254211
0 1478245224 1551.178589 207.328705
0 1524852325 600.597778 690.807190
0 1478219190 1299.707764 161.835648
0 1578525682 1080.940186 357.126129
0 1478232206 1350.189453 168.255585
0 1524818280 696.957153 770.014343
0 1524850322 525.902954 694.301147
0 1438996635 1226.970947 364.127960
0 1524832299 656.813416 771.828735
0 1478242220 1510.482666 188.640533
0 1524789245 393.211182 951.909790
0 1438999639 1066.836792 471.588745
0 1478196161 1477.177124 211.393341
0 1478252234 1442.005005 235.421387
0 1524803261 678.458984 867.185303
0 1478211179 1362.098755 149.324219
0 1578523680 1024.587891 360.090546
0 1578530689 1095.850586 452.118500
0 1568508653 1162.404419 466.765045
0 1524826290 488.634583 696.044373
0 1524847319 536.746155 777.255371
0 1524810270 820.612549 735.175293
0 1524835302 663.327332 742.370728
0 1524821284 483.331360 948.124207
0 1524799257 616.730469 773.640320
0 1478233208 1390.777710 195.262054
0 1608354172 1158.668945 325.088715
0 1524835303 788.262024 682.028992
0 1478251232 1518.033325 231.276672
0 1524812273 713.036804 685.547729
0 1706512175 1002.229126 456.875549
0 1438986622 995.601868 347.461487
0 1478211180 1455.513306 181.649918
0 1524823286 539.136353 908.567017
0 1478223195 1434.880127 224.606934
0 1478244223 1438.595703 192.616989
0 1438987623 1106.501343 341.598206
0 1478193157 1408.305176 184.270065
0 1478198164 1518.374512 198.523315
0 1524862339 642.830627 835.063660
0 1478236212 1324.423096 209.214630
0 1478240217 1354.292603 218.142975
0 1478214183 1495.331177 169.666489
0 1578521678 1158.447876 448.937836
0 1524844314 563.223999 692.555420
0 1524848320 773.470520 797.182312
0 1524806265 624.151367 744.162903
0 1524787243 496.844666 779.058777
0 1478241219 1361.179810 186.885605
0 1524799256 669.551208 714.224182
0 1478190154 1314.137207 189.496567
0 1478226198 1384.732178 185.578415
0 1478208176 1412.851807 155.495895
0 1478214184 1391.438599 238.178055
0 2084722944 1109.160889 355.641602
0 1578522679 1090.534912 418.252960
0 1524825289 407.275269 914.198853
0 1774531078 1127.130859 450.529114
0 1525674169 1060.379639 419.804474
0 1478197162 1474.062378 143.031769
0 1524815276 675.504028 687.303345
0 1768901071 996.456543 361.570404
0 1578526684 1085.576416 386.662811
0 1478182144 1502.804443 179.025162
0 1524853326 534.765686 668.450256
0 1478218189 1335.295532 230.056610
0 1578513667 1143.952026 383.624512
0 1438983618 1169.377808 367.141846
0 1478224196 1372.779785 206.549026
0 1478247227 1511.101196 159.266968
0 1524792248 804.847351 897.218445
0 1524795252 451.155762 912.324707
0 1524808267 691.085449 800.858337
0 1478191155 1332.395386 178.739319
0 1524856330 445.457458 811.818237
0 1478236211 1492.666626 232.659546
0 1478258242 1496.511108 141.770157
0 1478212181 1343.044678 197.902435
0 1478185147 1403.378906 215.446823
0 1568502645 1216.258667 428.590607
0 1568508652 1140.627563 368.646332
0 1438984619 1217.863037 335.710449
0 1659977623 1130.926270 392.068665
0 1478209177 1534.487671 187.312698
0 1438982617 1117.685181 400.652405
0 1524805264 769.319763 829.496277
0 1771287074 1252.619263 444.152863
0 2087111947 1052.749268 358.609131
0 1524817279 607.883179 664.994873
0 1524795251 545.973083 747.739380
0 1478230204 1414.676025 193.940125
0 1478230203 1480.967651 151.679138
0 1524847318 635.313843 869.056885
0 1578516671 1272.184204 408.906982
0 1568513659 1088.013306 402.188049
0 1578529687 1221.191895 445.749725
0 1524819282 592.988525 717.766968
0 1478253235 1366.900513 196.582825
0 1524836304 608.955750 804.522949
0 1478243221 1488.054810 160.554352
0 1568501644 1245.776123 334.234711
0 1438998637 1194.336548 465.153259
0 1524816278 817.754211 764.554688
0 1705773174 1000.171387 422.902222
0 1524845316 420.637634 878.369385
0 1524842312 433.349609 844.283875
0 1568507651 1035.056763 473.192810
0 1438999638 1050.994019 344.532867
0 1478252233 1416.709961 236.800369
0 1438993630 997.339355 376.144684
0 1478237214 1344.908081 159.302963
0 1524857332 709.986084 938.603333
0 1478248228 1421.223755 203.878632
0 1478225197 1304.391235 170.813873
0 1524859335 527.080139 808.176208
0 1524832298 576.708069 775.449219
0 1478200166 1295.144165 153.087143
0 1478250231 1484.811279 221.874512
0 1478245225 1367.536865 158.034988
0 1438995633 1001.182129 439.588928
0 1524804263 684.926636 833.210815
0 1524839308 567.986267 806.351013
0 1524849321 784.811584 708.890625
0 1568512658 1031.801514 438.023163
0 1568514661 1154.631348 431.742065
0 1478231205 1534.835205 219.136993
0 1773608077 1056.436401 388.179474
0 1438977615 1236.703003 394.492737
0 1524834301 721.674500 865.310669
0 1607644171 1222.342896 349.687683
0 1524800258 475.113098 842.445679
0 1568504647 1023.283569 345.997955
0 1568500642 1147.390015 399.115082
0 1478256239 1445.478638 202.541595
0 1524815277 814.759155 795.340027
0 1568503646 1278.028198 425.431946
0 1478220191 1390.184814 156.765976
0 1478207174 1486.498901 189.967224
0 1524841311 664.499573 940.514038
0 1478213182 1373.117920 166.974808
0 1524813274 732.245972 799.021790
0 1568516663 1078.733276 343.066315
0 1578517672 1022.020203 332.348511
0 1578527685 1250.713257 348.195282
0 1478240218 1452.555298 212.745743
0 1478215185 1327.280640 169.535294
0 1524838307 811.617249 827.634521
0 1478197163 1469.755249 201.203400
0 1478221192 1459.834106 223.241364
0 1524819281 486.237244 809.998596
0 2086284946 1120.724243 416.699738
0 1524824288 717.939514 659.793945
0 1524802260 801.193787 934.772034
0 1478226199 1431.898804 182.960571
0 1578518673 1131.283203 326.543640
0 1438981616 999.195068 406.784729
0 1478238215 1309.199463 180.030960
0 1609135173 1189.801514 447.344696
0 1524837305 760.376831 899.117798
0 1524793249 737.161804 768.197266
0 1568515662 1226.306641 463.539612
0 1568516664 1098.654663 469.982758
0 1438991628 1130.510498 468.374847
0 1478249230 1319.209961 199.220871
0 1438996634 1058.374268 403.721985
0 1578519675 1186.082764 323.632294
0 1524829295 583.236755 906.683533
0 1524864341 727.089600 831.355042
0 1478255238 1339.761963 150.579590
0 1438993631 1258.314941 461.924011
0 1524788244 777.427429 766.377380
0 1772785076 1049.294067 330.899536
0 1524828293 631.242188 715.996826
0 1478203171 1384.454102 148.067841
0 1524798255 506.970520 749.523621
0 1478199165 1402.104004 174.857697
0 1578528686 1150.947632 415.144714
0 1478192156 1419.033691 164.409927
0 1478228201 1501.821655 210.039703
0 1772037075 1064.607056 453.706055
0 1578515670 1211.497192 412.029358
0 1524851323 649.988770 802.692078
0 1478218188 1429.220947 145.551910
0 1478202169 1427.955933 214.096893
0 1478254236 1451.632324 144.292374
0 1478246226 1317.443726 151.833862
0 1524809269 592.238831 870.925476
0 1524822285 516.646851 721.299500
0 1524841310 825.954712 680.265930
0 1478235210 1503.711304 150.404770
0 1578515669 1240.994751 320.714966
0 1524854328 600.801392 836.913574
0 0 1164.773682 746.883423
0 1 1484.537598 182.446014
0 2 808.783630 428.277985
0 3 1594.058350 294.286896
0 4 1065.396973 635.799622
0 5 1528.236206 297.624939
0 6 1544.470703 226.128967
0 7 1872.932129 549.242188
0 8 1848.564331 594.670776
0 9 1160.188721 102.194176
0 10 1544.204468 601.518677
0 11 1390.864014 103.668800
0 12 614.583984 340.485291
0 13 542.847473 744.086670
0 14 1400.280273 146.633942
0 15 1727.863403 341.116394
0 16 1882.169312 690.756226
0 17 728.134888 169.998795
0 18 1732.717651 555.015869
0 19 848.000183 284.796753
0 20 1062.419067 110.001816
0 21 894.846863 684.122314
0 22 910.083191 107.916664
0 23 585.486877 386.348816
0 24 1481.707642 225.040573
0 25 1015.314209 232.598526
0 26 923.171265 239.372253
0 27 1229.208862 99.454720
0 28 1428.286011 171.764145
0 29 825.550659 228.160767
0 30 1445.237793 629.731750
0 31 1708.470947 491.077637
0 33 1217.863892 226.000748
0 34 1909.544678 463.154022
0 35 1292.193115 99.849915
0 36 1357.193848 221.811264
0 37 1780.312500 647.684998
0 38 616.397644 262.449310
0 39 1794.255859 466.649658
