0 1578512666 1026.499878 619.489990
0 1524823287 1115.257324 403.374054
0 1478234209 413.700928 911.955383
0 1707269176 838.121582 650.692688
0 1438989626 1021.969971 560.702637
0 1524801259 1137.563965 450.182831
0 1438992629 983.481995 589.492981
0 1478227200 420.704254 1033.936646
0 1524854327 1076.606567 459.322876
0 1524807266 1273.530762 445.783325
0 1524863340 1176.456665 401.065948
0 1524831297 1257.203125 432.243927
0 1478229202 462.868011 1025.670776
0 1568509654 958.184753 593.587036
0 1524790246 1182.882446 406.853699
0 1578523681 801.429260 607.220703
0 1524861337 1059.689331 411.416840
0 1478210178 302.317291 1029.650757
0 1524862338 1232.937988 451.938385
0 1478186149 386.044373 1013.457092
0 1524797254 1241.743774 419.424469
0 1578518674 865.478333 646.161316
0 1438985621 829.706970 614.379639
0 1524857331 1102.182129 411.867035
0 1478203170 292.113708 1059.145630
0 1438994632 1005.946167 636.171997
0 1578520676 1003.095825 574.821167
0 1478237213 634.660828 850.423706
0 1568511657 978.859375 640.695557
0 1775370079 1052.828247 615.129028
0 1478195160 346.149841 902.946777
0 1568510655 1032.883423 631.673462
0 1478257240 597.686401 878.081909
0 1578521677 928.889771 662.937805
0 1524794250 1069.660522 423.398132
0 1524812272 1111.294800 446.339539
0 1769859072 946.650146 632.716187
0 1578525683 1014.393860 596.384644
0 1770636073 900.841492 667.661560
0 1524846317 1201.495972 404.133820
0 1524833300 1131.264893 443.361298
0 1568511656 799.325439 596.218689
0 1438985620 881.500427 605.997498
0 1478185148 338.226227 925.851013
0 1707993177 850.884583 705.771423
0 1478189152 633.700500 871.451355
0 1524791247 1164.196533 409.584167
0 1524830296 1189.475464 412.791931
0 2088218948 885.098083 617.467590
0 1524827292 1120.858521 409.151062
0 1606348170 832.413208 626.058350
0 1524855329 1171.392456 461.270447
0 1478183145 669.603699 844.062378
0 1438990627 951.621521 645.244263
0 1524840309 1083.432983 414.593536
0 1478222194 555.769165 930.901672
0 1709860179 1081.779907 666.192566
0 1478188151 587.319397 1001.273071
0 1438988624 888.823730 629.346008
0 1478243222 625.476440 1051.522705
0 1524843313 1188.364136 392.792786
0 1524844315 1249.369385 425.747833
0 1524858333 1151.949951 398.063263
0 1524811271 1191.995728 458.146362
0 1524859334 1133.638550 400.713623
0 1478216186 561.415100 884.759766
0 1524851324 1050.529053 426.193695
0 1524814275 1123.535767 460.287140
0 1578514668 872.632568 672.412354
0 1478184146 595.812073 900.354736
0 1524829294 1170.559082 415.569733
0 1478176143 629.364197 966.396484
0 1524860336 1129.917969 467.559143
0 1478222193 499.983612 1046.827271
0 1438997636 932.756042 597.702393
0 1478194158 631.638611 916.597717
0 1478201168 369.905304 1072.688843
0 1478187150 368.747253 942.649780
0 1478205172 378.193481 1042.270508
0 1524838306 1217.655762 438.173737
0 1568514660 813.122559 668.373718
0 1524865342 1088.083008 473.902527
0 2085418945 967.694214 685.748474
0 1524808268 1117.330444 453.216675
0 1478200167 433.766083 978.436096
0 1478194159 413.629974 1063.995728
0 1568501643 868.989258 659.043945
0 1478239216 669.309448 886.664490
0 1524820283 1091.241577 449.330170
0 1438989625 905.154480 681.412415
0 1568505649 862.092651 633.738647
0 1478255237 383.110352 896.218201
0 1524804262 1109.045898 470.723938
0 1568506650 876.416016 686.294617
0 1478217187 492.433258 876.316040
0 1568505648 933.726135 676.558472
0 1568497640 808.193420 642.595642
0 1578511665 810.612976 655.249146
0 1478258241 400.565735 960.162598
0 1524796253 1190.681763 434.500183
0 1524826291 1184.787231 451.052063
0 1578529688 996.467285 680.816345
0 1478233207 321.178528 975.129761
0 1708834178 892.684448 641.654968
0 1478189153 546.171448 1009.339783
0 1568499641 1020.340576 607.734436
0 1478245224 329.912323 949.883545
0 1524852325 1205.031616 447.999756
0 1478219190 668.230103 1042.897461
0 1578525682 984.509827 653.570496
0 1478232206 584.906677 1029.943359
0 1524818280 1125.135132 436.723389
0 1524850322 1245.264526 441.933746
0 1438996635 841.134644 663.695618
0 1524832299 1144.768066 433.810852
0 1478242220 352.901611 993.874023
0 1524789245 1206.467896 390.172485
0 1438999639 973.358582 568.457092
0 1478196161 445.555328 928.342834
0 1478252234 528.363770 869.774963
0 1524803261 1107.697632 417.839966
0 1578523680 1039.503540 644.308655
0 1578530689 953.449402 582.797302
0 1568508653 899.523865 580.235107
0 1524826290 1265.254028 438.919891
0 1524847319 1203.189453 425.144012
0 1524810270 1071.104736 452.333252
0 1524835302 1151.152344 440.395386
0 1524821284 1170.191528 395.423004
0 1524799257 1164.321167 430.910126
0 1478233208 552.731873 955.724243
0 1608354172 909.635986 695.700562
0 1524835303 1102.943970 463.391815
0 1478251232 419.809296 889.537170
0 1524812273 1144.039917 457.195679
0 1706512175 1027.730835 570.863403
0 1438986622 1074.132935 652.705383
0 1478211180 427.406799 1005.457153
0 1524823286 1157.995361 403.750580
0 1478223195 524.883667 891.485596
0 1478244223 473.728485 970.806885
0 1438987623 962.132507 671.732605
0 1478193157 509.149139 989.647339
0 1478198164 361.023743 967.617676
0 1524862339 1132.500610 421.158417
0 1478236212 669.151489 909.525330
0 1478240217 632.694153 893.484741
0 1478214183 335.331390 1050.673218
0 1578521678 903.294739 590.855042
0 1524844314 1225.190552 444.960358
0 1524848320 1080.163330 436.018402
0 1524806265 1170.957886 437.441711
0 1524787243 1222.505615 422.278503
0 1478241219 589.607361 974.085938
0 1524799256 1157.712769 447.161682
0 1478190154 668.811340 958.767029
0 1478226198 549.536865 981.835938
0 1478214184 599.474915 856.829285
0 2084722944 956.778687 658.240784
0 1578522679 963.084412 604.751221
0 1524825289 1213.166748 395.727478
0 1774531078 928.436096 586.815918
0 1525674169 988.806641 600.556946
0 1524815276 1164.456909 454.117340
0 1768901071 1066.768799 639.716858
0 1578526684 973.411987 628.283386
0 1478182144 344.349213 1021.521362
0 1524853326 1253.277710 448.854279
0 1478218189 669.459961 864.867676
0 1578513667 919.741333 637.173340
0 1438983618 896.687744 654.418274
0 1478224196 593.845520 923.722961
0 1524792248 1045.715576 420.078491
0 1524795252 1194.846924 398.391571
0 1524808267 1119.168335 430.261749
0 1478191155 628.136841 993.271179
0 1524856330 1234.318359 413.267029
0 1478236211 456.249359 882.903259
0 1478212181 630.529968 940.871765
0 1478185147 558.660095 907.274963
0 1568502645 855.671509 610.177612
0 1568508652 924.231384 649.818420
0 1438984619 847.509338 691.205444
0 1659977623 930.911987 628.817322
0 1478209177 311.992249 1001.684021
0 1438982617 941.854736 620.631653
0 1524805264 1074.842773 429.625244
0 1771287074 827.092651 603.097595
0 2087111947 1012.084351 648.926575
0 1524817279 1212.510742 455.035736
0 1524795251 1210.324585 431.570740
0 1478230204 513.382568 963.236511
0 1524847318 1126.604492 415.077240
0 1578516671 805.859192 630.388184
0 1568513659 968.156982 616.309570
0 1578529687 852.624023 598.995728
0 1524819282 1197.758057 441.157196
0 1478253235 591.779907 948.269592
0 1524836304 1157.859985 424.551331
0 1568501644 818.432922 696.145142
0 1438998637 874.663879 584.200745
0 1524816278 1065.751831 445.532898
0 1705773174 1039.847534 592.234192
0 1524845316 1220.037109 401.424530
0 1524842312 1227.085205 407.269104
0 1568507651 997.724854 564.570190
0 1438999638 1018.454956 662.164307
0 1478252233 564.043396 863.279541
0 1438993630 1059.672119 627.199768
0 1478237214 582.358643 1060.221436
0 1524857332 1078.283081 408.725616
0 1478248228 517.406250 938.134338
0 1478225197 668.434326 1013.336792
0 1524859335 1196.242065 418.886658
0 1524832298 1183.794800 428.021240
0 1478200166 668.014221 1074.148926
0 1478250231 451.029480 905.082886
0 1478245225 538.872131 1068.994507
0 1438995633 1033.686646 581.367981
0 1524804263 1113.357788 423.969482
0 1524839308 1177.089478 421.713318
0 1524849321 1097.011475 456.263367
0 1568512658 1008.649048 585.419983
0 1568514661 907.194946 601.839111
0 1478231205 376.100830 918.877930
0 1773608077 1000.028198 623.874756
0 1438977615 835.216309 638.155090
0 1524834301 1088.716553 420.613586
0 1607644171 844.261719 677.190430
0 1524800258 1208.317505 410.025085
0 1568504647 1046.373779 657.421204
0 1568500642 915.410706 624.977051
0 1478256239 478.753632 945.421631
0 1524815277 1060.542114 438.914246
0 1568503646 803.605835 618.603760
0 1478220191 495.012085 1077.842896
0 1478207174 393.491638 986.124939
0 1524841311 1096.805542 406.044708
0 1478213182 542.621704 1038.350220
0 1524813274 1099.705200 433.134247
0 1568516663 990.375000 666.934631
0 1578517672 1053.508667 671.038696
0 1578527685 815.727356 681.996033
0 1478240218 483.534790 921.268433
0 1478215185 626.842773 1021.605835
0 1524838307 1055.469604 432.470123
0 1478197163 439.807861 952.764221
0 1478221192 488.089417 898.259766
0 1524819281 1215.318237 416.071228
0 2086284946 937.226257 608.967590
0 1524824288 1150.699951 464.407990
0 1524802260 1041.024048 414.118408
0 1478226199 468.440369 997.520874
0 1578518673 938.751038 690.709778
0 1438981616 1046.224243 603.481140
0 1478238215 668.627747 985.333313
0 1609135173 878.024414 594.915039
0 1524837305 1064.610962 417.330688
0 1524793249 1105.421753 439.647888
0 1568515662 849.678162 588.186462
0 1568516664 948.870300 572.363464
0 1438991628 924.259033 576.289368
0 1478249230 668.985657 933.530151
0 1438996634 994.318542 612.010559
0 1578519675 880.347717 700.721008
0 1524829295 1139.462769 406.445618
0 1524864341 1094.138672 426.791718
0 1438993631 824.565613 592.192444
0 1524788244 1085.627563 442.584351
0 1772785076 1025.071533 675.913208
0 1524828293 1177.777344 444.153168
0 1524798255 1229.887085 428.653320
0 1478199165 504.689087 1017.472046
0 1578528686 911.231201 613.206360
0 1478192156 456.987854 1055.375488
0 1478228201 407.293854 935.469788
0 1772037075 978.335632 578.799072
0 1578515670 858.825745 621.751526
0 1524851323 1138.553101 427.400818
0 1478202169 521.235352 914.246033
0 1524809269 1145.437256 412.325317
0 1524822285 1237.470459 435.202667
0 1524841310 1082.263916 466.509827
0 1578515669 821.245056 710.852051
0 1524854328 1151.567627 418.358551
0 0 1302.611206 938.542297
0 1 1107.695068 414.734863
0 2 1250.567139 684.820251
0 3 433.463989 963.613831
0 4 1199.121094 523.938232
0 5 1332.982300 465.513733
0 6 444.959900 891.508911
0 7 1208.146362 556.005920
0 8 972.124878 442.261383
0 9 548.393066 473.765350
0 10 1087.070312 441.729034
0 11 821.996643 432.526489
0 12 535.905762 606.111450
0 13 1121.498047 385.468994
0 14 568.588562 578.876038
0 15 1289.772339 598.582214
0 16 1492.866577 595.465271
0 17 505.754181 580.715881
0 18 1385.018066 486.078461
0 19 1196.549316 709.286438
0 20 536.218750 492.507904
0 21 305.556000 765.981689
0 22 532.936707 550.245605
0 23 436.186218 844.226257
0 24 505.804657 636.540405
0 25 693.367126 766.572327
0 26 598.908508 780.791992
0 27 652.172729 456.906830
0 28 707.860596 451.984741
0 29 501.782104 512.139282
0 30 909.930481 457.200562
0 31 899.061279 425.048798
0 32 702.189392 814.441650
0 33 514.491943 801.428467
0 34 1149.587891 679.607971
0 35 760.948364 441.082611
0 36 406.303558 640.475830
0 37 950.688599 763.611145
0 38 604.319214 472.630554
0 39 833.248840 779.576599
