0 1578512666 950.565491 438.355042
0 1524823287 1272.221680 790.343262
0 1478234209 1052.666748 278.825623
0 1707269176 1055.980957 396.983124
0 1438989626 1024.590332 486.597443
0 1524801259 1098.793213 671.000854
0 1438992629 1019.553223 455.643616
0 1478227200 975.619690 259.607574
0 1524854327 1154.644897 636.414429
0 1478249229 926.689453 249.795029
0 1524807266 920.758057 719.483887
0 1524863340 1181.861694 821.202332
0 1524831297 970.300598 750.570435
0 1478229202 963.905640 262.797119
0 1568509654 1035.136841 449.019775
0 1524790246 1152.098633 803.471313
0 1578523681 1139.564087 419.414154
0 1478207175 962.228027 247.970551
0 1524861337 1326.088501 745.971741
0 1478210178 1022.307373 254.575562
0 1524862338 966.661621 692.999390
0 1478186149 999.868103 260.812286
0 1524797254 1022.824036 783.527405
0 1578518674 1041.882812 402.516144
0 1438985621 1107.994141 418.051910
0 1524857331 1260.978760 758.906250
0 1478203170 1009.627869 250.347626
0 1438994632 949.688843 424.486633
0 1578520676 1022.015869 470.777191
0 1478237213 995.124634 305.527252
0 1568511657 965.441528 418.460693
0 1775370079 934.121277 444.808807
0 1478195160 1088.506104 276.649200
0 1568510655 933.581665 430.648254
0 1478257240 993.683411 296.670654
0 1578521677 979.405396 399.786316
0 1524794250 1268.214600 715.931702
0 1524812272 1143.052002 672.428406
0 1769859072 997.729431 419.844818
0 1578525683 985.566345 454.237396
0 1770636073 994.200317 394.267456
0 1524846317 1130.348511 819.868591
0 1524833300 1124.006104 684.666321
0 1568511656 1157.841187 426.708557
0 1438985620 1079.818726 430.027863
0 1478185148 1074.879272 272.105377
0 1707993177 990.939697 370.637146
0 1478189152 981.252563 300.431488
0 1524791247 1173.105103 787.634521
0 1524830296 1123.226929 786.271423
0 2088218948 1062.038574 422.601654
0 1524827292 1242.194458 773.696777
0 1606348170 1090.331299 410.897278
0 1524855329 1030.349731 656.253906
0 1478183145 982.494629 309.433044
0 1438990627 980.851379 412.565857
0 1524840309 1279.153320 744.595642
0 1478222194 978.889648 283.305969
0 1709860179 868.040161 414.285217
0 1478188151 927.562134 272.692963
0 1438988624 1044.596069 415.316376
0 1478243222 889.917725 266.880707
0 1524843313 1191.217773 857.068176
0 1524844315 996.173157 766.804749
0 1524858333 1233.146851 822.530151
0 1524811271 1009.767273 668.129150
0 1524859334 1253.022583 806.158081
0 1478216186 1005.895386 292.975983
0 1524851324 1285.467163 702.924988
0 1524814275 1093.529663 646.169373
0 1578514668 1008.686157 388.863861
0 1478184146 980.051636 291.727295
0 1524829294 1144.410400 770.957458
0 1478176143 927.871887 280.822723
0 1524860336 1069.714966 633.541626
0 1478222193 939.391785 261.583221
0 1438997636 1050.367920 442.545898
0 1478194158 954.150513 290.475861
0 1478201168 974.596130 252.190186
0 1478187150 1050.405640 270.897430
0 1478205172 987.141602 256.470306
0 1524838306 1015.900146 722.332703
0 1568514660 1053.127930 384.917419
0 1524865342 1106.850952 612.115723
0 2085418945 932.091187 391.537323
0 1524808268 1117.967163 659.127197
0 1478200167 1001.303894 268.473969
0 1478194159 963.053955 255.269821
0 1568501643 1025.131592 395.627106
0 1478239216 954.917480 299.168823
0 1524820283 1161.529541 660.555786
0 1438989625 978.016113 387.507782
0 1568505649 1058.948853 409.534546
0 1478255237 1077.527466 280.044312
0 1524804262 1088.549683 622.674866
0 1568506650 992.538391 382.223083
0 1478217187 1043.443115 290.584808
0 1568505648 963.186951 392.904205
0 1568497640 1086.748901 398.335602
0 1578511665 1069.785278 391.565369
0 1478258241 1025.880615 269.686981
0 1524796253 1063.182129 723.748474
0 1478206173 950.667358 250.993866
0 1524826291 1033.875854 681.808899
0 1578529688 916.592224 397.041809
0 1478233207 1048.214600 263.214142
0 1708834178 1027.481567 408.168121
0 1478189153 939.881958 269.338440
0 1568499641 967.890259 446.216522
0 1478245224 1061.450195 267.627472
0 1524852325 1012.743530 694.434143
0 1478219190 877.143372 270.221375
0 1578525682 948.848083 411.184967
0 1478232206 914.926453 268.110870
0 1524818280 1149.906616 698.704529
0 1524850322 968.425842 720.911194
0 1438996635 1039.275757 390.216400
0 1524832299 1130.403687 711.721985
0 1478242220 1024.066406 262.014465
0 1524789245 1169.083374 875.300964
0 1438999639 1056.651123 472.187897
0 1478196161 1027.752808 277.604340
0 1478252234 1031.682129 294.221924
0 1524803261 1232.026245 743.213867
0 1478211179 902.571167 255.978470
0 1578523680 916.928772 423.091675
0 1578530689 1053.441406 457.045715
0 1568508653 1101.997925 451.806976
0 1524826290 945.172791 734.803528
0 1524847319 1068.002808 753.372253
0 1524810270 1179.463623 649.032349
0 1524835302 1104.364990 697.286621
0 1524821284 1212.558350 839.489502
0 1524799257 1110.272949 725.158508
0 1478233208 965.691467 278.580078
0 1608354172 962.125305 380.870636
0 1524835303 1112.257446 634.980652
0 1478251232 1066.360718 283.497620
0 1524812273 1074.240845 657.693237
0 1706512175 1005.738586 477.889587
0 1438986622 884.076843 421.692749
0 1478211180 988.368286 264.008545
0 1524823286 1202.670654 804.817566
0 1478223195 1017.894287 289.345795
0 1478244223 989.633911 271.785706
0 1438987623 948.040955 398.415894
0 1478193157 964.784424 270.563354
0 1478198164 1037.140381 266.423706
0 1524862339 1184.706543 741.826538
0 1478236212 941.450745 294.156525
0 1478240217 967.596252 295.414978
0 1478214183 998.476196 253.384094
0 1578521678 1083.446533 443.934875
0 1524844314 990.937866 707.461731
0 1524848320 1213.442505 687.501770
0 1524806265 1084.100464 710.307556
0 1524787243 1045.795410 768.194885
0 1478241219 940.388062 277.344025
0 1524799256 1079.028198 683.240417
0 1478190154 915.136475 284.362366
0 1478226198 952.690369 273.924744
0 1478208176 938.916687 254.066818
0 1478214184 1007.528564 301.691345
0 2084722944 964.291504 405.424194
0 1578522679 1017.195190 441.152924
0 1524825289 1137.958740 855.771240
0 1774531078 1068.615479 450.415375
0 1525674169 1001.561951 447.620178
0 1478197162 961.426880 240.889145
0 1524815276 1054.365234 669.567688
0 1768901071 900.429626 429.246246
0 1578526684 982.357544 425.877777
0 1478182144 1011.179688 257.668396
0 1524853326 944.076294 706.030212
0 1478218189 968.597046 304.260345
0 1578513667 1012.767212 413.942993
0 1438983618 1010.685913 401.153046
0 1478224196 966.628174 286.859589
0 1478247227 997.125977 246.178940
0 1524792248 1313.788818 717.323914
0 1524795252 1160.304810 838.176086
0 1524808267 1176.523071 713.130798
0 1478191155 915.029785 276.105316
0 1524856330 1050.288940 800.760925
0 1478236211 1055.000977 287.010590
0 1478258242 972.640259 238.014282
0 1478212181 940.910645 285.612366
0 1478185147 992.289368 288.104034
0 1568502645 1094.060669 423.974365
0 1568508652 995.929321 406.798004
0 1438984619 1006.763062 377.046631
0 1659977623 1013.839966 420.535431
0 1478209177 1035.168335 258.863953
0 1438982617 1014.935181 427.264984
0 1524805264 1240.456543 701.523682
0 1771287074 1125.994751 425.343323
0 2087111947 933.064331 417.072723
0 1524817279 988.547852 680.371887
0 1524795251 1041.578125 737.630066
0 1478230204 977.764771 275.153900
0 1478230203 973.603455 244.995712
0 1524847318 1213.035156 757.531372
0 1578516671 1104.027222 405.231384
0 1568513659 999.605469 433.440399
0 1578529687 1112.125366 431.403564
0 1524819282 1037.612061 708.887512
0 1478253235 953.408569 282.065704
0 1524836304 1137.192749 740.433411
0 1478243221 985.952026 249.160278
0 1568501644 1020.699341 371.975189
0 1438998637 1116.431396 445.319977
0 1524816278 1204.928955 661.979065
0 1705773174 969.195312 461.009888
0 1524845316 1107.814697 836.856689
0 1524842312 1078.605835 818.528931
0 1568507651 1040.812500 479.306519
0 1438999638 916.757080 409.800262
0 1478252233 1019.712524 297.923492
0 1438993630 917.107849 436.950104
0 1478237214 902.476990 263.596313
0 1524857332 1308.723877 760.275452
0 1478248228 990.940247 279.813446
0 1478225197 889.616577 274.863922
0 1524859335 1095.207520 769.579102
0 1524832298 1089.483643 739.034607
0 1478200166 864.855652 265.647919
0 1478250231 1041.274658 282.272247
0 1478245225 914.826477 260.366760
0 1438995633 987.277710 469.362305
0 1524804263 1203.885742 727.961548
0 1524839308 1116.548462 754.764404
0 1524849321 1136.576172 647.603516
0 1568512658 1003.604492 462.422607
0 1568514661 1065.258057 436.216827
0 1478231205 1063.866577 275.437164
0 1773608077 966.640076 432.046295
0 1438977615 1072.996582 403.875549
0 1524834301 1250.409912 729.354553
0 1607644171 1022.872437 383.571991
0 1524800258 1101.305176 802.119080
0 1568504647 900.597290 415.680908
0 1568500642 1029.928467 421.225128
0 1478256239 1002.785583 276.380432
0 1524815277 1231.066406 675.267456
0 1568503646 1121.629272 412.256348
0 1478220191 926.971313 257.190704
0 1478207174 1012.779785 265.217377
0 1524841311 1290.778198 775.057739
0 1478213182 927.262085 264.819580
0 1524813274 1195.270020 700.116882
0 1568516663 932.567871 404.046631
0 1578517672 884.577942 408.411774
0 1578527685 1036.768555 378.388428
0 1478240218 1016.134644 281.044159
0 1478215185 902.379822 271.458496
0 1524838307 1257.902954 688.911316
0 1478197163 1014.430603 273.005432
0 1478221192 1029.685547 285.778412
0 1524819281 1073.133789 784.902405
0 2086284946 1032.477905 434.830566
0 1524824288 1050.323364 644.729858
0 1524802260 1342.899780 732.123962
0 1478226199 976.675293 267.258423
0 1578518673 947.265503 386.148132
0 1438981616 951.480286 452.827118
0 1478238215 902.279480 279.577026
0 1609135173 1097.946167 437.599213
0 1524837305 1296.747559 730.742065
0 1524793249 1168.810547 686.086792
0 1568515662 1130.542725 438.977692
0 1568516664 1072.119873 465.235565
0 1438991628 1087.231323 458.443756
0 1478249230 928.192017 289.221619
0 1438996634 983.927734 439.755951
0 1578519675 976.680359 375.701385
0 1524829295 1222.769531 788.991821
0 1524864341 1222.459595 714.534058
0 1478255238 890.209534 259.147736
0 1438993631 1144.342529 432.775421
0 1524788244 1187.142822 673.850647
0 1772785076 900.758179 402.665344
0 1524828293 1058.644287 695.863159
0 1478203171 914.729492 252.861343
0 1524798255 1019.253967 751.974304
0 1478199165 951.994751 266.040283
0 1578528686 1047.422119 428.648346
0 1478192156 951.320740 258.400391
0 1478228201 1039.174805 274.222595
0 1772037075 1037.912354 463.831146
0 1578515670 1076.338379 416.686035
0 1524851323 1157.173828 726.562866
0 1478218188 938.455994 246.778381
0 1478202169 1004.315186 284.543549
0 1478254236 950.033569 243.810135
0 1478246226 877.639465 262.370422
0 1524809269 1193.405518 772.330017
0 1524822285 993.474854 736.219727
0 1524841310 1130.448242 624.112793
0 1478235210 984.797974 242.068222
0 1578515669 1004.912476 365.674683
0 1524854328 1164.892212 756.150757
0 0 1413.702271 502.665833
0 1 841.132385 310.840088
0 2 1096.625000 564.816040
0 3 1463.329590 530.513306
0 4 1369.529053 458.024475
0 5 812.731201 233.510910
0 6 1414.289185 558.351501
0 7 1460.718506 365.200592
0 8 1404.532593 356.290863
0 9 563.335144 425.972748
0 10 1496.710693 384.349030
0 11 471.723267 316.489471
0 12 1152.099854 696.842529
0 13 680.954346 256.833862
0 14 1033.849854 707.499695
0 15 1144.582153 261.882690
0 16 944.511658 225.882584
0 17 863.948242 623.364380
0 18 894.189026 223.665955
0 19 863.163513 444.191711
0 20 562.587524 453.514526
0 21 1474.776733 420.672852
0 22 767.986816 567.489380
0 23 1268.319336 636.919312
0 24 650.210022 541.435730
0 25 756.512573 404.486023
0 26 815.270630 422.603088
0 27 527.699341 402.738190
0 28 447.968811 293.150116
0 29 816.685791 461.460632
0 30 1505.308838 402.928467
0 31 767.650879 238.721817
0 32 1398.933472 332.751373
0 33 720.566650 375.858246
0 34 1190.548340 274.558838
0 35 441.454437 335.474396
0 36 1033.086060 281.649048
0 37 1235.660522 287.985809
0 38 993.903564 243.991135
0 39 1288.372192 304.217957
