0 1578512666 908.097107 561.546997
0 1707269176 1074.413330 498.038544
0 1438989626 984.896057 659.337708
0 1438992629 994.332520 600.557129
0 1568509654 1019.579895 589.970398
0 1578523681 1180.029907 546.670471
0 1578518674 1052.362305 506.458801
0 1438985621 1136.471680 540.955322
0 1438994632 914.603516 536.445618
0 1578520676 989.752136 629.088623
0 1568511657 939.423218 527.248840
0 1775370079 881.851135 571.569092
0 1568510655 889.152100 545.876465
0 1578521677 968.406006 495.516296
0 1769859072 982.919800 532.975708
0 1578525683 947.696594 594.302063
0 1770636073 991.380127 487.251221
0 1568511656 1202.539795 561.891418
0 1438985620 1091.489380 559.817261
0 1707993177 999.030212 445.907013
0 2088218948 1070.338257 544.485413
0 1606348170 1115.216309 526.256042
0 1438990627 963.634399 518.277527
0 1709860179 809.776184 510.179199
0 1438988624 1049.775269 529.579956
0 1578514668 1013.818237 479.178955
0 1438997636 1044.171875 579.658386
0 1568514660 1076.300415 476.529785
0 2085418945 908.858032 476.530243
0 1568501643 1032.832642 492.636536
0 1438989625 972.940857 473.885040
0 1568505649 1072.428467 520.660828
0 1568506650 995.299072 466.071869
0 1568505648 950.055542 481.882477
0 1568497640 1116.122925 503.457306
0 1578511665 1095.948120 489.815369
0 1578529688 884.972534 484.641907
0 1708834178 1029.776367 515.083313
0 1568499641 927.603516 577.681824
0 1578525682 920.770630 512.653442
0 1438996635 1054.820435 484.489044
0 1438999639 1037.912476 635.600525
0 1578523680 870.744690 530.650635
0 1578530689 1041.131226 606.833984
0 1568508653 1112.190796 602.343628
0 1608354172 954.980957 460.866516
0 1706512175 962.991028 640.680115
0 1438986622 827.029297 524.874573
0 1438987623 926.624268 490.070618
0 1578521678 1089.838501 585.736633
0 2084722944 944.876343 503.981262
0 1578522679 998.659973 573.600830
0 1774531078 1065.805542 596.146362
0 1525674169 973.512695 583.815552
0 1768901071 844.778198 539.992188
0 1578526684 958.606750 542.259705
0 1578513667 1006.635681 523.919678
0 1438983618 1010.318542 500.979004
0 1568502645 1114.261597 550.268433
0 1568508652 987.259155 509.523529
0 1438984619 1017.148132 458.436584
0 1659977623 1004.721130 535.846130
0 1438982617 1002.755005 548.092896
0 1771287074 1158.328491 556.070374
0 2087111947 896.067566 521.540527
0 1578516671 1136.846069 517.470093
0 1568513659 978.344177 557.703979
0 1578529687 1136.076904 565.708496
0 1568501644 1038.505371 450.973175
0 1438998637 1135.660400 591.835449
0 1705773174 921.184326 605.071228
0 1568507651 1011.773560 647.303772
0 1438999638 878.043823 507.047333
0 1438993630 863.044495 555.550537
0 1438995633 941.764160 622.600098
0 1568512658 968.403259 611.429688
0 1568514661 1068.133789 569.610779
0 2079485312 1004.727173 535.794739
0 1773608077 933.673889 551.780396
0 1438977615 1094.537964 511.955811
0 1607644171 1035.738770 471.292938
0 1568504647 852.852112 515.850708
0 1568500642 1026.557861 538.721191
0 1568503646 1158.140503 531.869080
0 1568516663 902.627258 498.456482
0 1578517672 835.453247 501.459076
0 1578527685 1057.159302 463.586761
0 2086284946 1023.163940 563.647400
0 1578518673 932.187683 468.607239
0 1438981616 901.222473 588.068665
0 1609135173 1113.254517 575.594116
0 1568515662 1158.526733 581.597534
0 1568516664 1063.343018 624.214417
0 1438991628 1088.093506 613.132812
0 1438996634 953.302002 567.563782
0 1578519675 977.255981 453.301727
0 1438993631 1180.812622 571.619385
0 1772785076 860.511353 492.949158
0 1578528686 1047.048950 553.945374
0 1772037075 1015.789246 617.810730
0 1578515670 1093.053711 535.258423
0 1578515669 1020.320312 438.676697
0 0 833.466248 497.900177
0 1 809.568542 449.003693
0 2 737.528076 465.977661
0 3 877.737183 469.736176
0 4 910.104309 352.626740
0 5 944.518799 303.553558
0 6 1016.057739 323.697235
0 7 1021.310791 293.283295
0 8 1440.952637 555.980347
0 9 1083.079224 419.105316
