0 1578512666 1010.062988 491.631744
0 1524823287 533.023254 399.864899
0 1478234209 1433.916870 876.602051
0 1707269176 999.731384 592.132324
0 1438989626 880.215881 482.636566
0 1524801259 678.588501 404.087830
0 1438992629 927.052307 506.488800
0 1478227200 1640.515991 847.668640
0 1524854327 660.233215 433.654205
0 1478249229 1755.414673 819.359619
0 1524807266 752.016541 350.474274
0 1524863340 575.878540 372.849518
0 1524831297 710.933899 351.986237
0 1478229202 1626.292847 819.400208
0 1568509654 924.264404 519.760437
0 1524790246 596.518982 372.115723
0 1578523681 874.619263 610.771362
0 1478207175 1746.189941 877.821716
0 1524861337 508.790924 428.449890
0 1478210178 1640.499512 941.773438
0 1524862338 742.905090 366.911682
0 1478186149 1610.612305 877.292175
0 1524797254 670.112976 353.488586
0 1578518674 1001.374756 576.145935
0 1438985621 908.723877 593.740356
0 1524857331 546.865234 408.411163
0 1478203170 1688.069458 942.181946
0 1438994632 1036.197388 503.832306
0 1578520676 903.191833 494.337494
0 1478237213 1348.707153 721.223572
0 1568511657 1035.308716 517.170288
0 1775370079 1011.341736 479.192749
0 1478195160 1407.487793 939.772461
0 1568510655 1037.055664 490.948334
0 1478257240 1393.105225 743.833984
0 1578521677 1062.514404 544.691589
0 1524794250 553.460938 427.050293
0 1524812272 650.192871 414.376892
0 1769859072 1005.952148 531.620117
0 1578525683 956.408813 492.990112
0 1770636073 1062.064819 559.567383
0 1524846317 603.028137 363.811157
0 1524833300 656.444519 404.814636
0 1568511656 844.130493 611.271484
0 1438985620 915.283875 562.511719
0 1478185148 1453.456055 940.167175
0 1707993177 1123.072876 589.952881
0 1478189152 1386.067383 720.938965
0 1524791247 589.832214 380.646912
0 1524830296 617.226746 371.379547
0 2088218948 944.377747 561.928101
0 1524827292 554.423279 399.147278
0 1606348170 938.918945 593.206787
0 1524855329 728.267883 393.317688
0 1478183145 1342.839966 699.409302
0 1438990627 1034.388184 530.986633
0 1524840309 539.089478 417.941925
0 1478222194 1479.560791 767.503967
0 1709860179 1118.164551 476.387207
0 1478188151 1587.693115 742.682556
0 1438988624 973.601868 561.341919
0 1478243222 1653.514038 718.901733
0 1524843313 562.338989 365.283478
0 1524844315 690.490845 352.738617
0 1524858333 548.079773 382.103943
0 1524811271 733.283508 384.269318
0 1524859334 540.655334 390.862000
0 1478216186 1400.481689 767.831177
0 1524851324 545.538147 437.158447
0 1524814275 695.182739 412.933258
0 1578514668 1061.598145 575.008484
0 1478184146 1431.579102 743.606384
0 1524829294 610.811890 379.914764
0 1478176143 1537.606812 719.784668
0 1524860336 717.796936 412.207611
0 1478222193 1654.439453 792.452576
0 1438997636 921.377319 533.504089
0 1478194158 1461.414062 720.365051
0 1478201168 1700.700562 877.643982
0 1478187150 1488.397461 907.793152
0 1478205172 1655.509033 877.467529
0 1524838306 700.737366 368.410767
0 1568514660 1029.241821 608.234924
0 1524865342 706.695679 432.234650
0 2085418945 1120.441528 529.069763
0 1524808268 672.648254 413.656372
0 1478200167 1553.453247 847.516968
0 1478194159 1684.464844 847.745239
0 1568501643 1031.417480 575.578491
0 1478239216 1416.050171 698.732605
0 1524820283 643.756836 424.221161
0 1438989625 1091.818970 558.970581
0 1568505649 971.469177 576.710754
0 1478255237 1398.737549 907.238647
0 1524804262 712.328613 422.072693
0 1568506650 1091.917725 574.435913
0 1478217187 1375.133911 819.479187
0 1568505648 1091.723877 544.072693
0 1568497640 966.952881 609.256714
0 1578511665 998.023315 608.747009
0 1478258241 1521.691772 876.944885
0 1524796253 674.169128 377.703827
0 1478206173 1728.695557 847.822327
0 1524826291 711.591125 385.011719
0 1578529688 1119.842041 515.198486
0 1478233207 1546.337280 940.964844
0 1708834178 1002.957214 560.753052
0 1478189153 1599.931152 767.005920
0 1568499641 983.180908 492.312347
0 1478245224 1499.738281 940.564697
0 1524852325 716.759094 376.217529
0 1478219190 1640.542114 696.657715
0 1578525682 1063.366089 516.515808
0 1478232206 1627.285767 742.448303
0 1524818280 634.377075 405.538910
0 1524850322 726.679199 359.336761
0 1438996635 1030.350586 591.591248
0 1524832299 640.752869 396.252350
0 1478242220 1579.255493 908.355103
0 1524789245 569.189148 357.202911
0 1438999639 873.156677 507.800568
0 1478196161 1467.486450 847.367249
0 1478252234 1368.039795 793.103271
0 1524803261 568.630310 407.696808
0 1478211179 1722.453491 766.498962
0 1578523680 1064.159790 490.262115
0 1578530689 896.795898 520.401184
0 1568508653 861.613770 548.948181
0 1524826290 731.442383 351.231476
0 1524847319 658.845459 369.899994
0 1524810270 637.128174 434.360138
0 1524835302 662.519592 395.522461
0 1524821284 555.304993 373.580872
0 1524799257 646.951416 387.223999
0 1478233208 1519.448608 767.338928
0 1608354172 1121.708008 558.371033
0 1524835303 689.389587 422.791412
0 1478251232 1390.451904 876.432312
0 1524812273 700.809448 403.358521
0 1706512175 906.230896 481.953308
0 1438986622 1091.296143 477.092865
0 1478211180 1596.846313 847.592590
0 1524823286 568.921631 381.376617
0 1478223195 1408.222046 793.011963
0 1478244223 1541.539917 819.426819
0 1438987623 1091.632080 529.711487
0 1478193157 1571.376099 792.641296
0 1478198164 1533.675171 908.073181
0 1524862339 597.441406 397.704742
0 1478236212 1452.954956 698.391541
0 1478240217 1423.635864 720.652832
0 1478214183 1671.336304 908.924500
0 1578521678 889.937805 548.348083
0 1524844314 721.786621 367.662415
0 1524848320 598.448486 425.640747
0 1524806265 668.425415 386.489044
0 1524787243 664.554382 361.584778
0 1478241219 1548.328003 742.915527
0 1524799256 684.360718 394.790039
0 1478190154 1527.372192 697.703735
0 1478226198 1559.571411 767.172913
0 1478208176 1712.105103 819.373230
0 1478214184 1354.849365 744.060425
0 2084722944 1062.947998 530.350464
0 1578522679 951.849182 519.117004
0 1524825289 589.246155 356.464783
0 1774531078 893.427673 534.126709
0 1525674169 954.168213 505.828796
0 1478197162 1811.804443 909.793152
0 1524815276 706.276672 394.055145
0 1768901071 1064.536499 477.795654
0 1578526684 1007.370667 517.821960
0 1478182144 1625.141602 908.638855
0 1524853326 747.522034 358.582581
0 1478218189 1379.345703 699.071838
0 1578513667 1004.481934 545.921143
0 1438983618 1032.444580 560.161560
0 1478224196 1470.272949 743.377380
0 1478247227 1735.969849 942.593323
0 1524792248 522.845947 437.851746
0 1524795252 582.651001 364.548523
0 1524808267 612.385803 406.260681
0 1478191155 1576.024902 719.492065
0 1524856330 649.799805 354.236176
0 1478236211 1382.594849 847.219299
0 1478258242 1832.775269 943.424683
0 1478212181 1499.403809 720.075684
0 1478185147 1439.905884 767.668030
0 1568502645 912.065491 577.832703
0 1568508652 1033.434082 545.307678
0 1438984619 1092.020386 590.501587
0 1659977623 990.924683 539.016846
0 1478209177 1593.256592 941.367737
0 1438982617 977.638794 532.250793
0 1524805264 575.914795 426.346802
0 1771287074 878.668274 594.271423
0 2087111947 1063.769897 503.161224
0 1524817279 738.160706 375.470673
0 1524795251 679.757080 369.156586
0 1478230204 1530.219482 792.734741
0 1478230203 1764.664551 909.501709
0 1524847318 575.895874 398.427216
0 1578516671 936.029358 609.763977
0 1568513659 979.550964 518.470886
0 1578529687 882.565552 578.389893
0 1524819282 695.428650 376.961914
0 1478253235 1509.188599 743.147095
0 1524836304 625.549500 387.956512
0 1478243221 1717.843018 909.212158
0 1568501644 1092.127075 607.203369
0 1438998637 857.483582 563.671082
0 1524816278 614.106628 435.063507
0 1705773174 958.574951 480.578583
0 1524845316 609.366699 355.724243
0 1524842312 629.551147 354.981384
0 1568507651 876.745605 495.007019
0 1438999638 1091.458252 502.487305
0 1478252233 1361.286255 767.993347
0 1438993630 1037.885376 478.495605
0 1478237214 1667.108154 742.212646
0 1524857332 517.100647 418.647522
0 1478248228 1489.309570 792.827698
0 1478225197 1602.610718 697.008301
0 1524859335 638.002136 370.640991
0 1524832298 652.979980 378.443237
0 1478200166 1678.684326 696.305237
0 1478250231 1424.907471 847.293030
0 1478245225 1681.369995 766.669006
0 1438995633 932.350403 481.267303
0 1524804263 590.470398 406.979980
0 1524839308 631.861023 379.180237
0 1524849321 666.532471 423.507568
0 1568512658 929.746033 493.665161
0 1568514661 918.385803 547.745300
0 1478231205 1443.419189 907.515015
0 1773608077 1008.740051 504.500610
0 1438977615 969.254395 592.670776
0 1524834301 561.155090 417.233887
0 1607644171 1061.113403 591.047668
0 1524800258 623.470947 363.071411
0 1568504647 1091.375732 489.573120
0 1568500642 975.656982 546.531860
0 1478256239 1499.554443 819.440063
0 1524815277 591.168030 435.764343
0 1568503646 905.251892 610.268860
0 1478220191 1696.350464 792.357361
0 1478207174 1566.007446 877.117920
0 1524841311 525.174805 409.123047
0 1478213182 1640.530029 766.837952
0 1524813274 605.518066 415.810425
0 1568516663 1091.543701 515.858521
0 1578517672 1118.704468 488.881195
0 1578527685 1060.609375 607.720337
0 1478240218 1457.826538 819.453186
0 1478215185 1614.660156 719.197754
0 1524838307 568.312012 436.462646
0 1478197163 1510.334229 847.441833
0 1478221192 1416.353760 819.466248
0 1524819281 643.979614 362.329315
0 2086284946 949.447449 532.878784
0 1524824288 723.107788 402.626678
0 1524802260 500.235046 438.542603
0 1478226199 1583.785156 819.413574
0 1578518673 1121.063110 543.451050
0 1438981616 984.905212 479.887054
0 1478238215 1564.887939 697.356995
0 1609135173 886.319458 563.092651
0 1524837305 531.086487 427.751343
0 1524793249 627.816284 415.094910
0 1568515662 853.199036 578.944519
0 1568516664 869.442871 521.039246
0 1438991628 865.597656 534.746643
0 1478249230 1490.061768 698.048584
0 1438996634 981.397217 505.166077
0 1578519675 1122.377441 573.860596
0 1524829295 561.772583 390.139252
0 1524864341 583.297791 416.523407
0 1478255238 1707.161865 741.975647
0 1438993631 848.751160 594.800049
0 1524788244 621.062317 424.932220
0 1772785076 1119.263306 501.810547
0 1524828293 689.971863 385.751617
0 1478203171 1738.517700 792.261536
0 1524798255 685.195740 360.837891
0 1478199165 1612.782104 792.547180
0 1578528686 946.958618 547.139954
0 1478192156 1669.065430 819.386719
0 1478228201 1477.662476 876.772888
0 1772037075 900.048645 507.146027
0 1578515670 941.699707 577.273010
0 1524851323 619.060303 396.979797
0 1478218188 1773.210815 847.899841
0 1478202169 1448.644531 792.920105
0 1478254236 1791.980103 878.000488
0 1478246226 1692.588745 718.604187
0 1524809269 582.960449 389.414093
0 1524822285 705.903931 360.088562
0 1524841310 683.422302 432.945709
0 1478235210 1784.203857 943.007507
0 1578515669 1123.796143 606.683899
0 1524854328 604.219299 388.686523
0 0 925.659668 763.864075
0 1 525.206726 568.691101
0 2 679.086487 402.213196
0 3 306.420166 787.092285
0 4 486.567078 676.769714
0 5 1582.031250 745.835693
0 6 307.447479 703.001038
0 7 750.266479 885.170288
0 8 872.137207 872.900391
0 9 1418.178711 513.152405
0 10 467.549500 876.449280
0 11 1760.988281 694.972778
0 12 1116.110229 834.994690
0 13 1322.356079 756.677368
0 14 623.375305 344.407288
0 15 1007.534180 369.959961
0 16 809.441162 758.587646
0 17 898.523621 315.323700
0 18 1036.749512 772.909302
0 19 729.021423 382.551544
0 20 1254.069092 310.970703
0 21 794.257080 970.071838
0 22 1321.408691 311.406128
0 23 790.288147 814.569519
0 24 1729.912354 770.058716
0 25 910.066650 391.298981
0 26 1162.501953 384.242737
0 27 1643.709351 437.336121
0 28 1123.861328 310.986115
0 29 457.327515 959.076843
0 30 549.598206 618.126953
0 31 1185.504395 765.052429
0 32 1252.078003 397.659180
0 33 1301.883789 422.145721
0 34 1137.534668 358.554474
0 35 1725.182373 548.464417
0 36 844.185547 387.991028
0 37 1321.602173 512.223083
0 38 986.766235 307.031433
0 39 1210.760498 371.422424
