0 1578512666 992.126343 497.891174
0 1524823287 1193.290771 276.483307
0 1478234209 310.324677 692.837097
0 1707269176 797.022095 501.151947
0 1438989626 1017.366821 434.591003
0 1524801259 1191.147095 331.484558
0 1438992629 965.237488 459.401520
0 1478227200 267.242584 809.144287
0 1524854327 1124.186157 332.828461
0 1478249229 252.275940 893.282471
0 1524807266 1335.380005 346.357971
0 1524863340 1257.954102 282.370544
0 1524831297 1325.625000 328.785553
0 1478229202 304.977631 808.750427
0 1568509654 938.692078 459.866547
0 1524790246 1261.500610 289.742706
0 1578523681 783.379822 450.502075
0 1478207175 191.586060 864.422974
0 1524861337 1132.237671 277.777679
0 1478210178 173.780563 784.822754
0 1524862338 1289.174194 347.268494
0 1478186149 247.227371 784.017273
0 1524797254 1316.399536 312.167358
0 1578518674 824.797729 500.687714
0 1438985621 806.400879 462.184052
0 1524857331 1175.325684 284.110046
0 1478203170 154.394867 810.321899
0 1438994632 963.771973 512.268616
0 1578520676 991.714233 446.800140
0 1478237213 523.202698 669.784180
0 1568511657 935.338928 512.735657
0 1775370079 1020.127380 497.423157
0 1478195160 258.564789 673.300903
0 1568510655 992.238464 511.801056
0 1478257240 479.334595 690.662781
0 1578521677 876.633484 528.081604
0 1524794250 1136.043945 292.364624
0 1524812272 1166.296143 323.493042
0 1769859072 908.317078 499.291870
0 1578525683 991.913330 471.482056
0 1770636073 847.789673 528.546753
0 1524846317 1282.473267 289.304413
0 1524833300 1188.329224 323.046967
0 1568511656 786.622803 438.747162
0 1438985620 859.230347 461.258575
0 1478185148 243.054489 693.702576
0 1707993177 782.877625 559.920898
0 1478189152 513.280396 690.226074
0 1524791247 1240.546143 290.180664
0 1524830296 1265.140747 297.309601
0 2088218948 857.096497 473.808868
0 1524827292 1195.956299 283.675720
0 1606348170 803.379883 474.735962
0 1524855329 1220.029419 348.630981
0 1478183145 556.489319 669.341797
0 1438990627 906.939392 513.202148
0 1524840309 1154.712280 284.543976
0 1478222194 421.253265 734.705872
0 1709860179 1022.709839 556.203979
0 1478188151 418.542236 807.565308
0 1438988624 854.889465 486.789490
0 1478243222 429.801086 862.209717
0 1524843313 1274.934448 274.752350
0 1524844315 1320.948730 320.362122
0 1524858333 1234.078369 275.618500
0 1524811271 1243.055908 348.177277
0 1524859334 1213.676025 276.051056
0 1478216186 445.436859 691.098938
0 1524851324 1115.197510 292.800323
0 1524814275 1171.387207 340.610931
0 1578514668 818.980225 529.011414
0 1478184146 468.241333 711.994995
0 1524829294 1243.908203 297.750031
0 1478176143 468.935303 781.585571
0 1524860336 1174.041992 349.537201
0 1478222193 326.981842 835.162720
0 1438997636 912.175781 460.331055
0 1478194158 492.101624 733.858521
0 1478201168 211.041840 836.307922
0 1478187150 261.200867 714.566895
0 1478205172 229.567169 809.537415
0 1524838306 1280.716309 329.686920
0 1568514660 765.440735 515.526306
0 1524865342 1128.141357 350.441681
0 2085418945 902.495972 558.067078
0 1524808268 1168.806274 331.932922
0 1478200167 300.062317 759.248840
0 1478194159 249.625793 835.926819
0 1568501643 821.940613 514.598267
0 1478239216 537.655212 711.132690
0 1524820283 1144.283081 323.938690
0 1438989625 845.248779 543.490662
0 1568505649 827.556946 487.253876
0 1478255237 291.484528 672.863464
0 1524804262 1151.080811 349.989655
0 1568506650 815.910950 543.954773
0 1478217187 390.517334 671.547424
0 1568505648 874.622314 543.026062
0 1568497640 772.984802 488.181091
0 1578511665 769.278503 501.615631
0 1478258241 280.183746 736.392944
0 1524796253 1254.548584 321.706360
0 1478206173 231.123550 864.055603
0 1524826291 1239.422607 339.257660
0 1578529688 932.493408 557.602173
0 1478233207 209.960724 737.232727
0 1708834178 852.605408 500.222992
0 1478189153 380.627350 807.960999
0 1568499641 992.017944 484.459564
0 1478245224 226.868225 714.993347
0 1524852325 1262.143311 338.805786
0 1478219190 469.735718 861.838684
0 1578525682 934.424805 527.149597
0 1478232206 404.589508 834.396179
0 1524818280 1185.587646 314.837860
0 1524850322 1307.648804 337.900635
0 1438996635 793.674072 515.062561
0 1524832299 1207.340820 314.393799
0 1478242220 228.155167 760.073975
0 1524789245 1295.388184 274.318665
0 1438999639 965.899536 435.518036
0 1478196161 330.014984 713.712036
0 1478252234 423.619690 671.107483
0 1524803261 1177.791016 291.492157
0 1478211179 333.701263 892.576294
0 1578523680 992.354736 526.215271
0 1578530689 939.461853 447.728607
0 1568508653 888.903503 436.904877
0 1524826290 1330.433472 337.447449
0 1524847319 1272.717407 313.059143
0 1524810270 1122.289917 324.383942
0 1524835302 1210.382324 322.600525
0 1524821284 1254.497803 275.185608
0 1524799257 1229.113403 313.949280
0 1478233208 408.331207 758.006409
0 1608354172 842.612610 558.995117
0 1524835303 1148.751099 341.061188
0 1478251232 324.449799 672.425354
0 1524812273 1194.044434 340.160248
0 1706512175 1017.882812 446.335144
0 1438986622 1022.028442 540.694336
0 1478211180 284.035919 783.613525
0 1524823286 1237.270630 282.805939
0 1478223195 411.587097 691.534424
0 1478244223 336.097382 758.835327
0 1438987623 904.031677 542.560852
0 1478193157 357.824005 782.804199
0 1478198164 245.046356 736.813171
0 1524862339 1201.498535 298.629669
0 1478236212 527.604553 733.433960
0 1478240217 502.923096 711.564148
0 1478214183 191.951370 809.929932
0 1578521678 887.322266 448.655121
0 1524844314 1284.885498 338.353424
0 1524848320 1140.053589 307.730286
0 1524806265 1232.455444 322.153656
0 1524787243 1294.548706 312.613464
0 1478241219 431.840759 781.992371
0 1524799256 1213.508545 331.035767
0 1478190154 506.087494 781.178101
0 1478226198 394.803711 782.398682
0 1478208176 270.726868 863.687683
0 1478214184 489.962311 670.225830
0 2084722944 905.511902 527.615845
0 1578522679 937.896240 472.414337
0 1524825289 1299.374023 281.498535
0 1774531078 913.377991 448.192108
0 1525674169 964.889709 471.948456
0 1478197162 130.657532 894.337341
0 1524815276 1216.722900 339.709198
0 1768901071 1021.371826 525.747314
0 1578526684 936.221191 498.825500
0 1478182144 210.475632 784.420288
0 1524853326 1312.266235 346.813446
0 1478218189 547.274292 689.788818
0 1578513667 880.445129 499.757690
0 1438983618 850.240295 514.133423
0 1478224196 456.651184 734.282471
0 1478247227 134.061005 837.068359
0 1524792248 1113.538086 285.410767
0 1524795252 1278.655396 281.934723
0 1524808267 1182.919312 306.848083
0 1478191155 456.517365 807.169006
0 1524856330 1311.972046 304.192078
0 1478236211 357.460693 671.986694
0 1478258242 90.255943 894.687744
0 1478212181 480.784027 757.174988
0 1478185147 433.609711 712.425171
0 1568502645 832.801147 461.721588
0 1568508652 878.573181 513.668030
0 1438984619 786.608765 544.418335
0 1659977623 895.168457 492.750244
0 1478209177 192.282791 760.485657
0 1438982617 909.647461 485.859100
0 1524805264 1138.022339 299.946289
0 1771287074 809.323425 450.041077
0 2087111947 963.372437 526.682678
0 1524817279 1266.104126 347.723083
0 1524795251 1276.661865 321.258698
0 1478230204 372.186981 758.421204
0 1478230203 152.114075 864.789673
0 1524847318 1198.691406 291.055389
0 1578516671 776.566406 475.198730
0 1568513659 937.073059 485.393097
0 1578529687 835.295044 449.579559
0 1524819282 1258.293091 330.136963
0 1478253235 444.530182 757.591003
0 1524836304 1225.860840 305.964325
0 1478243221 172.520233 836.688477
0 1568501644 757.342224 544.881287
0 1438998637 863.292664 437.366211
0 1524816278 1120.444946 316.167786
0 1705773174 1018.967163 471.015137
0 1524845316 1303.463867 288.865692
0 1524842312 1307.661743 296.427643
0 1568507651 991.619568 435.054749
0 1438999638 962.958069 541.628723
0 1478252233 456.768005 670.666992
0 1438993630 1020.738464 511.332916
0 1478237214 389.933075 862.580139
0 1524857332 1152.571655 277.346558
0 1478248228 385.907684 735.128540
0 1478225197 482.450012 833.627075
0 1524859335 1268.878418 305.078979
0 1524832298 1250.905640 313.504425
0 1478200166 456.362518 891.512390
0 1478250231 344.031158 692.403503
0 1478245225 350.131470 862.949890
0 1438995633 1018.415894 458.469910
0 1524804263 1180.321289 299.068909
0 1524839308 1247.360107 305.521881
0 1524849321 1146.485962 332.380920
0 1568512658 991.812073 458.935974
0 1568514661 885.688538 460.795074
0 1478231205 276.665833 693.270142
0 1773608077 964.157532 498.358612
0 1438977615 800.255493 487.717743
0 1524834301 1156.908569 291.928589
0 1607644171 790.205200 529.475464
0 1524800258 1286.391968 296.868805
0 1568504647 992.475220 541.161804
0 1568500642 882.252930 486.324554
0 1478256239 350.614288 735.550598
0 1524815277 1118.649048 308.170807
0 1568503646 780.029541 462.646027
0 1478220191 310.396118 863.319092
0 1478207174 264.081635 759.661743
0 1524841311 1172.922729 276.915100
0 1478213182 365.754150 834.779724
0 1524813274 1161.477051 307.289368
0 1568516663 933.476929 542.095093
0 1578517672 992.600342 556.670593
0 1578527685 761.464539 529.938965
0 1478240218 364.496704 713.283691
0 1478215185 443.488037 834.011902
0 1524838307 1116.900513 300.384399
0 1478197163 315.372986 735.972107
0 1478221192 377.785278 691.969238
0 1524819281 1290.415771 304.635742
0 2086284946 910.932922 472.879700
0 1524824288 1197.024902 349.084320
0 1524802260 1111.920654 278.208435
0 1478226199 320.901428 783.209167
0 1578518673 872.535706 558.531372
0 1438981616 1019.537231 483.992004
0 1478238215 494.552887 806.772034
0 1609135173 861.294617 449.117584
0 1524837305 1134.116455 284.977539
0 1524793249 1163.854004 315.281586
0 1568515662 837.708923 437.827026
0 1568516664 940.206909 435.980804
0 1438991628 914.541626 436.443085
0 1478249230 517.092834 756.758362
0 1438996634 964.529907 484.926636
0 1578519675 812.726624 559.458313
0 1524829295 1216.604858 283.241028
0 1524864341 1159.162720 299.507782
0 1478255238 374.518433 892.222229
0 1438993631 812.152344 438.287354
0 1524788244 1142.139648 315.724854
0 1772785076 962.528198 557.136658
0 1524828293 1235.890503 330.586578
0 1478203171 292.953857 892.929688
0 1524798255 1298.795288 320.810608
0 1478199165 342.772522 808.356018
0 1578528686 883.999695 473.344543
0 1478192156 288.272461 835.545105
0 1478228201 295.583160 714.139771
0 1772037075 965.573975 447.264618
0 1578515670 830.223267 474.272675
0 1524851323 1204.380615 306.406372
0 1478218188 211.667374 893.634705
0 1478202169 399.028229 712.854736
0 1478254236 171.127914 893.986328
0 1478246226 415.405396 891.867676
0 1524809269 1219.609741 290.618195
0 1524822285 1303.160278 329.236481
0 1524841310 1126.135986 341.510986
0 1478235210 112.707588 865.155762
0 1578515669 753.065613 560.382874
0 1524854328 1222.694092 298.190002
0 1 1447.914795 402.875763
0 3 395.395691 288.039520
0 6 1332.393066 612.316772
0 7 1501.505371 646.146484
0 8 45.062351 384.555786
0 10 1521.046631 556.663025
0 12 218.012146 335.772736
0 13 1511.352905 598.115051
0 14 1233.665161 271.443054
0 17 153.030731 352.654419
0 20 334.824707 318.240295
0 23 844.109680 615.628967
0 24 52.411373 820.009766
0 25 1044.290894 613.526001
0 26 565.944458 396.616791
0 27 907.526917 367.186127
0 28 1105.233398 466.799316
0 29 612.639404 404.355438
0 30 7.539379 893.925720
0 31 511.589539 543.222046
0 33 791.390625 665.432861
0 35 114.206505 879.777222
0 37 297.729858 921.323853
0 43 946.604492 236.347763
0 53 1432.133057 353.938904
0 59 1590.764526 553.422913
0 131 1206.716064 240.480484
0 182 670.310486 130.372879
0 185 1190.583618 133.252472
0 187 1295.433594 253.997482
0 192 1340.069336 476.578857
0 210 508.241272 209.602280
0 213 480.386108 226.468857
0 218 359.522675 342.385071
0 227 110.067780 535.445923
0 228 94.972694 978.218018
0 229 1552.595703 399.745972
0 231 1892.999878 1035.839600
0 240 1497.799927 103.856583
0 241 1516.885010 180.539154
0 244 1329.351562 245.281769
0 245 1371.890991 217.880951
0 246 1524.031494 197.578445
0 247 1352.358643 262.494476
0 248 1434.138428 238.170059
0 249 1411.289062 225.936615
0 250 1484.837402 150.833298
0 251 1475.985596 136.403366
0 253 1442.868164 66.275948
