0 1578512666 983.854065 663.621338
0 1478234209 1451.045776 486.228516
0 1707269176 1188.743042 648.450012
0 1438989626 960.875122 752.527893
0 1524801259 648.908386 1021.007874
0 1438992629 1020.380188 711.093201
0 1478227200 1388.158447 441.089325
0 1524854327 772.766907 1011.514465
0 1478249229 1346.083130 417.645386
0 1524807266 425.710114 978.994934
0 1524831297 400.469696 1040.049927
0 1478229202 1365.848633 442.707520
0 1568509654 1051.456177 708.779846
0 1578523681 1244.679932 712.475342
0 1478207175 1395.836914 422.624237
0 1478210178 1463.334595 444.984924
0 1524862338 504.380768 973.001282
0 1478186149 1418.097046 448.269440
0 1578518674 1159.513428 650.614319
0 1438985621 1206.609009 697.230286
0 1478203170 1455.041260 436.238129
0 1438994632 1010.939392 646.144592
0 1578520676 991.250732 731.376648
0 1478237213 1313.209961 507.189392
0 1568511657 1039.687500 644.019409
0 1775370079 954.530396 665.792725
0 1478195160 1508.776489 492.911224
0 1568510655 982.178284 648.270752
0 1478257240 1330.709961 495.003845
0 1578521677 1093.417725 625.155762
0 1524812272 684.583008 1050.212769
0 1769859072 1071.744385 657.113403
0 1578525683 987.405396 696.152710
0 1770636073 1121.599976 623.075684
0 1524833300 642.127563 1053.477417
0 1568511656 1252.064453 730.767151
0 1438985620 1144.593262 701.846680
0 1478185148 1499.116455 482.723022
0 1707993177 1167.877808 591.480591
0 1478189152 1306.615479 496.760864
0 2088218948 1139.629395 684.841858
0 1606348170 1200.417358 680.325073
0 1524855329 622.205811 964.024719
0 1478183145 1288.721924 508.977264
0 1438990627 1068.422607 641.895142
0 1478222194 1340.744141 473.460358
0 1709860179 950.265869 607.494141
0 1478188151 1298.872070 447.565491
0 1438988624 1134.858887 668.498779
0 1478243222 1265.691895 432.045654
0 1524844315 386.802002 1073.111206
0 1524811271 582.954895 967.015137
0 1478216186 1354.795288 493.247437
0 1524814275 695.564575 987.163452
0 1578514668 1149.769653 620.996521
0 1478184146 1323.947510 484.927826
0 1478176143 1282.191162 458.137024
0 1524860336 700.635437 958.049500
0 1478222193 1337.072754 435.707184
0 1438997636 1082.516846 706.467712
0 1478194158 1294.030396 476.859253
0 1478201168 1403.043701 430.926880
0 1478187150 1466.095093 474.573730
0 1478205172 1410.460571 439.471680
0 1524838306 483.389740 1033.694336
0 1568514660 1211.904175 631.288147
0 1524865342 778.968933 952.081604
0 2085418945 1059.164673 599.480530
0 1524808268 690.221252 1017.841370
0 1478200167 1402.993530 459.000977
0 1478194159 1381.061035 432.519745
0 1568501643 1154.550415 635.528076
0 1478239216 1276.494263 488.384338
0 1524820283 727.010254 1046.950195
0 1438989625 1117.499390 609.028137
0 1568505649 1164.669800 666.287598
0 1478255237 1484.363525 494.693604
0 1524804262 739.814209 955.064636
0 1568506650 1145.161621 606.989502
0 1478217187 1411.068359 500.044830
0 1568505648 1089.825317 611.067627
0 1568497640 1224.249512 661.868408
0 1578511665 1217.959229 646.286621
0 1478258241 1434.068848 466.670013
0 1524796253 514.592041 1063.284546
0 1478206173 1374.164551 424.193146
0 1524826291 574.798035 996.391235
0 1578529688 1031.957520 601.482666
0 1478233207 1480.679932 463.278595
0 1708834178 1130.270508 652.779663
0 1478189153 1321.205444 445.945587
0 1568499641 985.595154 679.570068
0 1478245224 1489.755371 472.850281
0 1524852325 534.491821 999.471008
0 1478219190 1243.975220 433.617767
0 1578525682 1037.015991 629.318726
0 1478232206 1293.054077 438.896820
0 1524850322 453.803192 1005.636475
0 1438996635 1183.233765 633.407654
0 1478242220 1448.924194 455.662659
0 1438999639 1025.698975 747.683594
0 1478196161 1418.747803 478.022522
0 1478252234 1386.617920 501.829926
0 1478211179 1303.305908 420.739197
0 1578523680 980.564209 633.485352
0 1578530689 1054.702637 726.644287
0 1568508653 1122.811157 740.426331
0 1524826290 413.420746 1008.722168
0 1524810270 769.409363 1043.689941
0 1524835302 599.643982 1056.744263
0 1478233208 1334.035400 464.013000
0 1608354172 1113.544434 595.478882
0 1524835303 735.769470 984.091370
0 1478251232 1459.941162 496.476654
0 1524812273 655.334351 990.237427
0 1706512175 959.501160 733.744629
0 1438986622 951.274231 621.278259
0 1478211180 1395.466187 449.912567
0 1478223195 1378.871582 491.491699
0 1478244223 1380.015747 460.671051
0 1438987623 1062.139160 613.107971
0 1478193157 1350.180420 453.200623
0 1478198164 1457.378662 464.974030
0 1478236212 1270.660645 478.559631
0 1478240217 1300.225342 486.655762
0 1478214183 1432.754883 437.854645
0 1578521678 1118.091309 721.916626
0 1524844314 494.160217 1002.552734
0 1524806265 557.132141 1060.013306
0 1478241219 1304.862305 456.490967
0 1524799256 607.568848 1024.176392
0 1478190154 1259.511963 459.783691
0 1478226198 1327.525391 454.845520
0 1478208176 1352.484863 425.762543
0 1478214184 1337.688721 505.402222
0 2084722944 1065.223022 627.236755
0 1578522679 1048.338623 691.625122
0 1774531078 1086.404785 724.279846
0 1525674169 1017.879272 693.888306
0 1478197162 1410.195068 413.008514
0 1524815276 615.078918 993.313354
0 1768901071 952.319641 635.570068
0 1578526684 1042.460938 659.281738
0 1478182144 1440.719849 446.626862
0 1524853326 465.057526 975.997192
0 1478218189 1282.511841 498.518616
0 1578513667 1101.014160 654.945984
0 1438983618 1125.854004 637.649475
0 1478224196 1317.391602 475.159485
0 1478247227 1446.986328 427.742737
0 1478191155 1276.530762 449.185974
0 1478236211 1435.509399 498.260406
0 1478258242 1431.551392 411.463928
0 1478212181 1288.021606 467.357361
0 1478185147 1347.660889 483.200531
0 1568502645 1175.608643 699.537964
0 1568508652 1097.144775 639.771790
0 1438984619 1172.811646 604.951782
0 1659977623 1088.230713 663.847412
0 1478209177 1471.877075 453.994385
0 1438982617 1075.195312 672.924255
0 1771287074 1213.056396 714.833923
0 2087111947 1008.796326 631.401550
0 1524817279 543.679932 970.007324
0 1524795251 472.023682 1066.557861
0 1478230204 1357.029785 462.341705
0 1478230203 1417.501831 421.055847
0 1578516671 1230.789551 678.068298
0 1568513659 1045.342651 675.138489
0 1578529687 1181.417114 717.193604
0 1524819282 524.809570 1030.519653
0 1478253235 1311.032715 465.684875
0 1478243221 1425.018799 429.334503
0 1568501644 1200.449829 602.914978
0 1438998637 1155.149170 738.009705
0 1524816278 765.861206 1077.690796
0 1705773174 956.916992 698.418152
0 1568507651 993.295227 750.105103
0 1438999638 1006.730835 617.191345
0 1478252233 1362.157959 503.615723
0 1438993630 953.404297 650.397949
0 1478237214 1287.401245 430.474091
0 1478248228 1364.088135 471.761841
0 1478225197 1249.005005 442.088684
0 1478200166 1239.086060 425.383850
0 1478250231 1426.996826 487.982269
0 1478245225 1309.103149 428.903046
0 1438995633 958.182861 715.723206
0 1524849321 731.507446 1014.676819
0 1568512658 989.289062 713.407654
0 1568514661 1113.562500 704.156677
0 1478231205 1475.085693 484.475433
0 1773608077 1013.164307 661.451050
0 1438977615 1194.466675 664.077515
0 1607644171 1177.927002 618.918213
0 1568504647 979.008545 619.234375
0 1568500642 1105.034058 670.710938
0 1478256239 1387.423706 470.063934
0 1568503646 1237.594238 694.923706
0 1478220191 1330.797729 427.332550
0 1478207174 1425.963013 457.331543
0 1478213182 1315.067261 437.301727
0 1568516663 1034.440918 615.149231
0 1578517672 977.507996 605.489441
0 1578527685 1206.071777 616.840881
0 1478240218 1395.061035 479.747894
0 1478215185 1271.033325 440.492493
0 1478197163 1410.750488 468.366669
0 1478221192 1402.938721 489.736633
0 2086284946 1078.783447 689.362915
0 1524824288 661.432617 961.036194
0 1478226199 1372.827271 451.556305
0 1578518673 1086.360352 597.479248
0 1438981616 955.700439 681.787476
0 1478238215 1254.181763 450.807007
0 1609135173 1149.762085 719.554504
0 1568515662 1187.470581 735.594299
0 1568516664 1058.086182 745.263306
0 1438991628 1090.456909 742.844177
0 1478249230 1265.002319 469.030457
0 1438996634 1015.475952 677.353821
0 1578519675 1140.716797 593.479309
0 1478255238 1281.906494 422.286896
0 1438993631 1219.775757 733.180115
0 1772785076 1004.738525 603.485657
0 1524828293 566.202637 1027.347046
0 1478203171 1324.697998 419.192017
0 1524798255 429.427002 1069.833496
0 1478199165 1343.530884 444.326294
0 1578528686 1109.213623 687.101868
0 1478192156 1359.070679 434.113220
0 1478228201 1442.425781 476.297821
0 1772037075 1022.984497 729.009888
0 1578515670 1170.030640 682.582886
0 1478218188 1367.460938 416.099213
0 1478202169 1371.365356 481.473877
0 1478254236 1388.831543 414.553619
0 1478246226 1260.499878 423.835083
0 1524822285 441.943115 1036.871094
0 1524841310 775.949036 981.021179
0 1478235210 1439.159424 419.488037
0 1578515669 1195.027100 589.482727
0 0 1204.722290 379.135223
0 1 778.609253 543.264343
0 2 1607.788696 852.208252
0 3 1463.640259 557.309204
0 4 1776.410767 737.216431
0 5 674.401489 480.146667
0 6 1530.494629 650.889343
0 7 1818.131348 793.703857
0 8 1661.150879 630.002380
0 9 1810.141724 889.985352
0 12 1743.519287 832.437317
0 13 548.110352 668.889099
0 14 1840.064331 983.963623
0 15 801.773315 500.145691
0 16 632.236877 471.671722
0 17 1735.931274 915.994202
0 18 637.643677 509.930054
0 19 1238.572388 917.958618
0 20 1798.333252 1052.886230
0 22 1597.532959 1034.110596
0 23 1632.625000 930.718567
0 24 580.392273 599.976440
0 25 1447.410034 881.742004
0 26 1337.585815 886.127686
0 27 1108.426392 1037.488525
0 28 1579.355713 632.854553
0 29 1157.418579 969.510376
0 30 1228.293091 502.232086
0 31 472.616455 826.533875
0 33 739.774780 723.155029
0 34 1566.433105 501.964813
0 35 1656.274658 805.794617
0 36 807.226562 593.158020
0 37 1765.866455 655.364746
0 38 1525.300903 549.663635
0 39 1873.547119 725.076538
