0 1578512666 977.719910 613.130798
0 1478234209 1450.942871 451.017761
0 1707269176 1182.616577 604.561951
0 1438989626 952.107666 700.643372
0 1524801259 635.270264 955.166565
0 1438992629 1012.662964 661.451050
0 1478227200 1389.921143 403.685486
0 1524854327 758.178040 949.678894
0 1478249229 1348.730103 378.745789
0 1524807266 414.692810 907.157104
0 1524831297 388.669708 966.176941
0 1478229202 1367.512817 404.585175
0 1568509654 1043.703491 660.139465
0 1578523681 1235.997314 669.917114
0 1478207175 1398.379639 385.376404
0 1478210178 1465.017090 410.043640
0 1524862338 492.904358 903.704041
0 1478186149 1419.595703 411.871002
0 1524797254 359.774872 1031.709595
0 1578518674 1153.390137 605.784180
0 1438985621 1198.655884 653.592651
0 1478203170 1457.093872 400.988495
0 1438994632 1005.297302 596.602234
0 1578520676 983.005920 680.645569
0 1478237213 1312.242920 467.558105
0 1568511657 1034.060547 595.403198
0 1775370079 948.389465 614.357361
0 1478195160 1508.361572 459.580475
0 1568510655 976.519775 597.801880
0 1478257240 1330.229980 455.916595
0 1578521677 1088.316040 578.331726
0 1524812272 669.946106 984.797729
0 1769859072 1065.621826 609.454712
0 1578525683 980.260132 645.575928
0 1770636073 1116.519897 577.159668
0 1524833300 627.847290 986.688660
0 1568511656 1242.661743 688.275024
0 1438985620 1136.724976 656.209229
0 1478185148 1499.157227 449.061066
0 1707993177 1163.832031 547.139893
0 1478189152 1306.057007 456.897614
0 2088218948 1132.370117 639.171875
0 1606348170 1193.102051 636.614929
0 1524855329 610.024292 898.533203
0 1478183145 1287.681030 468.557220
0 1438990627 1062.809448 594.204773
0 1478222194 1341.132690 434.641998
0 1709860179 945.880981 556.144531
0 1478188151 1300.235229 407.286377
0 1438988624 1128.181274 622.783264
0 1478243222 1267.590576 390.607147
0 1524844315 374.610168 998.063599
0 1524811271 571.010559 900.255676
0 1478216186 1354.392822 454.936005
0 1524814275 682.269470 923.473633
0 1578514668 1144.709961 575.988098
0 1478184146 1323.865601 445.598022
0 1478176143 1283.115479 417.361816
0 1524860336 687.972900 895.091736
0 1478222193 1338.973511 396.614014
0 1438997636 1074.727295 658.828735
0 1478194158 1294.241943 436.536469
0 1478201168 1405.251709 393.958191
0 1478187150 1466.495483 439.822815
0 1478205172 1412.320801 402.786133
0 1524838306 470.986420 962.501587
0 1568514660 1206.339722 588.221436
0 1524865342 765.816772 891.654907
0 2085418945 1054.959473 551.637939
0 1524808268 676.268433 953.336060
0 1478200167 1404.026978 422.153778
0 1478194159 1383.167358 394.843140
0 1568501643 1148.970459 590.612976
0 1478239216 1276.243652 447.526306
0 1524820283 712.014343 982.908081
0 1438989625 1112.907959 563.028076
0 1568505649 1157.978149 621.533081
0 1478255237 1483.883301 460.576172
0 1524804262 726.907959 893.372803
0 1568506650 1140.600098 561.880615
0 1478217187 1410.385864 463.565887
0 1568505648 1085.202393 564.176086
0 1568497640 1217.525635 619.034546
0 1578511665 1211.828247 603.340332
0 1478258241 1434.799438 430.857666
0 1524796253 501.366913 992.369934
0 1478206173 1376.602173 386.247375
0 1524826291 562.325317 928.798401
0 1578529688 1027.709106 552.763794
0 1478233207 1481.575684 428.967804
0 1708834178 1124.148926 607.007080
0 1478189153 1322.669800 406.385620
0 1568499641 978.965820 629.044128
0 1478245224 1490.232788 438.861664
0 1524852325 522.288696 930.575745
0 1478219190 1245.763428 391.480133
0 1578525682 1031.867065 580.677673
0 1478232206 1294.745605 398.386261
0 1524818280 620.015747 1019.946167
0 1524850322 442.132416 934.134155
0 1438996635 1177.662109 589.416931
0 1524832299 576.723267 1021.903076
0 1478242220 1450.134399 420.294922
0 1438999639 1016.801697 697.889465
0 1478196161 1418.991455 441.746277
0 1478252234 1385.865723 464.563324
0 1478211179 1305.731445 380.462250
0 1578523680 975.362915 583.025940
0 1578530689 1046.357788 677.959045
0 1568508653 1113.707153 693.764343
0 1524826290 402.012787 935.915161
0 1524847319 446.651642 1027.782593
0 1524810270 754.052124 981.019836
0 1524835302 585.717834 988.581055
0 1524799257 533.398499 1023.861450
0 1478233208 1334.796387 424.944824
0 1608354172 1109.421509 549.387817
0 1524835303 722.195740 921.701233
0 1478251232 1459.394653 461.572327
0 1524812273 642.315674 925.247314
0 1706512175 951.303833 681.989929
0 1438986622 946.474731 569.924194
0 1478211180 1396.871460 412.785248
0 1478223195 1378.545532 453.955841
0 1478244223 1380.959351 423.083771
0 1438987623 1057.483521 565.324524
0 1478193157 1351.395996 414.614777
0 1478198164 1458.192383 429.912537
0 1478236212 1270.782349 437.484253
0 1478240217 1300.059448 446.561951
0 1478214183 1434.711670 401.887146
0 1578521678 1109.640259 675.275452
0 1524844314 482.224396 932.354309
0 1524848320 700.681213 1051.039307
0 1524806265 543.557739 990.474792
0 1524787243 403.229553 1029.745239
0 1478241219 1305.884644 416.445770
0 1524799256 594.242859 956.998352
0 1478190154 1260.337402 418.278229
0 1478226198 1328.644897 415.530121
0 1478208176 1354.816406 387.118652
0 1478214184 1336.794312 466.559387
0 2084722944 1060.098511 579.504456
0 1578522679 1041.152222 643.012268
0 1774531078 1078.007690 676.616882
0 1525674169 1010.714233 644.293823
0 1478197162 1413.167969 376.173492
0 1524815276 602.334229 927.022278
0 1768901071 947.089966 584.200867
0 1578526684 1036.336060 610.679443
0 1478182144 1442.310913 410.957153
0 1524853326 453.811798 905.429993
0 1478218189 1281.873901 457.879059
0 1578513667 1094.892822 608.230591
0 1438983618 1120.264404 591.809631
0 1478224196 1317.692017 435.589020
0 1478247227 1449.394653 392.189362
0 1524808267 611.740845 1055.086304
0 1478191155 1277.791870 408.187500
0 1524856330 344.097931 1067.264526
0 1478236211 1434.895508 462.568909
0 1478258242 1434.631348 375.316711
0 1478212181 1288.596436 426.807404
0 1478185147 1347.661743 444.634491
0 1568502645 1167.698730 654.900574
0 1568508652 1091.544067 593.006958
0 1438984619 1168.279175 560.733765
0 1659977623 1081.843018 616.676575
0 1478209177 1473.174194 419.366058
0 1438982617 1068.541382 625.285645
0 1771287074 1204.433960 671.255554
0 2087111947 1003.621887 581.851562
0 1524817279 531.970642 901.979248
0 1524795251 459.145447 994.266479
0 1478230204 1357.882568 424.014130
0 1478230203 1420.149048 384.505768
0 1578516671 1223.443970 635.337463
0 1568513659 1038.698242 626.537781
0 1578529687 1172.853516 672.594849
0 1524819282 512.101013 960.665894
0 1478253235 1311.701050 425.875946
0 1524836304 522.663696 1059.139526
0 1478243221 1427.327515 393.073578
0 1568501644 1195.944824 559.587463
0 1438998637 1145.972900 692.390869
0 1524816278 749.699219 1014.084229
0 1705773174 949.789978 646.858826
0 1568507651 984.463806 699.266052
0 1438999638 1002.005737 567.623291
0 1478252233 1361.335205 465.561127
0 1438993630 947.727783 599.002197
0 1478237214 1289.409424 389.734558
0 1478248228 1364.563599 433.695343
0 1478225197 1250.483887 400.159882
0 1524859335 433.449493 1063.198853
0 1524832298 490.041260 1025.821167
0 1478200166 1241.172974 383.039398
0 1478250231 1426.820557 451.996704
0 1478245225 1311.219971 388.862274
0 1438995633 950.531921 664.076111
0 1524839308 478.073730 1061.168335
0 1524849321 717.237732 951.506836
0 1568512658 981.605774 662.763184
0 1568514661 1105.734497 657.518616
0 1478231205 1475.055054 450.039185
0 1773608077 1007.035461 611.904785
0 1438977615 1187.759521 620.283447
0 1607644171 1172.886230 574.817200
0 1568504647 974.246948 568.773438
0 1568500642 1098.369019 624.034119
0 1478256239 1387.985107 432.749054
0 1524815277 745.100281 1049.018188
0 1568503646 1229.596436 652.285339
0 1478220191 1333.022217 387.990295
0 1478207174 1427.085205 421.224152
0 1478213182 1316.863892 397.499969
0 1524813274 656.228149 1053.062012
0 1568516663 1029.751221 566.473633
0 1578517672 973.169861 555.017151
0 1578527685 1201.048706 573.646729
0 1478240218 1395.224609 442.708618
0 1478215185 1272.619019 399.272888
0 1478197163 1411.396973 431.803192
0 1478221192 1402.688110 452.976044
0 1524819281 388.790894 1065.230957
0 2086284946 1071.574341 641.731445
0 1524824288 649.011719 896.811890
0 1478226199 1374.138062 413.699829
0 1578518673 1082.196899 550.512634
0 1438981616 949.076416 630.298157
0 1478238215 1255.339844 409.088928
0 1609135173 1141.255493 673.934753
0 1524793249 663.275879 1017.990784
0 1568515662 1178.220459 691.018188
0 1568516664 1049.121704 696.513672
0 1438991628 1081.423462 695.138672
0 1478249230 1265.482666 427.739258
0 1438996634 1008.839722 627.790649
0 1578519675 1136.633301 548.263550
0 1478255238 1284.219971 381.320984
0 1438993631 1210.450195 689.646240
0 1524788244 706.503723 1016.036804
0 1772785076 1000.445923 553.890198
0 1524828293 553.186523 958.831482
0 1478203171 1327.234741 379.603882
0 1524798255 416.893188 996.164307
0 1478199165 1345.095581 405.485229
0 1578528686 1101.980225 640.451294
0 1478192156 1361.074707 395.728394
0 1478228201 1442.748413 440.784363
0 1772037075 1014.690491 679.301941
0 1578515670 1162.744141 637.893066
0 1524851323 567.219360 1057.112061
0 1478218188 1370.217407 377.888062
0 1478202169 1371.448120 443.671356
0 1478254236 1391.696777 377.030609
0 1478246226 1262.700562 382.180023
0 1524822285 429.842590 964.338623
0 1524841310 762.094421 919.929993
0 1478235210 1441.910156 383.635437
0 1578515669 1191.018188 546.016602
0 0 577.462341 551.424316
0 1 914.938721 925.882202
0 2 765.530640 701.597046
0 3 610.319275 512.188782
0 4 1071.855469 859.402649
0 5 680.005249 978.121704
0 6 579.922607 476.877502
0 7 1895.685059 844.214294
0 8 1829.271729 775.816772
0 9 1412.712646 453.597107
0 10 1915.340820 906.476624
0 11 1704.814087 860.211975
0 12 1132.023438 344.900604
0 13 1482.716919 558.387817
0 14 1076.866089 335.092010
0 15 998.096558 436.198273
0 16 492.071045 599.060791
0 17 1360.340088 346.634613
0 18 1704.897705 1015.468140
0 19 789.615479 528.590576
0 20 772.249634 1034.442017
0 22 973.879517 989.816345
0 23 747.012878 357.603210
0 24 1423.845459 1020.335999
0 25 1059.922363 463.363708
0 26 937.114563 462.710114
0 27 1528.072876 983.940308
0 28 1553.601440 589.452332
0 29 1806.431274 860.654968
0 30 763.381592 761.931030
0 31 468.338135 750.660522
0 32 1498.355103 405.201630
0 33 1330.805908 447.187225
0 34 1275.145508 416.361542
0 35 418.085205 849.748108
0 36 776.904785 489.326294
0 37 1550.572754 438.858765
0 38 1518.692017 519.191467
0 39 1343.192627 413.055725
