0 1578512666 912.056885 628.685852
0 1524823287 742.561035 488.213562
0 1478234209 774.470215 885.134399
0 1707269176 808.831055 668.969421
0 1438989626 847.922852 595.417419
0 1524801259 813.528015 517.952393
0 1438992629 850.681030 616.242554
0 1478227200 916.599304 936.617920
0 1524854327 776.859558 527.864075
0 1478249229 1016.901733 964.069153
0 1524807266 905.653870 507.240082
0 1524863340 788.446533 483.636566
0 1524831297 880.905884 499.739929
0 1478229202 937.405273 922.849670
0 1568509654 836.465576 621.361328
0 1524790246 799.862671 487.174744
0 1578523681 727.896851 648.211609
0 1478207175 948.082336 979.869934
0 1524861337 706.019043 496.731293
0 1478210178 823.500000 966.319458
0 1524862338 884.183716 513.308105
0 1478186149 869.566895 937.026184
0 1524797254 856.810303 492.437500
0 1578518674 824.702332 662.775696
0 1438985621 760.049988 648.877380
0 1524857331 741.967041 494.694824
0 1478203170 849.269287 981.173340
0 1438994632 914.830750 640.168030
0 1578520676 849.274597 605.623291
0 1478237213 876.004517 807.442322
0 1568511657 900.884888 645.763733
0 1775370079 925.426270 623.468567
0 1478195160 705.001831 898.015015
0 1568510655 928.444214 634.705627
0 1478257240 878.723633 827.972473
0 1578521677 888.939819 664.023315
0 1524794250 728.992493 504.388397
0 1524812272 789.162537 517.119080
0 1769859072 869.984131 645.104675
0 1578525683 880.126526 616.956543
0 1770636073 873.995789 670.191711
0 1524846317 810.945618 484.482788
0 1524833300 801.183044 513.940247
0 1568511656 712.478577 641.745300
0 1438985620 791.736084 637.467712
0 1478185148 727.415283 910.934570
0 1707993177 878.381104 697.615845
0 1478189152 897.573364 817.637207
0 1524791247 788.580811 489.914948
0 1524830296 811.429932 490.759735
0 2088218948 807.588013 643.773804
0 1524827292 753.903259 491.855011
0 1606348170 776.006287 655.449524
0 1524855329 850.434143 522.846558
0 1478183145 894.386353 797.706299
0 1438990627 886.594360 651.497681
0 1524840309 729.810181 497.587128
0 1478222194 904.511108 861.022644
0 1709860179 992.420410 647.716003
0 1478188151 995.505493 884.402161
0 1438988624 823.731750 650.195984
0 1478243222 1064.137329 896.365967
0 1524843313 788.316345 477.548248
0 1524844315 868.778137 496.064514
0 1524858333 765.843811 482.786469
0 1524811271 861.897705 519.606689
0 1524859334 754.306396 485.475769
0 1478216186 859.250916 838.649353
0 1524851324 716.396790 507.447754
0 1524814275 814.096863 525.324585
0 1578514668 858.664429 676.520020
0 1478184146 900.942932 838.708984
0 1524829294 800.177185 493.550690
0 1478176143 989.206604 860.948914
0 1524860336 826.834595 529.516357
0 1478222193 983.041321 922.517761
0 1438997636 821.911316 626.602112
0 1478194158 942.279541 838.768188
0 1478201168 921.167114 965.183044
0 1478187150 774.299500 910.657410
0 1478205172 895.005676 950.907471
0 1524838306 859.272583 505.587463
0 1568514660 809.495178 682.433289
0 1524865342 802.293640 536.452271
0 2085418945 938.298706 671.397888
0 1524808268 801.540833 521.192566
0 1478200167 866.744507 910.110962
0 1478194159 942.568848 950.425537
0 1568501643 841.522156 669.582642
0 1478239216 937.778564 817.782043
0 1524820283 776.909729 520.359375
0 1438989625 891.390686 677.111694
0 1568505649 808.195923 656.095581
0 1478255237 729.036499 885.284973
0 1524804262 814.685242 532.950073
0 1568506650 876.138550 683.591736
0 1478217187 796.273926 849.672180
0 1568505648 906.253906 670.796814
0 1568497640 775.919983 668.352112
0 1578511665 792.545654 675.324768
0 1478258241 820.740479 910.382874
0 1524796253 835.915100 504.755219
0 1478206173 969.272339 964.623352
0 1524826291 849.275757 515.602661
0 1578529688 952.338379 665.254578
0 1478233207 774.117676 937.854614
0 1708834178 840.175232 656.737427
0 1478189153 976.820312 896.766907
0 1568499641 895.953430 622.770386
0 1478245224 750.445312 924.209473
0 1524852325 860.563843 512.483093
0 1478219190 1081.159302 884.118408
0 1578525682 917.723450 652.142212
0 1478232206 1020.677856 896.565552
0 1524818280 789.010010 509.983948
0 1524850322 882.518616 506.415771
0 1438996635 825.716919 675.924377
0 1524832299 800.836914 506.923187
0 1478242220 822.075256 937.438354
0 1524789245 799.261902 474.996887
0 1438999639 820.235840 604.887634
0 1478196161 819.487610 884.985229
0 1478252234 817.198792 838.589172
0 1524803261 753.487122 498.438873
0 1478211179 1055.007080 935.416687
0 1578523680 945.123047 640.832520
0 1578530689 821.056519 615.524231
0 1568508653 776.243835 619.934814
0 1524826290 893.196716 503.464813
0 1524847319 835.030212 498.074097
0 1524810270 764.417908 523.662903
0 1524835302 812.977783 510.821075
0 1524821284 777.178772 480.144348
0 1524799257 812.445251 503.918976
0 1478233208 928.002563 872.635010
0 1608354172 909.121033 684.165039
0 1524835303 801.910828 528.692322
0 1478251232 752.231689 872.999451
0 1524812273 826.048706 522.021667
0 1706512175 862.906006 600.840332
0 1438986622 975.226379 641.492859
0 1478211180 891.333984 923.184753
0 1524823286 777.137390 486.327240
0 1478223195 839.123962 849.684937
0 1478244223 887.889099 897.175293
0 1438987623 920.742920 664.640991
0 1478193157 932.559326 896.970215
0 1478198164 797.860413 923.864624
0 1524862339 777.050659 499.286591
0 1478236212 960.250732 828.179016
0 1478240217 919.658813 828.076172
0 1478214183 872.578735 965.748413
0 1578521678 791.488708 625.898865
0 1524844314 871.642883 509.421356
0 1524848320 752.613403 512.261353
0 1524806265 824.553162 507.759949
0 1524787243 846.018188 495.230499
0 1478241219 970.969055 872.545959
0 1524799256 825.288574 514.773499
0 1478190154 1006.842041 849.734802
0 1478226198 952.097717 884.545959
0 1478208176 989.668030 949.948303
0 1478214184 857.032166 817.491150
0 2084722944 903.511169 658.008667
0 1578522679 852.145691 627.301025
0 1524825289 810.475891 478.395447
0 1774531078 806.447266 620.650269
0 1525674169 866.300415 622.067993
0 1478197162 953.982605 1011.379700
0 1524815276 837.772827 518.781616
0 1768901071 958.334595 635.379150
0 1578526684 884.347656 639.499329
0 1478182144 846.971619 951.394165
0 1524853326 895.017944 510.246094
0 1478218189 915.829834 807.627258
0 1578513667 855.264465 650.848938
0 1438983618 856.927002 663.401550
0 1478224196 923.709839 849.710083
0 1478247227 875.799866 996.465942
0 1524792248 704.809631 503.535156
0 1524795252 799.557739 480.993042
0 1524808267 777.005249 506.082367
0 1478191155 1013.555359 872.457642
0 1524856330 844.999146 488.858063
0 1478236211 774.630737 861.135620
0 1478258242 931.283630 1028.447754
0 1478212181 965.455261 849.722534
0 1478185147 881.601013 849.697571
0 1568502645 776.088928 643.101990
0 1568508652 871.946289 657.375122
0 1438984619 860.482056 690.243591
0 1659977623 854.459778 644.773499
0 1478209177 798.459595 951.885742
0 1438982617 853.672119 638.826355
0 1524805264 740.720337 508.297333
0 1771287074 744.386414 642.425842
0 2087111947 931.589966 646.418579
0 1524817279 873.145508 516.427734
0 1524795251 847.069519 501.805420
0 1478230204 908.295837 884.691040
0 1478230203 926.050598 995.722351
0 1524847318 765.398743 495.545654
0 1578516671 759.609192 661.511475
0 1568513659 868.103882 633.346008
0 1578529687 760.471863 636.781860
0 1524819282 848.154846 508.592651
0 1478253235 947.044678 860.985596
0 1524836304 800.501770 500.130188
0 1478243221 898.927490 980.518311
0 1568501644 844.405029 697.074158
0 1438998637 760.876221 625.191162
0 1524816278 752.154541 519.521973
0 1705773174 893.635376 611.962341
0 1524845316 821.834900 481.837891
0 1524842312 833.341675 485.325134
0 1568507651 834.236023 600.098999
0 1438999638 948.653625 652.782654
0 1478252233 837.440613 827.867981
0 1438993630 941.737061 629.371948
0 1478237214 1046.511230 909.048401
0 1524857332 718.423340 493.839905
0 1478248228 884.650818 872.724915
0 1478225197 1055.766602 872.370178
0 1524859335 823.151428 494.392548
0 1524832298 823.841125 500.969818
0 1478200166 1107.204224 896.168213
0 1478250231 796.770752 872.907104
0 1478245225 1028.248169 922.189026
0 1438995633 878.141357 606.354553
0 1524804263 765.165405 502.234375
0 1524839308 811.929565 497.235291
0 1524849321 789.320312 524.495850
0 1568512658 864.569214 611.241638
0 1568514661 807.005737 631.969360
0 1478231205 751.366455 897.802185
0 1773608077 898.367920 634.028015
0 1438977615 792.263855 662.145691
0 1524834301 741.353760 501.385956
0 1607644171 842.930725 683.014526
0 1524800258 822.482971 488.018341
0 1568504647 962.101135 647.069336
0 1568500642 838.885864 644.441345
0 1478256239 864.094299 884.837524
0 1524815277 740.065674 515.439941
0 1568503646 743.604370 654.799194
0 1478220191 1009.313049 935.813232
0 1478207174 844.821167 923.523010
0 1524841311 730.601990 491.001129
0 1478213182 1002.195068 909.310303
0 1524813274 764.924438 509.142700
0 1568516663 934.871765 658.638123
0 1578517672 979.386719 653.419067
0 1578527685 826.778381 689.681702
0 1478240218 840.908691 872.815552
0 1478215185 1038.524292 884.259644
0 1524838307 728.147644 511.415649
0 1478197163 842.804138 897.382324
0 1478221192 818.309143 861.097656
0 1524819281 834.172852 491.600555
0 2086284946 837.650391 632.659851
0 1524824288 838.748596 526.149170
0 1524802260 693.382812 499.676697
0 1478226199 912.317627 909.841553
0 1578518673 923.897583 677.699341
0 1438981616 909.394653 617.666199
0 1478238215 1031.001831 860.912537
0 1609135173 776.168030 631.274475
0 1524837305 717.426514 500.533417
0 1524793249 776.958252 513.102844
0 1568515662 745.135376 630.575195
0 1568516664 805.911438 609.787170
0 1438991628 791.251343 614.801575
0 1478249230 983.265259 838.826904
0 1438996634 882.193604 627.995605
0 1578519675 893.954102 690.801636
0 1524829295 765.624817 489.066254
0 1524864341 753.057373 505.237457
0 1478255238 1073.031982 921.863281
0 1438993631 729.007690 636.091614
0 1524788244 764.675415 516.281616
0 1772785076 966.030151 659.263489
0 1524828293 836.828796 511.654114
0 1478203171 1036.309937 949.475647
0 1524798255 858.022034 498.908997
0 1478199165 957.465820 909.574707
0 1578528686 822.802246 638.149231
0 1478192156 963.179199 936.213684
0 1478228201 797.298584 897.591248
0 1772037075 835.328430 610.516602
0 1578515670 791.994202 649.538879
0 1524851323 788.862305 503.078735
0 1478218188 996.741455 979.228149
0 1478202169 861.600891 861.059998
0 1478254236 975.784485 994.986328
0 1478246226 1090.419922 908.788818
0 1524809269 777.094727 492.704834
0 1524822285 870.187805 502.637054
0 1524841310 789.483521 532.126709
0 1478235210 903.125854 1012.217163
0 1578515669 862.385498 704.614990
0 1524854328 788.719360 496.392487
0 0 1248.326416 584.336487
0 1 506.513672 547.117615
0 2 386.120697 671.425659
0 3 1352.226685 767.942993
0 4 734.633301 801.169434
0 5 732.435974 488.794647
0 6 1301.558838 806.580017
0 7 1072.367188 650.222168
0 8 1021.540955 673.780579
0 9 411.880707 616.990356
0 10 954.844360 695.198853
0 11 418.018890 552.692810
0 12 1077.189453 916.004639
0 13 491.472809 626.002808
0 14 958.939331 852.894104
0 15 750.082581 504.737610
0 16 871.448364 473.175629
0 17 721.422302 766.884216
0 18 822.367249 464.735352
0 19 345.803589 614.250061
0 20 429.802307 640.565613
0 21 1108.151978 668.914429
0 22 530.780151 677.264954
0 23 1155.828857 893.890991
0 24 661.646484 502.057404
0 25 552.592651 556.464478
0 26 514.330505 572.639160
0 27 373.757965 592.038086
0 28 611.660583 513.567322
0 29 432.403809 728.987244
0 30 921.436584 722.247864
0 31 777.197266 472.359589
0 32 896.031067 525.514709
0 33 678.145935 531.435364
0 34 803.917603 502.290894
0 35 352.099792 568.100830
0 36 833.865112 495.369507
0 37 976.342834 549.878784
0 38 670.803467 515.532715
0 39 846.574097 515.853638
