0 1578512666 895.350037 767.587769
0 1478234209 1061.183105 627.945496
0 1707269176 1015.521729 733.919556
0 1438989626 946.892883 814.233643
0 1524801259 941.283569 989.944397
0 1438992629 955.069824 785.812256
0 1478227200 994.120544 609.473877
0 1524854327 1012.664246 960.532166
0 1478249229 951.237244 600.017761
0 1524807266 744.744019 1024.125488
0 1524831297 779.043945 1056.794800
0 1478229202 981.525879 612.053284
0 1568509654 973.157166 780.387512
0 1578523681 1089.375977 757.219910
0 1478207175 986.013000 599.040222
0 1524861337 1143.385742 1078.421143
0 1478210178 1041.437988 605.904480
0 1524862338 800.963623 1002.289124
0 1478186149 1017.071777 610.983276
0 1578518674 999.330017 738.455933
0 1438985621 1058.317627 754.846313
0 1478203170 1030.836060 601.954468
0 1438994632 900.373535 755.096252
0 1578520676 951.078186 799.686340
0 1478237213 994.040344 650.359131
0 1568511657 918.119751 750.232178
0 1775370079 876.789368 772.787903
0 1478195160 1097.392822 626.751831
0 1568510655 882.275269 760.056824
0 1478257240 996.304688 642.488708
0 1578521677 939.498047 733.937195
0 1524794250 1095.397827 1044.630005
0 1524812272 985.324646 994.129028
0 1769859072 948.860596 752.595825
0 1578525683 922.502014 783.226868
0 1770636073 956.175842 729.463379
0 1524833300 960.727173 1004.580139
0 1568511656 1104.753662 764.582581
0 1438985620 1025.266846 764.758850
0 1478185148 1085.791138 622.429382
0 1707993177 962.903259 708.189758
0 1478189152 982.716980 645.534546
0 2088218948 1010.776855 757.356628
0 1606348170 1043.712280 747.704407
0 1524855329 879.552063 971.764526
0 1478183145 980.190918 653.522461
0 1438990627 935.524170 745.461731
0 1524840309 1094.432739 1073.515381
0 1478222194 987.511230 630.374023
0 1709860179 826.754761 743.207031
0 1478188151 942.617310 620.021912
0 1438988624 996.634949 750.132202
0 1478243222 909.242249 614.229187
0 1524844315 797.180115 1074.068726
0 1524811271 854.079102 981.658508
0 1478216186 1009.682007 639.490051
0 1524851324 1119.096436 1033.146118
0 1524814275 946.789246 966.090881
0 1578514668 972.545044 725.072449
0 1478184146 985.155579 637.823120
0 1478176143 939.549255 627.142090
0 1524860336 928.472046 952.763367
0 1478222193 958.510132 610.533630
0 1438997636 990.878418 775.072571
0 1478194158 960.720154 636.162354
0 1478201168 996.183350 602.950989
0 1478187150 1062.215820 620.866577
0 1478205172 1006.534668 606.931458
0 1524838306 836.306702 1033.199829
0 1568514660 1017.747437 722.924927
0 1524865342 974.865295 934.743713
0 2085418945 897.361206 725.047119
0 1524808268 965.729370 979.871582
0 1478200167 1015.315674 617.757568
0 1478194159 983.805420 605.442383
0 1568501643 985.781921 731.686462
0 1478239216 957.856628 643.830078
0 1524820283 1009.245728 983.965332
0 1438989625 943.307495 722.889526
0 1568505649 1013.200256 745.386414
0 1478255237 1085.153809 629.547424
0 1524804262 951.972168 943.635681
0 1568506650 959.608521 718.608521
0 1478217187 1047.306885 638.192200
0 1568505648 926.702576 727.250305
0 1568497640 1045.395996 736.162720
0 1578511665 1031.412354 729.467468
0 1478258241 1038.724243 619.309387
0 1524796253 882.576111 1037.785278
0 1478206173 973.671936 601.481873
0 1524826291 871.871826 996.050964
0 1578529688 880.206665 729.459229
0 1478233207 1063.214966 614.018005
0 1708834178 982.828552 743.079102
0 1478189153 955.778381 617.326477
0 1568499641 908.754761 775.308655
0 1478245224 1074.400391 618.185486
0 1524852325 845.476501 1006.606628
0 1478219190 895.783203 616.892029
0 1578525682 905.180725 743.142761
0 1478232206 932.469055 615.775085
0 1524818280 980.865112 1019.738464
0 1524850322 790.363831 1028.646729
0 1438996635 1001.912964 727.265015
0 1524832299 955.397644 1030.905518
0 1478242220 1040.103149 612.498047
0 1438999639 984.575134 802.381592
0 1478196161 1037.298950 626.349365
0 1478252234 1034.299927 641.163147
0 1524803261 1045.838013 1068.645508
0 1478211179 925.743164 604.976807
0 1578523680 869.518372 752.709106
0 1578530689 987.799866 788.410400
0 1568508653 1038.196045 785.516541
0 1524826290 761.577393 1040.158569
0 1524847319 874.328247 1066.453003
0 1524810270 1032.517822 974.077332
0 1524835302 935.424072 1015.330994
0 1524799257 929.175415 1042.403564
0 1478233208 976.736206 625.943726
0 1608354172 930.730591 716.464600
0 1524835303 970.433472 956.635376
0 1478251232 1072.729370 632.385376
0 1524812273 922.499023 975.804749
0 1706512175 932.128906 805.505005
0 1438986622 838.808350 750.333191
0 1478211180 1004.622314 613.578308
0 1478223195 1022.853943 636.537415
0 1478244223 1002.646545 620.445862
0 1438987623 909.785217 731.693176
0 1478193157 979.170654 618.883423
0 1478198164 1051.059204 616.644287
0 1524862339 997.597534 1063.811035
0 1478236212 947.012390 639.123962
0 1478240217 971.612305 640.803162
0 1478214183 1018.771912 604.425232
0 1578521678 1023.032104 777.591858
0 1524844314 818.318359 1017.467407
0 1524848320 1050.800049 1013.226196
0 1524806265 909.384583 1026.394775
0 1524787243 845.628784 1079.037231
0 1478241219 952.954712 624.347839
0 1524799256 916.148865 1000.301025
0 1478190154 925.939331 629.978882
0 1478226198 966.160339 621.595215
0 1478208176 961.154358 603.958435
0 1478214184 1007.671631 647.245483
0 2084722944 922.502686 738.496155
0 1578522679 958.880981 772.565491
0 1774531078 1005.596436 782.945679
0 1525674169 940.876953 777.841858
0 1478197162 988.151978 592.837097
0 1524815276 897.536011 985.787659
0 1768901071 851.157837 757.634277
0 1578526684 931.374939 757.494751
0 1478182144 1029.342529 608.425598
0 1524853326 773.258606 1013.050110
0 1478218189 968.914062 648.628601
0 1578513667 966.008606 747.791504
0 1438983618 969.345947 736.191467
0 1478224196 974.218262 633.246033
0 1478247227 1020.418518 598.073059
0 1524792248 1142.729736 1049.270020
0 1524808267 1001.735229 1035.448120
0 1478191155 929.258972 622.757690
0 1478236211 1060.115234 635.266663
0 1478258242 1000.117737 590.509521
0 1478212181 950.034424 631.609497
0 1478185147 998.491150 634.888733
0 1568502645 1041.954468 759.753906
0 1568508652 952.596436 740.782410
0 1438984619 975.613953 714.405151
0 1659977623 964.285156 753.781799
0 1478209177 1052.229248 609.924988
0 1438982617 962.523560 759.904602
0 1524805264 1072.697998 1028.645752
0 1771287074 1073.279785 762.162537
0 2087111947 887.522583 747.879517
0 1524817279 827.893127 991.829468
0 1524795251 854.963989 1049.517212
0 1478230204 989.788086 623.174255
0 1478230203 998.181396 596.632751
0 1578516671 1059.709961 743.016052
0 1568513659 944.957886 764.936951
0 1578529687 1056.863525 767.203430
0 1524819282 863.692566 1021.915527
0 1478253235 963.486450 628.755127
0 1524836304 949.707581 1059.011841
0 1478243221 1008.386536 600.494873
0 1568501644 991.331726 710.277344
0 1438998637 1055.343018 780.123474
0 1524816278 1053.051025 988.086304
0 1705773174 903.744690 788.723999
0 1568507651 965.935791 808.244141
0 1438999638 874.977295 740.834412
0 1478252233 1021.089844 644.180603
0 1438993630 863.814270 765.116882
0 1478237214 922.504700 611.605225
0 1478248228 1000.604004 627.545349
0 1478225197 905.648621 621.173340
0 1524832298 902.164307 1054.247314
0 1478200166 886.097534 612.688721
0 1478250231 1048.600098 630.766174
0 1478245225 935.574768 609.019348
0 1438995633 917.751160 797.004761
0 1524804263 1023.378296 1051.739380
0 1524839308 922.497559 1071.335571
0 1524849321 989.514099 970.071167
0 1568512658 936.605164 791.350098
0 1568514661 1008.244873 769.864075
0 1478231205 1073.578857 625.166931
0 1773608077 913.541565 762.491028
0 1438977615 1029.450928 740.730835
0 1524834301 1070.989014 1056.457764
0 1607644171 988.613892 720.761963
0 1568504647 857.067871 745.537842
0 1568500642 979.745972 754.970642
0 1478256239 1013.500793 624.758911
0 1524815277 1074.299438 1002.583069
0 1568503646 1074.365845 750.033203
0 1478220191 948.456665 606.470703
0 1478207174 1027.799927 615.108643
0 1478213182 945.584839 613.135193
0 1524813274 1026.622070 1024.176636
0 1568516663 892.546570 736.220398
0 1578517672 844.913025 738.536743
0 1578527685 1004.390747 716.529846
0 1478240218 1024.558350 629.152832
0 1478215185 919.158447 618.454163
0 1524838307 1096.301025 1017.593750
0 1478197163 1026.206177 622.013916
0 1478221192 1035.825073 633.629761
0 2086284946 976.525269 767.394592
0 1524824288 904.340637 962.136353
0 1524802260 1167.247681 1065.997559
0 1478226199 991.989990 616.211365
0 1578518673 914.199646 720.716309
0 1438981616 890.095276 780.654419
0 1478238215 915.698975 625.534851
0 1609135173 1040.117554 772.345459
0 1524837305 1118.944214 1061.210449
0 1524793249 1005.609863 1008.888367
0 1568515662 1072.144775 774.838867
0 1568516664 1002.823669 796.642029
0 1438991628 1020.693420 791.021545
0 1478249230 936.375244 634.507751
0 1438996634 927.038574 770.070557
0 1578519675 946.962463 712.289734
0 1524864341 1048.400757 1040.022827
0 1478255238 912.719238 607.510315
0 1438993631 1088.611694 769.659607
0 1524788244 1029.662231 998.341797
0 1772785076 862.727051 733.955017
0 1524828293 890.295593 1010.953796
0 1478203171 938.581177 602.479614
0 1524798255 826.511658 1061.606201
0 1478199165 968.746460 614.670593
0 1578528686 993.820496 762.325989
0 1478192156 971.248962 607.969666
0 1478228201 1049.850098 623.587585
0 1772037075 969.631104 793.989380
0 1578515670 1027.404297 752.483704
0 1524851323 976.108276 1047.054810
0 1478218188 963.715332 597.590576
0 1478202169 1011.623962 631.998962
0 1478254236 976.018982 595.197205
0 1478246226 899.505432 610.080627
0 1524822285 808.102905 1044.821167
0 1524841310 993.457153 947.428040
0 1478235210 1010.180603 594.258728
0 1578515669 978.560852 704.162720
0 1524854328 971.023499 1076.254150
0 0 1427.919067 1038.050659
0 1 705.043640 581.074158
0 2 620.302307 533.687866
0 3 416.580261 745.045776
0 4 836.605469 985.560974
0 6 558.641541 725.443481
0 7 509.269073 764.696045
0 8 1424.522339 534.678101
0 10 489.097137 725.603149
0 11 1672.884888 845.237610
0 12 1374.066650 517.306580
0 13 453.297363 765.409119
0 14 1516.268066 603.861023
0 16 1545.134277 675.373840
0 17 1394.650269 527.921021
0 19 1470.932739 1001.208252
0 20 426.691895 805.738098
0 21 1553.324463 632.087280
0 22 1082.765625 498.466400
0 23 858.369324 651.865356
0 24 1102.158325 548.731140
0 25 753.405884 670.682739
0 26 1093.978394 634.654358
0 27 1177.900269 756.688782
0 28 1117.610596 807.583435
0 29 1185.216553 681.789612
0 30 1030.204956 552.271301
0 31 1027.012329 628.492798
0 33 718.599915 694.603333
0 35 999.433350 560.320374
0 37 933.169067 562.447632
0 39 1051.828979 500.555298
0 40 953.525452 572.458191
0 43 1362.508911 524.887085
0 46 969.923523 504.540802
0 53 743.622314 578.612305
0 55 795.316284 512.340820
0 59 1591.123291 742.424438
0 131 1485.575684 682.959534
0 182 676.523865 842.976562
0 210 758.467407 569.722168
0 213 750.180115 589.161621
0 218 422.852142 636.635315
0 227 302.018341 639.694336
0 228 633.471863 570.684875
0 229 922.200439 530.583008
0 231 1144.648926 534.446655
0 232 1036.436890 448.170441
0 234 1056.697021 453.818604
0 235 1232.691650 499.371552
0 236 1225.496582 485.274994
0 237 1827.209229 696.114807
0 238 1265.413330 499.137207
0 239 1885.636841 694.254761
0 241 0.000000 0.000000
0 242 1803.473389 523.713928
