0 1578512666 848.861023 575.296814
0 1524823287 1072.427490 355.924194
0 1478234209 115.264503 761.107422
0 1707269176 650.830383 571.986511
0 1438989626 881.301514 510.664368
0 1524801259 1064.572754 411.712585
0 1438992629 826.233582 534.431702
0 1478227200 51.825294 886.742371
0 1524854327 998.557800 410.349792
0 1478249229 23.122906 978.866455
0 1524807266 1203.695679 432.605713
0 1524863340 1134.935059 364.654480
0 1524831297 1195.991333 414.425568
0 1478229202 92.750229 887.121399
0 1568509654 799.465393 533.958923
0 1524790246 1137.635376 372.264648
0 1578523681 643.050293 518.549438
0 1524861337 1012.382263 354.605713
0 1524862338 1158.723999 431.696411
0 1478186149 33.802185 858.804321
0 1524797254 1188.707764 397.238159
0 1578518674 679.232666 572.461304
0 1438985621 665.120789 531.586121
0 1524857331 1054.030640 362.891937
0 1438994632 818.697083 589.275757
0 1578520676 854.245605 522.341675
0 1478237213 345.116913 742.081482
0 1568511657 789.963806 588.805176
0 1775370079 877.002258 575.767212
0 1478195160 62.320610 738.498962
0 1568510655 847.391846 589.745667
0 1478257240 295.942383 763.305237
0 1578521677 728.705750 602.854980
0 1524794250 1014.571838 369.605530
0 1524812272 1041.015869 402.559082
0 1769859072 764.214661 573.881836
0 1578525683 851.646667 547.901489
0 1770636073 699.314880 602.383972
0 1524846317 1158.077026 372.706329
0 1524833300 1062.693848 403.011017
0 1568511656 647.787720 506.404938
0 1438985620 718.959595 532.537048
0 1478185148 42.570766 760.223206
0 1707993177 629.183838 633.183411
0 1478189152 331.898041 763.742554
0 1524791247 1117.174194 371.822540
0 1524830296 1140.407593 380.077301
0 2088218948 715.303894 545.534912
0 1524827292 1074.285645 363.333221
0 1606348170 660.523193 544.584045
0 1524855329 1091.087524 430.328888
0 1478183145 380.208557 742.526062
0 1438990627 761.191895 588.333984
0 1524840309 1033.756348 362.450287
0 1478222194 228.141907 809.309265
0 1709860179 872.964600 636.909485
0 1478188151 215.064972 888.254456
0 1438988624 711.518860 558.992798
0 1478243222 219.459808 947.989380
0 1524843313 1152.225098 357.676422
0 1524844315 1192.299194 405.712921
0 1524858333 1112.363647 356.801147
0 1524811271 1113.656982 430.785217
0 1524859334 1092.404907 356.362885
0 1478216186 259.926971 762.867126
0 1524851324 993.991821 369.160858
0 1524814275 1044.210205 420.207092
0 1578514668 669.883667 601.912231
0 1478184146 281.266327 785.978577
0 1524829294 1119.675415 379.633118
0 1478176143 272.443970 861.166992
0 1524860336 1045.876709 429.414795
0 1478222193 112.703308 916.455688
0 1438997636 772.663696 533.485535
0 1478194158 303.580292 810.145508
0 1478187150 59.142220 783.393738
0 1478205172 10.823418 886.362488
0 1524838306 1152.275513 413.523071
0 1568514660 616.750977 585.968323
0 1524865342 1000.569763 428.498688
0 2085418945 751.420715 635.051697
0 1524808268 1042.590576 411.258789
0 1478200167 94.620972 833.000916
0 1478194159 28.738388 915.734131
0 1568501643 674.643982 586.916443
0 1478239216 354.805237 786.834351
0 1524820283 1019.315979 402.106689
0 1438989625 694.937012 617.949280
0 1568505649 683.658813 558.518005
0 1478255237 97.872055 738.949341
0 1524804262 1023.235229 428.957001
0 1568506650 664.942017 617.479492
0 1478217187 204.179184 740.296082
0 1568505648 724.890259 618.418457
0 1568497640 627.830139 557.566467
0 1578511665 622.390564 571.511108
0 1478258241 76.474411 807.627991
0 1524796253 1127.595337 404.364014
0 1478206173 4.403602 946.292908
0 1524826291 1111.026245 421.572449
0 1578529688 781.871460 635.517151
0 1478233207 0.242428 806.782959
0 1708834178 707.597412 572.935425
0 1478189153 174.369781 887.877502
0 1568499641 850.278381 561.357544
0 1478245224 21.899960 782.960388
0 1524852325 1133.251709 422.026611
0 1478219190 262.216888 948.326599
0 1578525682 787.366943 603.795166
0 1478232206 196.345505 917.174500
0 1524818280 1060.866333 394.547729
0 1524850322 1177.632812 422.933533
0 1438996635 645.716919 586.442749
0 1524832299 1082.226685 394.997284
0 1478242220 16.627380 832.181458
0 1524789245 1172.127686 358.113464
0 1438999639 829.629089 509.721832
0 1478196161 133.436020 784.258240
0 1478252234 239.499603 740.743530
0 1524803261 1055.672119 370.493622
0 1478211179 111.663986 979.499023
0 1578523680 845.867920 604.732727
0 1578530689 801.641602 521.397156
0 1568508653 751.885803 508.303772
0 1524826290 1199.788574 423.386261
0 1524847319 1146.179321 396.343140
0 1524810270 997.593872 401.653839
0 1524835302 1084.349609 403.462494
0 1524821284 1132.303711 357.238983
0 1524799257 1103.565552 395.446350
0 1478233208 211.089828 834.224670
0 1608354172 690.389282 634.118896
0 1524835303 1021.891479 419.751007
0 1478251232 133.365585 739.398987
0 1524812273 1066.505493 420.662659
0 1706512175 880.499207 522.813110
0 1438986622 874.031433 620.754333
0 1478211180 73.758018 859.199951
0 1524823286 1114.737793 364.214478
0 1478223195 223.851578 762.428284
0 1478244223 133.513306 833.409546
0 1438987623 754.801636 618.886963
0 1478193157 153.450485 859.988953
0 1478198164 38.391685 807.205811
0 1524862339 1078.150269 378.743439
0 1478236212 341.201202 810.562500
0 1478240217 318.067017 786.406860
0 1578521678 748.908020 520.450256
0 1524844314 1155.453735 422.480286
0 1524848320 1016.879761 385.416656
0 1524806265 1105.983521 403.913483
0 1524787243 1167.454224 396.790894
0 1478241219 232.851898 860.775024
0 1524799256 1086.532349 412.165894
0 1478190154 311.963776 861.558289
0 1478226198 193.187515 860.382324
0 1478208176 47.585175 946.633545
0 1478214184 309.968323 741.636230
0 2084722944 758.056396 603.325317
0 1578522679 797.213623 546.956665
0 1524825289 1175.272095 365.533264
0 1774531078 775.291016 520.923950
0 1525674169 824.447510 547.429382
0 1524815276 1088.777466 421.117767
0 1768901071 875.058594 605.200562
0 1578526684 792.467285 574.354126
0 1524853326 1181.221680 432.151306
0 1478218189 367.794128 764.179199
0 1578513667 735.924683 573.408936
0 1438983618 703.532104 587.389587
0 1478224196 265.893951 809.727722
0 1524792248 993.149902 361.565613
0 1524795252 1155.113037 365.094086
0 1524808267 1059.088135 386.313049
0 1478191155 255.683899 888.630737
0 1524856330 1185.213135 388.991699
0 1478236211 168.801239 739.847900
0 1478212181 288.390106 835.036865
0 1478185147 244.403030 785.549561
0 1568502645 692.057068 532.061890
0 1568508652 732.381409 587.862122
0 1438984619 634.905029 617.008972
0 1659977623 751.671875 566.612488
0 1438982617 767.130554 559.940491
0 1524805264 1015.710388 377.405640
0 1771287074 669.563721 519.025513
0 2087111947 816.637390 604.264221
0 1524817279 1136.202393 431.241089
0 1524795251 1149.185181 404.814117
0 1478230204 172.336136 833.817505
0 1524847318 1076.192505 370.937012
0 1578516671 633.080322 544.107727
0 1568513659 794.882324 560.413513
0 1578529687 696.044373 519.501038
0 1524819282 1130.383667 413.071198
0 1478253235 249.774399 834.631104
0 1524836304 1101.213013 387.207703
0 1568501644 604.826111 616.537903
0 1438998637 725.908569 507.829895
0 1524816278 996.656372 393.196411
0 1705773174 878.811340 548.372986
0 1524845316 1178.498779 373.147614
0 1524842312 1181.811279 380.964386
0 1568507651 855.480896 510.193390
0 1438999638 814.499512 619.821960
0 1478252233 274.762573 741.190247
0 1438993630 876.048157 590.215027
0 1478237214 176.618362 947.651367
0 1524857332 1032.416138 355.045593
0 1478248228 190.324158 808.890015
0 1478225197 279.666809 917.890503
0 1524859335 1143.254639 388.100616
0 1524832298 1124.883179 395.894958
0 1478200166 243.803497 980.443115
0 1478250231 151.520447 761.548462
0 1478245225 133.692291 947.312744
0 1438995633 879.669617 535.375488
0 1524804263 1057.357422 378.297913
0 1524839308 1122.244141 387.654358
0 1524849321 1020.585571 410.804504
0 1568512658 852.968262 534.903870
0 1568514661 745.828430 533.011597
0 1478231205 78.947899 760.665649
0 1773608077 820.682739 574.825806
0 1438977615 655.762634 558.042542
0 1524834301 1035.131836 370.049805
0 1607644171 640.412170 601.439941
0 1524800258 1161.119629 380.521057
0 1568504647 844.286194 620.288452
0 1568500642 739.342712 559.466980
0 1478256239 152.440399 808.470093
0 1524815277 995.744141 384.967804
0 1568503646 638.150635 531.109802
0 1478220191 90.681320 946.973511
0 1478207174 55.659058 832.591553
0 1524841311 1052.431152 355.485107
0 1478213182 154.564682 916.815430
0 1524813274 1037.994385 385.865082
0 1568516663 784.671448 619.354736
0 1578517672 842.643250 636.446045
0 1578527685 610.900146 600.966919
0 1478240218 170.488083 784.689453
0 1478215185 238.046188 917.532837
0 1524838307 994.856323 376.958832
0 1478197163 114.490593 808.049377
0 1478221192 187.716156 761.988708
0 1524819281 1164.244141 388.546356
0 2086284946 769.945190 546.483337
0 1524824288 1068.494141 429.872070
0 1524802260 992.329590 354.165375
0 1478226199 113.640808 859.594788
0 1578518673 720.926697 634.585632
0 1438981616 877.922729 561.828674
0 1478238215 296.227020 889.006287
0 1609135173 722.492493 519.975891
0 1524837305 1013.462769 362.008148
0 1524793249 1039.484497 394.097717
0 1568515662 699.899902 507.355499
0 1568516664 803.745972 509.249725
0 1438991628 777.831543 508.777039
0 1478249230 326.937073 835.441895
0 1438996634 822.598267 560.885803
0 1578519675 659.808350 633.651489
0 1524829295 1094.521240 363.774078
0 1524864341 1036.544067 377.851990
0 1478255238 155.799835 979.814331
0 1438993631 673.859619 506.880493
0 1524788244 1018.081177 393.647278
0 1772785076 812.278931 635.981934
0 1524828293 1108.469360 412.618774
0 1478203171 67.438461 979.183044
0 1524798255 1170.753174 405.263763
0 1478199165 133.598251 887.499817
0 1578528686 742.641907 546.009399
0 1478192156 70.761353 916.095215
0 1478228201 96.320854 783.826355
0 1772037075 827.959778 521.869690
0 1578515670 687.931030 545.059753
0 1524851323 1080.161011 386.760620
0 1478202169 207.477005 785.119873
0 1478246226 199.846283 980.129089
0 1524809269 1096.693237 371.380005
0 1524822285 1174.144653 413.974579
0 1524841310 999.549438 419.294434
0 1578515669 598.515686 632.714661
0 1524854328 1098.923096 379.188477
0 0 1319.305176 560.706543
0 1 997.979370 302.874146
0 2 542.791687 303.092743
0 3 827.533752 300.028137
0 4 931.709290 300.602539
0 6 1313.759155 669.346436
0 7 1401.749878 677.759216
0 10 1279.804443 713.942688
0 11 1377.084351 596.999329
0 13 1365.278198 711.852905
0 14 1396.874268 763.292847
0 16 1449.463623 842.838013
0 19 1486.874023 789.984558
0 20 620.425964 300.180115
0 23 381.876007 672.241394
0 25 496.852570 674.913452
0 26 901.327332 406.966766
0 27 448.066040 479.488708
0 28 316.436951 563.842590
0 29 338.510437 601.044006
0 31 773.203918 716.227661
0 33 782.544312 419.731873
0 36 1174.758545 224.117157
0 43 1369.004028 985.243469
0 59 377.583862 319.486694
0 73 1189.338745 374.886902
0 77 1180.318115 518.507324
0 81 1122.884033 391.821716
0 100 232.635452 360.436096
0 110 1538.545044 912.632080
0 112 1335.291626 197.972565
0 113 1341.352051 208.822952
0 115 1373.462769 219.313889
0 116 1381.144897 229.707016
0 117 1266.651245 324.746002
0 120 1414.706543 290.082245
0 122 1303.211914 336.612579
0 123 1316.848511 321.476898
0 125 1403.718018 304.590363
0 126 1347.867676 293.356384
0 127 1322.491089 301.748871
0 130 1350.195923 235.122879
0 133 1389.347534 211.888580
0 135 156.750580 319.282959
