0 1578512666 975.258545 415.671600
0 1707269176 833.670288 341.572571
0 1438989626 1091.516357 373.748474
0 1438992629 1011.893433 373.026184
0 1568509654 990.910522 362.713135
0 1578523681 892.684082 296.749146
0 1578518674 852.594360 351.476318
0 1438985621 892.451294 314.321075
0 1438994632 933.244812 415.348602
0 1578520676 1051.756104 373.387787
0 1568511657 912.089539 404.031067
0 1775370079 997.363708 427.240143
0 1568510655 954.891846 426.929230
0 1578521677 850.174255 392.621552
0 1769859072 911.885498 382.505859
0 1578525683 1014.463806 394.000977
0 1770636073 830.385681 381.793701
0 1568511656 910.993774 288.454407
0 1438985620 930.597839 333.069855
0 1707993177 748.458008 381.077820
0 2088218948 911.504761 342.353058
0 1606348170 873.312012 323.194214
0 1438990627 891.409485 392.967773
0 1709860179 912.765320 475.303619
0 1438988624 891.954041 351.858734
0 1578514668 811.032410 371.204041
0 1438997636 970.376221 352.620697
0 1568514660 794.606873 341.180847
0 2085418945 826.776367 425.991272
0 1568501643 832.065735 361.220398
0 1438989625 808.829590 392.274414
0 1568505649 872.636108 341.963318
0 1568506650 789.475525 381.436218
0 1568505648 828.624573 403.359467
0 1568497640 835.204163 322.789124
0 1578511665 815.143982 331.876984
0 1578529688 847.512024 437.882599
0 1708834178 871.929138 361.595001
0 1568499641 995.109314 404.699097
0 1578525682 891.117310 415.024719
0 1438996635 813.135010 351.092896
0 1438999639 1048.404541 353.378845
0 1578523680 933.989075 438.483185
0 1578530689 1009.439514 353.000244
0 1568508653 987.079224 324.403564
0 1608354172 786.723999 403.022308
0 1706512175 1073.614746 383.919037
0 1438986622 934.771362 462.801147
0 1438987623 848.875610 414.699951
0 1578521678 968.892944 333.465546
0 2084722944 870.412903 403.695709
0 1578522679 971.928284 372.663635
0 1774531078 988.951965 343.129669
0 1525674169 992.960693 383.214264
0 1768901071 956.191284 450.631714
0 1578526684 932.535950 393.313080
0 1578513667 891.688110 371.935730
0 1438983618 851.412476 371.570343
0 1568502645 911.326965 323.598328
0 1568508652 871.188843 382.150238
0 1438984619 770.547791 370.836792
0 1659977623 911.786987 372.118042
0 1438982617 931.859924 372.300140
0 1771287074 911.156799 305.649048
0 2087111947 912.303711 426.617432
0 1578516671 854.803955 313.909882
0 1568513659 952.475952 382.860504
0 1578529687 930.007874 314.731232
0 1568501644 752.032410 360.468262
0 1438998637 967.473999 315.140411
0 1705773174 1036.453491 405.031769
0 1568507651 1069.728027 363.453857
0 1438999638 890.810547 438.183319
0 1438993630 977.048035 438.782196
0 1438995633 1055.266113 394.343567
0 1568512658 1033.340210 383.567108
0 1568514661 950.276611 342.741852
0 2079485312 911.787476 372.068756
0 1773608077 953.654907 404.365540
0 1438977615 853.723694 332.275574
0 1607644171 792.100342 360.844818
0 1568504647 912.528687 450.345337
0 1568500642 911.690796 361.968658
0 1568503646 873.958923 305.232147
0 1568516663 869.598694 426.304779
0 1578517672 890.488098 462.528229
0 1578527685 773.575684 350.708527
0 2086284946 951.351074 362.341400
0 1578518673 806.519165 414.374298
0 1438981616 1017.158875 415.993744
0 1609135173 949.249268 324.001434
0 1568515662 948.265930 306.064880
0 1568516664 1027.531250 343.516541
0 1438991628 1007.094055 333.860260
0 1438996634 973.553955 393.657501
0 1578519675 767.375305 391.926331
0 1438993631 929.442993 297.171356
0 1772785076 868.743286 450.058136
0 1578528686 931.214539 352.240204
0 1772037075 1030.369385 363.083954
0 1578515670 892.208252 332.673218
0 1578515669 729.958008 370.468567
0 0 1190.230469 314.929382
0 1 1230.760742 281.657379
0 2 1288.122070 318.880096
0 3 1085.701050 298.137634
0 4 656.338318 268.122650
0 5 516.221680 348.399567
0 6 454.232727 327.936951
0 7 694.993774 238.259079
0 8 974.635071 213.724777
0 9 733.148743 395.293457
