0 1578512666 958.256592 430.911774
0 1524823287 1733.708496 580.432190
0 1478234209 720.383301 216.056503
0 1707269176 957.262207 335.911438
0 1438989626 1105.270996 439.589020
0 1524801259 1474.439819 569.818115
0 1438992629 1043.177612 412.014404
0 1478227200 609.718933 230.158752
0 1524854327 1444.396606 510.725494
0 1478249229 540.063721 242.393890
0 1524807266 1468.191528 715.690369
0 1524863340 1747.703491 651.233276
0 1524831297 1546.964111 712.467041
0 1478229202 605.337830 239.123901
0 1568509654 1041.627930 397.617981
0 1524790246 1709.737305 652.822205
0 1578523681 1058.738281 319.057678
0 1478207175 571.545654 223.558792
0 1524861337 1687.783691 519.321960
0 1478210178 642.943848 203.533752
0 1524862338 1445.384888 663.885742
0 1478186149 635.236023 220.348419
0 1524797254 1625.956177 709.234680
0 1578518674 957.391174 348.228851
0 1438985621 1034.585449 332.195435
0 1524857331 1682.888306 560.752563
0 1478203170 622.216614 204.584625
0 1438994632 929.798401 417.301361
0 1578520676 1073.680420 425.560181
0 1478237213 724.736816 270.600250
0 1568511657 930.111572 402.846802
0 1775370079 958.418274 446.357391
0 1478195160 746.811523 198.267670
0 1568510655 929.474609 432.246277
0 1478257240 704.998718 261.834900
0 1578521677 903.780762 376.590851
0 1524794250 1620.797974 522.283691
0 1524812272 1497.971069 547.851379
0 1769859072 957.802917 387.567749
0 1578525683 1015.909180 428.238708
0 1770636073 904.485657 363.456879
0 1524846317 1726.901367 678.014343
0 1524833300 1509.075073 568.311768
0 1568511656 1084.195923 317.828827
0 1438985620 1037.270142 357.134735
0 1478185148 726.007080 199.322433
0 1707993177 854.494812 340.850189
0 1478189152 701.669800 271.740356
0 1524791247 1693.314209 628.717712
0 1524830296 1671.821533 654.409058
0 2088218948 1010.662964 358.401550
0 1524827292 1698.085571 581.967712
0 1606348170 1008.787415 333.435242
0 1524855329 1414.699097 594.183289
0 1478183145 721.633728 280.768341
0 1438990627 930.414673 388.858765
0 1524840309 1668.295166 540.381042
0 1478222194 663.380371 254.425247
0 1709860179 841.486694 451.746674
0 1478188151 591.487915 267.465088
0 1438988624 984.080994 359.667175
0 1478243222 540.732239 279.694885
0 1524843313 1804.624390 674.796814
0 1524844315 1586.432617 710.851990
0 1524858333 1767.633667 625.574951
0 1524811271 1424.497314 616.440002
0 1524859334 1750.312256 602.526001
0 1478216186 708.239197 252.192657
0 1524851324 1607.957764 503.437714
0 1524814275 1430.126831 550.827026
0 1578514668 905.168945 350.727081
0 1478184146 682.259644 262.962769
0 1524829294 1656.227173 630.286072
0 1478176143 609.591858 276.291443
0 1524860336 1396.265747 552.312195
0 1478222193 578.783936 249.425186
0 1438997636 1040.128296 383.687164
0 1478194158 655.592896 274.017822
0 1478201168 592.759583 222.489487
0 1478187150 702.183350 208.649231
0 1478205172 613.989746 221.419373
0 1524838306 1520.663086 660.735291
0 1568514660 931.794250 325.185364
0 1524865342 1379.235596 513.628906
0 2085418945 848.410034 392.724213
0 1524808268 1464.028687 549.340149
0 1478200167 652.766907 227.995468
0 1478194159 588.219849 231.239136
0 1568501643 931.267883 349.478577
0 1478239216 674.883484 283.070679
0 1524820283 1487.298828 528.186401
0 1438989625 878.004028 364.717712
0 1568505649 983.538757 346.977997
0 1478255237 744.292908 206.520416
0 1524804262 1387.585449 532.595276
0 1568506650 879.094238 351.974457
0 1478217187 736.345825 232.560913
0 1568505648 876.879272 377.865387
0 1568497640 982.502991 322.737640
0 1578511665 957.137146 323.962067
0 1478258241 677.777222 218.204086
0 1524796253 1545.255737 634.978699
0 1478206173 566.737305 232.318710
0 1524826291 1460.514648 614.901855
0 1578529688 846.764282 406.754822
0 1478233207 684.444580 201.429657
0 1708834178 957.524109 360.931610
0 1478189153 596.226929 257.767487
0 1568499641 987.068115 429.575958
0 1478245224 705.218079 200.376450
0 1524852325 1471.515137 638.096985
0 1478219190 535.100647 289.954529
0 1578525682 902.301575 404.150757
0 1478232206 568.841064 268.588379
0 1524818280 1543.752563 566.803650
0 1524850322 1494.998901 687.614136
0 1438996635 931.535034 337.147827
0 1524832299 1556.038452 588.090759
0 1478242220 660.137268 210.774872
0 1524789245 1824.402100 701.114258
0 1438999639 1100.039307 409.362885
0 1478196161 695.881409 225.828812
0 1478252234 733.557739 241.696503
0 1524803261 1648.040283 562.268127
0 1478211179 529.234863 261.101715
0 1578523680 900.722107 433.579376
0 1578530689 1069.576294 396.307556
0 1568508653 1092.816650 367.634613
0 1524826290 1507.550293 714.079834
0 1524847319 1596.141724 657.576355
0 1524810270 1477.033447 509.271271
0 1524835302 1520.637451 589.616699
0 1524821284 1785.720459 649.642273
0 1524799257 1568.842407 610.275696
0 1478233208 640.977905 255.540237
0 1608354172 851.547424 365.977356
0 1524835303 1420.784180 531.127380
0 1478251232 741.710693 214.981461
0 1524812273 1439.847046 571.322571
0 1706512175 1075.838989 440.945496
0 1438986622 870.673889 450.401459
0 1478211180 631.234619 229.077530
0 1524823286 1730.449707 627.147339
0 1478223195 711.394592 242.803238
0 1478244223 648.938904 236.939682
0 1438987623 875.718262 391.436981
0 1478193157 622.917542 247.221359
0 1478198164 681.152405 209.712479
0 1524862339 1626.973267 585.033020
0 1478236212 651.537598 284.220398
0 1478240217 678.621826 272.879547
0 1478214183 618.154358 212.897308
0 1578521678 1065.733521 368.917755
0 1524844314 1482.999023 662.311584
0 1524848320 1553.969849 525.238525
0 1524806265 1532.687012 611.819763
0 1524787243 1610.713379 682.824036
0 1478241219 614.153137 266.340881
0 1524799256 1485.280640 591.140808
0 1478190154 604.904480 286.516937
0 1478226198 618.593445 256.654327
0 1478208176 561.804749 241.304749
0 1478214184 727.756409 260.706116
0 2084722944 903.053101 390.148499
0 1578522679 1013.707336 398.927155
0 1524825289 1784.601929 702.742859
0 1774531078 1067.623901 382.391113
0 1525674169 1014.789856 413.338135
0 1478197162 555.298157 216.074982
0 1524815276 1449.967773 592.662964
0 1768901071 899.891479 449.054840
0 1578526684 957.949158 401.541534
0 1478182144 639.137878 211.836502
0 1524853326 1456.532104 689.206543
0 1478218189 698.248840 281.919983
0 1578513667 957.661255 374.038055
0 1438983618 930.992371 362.194855
0 1478224196 659.539001 264.089722
0 1478247227 601.504700 205.634705
0 1524792248 1640.783447 501.975098
0 1524795252 1765.736328 676.406677
0 1524808267 1578.472656 565.293640
0 1478191155 586.619751 277.426880
0 1524856330 1665.534668 707.615112
0 1478236211 739.062561 223.658844
0 1478258242 560.127136 207.732574
0 1478212181 632.582886 275.155090
0 1478185147 685.800781 253.309402
0 1568502645 1035.907227 344.472748
0 1568508652 930.708130 375.315063
0 1438984619 880.151367 339.617218
0 1659977623 971.325867 380.106293
0 1478209177 663.686462 202.482086
0 1438982617 985.217957 386.275513
0 1524805264 1587.364258 523.762024
0 1771287074 1060.407349 330.954498
0 2087111947 901.525024 418.619781
0 1524817279 1434.716675 639.653137
0 1524795251 1558.377319 659.156860
0 1478230204 645.010498 246.118149
0 1478230203 576.234497 215.016556
0 1524847318 1662.507080 583.501343
0 1578516671 1007.891785 321.512085
0 1568513659 985.814453 400.234985
0 1578529687 1062.127930 343.218414
0 1524819282 1508.361450 636.538940
0 1478253235 636.836792 265.215759
0 1524836304 1605.043701 608.729736
0 1478243221 597.186523 213.957352
0 1568501644 881.177002 327.628723
0 1438998637 1090.560181 354.597504
0 1524816278 1509.707764 507.815430
0 1705773174 1017.067322 443.654266
0 1524845316 1744.857544 704.369202
0 1524842312 1705.168457 705.993286
0 1568507651 1102.610718 424.218842
0 1438999638 873.280090 419.936859
0 1478252233 730.695679 251.074997
0 1438993630 929.139648 447.706787
0 1478237214 546.212524 269.710754
0 1524857332 1702.482910 538.881531
0 1478248228 667.121033 245.014053
0 1478225197 558.349182 288.809631
0 1524859335 1633.956421 655.993713
0 1524832298 1582.197998 633.416565
0 1478200166 511.871521 291.098511
0 1478250231 717.463623 224.744247
0 1478245225 551.547729 259.991211
0 1438995633 1046.437744 442.300598
0 1524804263 1613.235107 563.781799
0 1524839308 1619.188477 631.852295
0 1524849321 1454.021973 529.657776
0 1568512658 1044.780029 426.900146
0 1568514661 1038.676514 370.199677
0 1478231205 723.230225 207.585220
0 1773608077 958.100342 415.981628
0 1438977615 983.013062 334.673889
0 1524834301 1634.148560 541.878662
0 1607644171 905.831421 338.383057
0 1524800258 1688.119141 679.619751
0 1568504647 871.999084 434.911072
0 1568500642 984.640381 372.759827
0 1478256239 670.764954 235.846252
0 1524815277 1542.420044 506.357849
0 1568503646 1033.303467 320.285431
0 1478220191 556.743347 250.525818
0 1478207174 656.498535 219.276672
0 1524841311 1717.778809 559.235168
0 1478213182 573.878418 258.879791
0 1524813274 1565.978149 544.868652
0 1568516663 874.519165 405.453400
0 1578517672 843.305481 436.241486
0 1578527685 906.474182 326.407593
0 1478240218 692.608154 234.751999
0 1478215185 563.666565 278.561340
0 1524838307 1575.169922 504.898621
0 1478197163 674.315857 226.912552
0 1478221192 714.468445 233.656891
0 1524819281 1649.389893 681.222961
0 2086284946 1012.659790 384.981964
0 1524824288 1405.296387 572.825134
0 1524802260 1673.647095 500.510773
0 1478226199 627.129822 238.032211
0 1578518673 850.003601 379.138733
0 1438981616 987.727417 445.006500
0 1478238215 581.617126 287.663757
0 1609135173 1063.902466 355.866730
0 1524837305 1654.271118 520.803711
0 1524793249 1531.954224 546.360901
0 1568515662 1088.373169 341.962891
0 1568516664 1097.552490 394.995789
0 1438991628 1095.146240 381.093750
0 1478249230 628.211365 285.369141
0 1438996634 986.430786 414.660553
0 1578519675 853.043823 353.220673
0 1524829295 1713.925415 604.079956
0 1524864341 1600.042847 543.374573
0 1478255238 523.602478 270.832245
0 1438993631 1086.252808 329.712402
0 1524788244 1520.614746 526.713318
0 1772785076 845.063660 421.252655
0 1524828293 1496.578003 613.361755
0 1478203171 534.720093 251.625534
0 1524798255 1572.089478 684.422913
0 1478199165 600.841980 248.323700
0 1578528686 1011.645447 371.480347
0 1478192156 583.562805 240.214767
0 1478228201 699.072144 217.130722
0 1772037075 1071.594116 410.689331
0 1578515670 1009.710754 345.725983
0 1524851323 1591.483643 586.562866
0 1478218188 545.271240 233.397446
0 1478202169 689.249023 243.909073
0 1478254236 550.347778 224.627289
0 1478246226 517.816772 280.827545
0 1524809269 1677.585327 605.631836
0 1524822285 1533.518066 686.019653
0 1524841310 1411.797363 512.178040
0 1478235210 580.808228 206.684021
0 1578515669 855.902588 328.848755
0 1524854328 1641.291382 607.181824
0 0 1280.015381 158.977646
0 1 641.081299 439.645294
0 2 719.377502 374.135529
0 3 1316.063477 178.479218
0 4 1052.533813 501.564056
0 5 490.191132 219.595886
0 6 1193.590942 180.301773
0 7 1351.358154 351.647278
0 8 1373.017822 399.256561
0 9 236.380981 621.798218
0 10 1355.578003 471.715820
0 11 242.394501 490.477264
0 12 1669.553711 630.127625
0 13 1053.363647 707.533936
0 14 927.589478 172.313217
0 15 712.287842 198.956650
0 16 965.748230 186.974396
0 17 1066.743896 645.018799
0 18 865.804199 194.254028
0 19 763.813965 253.549942
0 20 253.793106 673.996277
0 21 1331.734131 203.134125
0 22 592.271973 663.926575
0 23 1650.128174 556.414001
0 24 440.391815 263.716064
0 25 777.486877 176.966949
0 26 763.451294 198.082153
0 27 271.136963 572.019897
0 28 385.096893 342.432343
0 29 1222.286133 526.266602
0 30 1239.687500 477.921112
0 31 815.887939 193.668732
0 32 820.887268 149.501816
0 33 838.582275 167.498322
0 34 717.437866 161.034531
0 35 261.027588 532.845276
0 36 884.019287 139.654083
0 37 1060.537354 134.152557
0 38 830.562500 694.499634
0 39 764.307007 154.834167
