0 1578512666 995.204895 518.516663
0 1524823287 1785.640259 680.234924
0 1478234209 760.081970 303.960693
0 1707269176 994.116455 424.069275
0 1438989626 1142.733765 529.013550
0 1524801259 1519.258057 665.598694
0 1438992629 1080.212402 500.683685
0 1478227200 651.088074 316.674072
0 1524854327 1487.066284 605.100830
0 1478249229 582.510376 327.939911
0 1524807266 1516.779785 815.338928
0 1524863340 1802.967285 753.263611
0 1524831297 1597.859375 813.313110
0 1478229202 646.644653 325.374542
0 1568509654 1078.585693 486.307495
0 1524790246 1763.790771 754.303589
0 1578523681 1095.264526 408.496277
0 1478207175 613.729492 309.886963
0 1524861337 1736.061157 617.167603
0 1478210178 684.104736 291.056580
0 1524862338 1491.975586 761.518677
0 1478186149 676.298279 307.353333
0 1524797254 1679.315918 811.277832
0 1578518674 994.256958 436.265778
0 1438985621 1071.222900 421.237213
0 1524857331 1732.592773 659.354919
0 1478203170 663.745422 291.890533
0 1438994632 966.733459 504.589447
0 1578520676 1110.891357 514.585022
0 1478237213 763.817261 357.317810
0 1568511657 967.051392 490.192932
0 1775370079 995.382812 533.955139
0 1478195160 786.266968 286.871857
0 1568510655 966.404236 519.495422
0 1478257240 744.436218 348.535828
0 1578521677 940.801270 463.784210
0 1524794250 1667.527710 619.255432
0 1524812272 1542.701416 643.553711
0 1769859072 994.707092 475.316467
0 1578525683 1052.951050 516.554138
0 1770636073 941.524719 450.763184
0 1524846317 1782.539429 780.606262
0 1524833300 1554.634033 664.563354
0 1568511656 1120.678833 407.554138
0 1438985620 1074.023926 445.992035
0 1478185148 765.785583 287.710785
0 1707993177 891.842285 427.825775
0 1478189152 741.042603 358.204376
0 1524791247 1745.903687 729.209595
0 1524830296 1724.701294 755.341125
0 2088218948 1047.442505 446.949188
0 1524827292 1749.025635 681.283264
0 1606348170 1045.482300 422.182678
0 1524855329 1458.826904 689.591858
0 1478183145 760.649902 367.256683
0 1438990627 967.358521 476.280243
0 1524840309 1716.852173 638.350403
0 1478222194 703.513855 340.878082
0 1709860179 878.403259 537.878235
0 1478188151 632.575867 352.921600
0 1438988624 1020.901917 447.904907
0 1478243222 582.465576 364.377533
0 1524843313 1862.916016 778.533813
0 1524844315 1638.540283 812.296631
0 1524858333 1822.498657 727.120789
0 1524811271 1469.383789 712.498352
0 1524859334 1803.654663 703.150208
0 1478216186 747.736877 339.132202
0 1524851324 1653.751709 599.929077
0 1524814275 1473.523315 645.620667
0 1578514668 942.225037 438.158447
0 1478184146 722.005493 349.415283
0 1524829294 1707.730713 730.250671
0 1478176143 650.246582 361.738953
0 1524860336 1439.036743 646.651062
0 1478222193 620.391174 335.171509
0 1438997636 1077.013916 472.415955
0 1478194158 695.584229 359.973999
0 1478201168 634.560242 309.043457
0 1478187150 742.253052 296.575378
0 1478205172 655.416443 308.198914
0 1524838306 1569.207764 759.468628
0 1568514660 968.751892 413.186462
0 1524865342 1420.834717 607.155823
0 2085418945 885.573364 479.162384
0 1524808268 1508.078125 644.588257
0 1478200167 693.420898 314.970184
0 1478194159 629.961060 317.524414
0 1568501643 968.221313 437.212830
0 1478239216 714.485291 369.040588
0 1524820283 1531.258789 623.406738
0 1438989625 915.146912 451.713013
0 1568505649 1020.332092 435.317322
0 1478255237 783.712830 294.886719
0 1524804262 1429.749390 626.499207
0 1568506650 916.268005 439.102631
0 1478217187 775.641235 320.214722
0 1568505648 913.988770 464.739563
0 1568497640 1019.245483 411.314545
0 1578511665 993.980225 412.251160
0 1478258241 718.138733 305.659119
0 1524796253 1593.707764 733.360168
0 1478206173 608.860168 318.373718
0 1524826291 1506.211548 711.468384
0 1578529688 883.872559 493.090546
0 1478233207 724.896362 289.385681
0 1708834178 994.402100 448.859131
0 1478189153 637.393555 343.488464
0 1568499641 1024.053833 517.536194
0 1478245224 745.328735 288.548737
0 1524852325 1518.102539 735.421997
0 1478219190 576.736206 374.363403
0 1578525682 939.280273 491.160339
0 1478232206 610.291626 353.795288
0 1524818280 1590.081543 663.525879
0 1524850322 1543.591187 786.767151
0 1438996635 968.490845 425.010498
0 1524832299 1603.325439 685.454773
0 1478242220 700.893616 298.259979
0 1524789245 1884.624390 806.148071
0 1438999639 1137.233154 498.721161
0 1478196161 735.858948 313.262085
0 1478252234 772.805237 329.114136
0 1524803261 1696.856323 660.400818
0 1478211179 571.528870 346.088715
0 1578523680 937.651733 520.472595
0 1578530689 1106.582397 485.332184
0 1568508653 1129.667236 457.054718
0 1524826290 1557.272583 814.327148
0 1524847319 1646.782227 757.409424
0 1524810270 1520.276489 604.070374
0 1524835302 1567.088745 686.492249
0 1524821284 1842.230957 752.221436
0 1524799257 1617.162354 708.365540
0 1478233208 681.445312 341.749329
0 1608354172 888.809509 452.661438
0 1524835303 1463.520386 625.470398
0 1478251232 781.092224 303.109894
0 1524812273 1483.953735 666.632019
0 1706512175 1113.162842 530.005249
0 1438986622 907.573608 536.899963
0 1478211180 672.241333 315.822632
0 1524823286 1784.159424 728.166321
0 1478223195 750.948303 329.982788
0 1478244223 689.535278 323.658936
0 1438987623 912.791870 478.203186
0 1478193157 663.799255 333.446320
0 1478198164 721.560791 297.418182
0 1524862339 1676.024292 683.373291
0 1478236212 691.449707 369.930695
0 1478240217 718.298279 359.089783
0 1478214183 659.634216 299.940460
0 1578521678 1102.559448 458.020599
0 1524844314 1530.549072 760.494751
0 1524848320 1599.260742 621.335205
0 1524806265 1580.100464 709.402100
0 1524787243 1662.658691 783.697144
0 1478241219 654.889343 352.046722
0 1524799256 1530.926880 687.527588
0 1478190154 645.471558 371.707367
0 1478226198 659.405212 342.619415
0 1478208176 603.861633 327.085815
0 1478214184 766.896484 347.655212
0 2084722944 940.053589 477.242462
0 1578522679 1050.634399 487.281189
0 1524825289 1843.370850 807.178772
0 1774531078 1104.537109 471.446014
0 1525674169 1051.772583 501.662567
0 1478197162 597.931702 302.453613
0 1524815276 1494.839600 688.560730
0 1768901071 936.793579 535.920044
0 1578526684 994.867310 489.223907
0 1478182144 680.251404 299.100708
0 1524853326 1504.081421 787.785767
0 1478218189 737.552002 368.149261
0 1578513667 994.552002 461.869019
0 1438983618 967.943115 449.811890
0 1478224196 699.604065 350.293579
0 1478247227 643.410400 292.723480
0 1524792248 1687.279907 598.888733
0 1524795252 1822.682007 779.571167
0 1524808267 1625.600952 662.486328
0 1478191155 627.622925 362.619629
0 1524856330 1720.186523 810.256653
0 1478236211 778.402649 311.549683
0 1478258242 602.813049 294.386383
0 1478212181 672.900330 360.857086
0 1478185147 725.611084 340.005676
0 1568502645 1072.600952 433.416016
0 1568508652 967.655640 462.827362
0 1438984619 917.353821 426.888733
0 1659977623 1008.205261 468.055573
0 1478209177 704.488342 290.221619
0 1438982617 1022.098938 474.351166
0 1524805264 1633.360962 620.296326
0 1771287074 1097.001831 420.290405
0 2087111947 938.480164 505.561859
0 1524817279 1480.422119 736.449585
0 1524795251 1607.952148 758.440186
0 1478230204 685.544800 332.582092
0 1478230203 618.474365 301.616943
0 1524847318 1712.487061 682.329407
0 1578516671 1044.548096 410.376495
0 1568513659 1022.728271 488.253357
0 1578529687 1098.794922 432.463226
0 1524819282 1555.864380 734.392212
0 1478253235 677.232056 351.170746
0 1524836304 1654.302734 707.326904
0 1478243221 639.041870 300.779205
0 1568501644 918.406067 415.052948
0 1438998637 1127.309937 444.073242
0 1524816278 1553.550049 603.038025
0 1705773174 1054.172241 531.983582
0 1524845316 1802.213501 808.207153
0 1524842312 1761.152222 809.233154
0 1568507651 1139.934570 513.597961
0 1438999638 910.273315 506.532654
0 1478252233 769.891357 338.257568
0 1438993630 966.063171 534.938477
0 1478237214 588.036499 354.667877
0 1524857332 1751.890625 637.303528
0 1478248228 707.318176 331.716766
0 1478225197 599.617188 373.479279
0 1524859335 1685.698608 756.376465
0 1524832298 1631.633179 732.325928
0 1478200166 553.886047 375.246368
0 1478250231 757.117554 312.406403
0 1478245225 593.455444 345.223053
0 1438995633 1083.642334 530.995239
0 1524804263 1661.192383 661.444641
0 1524839308 1669.640747 731.289368
0 1524849321 1497.356812 624.439575
0 1568512658 1081.896973 515.570435
0 1568514661 1075.494141 458.984985
0 1478231205 762.970337 295.731567
0 1773608077 995.033203 503.615417
0 1438977615 1019.780273 423.126678
0 1524834301 1681.883301 639.395203
0 1607644171 942.903259 425.950317
0 1524800258 1742.488281 781.638855
0 1568504647 908.947266 521.448120
0 1568500642 1021.490479 460.909180
0 1478256239 711.021057 322.799500
0 1524815277 1586.886963 602.003723
0 1568503646 1069.887695 409.437103
0 1478220191 598.728577 336.032410
0 1478207174 697.205688 306.506744
0 1524841311 1768.401978 658.306824
0 1478213182 615.410339 344.356293
0 1524813274 1612.154175 641.478577
0 1568516663 911.554077 492.126251
0 1578517672 880.290710 522.421997
0 1578527685 943.560547 414.120392
0 1478240218 732.534058 321.939026
0 1478215185 605.029297 363.499176
0 1524838307 1620.287476 600.967346
0 1478197163 714.626709 314.116669
0 1478221192 754.074036 321.077423
0 1524819281 1702.528198 782.669128
0 2086284946 1049.534546 473.384338
0 1524824288 1448.720581 667.663208
0 1524802260 1720.872192 597.846497
0 1478226199 668.076416 324.517273
0 1578518673 887.218079 465.693451
0 1438981616 1024.752441 532.970215
0 1478238215 622.528931 372.593903
0 1609135173 1100.646362 445.033386
0 1524837305 1701.761108 618.212585
0 1524793249 1577.393433 642.517212
0 1568515662 1125.028564 431.508972
0 1568516664 1134.624634 484.355316
0 1438991628 1132.104004 470.474579
0 1478249230 668.445129 370.819641
0 1438996634 1023.379578 502.639771
0 1578519675 890.350098 440.045410
0 1524829295 1766.197632 704.197693
0 1524864341 1646.984131 640.437927
0 1478255238 565.810486 355.539307
0 1438993631 1122.819336 419.342102
0 1524788244 1565.226807 622.371948
0 1772785076 882.112671 507.501892
0 1524828293 1543.116943 710.436340
0 1478203171 577.093445 336.892242
0 1524798255 1622.879517 784.722778
0 1478199165 642.081421 334.309479
0 1578528686 1048.471191 459.947815
0 1478192156 625.239746 326.230743
0 1478228201 739.097473 304.810425
0 1772037075 1108.699219 499.703247
0 1578515670 1046.446777 434.367401
0 1524851323 1639.637207 684.415161
0 1478218188 587.785522 319.221985
0 1478202169 729.119263 330.850342
0 1478254236 592.924194 310.729462
0 1478246226 559.931763 365.254761
0 1524809269 1728.820068 705.242981
0 1524822285 1583.190552 785.746094
0 1524841310 1453.918945 606.129333
0 1478235210 623.099609 293.555450
0 1578515669 893.288330 415.984131
0 1524854328 1691.521973 706.286072
0 0 907.169800 292.498169
0 1 753.741333 259.089966
0 2 799.545044 596.529175
0 3 1138.674683 863.283386
0 4 1395.709229 569.964905
0 5 1515.170410 416.842438
0 6 807.412598 822.639038
0 7 1341.049194 346.545624
0 8 1410.229126 351.188568
0 9 980.327454 273.542969
0 10 1416.563599 480.337097
0 11 1381.526855 252.820724
0 12 333.034607 497.356506
0 13 1490.096680 380.567657
0 14 1109.266357 790.112915
0 15 1225.650635 241.587128
0 16 1677.304810 664.846619
0 17 489.796814 340.768616
0 18 1670.695557 599.903015
0 19 760.127075 459.715485
0 20 926.763672 274.778992
0 21 1435.057861 612.788574
0 22 731.240051 280.390717
0 23 184.223816 662.388550
0 24 1458.626709 297.530212
0 25 742.888672 368.065247
0 26 806.510559 354.517181
0 27 1095.276123 268.266052
0 28 1566.777710 570.405151
0 29 661.747681 506.106598
0 30 1452.089722 526.458618
0 31 1632.730225 537.771667
0 32 1346.737549 264.714172
0 33 812.716187 278.754181
0 34 1318.654907 226.222137
0 35 1275.440063 238.798965
0 36 735.117554 428.022369
0 37 1417.397095 380.117828
0 38 541.832581 329.324066
0 39 1327.191528 245.242691
