0 1578512666 915.463379 749.411987
0 1478234209 1042.392090 564.364441
0 1707269176 1034.100952 696.145447
0 1438989626 990.174316 803.042358
0 1524801259 1053.476807 1032.334717
0 1438992629 988.239319 766.373230
0 1478227200 964.180664 547.667114
0 1524854327 1121.250610 984.391479
0 1478249229 914.744934 539.730896
0 1478229202 951.656250 551.708313
0 1568509654 1005.975281 757.781189
0 1578523681 1122.506958 717.894104
0 1478207175 951.675964 535.914001
0 1478210178 1013.188721 539.813049
0 1524862338 897.883179 1067.406128
0 1478186149 989.215393 547.687195
0 1578518674 1018.336609 703.223389
0 1438985621 1088.315552 717.891907
0 1478203170 1000.476929 535.955566
0 1438994632 916.356140 733.263916
0 1578520676 989.181519 784.227966
0 1478237213 979.275391 596.505127
0 1568511657 934.114075 725.480835
0 1775370079 896.796509 757.793152
0 1478195160 1080.116455 560.122864
0 1568510655 898.159058 741.239441
0 1478257240 978.767273 586.876465
0 1578521677 951.466980 703.214905
0 1524812272 1104.653320 1032.268188
0 1769859072 968.761597 725.481812
0 1578525683 951.388062 766.378723
0 1770636073 968.005615 696.135071
0 1524833300 1081.355835 1049.404907
0 1568511656 1141.843384 725.487061
0 1438985620 1056.585449 733.263367
0 1478185148 1066.262085 555.918640
0 1707993177 967.315735 669.356628
0 1478189152 965.313477 591.636841
0 2088218948 1038.025513 725.483948
0 1606348170 1069.823730 710.474487
0 1524855329 976.243958 1015.917175
0 1478183145 965.566284 601.451233
0 1438990627 951.448608 717.883301
0 1478222194 964.835449 573.084412
0 1709860179 830.109131 725.477661
0 1478188151 912.725159 564.269958
0 1438988624 1019.902405 717.887634
0 1478243222 874.494751 559.969421
0 1524811271 951.055725 1032.467773
0 1478216186 991.968933 582.205383
0 1524851324 1269.273438 1066.867554
0 1524814275 1050.011475 999.879456
0 1578514668 984.167725 689.216309
0 1478184146 965.069946 582.187866
0 1478176143 912.002625 573.047974
0 1524860336 1024.061279 984.497559
0 1478222193 926.394470 551.688538
0 1438997636 1023.267517 749.404053
0 1478194158 938.164734 582.170349
0 1478201168 963.977295 539.771973
0 1478187150 1040.802734 555.899170
0 1478205172 976.488647 543.695801
0 1568514660 1032.270386 682.460327
0 1524865342 1068.745605 955.136475
0 2085418945 901.872375 696.124634
0 1524808268 1076.859619 1015.793640
0 1478200167 989.867371 555.860229
0 1478194159 951.666260 543.675476
0 1568501643 1001.057983 696.140198
0 1478239216 937.897705 591.620056
0 1524820283 1127.134521 1015.731934
0 1438989625 951.484436 689.210205
0 1568505649 1036.017212 710.471252
0 1478255237 1068.307861 564.383301
0 1524804262 1046.775513 969.572571
0 1568506650 967.652893 682.446350
0 1478217187 1031.567505 577.638855
0 1568505648 934.943726 696.129883
0 1568497640 1067.134399 696.150635
0 1578511665 1049.506592 689.228577
0 1478258241 1015.337891 555.879639
0 1478206173 939.363708 539.751404
0 1524826291 977.110413 1049.547974
0 1578529688 884.558533 703.206482
0 1478233207 1039.268555 547.727234
0 1708834178 1002.200989 710.468079
0 1478189153 925.934570 560.007751
0 1568499641 933.200928 757.789185
0 1478245224 1052.648071 551.787354
0 1524852325 951.012146 1067.328979
0 1478219190 860.817566 564.232178
0 1578525682 917.206604 717.881165
0 1478232206 900.217468 559.988586
0 1524818280 1110.252441 1067.098145
0 1438996635 1016.841797 689.222473
0 1478242220 1014.244629 547.707214
0 1438999639 1026.984741 784.219421
0 1478196161 1016.470276 564.345581
0 1478252234 1018.861755 582.222900
0 1478211179 889.044006 547.606934
0 1578523680 881.272217 733.264038
0 1578530689 1025.078735 766.367859
0 1568508653 1078.703857 757.773193
0 1524810270 1148.841919 999.764954
0 1524835302 1057.196899 1067.175049
0 1478233208 951.635071 568.647095
0 1608354172 935.330688 682.439331
0 1524835303 1072.666138 984.444519
0 1478251232 1056.284302 568.721313
0 1524812273 1026.562744 1015.855408
0 1706512175 970.514404 793.515503
0 1438986622 846.177490 733.264160
0 1478211180 976.912415 551.728027
0 1478223195 1004.925720 577.620972
0 1478244223 977.351440 560.046204
0 1438987623 918.017639 703.210693
0 1478193157 951.645813 560.027039
0 1478198164 1027.408325 551.767578
0 1478236212 924.450989 586.842224
0 1478240217 951.612366 586.859375
0 1478214183 988.585632 539.792480
0 1578521678 1059.179932 749.401428
0 1524848320 1185.507080 1049.261719
0 1478241219 925.457947 568.628479
0 1524799256 1029.244873 1049.476318
0 1478190154 898.297485 577.549500
0 1478226198 938.670166 564.288879
0 1478208176 926.838562 543.655151
0 1478214184 992.722656 591.653503
0 2084722944 934.538635 710.461609
0 1578522679 987.343933 749.406738
0 1774531078 1042.345215 757.777222
0 1525674169 969.593811 757.785156
0 1478197162 951.685364 528.410400
0 1524815276 1002.277588 1032.401245
0 1768901071 862.638428 741.240784
0 1578526684 951.429443 733.263733
0 1478182144 1001.305603 543.716064
0 1478218189 951.600342 596.488892
0 1578513667 985.680664 717.885498
0 1438983618 984.906677 703.219116
0 1478224196 951.623901 577.585205
0 1478247227 987.976929 532.162292
0 1478191155 899.274902 568.609924
0 1478236211 1044.039429 573.139038
0 1478258242 963.590576 524.762024
0 1478212181 924.963745 577.567322
0 1478185147 978.277954 577.603088
0 1568502645 1072.641846 725.484985
0 1568508652 968.374756 710.464844
0 1438984619 983.461548 675.833008
0 1659977623 986.081543 725.482361
0 1478209177 1026.117310 543.736328
0 1438982617 986.492188 733.263611
0 1524805264 1216.290771 1066.944336
0 1771287074 1107.247803 725.486023
0 2087111947 899.456177 725.479797
0 1524817279 924.952332 1049.619629
0 1478230204 964.609314 564.307739
0 1478230203 963.780640 532.141296
0 1578516671 1085.167603 703.231812
0 1568513659 969.167542 741.236755
0 1578529687 1091.616211 733.263245
0 1478253235 938.422119 573.066162
0 1478243221 976.079041 535.934814
0 1568501644 998.922058 669.365234
0 1438998637 1095.081055 749.398804
0 1524816278 1177.387695 1015.670227
0 1705773174 932.708923 775.195618
0 1568507651 1008.825195 793.505310
0 1438999638 882.954285 717.878967
0 1478252233 1005.915771 586.893616
0 1438993630 879.506348 749.414612
0 1478237214 887.929199 555.782288
0 1478248228 977.806335 568.665649
0 1478225197 873.085876 568.591370
0 1478200166 848.766296 559.950134
0 1478250231 1030.130859 568.702759
0 1478245225 901.127197 551.668762
0 1438995633 951.365784 784.236450
0 1524849321 1099.437378 999.822205
0 1568512658 970.042175 775.188721
0 1568514661 1040.132324 741.234070
0 1478231205 1054.433838 560.103760
0 1773608077 933.668762 741.238098
0 1438977615 1051.756958 703.227661
0 1607644171 999.966064 682.453308
0 1568504647 864.787903 725.478760
0 1568500642 1003.398743 725.482910
0 1478256239 990.542786 564.326721
0 1524815277 1206.938232 1032.135254
0 1568503646 1103.620117 710.477722
0 1478220191 914.094971 547.627014
0 1478207174 1002.163208 551.747803
0 1478213182 913.422119 555.801697
0 1524813274 1163.283813 1067.021240
0 1568516663 900.692627 710.458374
0 1578517672 848.691895 717.876892
0 1578527685 1015.412964 675.840820
0 1478240218 1003.971497 568.684143
0 1478215185 886.774292 564.251099
0 1524838307 1237.547363 1049.190308
0 1478197163 1003.051270 560.065369
0 1478221192 1017.644226 573.120911
0 2086284946 1004.655396 741.235352
0 1524824288 1000.564514 999.936768
0 1478226199 964.391235 555.840698
0 1578518673 918.791931 689.204102
0 1438981616 914.525085 766.384155
0 1478238215 885.577148 573.029724
0 1609135173 1075.598389 741.232666
0 1524793249 1133.443115 1049.333252
0 1568515662 1111.053589 741.231323
0 1568516664 1044.672607 775.174927
0 1438991628 1061.906494 766.362427
0 1478249230 911.253174 582.152893
0 1438996634 951.409241 749.409363
0 1578519675 951.501221 675.825195
0 1478255238 875.854370 551.648987
0 1438993631 1126.636353 733.263123
0 1524788244 1155.807007 1032.201782
0 1772785076 866.836609 710.455200
0 1524828293 1004.116638 1067.252075
0 1478203171 902.005554 543.634888
0 1478199165 938.909485 555.821228
0 1578528686 1021.544128 733.263489
0 1478192156 939.140564 547.647034
0 1478228201 1028.745483 560.084595
0 1772037075 1007.363403 775.181885
0 1578515670 1054.114014 717.889832
0 1478218188 927.267700 535.893250
0 1478202169 991.242798 573.102600
0 1478254236 939.579407 532.120300
0 1478246226 862.430542 555.762756
0 1524841310 1094.566528 969.523499
0 1478235210 975.683105 528.431641
0 1578515669 982.785889 663.028931
0 0 1768.597168 745.635254
0 1 474.649872 497.576447
0 2 694.626953 1007.935303
0 3 1577.441406 1002.823914
0 4 1681.243530 843.611267
0 6 414.592377 752.101807
0 7 409.828552 785.810608
0 8 1213.476196 428.096039
0 9 1265.490845 418.283264
0 10 473.929657 755.064087
0 11 1612.659912 581.210266
0 12 1245.867554 427.309723
0 13 354.048767 778.682678
0 14 1658.488770 666.549500
0 16 1521.978516 493.560455
0 17 1466.636108 463.946198
0 19 1642.875854 602.752441
0 21 1322.294800 417.866028
0 22 905.077393 427.086090
0 23 1010.828003 580.158508
0 24 887.487244 523.468018
0 25 799.714661 622.330078
0 26 1070.274414 562.494812
0 27 1089.435181 593.302795
0 28 757.856018 675.820801
0 29 1041.444824 571.204407
0 30 1014.769043 476.133057
0 31 718.707520 655.891907
0 33 1014.709717 547.178833
0 35 856.623596 517.686218
0 37 999.188721 487.310333
0 39 770.471985 448.627441
0 40 885.096069 506.768585
0 43 1612.662231 617.863770
0 46 1066.916260 406.162170
0 53 477.520569 514.174316
0 55 1042.403687 402.147614
0 59 528.803223 505.171936
0 104 1306.886353 565.147949
0 114 716.930664 859.779480
0 132 1586.789307 629.883484
0 138 1405.138794 575.401794
0 146 558.779541 565.993713
0 148 239.435608 771.609192
0 151 610.108826 518.948853
0 153 790.599609 477.865082
0 165 1161.807861 469.048004
