0 1578512666 956.019958 699.959412
0 1524823287 1395.274536 634.743286
0 1478234209 495.178406 641.014832
0 1707269176 848.492920 655.910461
0 1438989626 1045.481445 675.485046
0 1524801259 1308.490234 666.262085
0 1438992629 984.541077 674.900696
0 1478227200 404.342712 675.569336
0 1524854327 1253.793579 648.961609
0 1478249229 347.829773 701.415222
0 1524807266 1408.079590 717.284485
0 1524863340 1443.344604 656.386292
0 1524831297 1428.179443 704.119385
0 1478229202 414.932404 682.035095
0 1568509654 968.627563 668.750854
0 1524790246 1434.395996 661.846863
0 1578523681 893.913269 629.245850
0 1478207175 350.215363 681.439087
0 1524861337 1341.505859 619.326233
0 1478210178 394.802216 651.313599
0 1524862338 1366.018921 703.571777
0 1478186149 415.117249 663.340637
0 1524797254 1447.381226 691.542542
0 1578518674 862.934448 661.826538
0 1438985621 893.628113 639.767029
0 1524857331 1367.826294 634.442322
0 1478203170 373.860382 656.957642
0 1438994632 924.047363 699.677734
0 1578520676 1015.039795 675.193115
0 1478237213 582.774475 671.047729
0 1568511657 908.038757 692.985046
0 1775370079 972.699036 706.792114
0 1478195160 492.993683 624.849792
0 1568510655 940.399658 706.514160
0 1478257240 551.457214 670.747437
0 1578521677 860.964050 686.142395
0 1524794250 1322.553101 628.904419
0 1524812272 1300.413452 654.913330
0 1769859072 908.041321 680.304749
0 1578525683 986.198608 687.295654
0 1770636073 845.920044 679.720703
0 1524846317 1454.314575 667.713745
0 1524833300 1318.905640 660.676758
0 1568511656 908.052612 624.294434
0 1438985620 922.750000 651.021301
0 1478185148 474.178894 629.920593
0 1707993177 783.561157 679.134399
0 1478189152 563.414917 677.064758
0 1524791247 1414.860107 656.092773
0 1524830296 1425.255615 667.424438
0 2088218948 908.046143 656.513855
0 1524827292 1386.177490 639.774780
0 1606348170 878.900940 645.034485
0 1524855329 1306.132324 684.047302
0 1478183145 595.045715 677.362183
0 1438990627 892.363159 686.431580
0 1524840309 1349.811401 629.207520
0 1478222194 499.970062 676.468262
0 1709860179 908.030334 734.608948
0 1478188151 448.086487 702.277893
0 1438988624 893.022034 662.126038
0 1478243222 414.524017 723.340332
0 1524843313 1471.778687 656.679321
0 1524844315 1437.888794 697.759888
0 1524858333 1432.806641 645.504883
0 1524811271 1325.684692 690.421814
0 1524859334 1413.865601 640.073914
0 1478216186 539.743103 664.558777
0 1524851324 1305.097778 623.763062
0 1524814275 1279.165894 665.970154
0 1578514668 831.182861 673.429932
0 1478184146 531.723083 676.766846
0 1524829294 1405.601196 661.555115
0 1478176143 481.370605 702.564270
0 1524860336 1268.195312 671.678955
0 1478222193 403.794098 695.094055
0 1438997636 953.030762 662.723450
0 1478194158 523.346008 689.518250
0 1478201168 372.343475 675.268433
0 1478187150 465.286621 640.701721
0 1478205172 393.971893 669.237183
0 1524838306 1386.648438 690.983215
0 1568514660 818.634583 655.607971
0 1524865342 1231.739746 659.793579
0 2085418945 843.115173 705.677002
0 1524808268 1289.902710 660.382874
0 1478200167 446.362061 663.645996
0 1478194159 382.605560 681.737366
0 1568501643 847.233643 667.564270
0 1478239216 555.750671 689.810303
0 1524820283 1282.274414 649.259949
0 1438989625 829.504272 685.852722
0 1568505649 878.296753 656.212402
0 1478255237 503.463135 630.237000
0 1524804262 1249.787842 665.677673
0 1568506650 814.770386 679.427856
0 1478217187 536.111694 647.036804
0 1568505648 844.548523 692.412842
0 1568497640 849.701233 644.728577
0 1578511665 834.333923 650.110107
0 1478258241 456.022278 651.933838
0 1524796253 1376.607422 678.660522
0 1478206173 360.360779 688.049438
0 1524826291 1336.351807 684.331360
0 1578529688 858.813965 712.673767
0 1478233207 435.340515 640.388062
0 1708834178 877.667114 667.861755
0 1478189153 436.796844 695.384827
0 1568499641 971.282288 693.554932
0 1478245224 454.965454 635.098877
0 1524852325 1356.195435 690.702820
0 1478219190 426.098907 730.882080
0 1578525682 892.011719 699.395447
0 1478232206 425.917511 709.039917
0 1524818280 1329.101562 655.208984
0 1524850322 1397.129272 703.845825
0 1438996635 832.791321 661.526428
0 1524832299 1347.856201 660.970032
0 1478242220 425.440613 651.624023
0 1524789245 1491.830688 662.428833
0 1438999639 1012.818848 663.318604
0 1478196161 486.547333 652.243164
0 1478252234 547.428528 652.859985
0 1524803261 1358.441528 639.475098
0 1478211179 368.995300 715.687134
0 1578523680 924.408508 713.224426
0 1578530689 982.952271 663.021301
0 1568508653 966.187134 645.948853
0 1524826290 1418.245728 710.625916
0 1524847319 1406.374634 678.945984
0 1524810270 1264.478516 643.713562
0 1524835302 1337.761353 666.553467
0 1524821284 1452.107544 651.039001
0 1524799257 1366.979248 666.844299
0 1478233208 479.396973 682.628662
0 1608354172 812.710449 692.125916
0 1524835303 1260.847412 660.088440
0 1478251232 514.135315 635.728516
0 1524812273 1297.848633 671.968811
0 1706512175 1031.576782 681.466125
0 1438986622 924.786499 727.401367
0 1478211180 425.589417 669.540405
0 1524823286 1423.926514 650.743774
0 1478223195 528.265076 658.494812
0 1478244223 457.146545 669.843018
0 1438987623 859.912964 699.112671
0 1478193157 447.196198 682.332153
0 1478198164 445.579071 646.103760
0 1524862339 1367.415649 650.151794
0 1478236212 535.410889 696.253662
0 1478240217 543.610535 683.219971
0 1478214183 383.813232 663.034668
0 1578521678 952.115662 651.323914
0 1524844314 1376.450439 697.206238
0 1524848320 1302.825439 638.874146
0 1524806265 1356.991577 672.546875
0 1524787243 1426.670410 685.180542
0 1478241219 469.733765 695.674988
0 1524799256 1327.447388 672.258118
0 1478190154 493.263641 709.605286
0 1478226198 458.344910 688.932434
0 1478208176 370.725311 694.802673
0 1478214184 570.752808 664.861877
0 2084722944 876.324524 692.699219
0 1578522679 953.984802 674.607666
0 1524825289 1483.320923 668.002502
0 1774531078 967.382263 657.115051
0 1525674169 969.926392 680.886536
0 1478197162 317.761688 681.140198
0 1524815276 1316.906738 678.087952
0 1768901071 941.140625 720.366760
0 1578526684 923.701843 686.720154
0 1478182144 404.856964 657.266235
0 1524853326 1386.826660 710.355530
0 1478218189 575.623657 683.514832
0 1578513667 892.699585 674.019897
0 1438983618 861.970276 673.725220
0 1478224196 511.535065 682.924622
0 1478247227 352.449890 662.728027
0 1524792248 1314.753540 619.020508
0 1524795252 1463.139038 662.138123
0 1524808267 1339.085327 649.855042
0 1478191155 459.624939 709.322937
0 1524856330 1456.663818 685.462463
0 1478236211 525.016052 641.327454
0 1478258242 308.158905 674.665039
0 1478212181 502.605042 695.964600
0 1478185147 520.080322 670.446594
0 1568502645 908.048401 645.339783
0 1568508652 877.010254 680.013000
0 1438984619 800.337280 673.134155
0 1659977623 908.042542 674.167053
0 1478209177 415.290771 645.791687
0 1438982617 923.371094 674.314026
0 1524805264 1312.788940 633.838867
0 1771287074 908.050598 634.608582
0 2087111947 908.036011 706.235657
0 1524817279 1345.642822 696.928589
0 1524795251 1396.620728 684.898010
0 1478230204 468.155823 676.169189
0 1478230203 340.282318 674.967041
0 1524847318 1376.893188 644.909851
0 1578516671 864.747009 639.459717
0 1568513659 939.013306 680.595886
0 1578529687 922.458130 640.073853
0 1524819282 1366.514526 684.614929
0 1478253235 490.877502 689.225647
0 1524836304 1376.754639 661.262878
0 1478243221 362.293823 668.933411
0 1568501644 786.195862 666.967651
0 1438998637 951.237061 640.380127
0 1524816278 1274.944946 638.572937
0 1705773174 1002.812012 693.839111
0 1524845316 1474.627319 673.696716
0 1524842312 1465.743652 679.515320
0 1568507651 1028.986206 669.340820
0 1438999638 891.644287 712.949402
0 1478252233 558.973206 658.800537
0 1438993630 957.106934 713.498901
0 1478237214 403.207642 715.966980
0 1524857332 1359.103638 624.372009
0 1478248228 488.643433 670.145081
0 1478225197 449.038940 723.614990
0 1524859335 1415.917358 673.122803
0 1524832298 1386.481445 672.835144
0 1478200166 402.579193 738.332825
0 1478250231 505.989349 646.726318
0 1478245225 392.141144 708.756409
0 1438995633 1017.357117 687.582581
0 1524804263 1348.863159 644.611572
0 1524839308 1396.143921 667.134644
0 1524849321 1271.673828 654.617126
0 1568512658 1000.780762 681.176575
0 1568514661 937.741211 656.814758
0 1478231205 484.576965 635.414001
0 1773608077 939.691284 693.270264
0 1438977615 863.859253 650.414429
0 1524834301 1340.331177 634.140808
0 1607644171 816.743286 667.266296
0 1524800258 1445.299316 673.410034
0 1568504647 908.033264 720.095947
0 1568500642 908.043762 668.158691
0 1478256239 477.547882 663.950806
0 1524815277 1285.199463 633.536316
0 1568503646 879.481140 634.299927
0 1478220191 381.316315 701.703369
0 1478207174 435.795654 657.574280
0 1524841311 1377.023682 629.510254
0 1478213182 414.735107 701.990906
0 1524813274 1320.784180 644.312805
0 1568516663 875.607971 705.956604
0 1578517672 891.259766 727.134521
0 1578527685 802.592346 661.225769
0 1478240218 497.499512 658.188538
0 1478215185 437.349274 716.246216
0 1524838307 1295.248413 628.600708
0 1478197163 466.676392 657.881653
0 1478221192 517.016113 652.551880
0 1524819281 1436.086670 679.230896
0 2086284946 938.363831 668.455078
0 1524824288 1286.973022 677.800964
0 1524802260 1324.221436 614.370300
0 1478226199 436.280121 675.869568
0 1578518673 827.750854 698.829285
0 1438981616 987.929871 700.240601
0 1478238215 471.420471 716.524902
0 1609135173 937.143738 645.644592
0 1524837305 1332.123413 624.067810
0 1524793249 1310.704956 649.557800
0 1568515662 936.569885 634.916748
0 1568516664 996.969238 657.414856
0 1438991628 981.428284 651.626038
0 1478249230 514.587708 702.850159
0 1438996634 954.980286 687.008118
0 1578519675 797.983765 685.562439
0 1524829295 1404.874268 645.207642
0 1524864341 1330.657593 639.174866
0 1478255238 379.936890 723.065063
0 1438993631 922.177612 629.555786
0 1524788244 1292.656006 644.013428
0 1772785076 874.858337 719.824585
0 1524828293 1346.784912 678.374512
0 1478203171 358.295593 708.472290
0 1524798255 1417.043579 691.263123
0 1478199165 425.748047 688.638733
0 1578528686 923.054077 662.424988
0 1478192156 393.086700 688.344421
0 1478228201 475.811859 646.415344
0 1772037075 998.834961 669.046143
0 1578515670 893.331238 650.718140
0 1524851323 1357.738770 655.504028
0 1478218188 337.590363 694.510742
0 1478202169 508.674835 664.255127
0 1478254236 327.569977 687.753967
0 1478246226 391.128632 730.611633
0 1524809269 1395.696045 650.448059
0 1524822285 1407.199097 697.483398
0 1524841310 1242.882935 654.320435
0 1478235210 330.554962 668.629028
0 1578515669 769.433350 672.837769
0 1524854328 1386.324829 655.798706
0 0 441.611115 644.080322
0 1 1015.025146 789.414429
0 2 991.430603 533.968201
0 3 493.841980 625.474304
0 4 877.135010 499.760834
0 5 451.019073 849.649719
0 6 888.102356 525.236511
0 7 685.699341 548.455322
0 8 611.061218 620.339783
0 9 1305.719482 594.202148
0 10 735.648193 537.171631
0 11 967.129578 884.086182
0 12 985.595764 508.428070
0 13 1288.507690 753.880005
0 14 1027.204712 524.531860
0 15 757.606506 512.426270
0 16 379.135895 658.665222
0 17 1228.855713 579.066650
0 18 1043.858887 898.382812
0 19 1170.944336 662.073059
0 20 1370.833252 619.797058
0 21 1260.957031 603.291992
0 22 1427.580811 663.950073
0 23 896.936584 508.406006
0 24 686.899780 1003.633728
0 25 1042.994385 727.515442
0 26 1130.002441 694.816162
0 27 745.516846 1050.566284
0 28 1387.891479 676.578003
0 29 1222.925659 678.622437
0 30 874.696777 515.783630
0 31 368.045013 734.193115
0 32 932.962952 511.865601
0 33 906.080017 779.781982
0 34 804.981689 500.152344
0 35 399.309509 775.665894
0 36 1038.333374 549.361511
0 37 935.528870 524.044495
0 38 1435.443726 643.426147
0 39 848.140808 526.585999
