0 1578512666 1017.812927 591.151489
0 1524823287 1829.134766 724.602173
0 1478234209 775.676147 387.066345
0 1707269176 1012.712769 496.650116
0 1438989626 1166.441772 595.915405
0 1524801259 1555.588379 719.848572
0 1438992629 1102.280640 569.889648
0 1478227200 668.379578 404.049408
0 1524854327 1518.914795 659.435120
0 1478249229 601.020935 417.944458
0 1524807266 1562.878784 873.899109
0 1524863340 1852.598022 799.069336
0 1524831297 1646.010498 868.803406
0 1478229202 664.236755 412.808533
0 1568509654 1099.986816 555.526245
0 1524790246 1812.352173 801.621216
0 1578523681 1113.096802 477.055481
0 1478207175 631.336609 398.885773
0 1524861337 1773.587646 662.024963
0 1478210178 700.228027 377.472870
0 1524862338 1533.947510 819.273621
0 1478186149 692.999634 393.836426
0 1524797254 1729.659790 863.675964
0 1578518674 1013.369202 508.812775
0 1438985621 1089.639526 490.729248
0 1524857331 1773.173584 705.255432
0 1478203170 680.166565 379.127838
0 1438994632 988.703369 578.285583
0 1578520676 1133.735107 582.648621
0 1478237213 781.112854 439.614349
0 1568511657 988.425293 563.834839
0 1775370079 1018.650391 606.668152
0 1478195160 801.003540 369.159424
0 1568510655 988.991577 593.265564
0 1478257240 761.628784 431.710999
0 1578521677 961.101013 538.435974
0 1524794250 1703.717651 666.822876
0 1524812272 1578.041992 696.438171
0 1769859072 1015.475220 547.836426
0 1578525683 1075.646362 586.909424
0 1770636073 961.299683 525.393799
0 1524846317 1833.677856 828.083069
0 1524833300 1591.608643 717.432678
0 1568511656 1138.473389 475.090851
0 1438985620 1093.569336 515.338623
0 1478185148 780.785767 370.827301
0 1707993177 910.841064 504.490936
0 1478189152 758.575806 441.413879
0 1524791247 1792.057739 776.438843
0 1524830296 1772.225708 804.165405
0 2088218948 1067.008545 517.357727
0 1524827292 1791.653931 727.083923
0 1606348170 1063.947144 492.706726
0 1524855329 1495.506714 746.693176
0 1478183145 778.298279 449.584076
0 1438990627 988.156921 549.885559
0 1524840309 1755.508911 684.390625
0 1478222194 720.889099 425.801880
0 1709860179 901.604187 615.183960
0 1478188151 651.103516 440.576416
0 1438988624 1040.501465 519.372864
0 1478243222 601.903748 453.923767
0 1524843313 1916.409424 822.922485
0 1524844315 1687.770020 866.243652
0 1524858333 1870.655762 771.378235
0 1524811271 1507.721191 769.755615
0 1524859334 1849.403809 747.436584
0 1478216186 764.596069 422.280579
0 1524851324 1688.288086 647.677124
0 1524814275 1507.707397 701.212891
0 1578514668 961.491821 512.781494
0 1478184146 739.448242 433.490143
0 1524829294 1752.929443 778.958191
0 1478176143 668.816895 448.580933
0 1524860336 1472.678345 703.590881
0 1478222193 638.586182 423.540192
0 1438997636 1097.773193 541.663452
0 1478194158 713.618591 445.003601
0 1478201168 651.858337 397.205322
0 1478187150 757.815430 380.521088
0 1478205172 672.412598 395.522217
0 1524838306 1612.904663 814.267273
0 1568514660 986.943481 486.822083
0 1524865342 1451.761230 664.096924
0 2085418945 906.542236 556.007324
0 1524808268 1542.828491 698.828674
0 1478200167 710.133728 400.643524
0 1478194159 647.552917 405.748199
0 1568501643 987.404846 510.799103
0 1478239216 732.608521 453.215149
0 1524820283 1565.057495 676.344604
0 1438989625 935.005249 527.392761
0 1568505649 1039.385010 506.822540
0 1478255237 798.745728 377.156830
0 1524804262 1461.996216 683.421814
0 1568506650 935.630066 514.760010
0 1478217187 791.601990 402.460876
0 1568505648 934.359131 540.455627
0 1568497640 1037.259399 482.926697
0 1578511665 1012.077393 484.876251
0 1478258241 734.272034 390.456787
0 1524796253 1636.222046 786.472473
0 1478206173 626.759705 407.444305
0 1524826291 1545.259277 767.303650
0 1578529688 905.372925 570.020081
0 1478233207 740.444397 374.155243
0 1708834178 1014.047607 521.383911
0 1478189153 655.603699 431.061646
0 1568499641 1046.697754 589.032776
0 1478245224 760.599426 372.492554
0 1524852325 1558.976807 791.445984
0 1478219190 596.497925 464.032257
0 1578525682 960.682495 565.900940
0 1478232206 629.111328 442.340454
0 1524818280 1627.725830 715.010376
0 1524850322 1588.483643 843.377625
0 1438996635 987.170471 498.616028
0 1524832299 1642.763916 736.942688
0 1478242220 717.013916 383.874786
0 1438999639 1159.439331 565.664368
0 1478196161 752.022766 397.226654
0 1478252234 789.088745 411.363068
0 1524803261 1736.663940 707.704041
0 1478211179 590.646240 436.294983
0 1578523680 960.233459 595.374939
0 1578530689 1128.025879 553.438049
0 1568508653 1149.837036 524.182129
0 1524826290 1604.380127 871.355225
0 1524847319 1692.329346 809.231323
0 1524810270 1552.618652 657.095337
0 1524835302 1605.797485 739.390320
0 1524821284 1892.964111 796.509949
0 1524799257 1658.509033 759.906006
0 1478233208 699.090698 427.558075
0 1608354172 908.763550 529.387634
0 1524835303 1496.261841 681.068848
0 1478251232 796.427795 385.367065
0 1524812273 1519.664795 722.257935
0 1706512175 1136.750488 598.075684
0 1438986622 930.767700 613.062134
0 1478211180 689.239807 402.347839
0 1524823286 1831.299561 773.912292
0 1478223195 767.481140 413.111328
0 1478244223 706.553040 409.370605
0 1438987623 933.690552 553.970947
0 1478193157 681.408813 420.075409
0 1478198164 737.398621 382.199249
0 1524862339 1717.003052 732.026917
0 1478236212 709.823792 455.025909
0 1478240217 736.077759 443.210297
0 1478214183 676.340271 387.217926
0 1578521678 1122.708252 526.230957
0 1524844314 1573.367798 816.774170
0 1524848320 1634.208496 671.596069
0 1524806265 1620.652710 762.378845
0 1524787243 1710.522583 835.765198
0 1478241219 673.133301 438.809387
0 1524799256 1568.932861 741.831299
0 1478190154 664.374268 458.637909
0 1478226198 677.328918 429.311310
0 1478208176 622.058533 416.235291
0 1478214184 783.847290 429.928802
0 2084722944 960.895386 551.930359
0 1578522679 1072.007568 557.609985
0 1524825289 1898.531616 853.324585
0 1774531078 1125.320679 539.597168
0 1525674169 1073.794067 571.995483
0 1478197162 615.568542 392.213013
0 1524815276 1532.169312 744.265564
0 1768901071 959.996399 610.935608
0 1578526684 1016.226868 561.764282
0 1478182144 696.661072 385.547668
0 1524853326 1548.049561 845.899780
0 1478218189 755.433289 451.401215
0 1578513667 1014.749207 534.384338
0 1438983618 987.647095 523.390869
0 1478224196 717.305542 435.266266
0 1478247227 660.136108 380.780273
0 1524792248 1722.420532 645.307617
0 1524795252 1874.980469 825.506714
0 1524808267 1663.940552 712.581543
0 1478191155 646.473938 450.364960
0 1524856330 1771.680176 861.100220
0 1478236211 794.047363 393.798706
0 1478258242 620.168091 384.077423
0 1478212181 691.198364 446.793793
0 1478185147 742.724182 424.042725
0 1568502645 1091.571899 502.830109
0 1568508652 987.897705 536.412231
0 1438984619 936.234741 502.536438
0 1659977623 1028.671631 540.031677
0 1478209177 720.320618 375.815338
0 1438982617 1042.850586 545.783081
0 1524805264 1668.918213 669.212524
0 1771287074 1115.382080 488.747864
0 2087111947 960.461975 580.373291
0 1524817279 1520.520508 793.921997
0 1524795251 1652.558350 811.752991
0 1478230204 702.873413 418.338745
0 1478230203 635.794006 390.550598
0 1524847318 1754.276855 729.558899
0 1578516671 1062.489990 480.973389
0 1568513659 1044.087646 559.689331
0 1578529687 1117.743164 500.827972
0 1524819282 1597.543701 788.962830
0 1478253235 695.200623 437.039307
0 1524836304 1696.472168 757.426208
0 1478243221 656.051270 388.885559
0 1568501644 936.820068 490.702576
0 1438998637 1146.852295 511.287994
0 1524816278 1586.407471 654.749756
0 1705773174 1077.567749 602.381592
0 1524845316 1856.115479 855.924622
0 1524842312 1813.831909 858.516418
0 1568507651 1162.876099 580.511169
0 1438999638 932.281555 582.456421
0 1478252233 786.504822 420.515503
0 1438993630 989.290588 608.804260
0 1478237214 607.156372 444.101532
0 1524857332 1791.284912 681.961853
0 1478248228 724.373596 416.599152
0 1478225197 619.083740 462.237274
0 1524859335 1732.218384 806.702148
0 1524832298 1675.012085 783.974976
0 1478200166 573.951599 465.824066
0 1478250231 773.018066 395.514069
0 1478245225 612.262451 434.553467
0 1438995633 1107.125854 600.231018
0 1524804263 1700.253174 710.146057
0 1524839308 1713.914307 781.470215
0 1524849321 1530.615356 678.709778
0 1568512658 1104.658691 584.781433
0 1568514661 1095.635254 528.275574
0 1478231205 778.264465 378.840302
0 1773608077 1017.005676 576.193420
0 1438977615 1038.304932 494.680328
0 1524834301 1719.827759 686.812805
0 1607644171 961.677795 500.578156
0 1524800258 1792.501099 830.651550
0 1568504647 931.538513 597.479736
0 1568500642 1041.655884 532.352234
0 1478256239 727.763062 407.647400
0 1524815277 1620.281860 652.398132
0 1568503646 1087.769043 479.016327
0 1478220191 617.227905 425.268250
0 1478207174 713.619385 392.147919
0 1524841311 1809.782104 702.800110
0 1478213182 633.914917 432.809021
0 1524813274 1648.747681 691.638184
0 1568516663 932.998474 567.962646
0 1578517672 902.906311 599.579956
0 1578527685 961.857849 488.764160
0 1478240218 749.007874 405.921417
0 1478215185 624.169617 452.145905
0 1524838307 1654.241821 650.040588
0 1478197163 731.061340 398.936493
0 1478221192 770.287415 404.192535
0 1524819281 1751.449463 833.212280
0 2086284946 1070.283203 543.725403
0 1524824288 1483.837646 724.660767
0 1524802260 1756.639648 642.932068
0 1478226199 685.377625 411.090973
0 1578518673 907.671753 542.471130
0 1438981616 1048.076050 604.527283
0 1478238215 641.709167 460.439178
0 1609135173 1120.183838 513.315308
0 1524837305 1738.607422 664.427063
0 1524793249 1613.348267 694.041321
0 1568515662 1143.966675 498.821838
0 1568516664 1156.124756 551.345398
0 1438991628 1152.926025 537.526550
0 1478249230 687.079102 456.833496
0 1438996634 1045.369141 574.096741
0 1578519675 909.819397 516.734558
0 1524829295 1811.008179 749.944580
0 1524864341 1684.240723 689.228699
0 1478255238 585.238770 445.859589
0 1438993631 1141.175171 486.762634
0 1524788244 1599.588379 673.973389
0 1772785076 904.161682 584.535095
0 1524828293 1582.903076 764.844727
0 1478203171 595.904968 426.993530
0 1524798255 1669.719604 838.310364
0 1478199165 659.979797 421.809235
0 1578528686 1068.617798 530.316040
0 1478192156 643.130493 414.523315
0 1478228201 754.957581 388.762939
0 1772037075 1130.828979 567.779358
0 1578515670 1065.452515 504.828308
0 1524851323 1679.832397 734.488220
0 1478218188 605.999939 409.137665
0 1478202169 745.909485 414.856689
0 1478254236 610.847473 400.563568
0 1478246226 579.676147 455.698608
0 1524809269 1772.721313 752.445557
0 1524822285 1629.040161 840.847778
0 1524841310 1485.295776 661.768982
0 1478235210 640.136658 382.430115
0 1578515669 911.830200 492.637238
0 1524854328 1734.542725 754.939392
0 0 1483.405762 804.137878
0 1 1425.103394 377.217346
0 2 788.365601 672.470642
0 3 1383.708252 821.221802
0 4 1312.300781 651.538330
0 5 1540.459106 467.617859
0 6 737.726990 880.704407
0 7 1369.673340 392.857574
0 8 1321.520630 332.766632
0 9 546.593750 427.073914
0 10 1396.748169 421.121735
0 11 1494.217773 385.197510
0 12 342.495789 705.341064
0 13 1255.976807 325.135040
0 14 273.831787 756.372437
0 15 710.864075 687.738831
0 16 1673.280640 857.187378
0 17 447.056335 514.529297
0 18 1268.607178 341.901031
0 19 792.357849 581.057739
0 20 1626.470825 789.235840
0 21 957.059143 308.066833
0 22 1688.527100 727.454102
0 23 646.225464 838.088501
0 24 1408.026733 318.126343
0 25 833.067749 378.671295
0 26 804.785522 415.718842
0 27 1355.060547 318.193359
0 28 778.955811 369.872589
0 29 1138.156494 294.825134
0 30 867.049011 656.275574
0 31 1778.514404 716.780518
0 32 722.783508 472.884003
0 33 929.572205 325.776947
0 34 715.992920 583.248596
0 35 1699.104126 630.730957
0 36 654.843811 603.705872
0 37 741.822693 434.170197
0 38 698.625732 375.304016
0 39 710.899719 551.132690
