0 1578512666 964.680664 436.629456
0 1707269176 962.582458 653.059937
0 1438989626 775.200134 407.874756
0 1438992629 846.210571 462.494659
0 1568509654 843.623413 490.897552
0 1578523681 780.177368 687.172363
0 1578518674 962.920288 618.205933
0 1438985621 829.005310 651.380676
0 1438994632 1003.814392 464.488586
0 1578520676 810.037781 434.671204
0 1568511657 1004.309204 492.928558
0 1775370079 964.936157 410.279510
0 1568510655 1003.338196 437.118988
0 1578521677 1047.161987 553.808289
0 1769859072 963.853210 521.985596
0 1578525683 887.361755 435.650330
0 1770636073 1048.588013 585.875366
0 1568511656 734.659912 686.600830
0 1438985620 835.216919 583.186829
0 1707993177 1140.661865 655.298645
0 2088218948 877.894226 583.724548
0 1606348170 873.532654 651.940491
0 1438990627 1004.823730 522.502930
0 1709860179 1116.703003 412.203064
0 1438988624 920.570007 584.262329
0 1578514668 1050.074463 619.302917
0 1438997636 840.933044 520.433472
0 1568514660 1007.738220 690.029602
0 2085418945 1127.726807 524.054810
0 1568501643 1006.498291 618.754395
0 1438989625 1091.257568 586.413025
0 1568505649 919.340881 617.657410
0 1568506650 1093.649170 619.851318
0 1568505648 1088.963257 554.335571
0 1568497640 916.719116 688.886780
0 1578511665 962.229553 689.458252
0 1578529688 1124.809082 494.451599
0 1708834178 963.244141 584.799927
0 1568499641 926.021851 436.139893
0 1578525682 1044.477173 493.436249
0 1438996635 1007.104797 653.619690
0 1438999639 767.400818 461.497589
0 1578523680 1041.994507 437.608459
0 1578530689 803.448547 490.389771
0 1568508653 754.511292 550.116821
0 1608354172 1133.925537 586.950623
0 1706512175 813.149780 408.355774
0 1438986622 1078.763184 411.722198
0 1438987623 1086.760498 523.537537
0 1578521678 796.322998 550.644226
0 2084722944 1045.792847 523.020203
0 1578522679 883.796936 491.405334
0 1774531078 799.956848 519.916077
0 1525674169 885.613525 462.993164
0 1768901071 1040.822021 411.241333
0 1578526684 964.139771 492.420837
0 1578513667 963.554871 552.753662
0 1438983618 1005.916870 585.337646
0 1568502645 832.177063 616.560364
0 1568508652 1005.359131 553.281006
0 1438984619 1096.144409 654.739014
0 1659977623 943.013367 536.953491
0 1438982617 922.881226 521.468262
0 1771287074 784.476257 650.820923
0 2087111947 1043.212036 464.987030
0 1578516671 871.206970 688.315369
0 1568513659 923.968994 491.913086
0 1578529687 788.592651 616.011841
0 1568501644 1098.750244 691.172363
0 1438998637 749.857727 582.111206
0 1705773174 889.045349 409.317657
0 1568507651 771.373840 434.181610
0 1438999638 1082.608398 465.485443
0 1438993630 1002.879639 410.760406
0 1438995633 851.098206 408.836700
0 1568512658 848.700378 435.160797
0 1568514661 838.133179 551.171631
0 2079485312 943.013367 536.898132
0 1773608077 964.415466 463.990112
0 1438977615 918.058350 652.500244
0 1607644171 1051.625366 654.179321
0 1568504647 1080.649536 438.097961
0 1568500642 921.749146 552.226318
0 1568503646 825.693054 687.743835
0 1568516663 1084.643921 493.943939
0 1578517672 1119.303345 438.587463
0 1578527685 1053.245117 690.601013
0 2086284946 881.907837 520.950867
0 1578518673 1130.763184 554.862793
0 1438981616 926.991394 409.798584
0 1609135173 792.538147 582.649048
0 1568515662 745.006775 615.463257
0 1568516664 763.272339 489.881958
0 1438991628 758.979187 519.398682
0 1438996634 925.015137 463.491638
0 1578519675 1137.222290 620.399780
0 1438993631 739.945496 650.261047
0 1772785076 1122.003418 465.983856
0 1578528686 879.941895 551.698975
0 1772037075 806.806335 461.996124
0 1578515670 875.759766 617.108948
0 1578515669 1144.253662 691.743713
0 0 1033.993042 324.946472
0 1 556.473999 317.262451
0 2 557.675903 377.244385
0 3 725.265625 401.301636
0 4 721.480347 605.733948
0 5 1457.262207 780.790527
0 6 537.483704 694.672852
0 7 665.392761 692.306274
0 8 1567.526367 857.634521
0 9 570.379395 848.217102
