0 1578512666 1011.529419 447.358734
0 1524823287 826.563477 323.989227
0 1478234209 904.659180 707.920105
0 1707269176 913.569458 496.955505
0 1438989626 943.907227 420.566742
0 1524801259 900.728638 346.555511
0 1438992629 948.997009 440.978271
0 1478227200 1048.215576 745.160767
0 1524854327 865.417053 360.260101
0 1478249229 1149.254761 763.195435
0 1524807266 991.891113 326.176666
0 1524863340 871.648804 314.582520
0 1524831297 966.132690 321.171844
0 1478229202 1067.172363 730.480652
0 1568509654 935.461609 447.428680
0 1524790246 883.461853 316.958954
0 1578523681 831.655945 484.220490
0 1478207175 1083.293457 783.437256
0 1524861337 791.455566 336.328674
0 1478210178 960.967346 780.320129
0 1524862338 970.948669 334.558685
0 1478186149 1002.446228 749.259277
0 1524797254 941.088196 316.305786
0 1578518674 928.518494 489.386841
0 1438985621 863.248535 481.842560
0 1524857331 826.772583 330.568237
0 1478203170 987.440186 792.225586
0 1438994632 1015.531738 458.483948
0 1578520676 946.403564 430.577972
0 1478237213 994.982971 625.395325
0 1568511657 1002.218079 465.368988
0 1775370079 1024.344482 440.870483
0 1478195160 839.327942 725.616211
0 1568510655 1028.559326 451.746796
0 1478257240 999.842285 644.882629
0 1578521677 992.304016 484.545135
0 1524794250 815.119446 341.638336
0 1524812272 876.359985 348.224701
0 1769859072 971.393188 467.679596
0 1578525683 978.383667 438.818207
0 1770636073 978.135559 492.033295
0 1524846317 894.214661 313.075958
0 1524833300 887.950317 343.793213
0 1568511656 815.791748 479.343445
0 1438985620 893.080750 467.625732
0 1478185148 862.323730 735.957886
0 1707993177 985.477417 518.551697
0 1478189152 1017.259399 633.347656
0 1524791247 872.534241 320.905090
0 1524830296 895.438965 319.368408
0 2088218948 909.449280 472.322876
0 1524827292 838.267700 326.473511
0 1606348170 879.698303 486.782928
0 1524855329 938.169861 347.678009
0 1478183145 1012.020630 614.425293
0 1438990627 988.608887 472.406860
0 1524840309 815.085754 334.731323
0 1478222194 1028.610107 674.345886
0 1709860179 1094.110962 458.480713
0 1478188151 1120.556152 689.139954
0 1438988624 926.129761 477.109589
0 1478243222 1189.739990 694.920532
0 1524843313 870.789368 308.445129
0 1524844315 953.523010 318.721863
0 1524858333 849.030884 316.092590
0 1524811271 949.284363 343.229553
0 1524859334 837.887939 320.009003
0 1478216186 981.916809 656.754211
0 1524851324 803.047974 345.997528
0 1524814275 902.158752 353.905914
0 1578514668 963.638550 499.695099
0 1478184146 1022.781372 653.292786
0 1524829294 884.532837 323.361877
0 1478176143 1112.048218 667.185730
0 1524860336 915.351074 356.811005
0 1478222193 1111.953003 726.500610
0 1438997636 921.636841 454.017059
0 1478194158 1063.474854 649.845886
0 1478201168 1055.567627 771.716187
0 1478187150 907.375305 731.983032
0 1478205172 1028.629639 760.328247
0 1524838306 945.059265 329.350525
0 1568514660 915.764404 510.077759
0 1524865342 891.710449 366.272919
0 2085418945 1042.276611 487.143463
0 1524808268 889.163208 351.044128
0 1478200167 996.860046 724.087891
0 1478194159 1074.985229 756.145203
0 1568501643 945.905884 494.490295
0 1478239216 1056.895508 630.031921
0 1524820283 864.567505 352.733490
0 1438989625 996.157959 497.205048
0 1568505649 911.466309 484.381775
0 1478255237 860.900146 711.726562
0 1524804262 903.636230 361.499756
0 1568506650 981.726746 505.004242
0 1478217187 921.775391 672.531189
0 1568505648 1010.259033 489.584351
0 1568497640 881.125732 499.428864
0 1578511665 898.272583 504.700287
0 1478258241 952.220276 728.026428
0 1524796253 921.558777 330.943176
0 1478206173 1102.524658 767.445496
0 1524826291 936.182129 340.498413
0 1578529688 1055.674316 479.734924
0 1478233207 910.257141 757.514709
0 1708834178 943.131409 481.988403
0 1478189153 1103.315552 702.491272
0 1568499641 994.807007 443.049896
0 1478245224 885.957825 746.586731
0 1524852325 947.138611 336.180847
0 1478219190 1205.586182 681.743530
0 1578525682 1019.698792 470.066772
0 1478232206 1146.624390 698.697449
0 1524818280 875.358215 341.071136
0 1524850322 968.503296 327.761688
0 1438996635 931.010254 502.193512
0 1524832299 886.775513 336.769409
0 1478242220 956.460632 753.377258
0 1524789245 881.413208 304.711151
0 1438999639 917.486938 432.687805
0 1478196161 948.223267 704.130676
0 1478252234 940.880127 660.230225
0 1524803261 838.659180 333.137817
0 1478211179 1184.240967 732.979980
0 1578523680 1045.905518 456.216339
0 1578530689 919.521484 443.144867
0 1568508653 875.753479 451.834229
0 1524826290 978.920776 323.656555
0 1524847319 919.899536 324.289154
0 1524810270 852.567383 357.321655
0 1524835302 899.343628 339.437042
0 1524821284 859.996582 312.238464
0 1524799257 898.001648 332.539703
0 1478233208 1052.865601 683.484253
0 1608354172 1014.541138 502.480316
0 1524835303 890.415894 358.533356
0 1478251232 881.812622 698.261780
0 1524812273 913.697266 349.358948
0 1706512175 959.434692 424.486176
0 1438986622 1076.184448 453.955780
0 1478211180 1022.183960 734.479126
0 1524823286 860.701416 318.482208
0 1478223195 963.460449 668.977478
0 1478244223 1016.112305 710.130127
0 1438987623 1024.040771 482.136139
0 1478193157 1059.811768 706.302063
0 1478198164 931.578125 742.532043
0 1524862339 862.176208 331.548126
0 1478236212 1080.158203 638.122192
0 1478240217 1040.083252 641.495361
0 1478214183 1008.382507 776.007690
0 1578521678 891.487732 456.250183
0 1524844314 957.910828 331.935852
0 1524848320 839.479675 347.104279
0 1524806265 910.544800 335.154297
0 1524787243 930.580383 320.264893
0 1478241219 1095.162964 679.830078
0 1524799256 912.096008 342.143768
0 1478190154 1128.437744 654.912842
0 1478226198 1077.758911 692.862793
0 1478208176 1121.120239 751.982056
0 1478214184 977.461182 636.677002
0 2084722944 1006.154907 477.224823
0 1578522679 951.693176 451.790771
0 1524825289 893.026184 306.967529
0 1774531078 905.653137 449.628113
0 1525674169 965.179504 445.235962
0 1478197162 1092.145996 812.516541
0 1524815276 925.036682 344.890472
0 1768901071 1058.587158 449.513916
0 1578526684 985.062927 460.758636
0 1478182144 982.051880 764.531372
0 1524853326 981.507812 330.332458
0 1478218189 1034.189575 622.135193
0 1578513667 957.419373 474.754425
0 1438983618 960.463501 486.962036
0 1478224196 1046.299561 661.915222
0 1478247227 1014.702637 804.486084
0 1524792248 791.117432 343.269257
0 1524795252 882.422363 310.744812
0 1524808267 862.948242 338.388458
0 1478191155 1137.276367 676.191772
0 1524856330 928.824585 313.923035
0 1478236211 902.094971 685.202698
0 1478258242 1071.742188 830.138000
0 1478212181 1087.455566 658.406616
0 1478185147 1004.968201 665.438782
0 1568502645 878.329468 474.655640
0 1568508652 974.694092 479.602753
0 1438984619 966.953308 512.988281
0 1659977623 955.943970 468.837646
0 1478209177 935.250305 768.754578
0 1438982617 954.498352 463.040497
0 1524805264 827.210571 344.351379
0 1771287074 847.110474 476.995789
0 2087111947 1032.945801 463.065613
0 1524817279 960.209106 338.857086
0 1524795251 932.390137 326.801880
0 1478230204 1034.771851 696.602112
0 1478230203 1063.394043 799.984924
0 1524847318 850.137390 328.992889
0 1578516671 864.313782 494.260406
0 1568513659 968.224182 456.233368
0 1578529687 862.226685 469.929199
0 1524819282 934.256531 333.543121
0 1478253235 1070.418945 670.758118
0 1524836304 885.636841 329.962280
0 1478243221 1035.485107 787.820557
0 1568501644 951.825562 521.163879
0 1438998637 861.245422 458.490204
0 1524816278 839.909851 354.427155
0 1705773174 991.314819 432.533203
0 1524845316 904.796936 309.254547
0 1524842312 916.728638 311.572845
0 1568507651 930.831543 426.565582
0 1438999638 1050.689575 467.734131
0 1478252233 959.434265 648.283936
0 1438993630 1041.310059 445.152893
0 1478237214 1173.395142 708.512390
0 1524857332 803.351929 332.147430
0 1478248228 1010.383057 687.154358
0 1478225197 1179.207031 672.569336
0 1524859335 907.583740 321.811554
0 1524832298 909.041443 328.380188
0 1478200166 1232.663696 691.160522
0 1478250231 924.857849 694.543030
0 1478245225 1156.527466 722.538879
0 1438995633 975.234863 428.474365
0 1524804263 850.716553 335.744293
0 1524839308 896.700745 325.853333
0 1524849321 877.394470 355.611603
0 1568512658 962.251831 434.661530
0 1568514661 907.513123 460.747833
0 1478231205 883.824646 721.718323
0 1773608077 998.438538 453.986603
0 1438977615 896.468811 491.819641
0 1524834301 826.988159 337.352386
0 1607644171 948.801270 507.536682
0 1524800258 906.169495 315.439240
0 1568504647 1063.576538 460.769562
0 1568500642 940.470337 469.997559
0 1478256239 991.593689 700.358032
0 1524815277 827.440247 351.575592
0 1568503646 847.826904 489.191925
0 1478220191 1139.111450 737.021301
0 1478207174 976.986328 738.496216
0 1524841311 815.053040 328.034851
0 1478213182 1129.562134 712.379761
0 1524813274 851.313965 342.709229
0 1568516663 1037.514282 474.854553
0 1578517672 1081.581787 465.408936
0 1578527685 933.611755 515.564514
0 1478240218 967.714233 690.840576
0 1478215185 1163.164917 685.433655
0 1524838307 815.154236 348.766022
0 1478197163 972.215515 713.975403
0 1478221192 944.449280 681.568115
0 1524819281 918.290222 317.835327
0 2086284946 937.915833 458.487091
0 1524824288 926.860474 352.204468
0 1524802260 779.358765 340.580322
0 1478226199 1041.296143 720.167297
0 1578518673 1028.569214 494.723236
0 1438981616 1007.682129 436.664612
0 1478238215 1153.499268 663.628723
0 1609135173 877.015564 463.015625
0 1524837305 803.202332 338.964417
0 1524793249 863.744995 345.446716
0 1568515662 846.422791 465.290558
0 1568516664 903.864868 438.937286
0 1438991628 889.956787 445.318054
0 1478249230 1103.998291 646.413269
0 1438996634 981.657227 449.571350
0 1578519675 1000.181213 510.420929
0 1524829295 849.575806 322.445343
0 1524864341 839.062988 340.011414
0 1478255238 1200.896973 718.595398
0 1438993631 831.275146 472.239960
0 1524788244 851.930664 349.898041
0 1772785076 1068.772827 472.491913
0 1524828293 923.270386 337.806946
0 1478203171 1167.036255 747.838806
0 1524798255 943.043457 322.728638
0 1478199165 1085.529663 716.264648
0 1578528686 923.837830 465.329529
0 1478192156 1093.770264 741.081482
0 1478228201 928.120056 717.838135
0 1772037075 933.102051 436.796204
0 1578515670 894.739746 479.472260
0 1524851323 874.387634 334.140045
0 1478218188 1130.867310 779.075439
0 1478202169 986.620544 677.949158
0 1478254236 1111.842285 795.506165
0 1478246226 1217.029785 704.662598
0 1524809269 861.427551 324.915833
0 1524822285 955.683167 325.227325
0 1524841310 878.463257 363.243530
0 1478235210 1042.790527 817.117859
0 1578515669 970.417236 526.879517
0 1524854328 873.446716 327.421234
0 0 162.849319 591.905273
0 1 1619.507568 483.923859
0 3 732.907593 300.429291
0 4 372.142120 410.531952
0 6 1358.107910 390.884796
0 7 1305.084595 404.436554
0 9 190.779572 556.766907
0 10 1347.286743 363.696442
0 13 1256.765991 344.862610
0 14 372.545227 430.984009
0 19 120.720879 630.515808
0 20 651.451965 324.654297
0 22 1837.769287 907.222900
0 23 779.266296 418.294128
0 24 981.364868 853.798950
0 25 650.786499 471.618561
0 26 1033.031616 401.445007
0 27 1066.938965 519.815674
0 28 974.975281 621.195618
0 29 1147.771973 417.998322
0 30 1086.240479 780.276245
0 31 990.189392 381.991669
0 33 611.977966 461.740906
0 35 1200.457153 675.621155
0 37 1103.882080 888.125732
0 39 1861.103638 829.703918
0 40 942.816650 924.628174
0 43 147.778397 658.017212
0 53 1651.530518 454.784760
0 59 760.899597 306.752258
0 131 352.759338 356.266663
0 182 688.744690 233.509201
0 185 1016.180786 312.944000
0 187 871.509094 300.427673
0 192 718.305603 264.995453
0 210 641.488037 749.933167
0 212 585.585388 249.455612
0 213 661.649475 806.388794
0 218 1111.800049 833.606873
0 227 1463.526367 627.465454
0 228 1568.388550 429.181549
0 229 1767.032104 426.947205
0 230 677.470215 171.372574
0 231 1525.180054 839.176636
0 235 0.000000 0.000000
0 238 0.000000 0.000000
0 240 951.265686 274.714203
0 241 918.882324 267.297913
0 244 879.991150 212.415237
0 245 835.004333 211.433868
0 246 820.239868 201.425903
0 247 775.403442 199.432098
0 248 753.582886 195.376358
