0 1578512666 1045.782227 719.322021
0 1524823287 1891.432739 885.385803
0 1478234209 807.254517 504.436859
0 1707269176 1042.369141 621.651001
0 1438989626 1197.763916 728.574707
0 1524801259 1602.608154 871.459900
0 1438992629 1132.337036 699.653076
0 1478227200 699.792542 518.842224
0 1524854327 1562.884766 805.909790
0 1478249229 632.236755 531.125366
0 1524807266 1614.044678 1038.729004
0 1524863340 1919.923584 966.927979
0 1524831297 1702.368530 1036.080078
0 1478229202 695.288086 527.539551
0 1568509654 1130.171143 684.697937
0 1524790246 1877.099365 968.338440
0 1578523681 1144.432983 604.263000
0 1478207175 663.234558 512.747009
0 1524861337 1829.994019 816.523804
0 1478210178 732.568787 492.982117
0 1524862338 1582.091675 978.054688
0 1478186149 724.704590 509.200104
0 1524797254 1791.439697 1033.408691
0 1578518674 1042.805542 634.143311
0 1438985621 1120.460083 617.645935
0 1524857331 1831.338135 862.770081
0 1478203170 712.580200 494.151154
0 1438994632 1016.370361 705.132812
0 1578520676 1164.361694 713.809387
0 1478237213 810.798584 557.518372
0 1568511657 1016.388672 690.158142
0 1775370079 1046.347412 735.493652
0 1478195160 833.112061 487.101685
0 1568510655 1016.351379 720.690308
0 1478257240 791.605713 549.034241
0 1578521677 989.193665 663.175720
0 1524794250 1756.655640 819.470337
0 1524812272 1625.596313 847.132874
0 1769859072 1044.211670 674.380188
0 1578525683 1104.900024 716.573730
0 1770636073 989.692383 649.759521
0 1524846317 1901.095215 997.997192
0 1524833300 1640.386108 870.024597
0 1568511656 1170.215698 602.925415
0 1438985620 1124.136719 643.032227
0 1478185148 812.922913 488.282501
0 1707993177 939.169800 626.943787
0 1478189152 788.192017 558.763000
0 1524791247 1854.372192 940.247742
0 1524830296 1834.447266 969.743225
0 2088218948 1097.105835 644.384766
0 1524827292 1851.813354 886.844604
0 1606348170 1094.363403 618.984375
0 1524855329 1540.101562 898.321594
0 1478183145 807.623535 567.538147
0 1438990627 1016.406311 675.734253
0 1524840309 1811.843750 839.848755
0 1478222194 751.163330 542.041016
0 1709860179 926.811707 740.955811
0 1478188151 680.974121 555.177795
0 1438988624 1070.146240 645.733765
0 1478243222 631.355042 567.398132
0 1524844315 1746.810059 1034.747192
0 1524811271 1553.386841 923.548340
0 1524859334 1914.030029 910.713501
0 1478216186 794.919250 539.591064
0 1524851324 1739.787720 798.621704
0 1524814275 1552.011963 850.010742
0 1578514668 990.173706 636.810303
0 1478184146 769.381775 550.268372
0 1524829294 1812.889771 941.670349
0 1478176143 698.270691 563.713867
0 1524860336 1515.413208 851.442139
0 1478222193 669.294983 537.692627
0 1438997636 1128.085327 670.295837
0 1478194158 743.130737 561.244019
0 1478201168 683.682739 511.567108
0 1478187150 789.706238 497.435669
0 1478205172 704.172729 510.384796
0 1524838306 1665.539429 975.306274
0 1568514660 1016.485718 610.900940
0 1524865342 1492.951782 808.790955
0 2085418945 933.443420 679.774231
0 1524808268 1588.739502 848.574280
0 1478200167 741.465454 516.454712
0 1478194159 679.020813 520.032288
0 1568501643 1016.455627 635.478516
0 1478239216 761.775696 570.040039
0 1524820283 1611.492188 825.302673
0 1438989625 963.015076 651.094360
0 1568505649 1069.223755 632.804565
0 1478255237 830.590088 495.060364
0 1524804262 1503.923462 829.624573
0 1568506650 963.959412 638.138672
0 1478217187 822.592346 520.299683
0 1568505648 962.036682 664.516724
0 1568497640 1067.472412 608.255737
0 1578511665 1041.947144 609.579956
0 1478258241 765.894897 506.823364
0 1524796253 1689.411011 945.905212
0 1478206173 658.292114 521.219910
0 1524826291 1592.853027 922.143799
0 1578529688 931.878235 694.213745
0 1478233207 772.665588 490.636963
0 1708834178 1043.257568 647.079224
0 1478189153 685.884766 545.696045
0 1568499641 1075.298462 717.949890
0 1478245224 792.774109 489.460907
0 1524852325 1607.889404 948.701050
0 1478219190 625.475220 577.477844
0 1578525682 988.140442 691.513733
0 1478232206 658.993408 556.398376
0 1524818280 1678.300659 868.584290
0 1524850322 1640.449219 1006.208252
0 1438996635 1016.470886 622.979248
0 1524832299 1694.803223 892.625610
0 1478242220 748.987793 499.801392
0 1438999639 1190.817139 696.889648
0 1478196161 783.312012 514.057251
0 1478252234 819.771973 529.200134
0 1524803261 1792.870239 864.231567
0 1478211179 621.028809 549.327393
0 1578523680 987.005188 722.054565
0 1578530689 1158.815674 683.323364
0 1568508653 1181.345093 653.687378
0 1524826290 1658.113770 1037.407349
0 1524847319 1749.655273 972.535889
0 1524810270 1598.027466 804.461975
0 1524835302 1655.913330 894.057434
0 1524799257 1712.150757 917.898193
0 1478233208 729.356567 543.262024
0 1608354172 936.407776 652.425781
0 1524835303 1539.656738 828.188843
0 1478251232 827.998169 503.239960
0 1524812273 1564.966064 872.890015
0 1706512175 1167.301025 729.966675
0 1438986622 956.564087 739.596313
0 1478211180 720.607361 517.649658
0 1524823286 1896.017578 938.819397
0 1478223195 798.136902 530.421143
0 1478244223 737.543884 525.136414
0 1438987623 961.022522 678.431213
0 1478193157 712.058777 535.279114
0 1478198164 769.326416 498.619751
0 1524862339 1773.016479 889.745789
0 1478236212 738.929932 571.286682
0 1478240217 765.636169 560.004883
0 1478214183 708.433655 502.157562
0 1578521678 1153.672974 655.053833
0 1524844314 1623.732666 976.683228
0 1524848320 1683.823486 822.396545
0 1524806265 1672.234009 919.318726
0 1524787243 1769.968018 1002.128113
0 1478241219 703.003052 553.954468
0 1524799256 1617.166992 895.484070
0 1478190154 693.393677 573.771606
0 1478226198 707.597107 544.480347
0 1478208176 653.209717 529.932617
0 1478214184 813.878906 547.797363
0 2084722944 988.676697 677.084595
0 1578522679 1101.606445 686.068726
0 1774531078 1156.196655 668.926941
0 1525674169 1103.221802 701.028870
0 1478197162 647.908386 505.674011
0 1524815276 1578.563354 896.905457
0 1768901071 986.403931 738.232788
0 1578526684 1044.715576 688.798828
0 1478182144 728.690247 500.980652
0 1524853326 1597.628784 1007.557251
0 1478218189 784.673462 568.790527
0 1578513667 1043.725952 660.482910
0 1438983618 1016.439758 648.421143
0 1478224196 747.206726 551.499817
0 1478247227 692.631409 495.317871
0 1524792248 1775.528198 797.149231
0 1524808267 1716.352295 867.138611
0 1478191155 675.915771 564.944702
0 1524856330 1836.258667 1032.064575
0 1478236211 825.333313 511.649750
0 1478258242 652.852600 497.644379
0 1478212181 720.675659 562.480286
0 1478185147 773.017517 540.817383
0 1568502645 1122.266235 630.116760
0 1568508652 1016.423401 661.831177
0 1438984619 964.871521 625.625610
0 1659977623 1057.770508 666.691223
0 1478209177 752.597168 491.810699
0 1438982617 1072.093140 673.022461
0 1524805264 1720.176636 820.936035
0 1771287074 1146.623535 616.304077
0 2087111947 987.583679 706.493103
0 1524817279 1567.365112 950.090881
0 1524795251 1707.513306 973.923828
0 1478230204 733.509277 534.068542
0 1478230203 668.042847 504.504242
0 1524847318 1812.341431 888.297852
0 1578516671 1093.061646 606.928162
0 1568513659 1073.121460 687.435669
0 1578529687 1148.890869 628.767578
0 1524819282 1648.571045 947.305847
0 1478253235 725.080627 552.728455
0 1524836304 1752.219360 916.472168
0 1478243221 688.217896 503.332062
0 1568501644 965.753052 613.532959
0 1438998637 1178.413574 640.316345
0 1524816278 1633.288574 803.009277
0 1705773174 1106.645386 732.738342
0 1524842312 1881.267944 1030.714722
0 1568507651 1194.222290 712.421204
0 1438999638 958.878113 707.849487
0 1478252233 816.868774 538.362122
0 1438993630 1016.331604 736.865234
0 1478237214 637.061035 557.616333
0 1524857332 1849.490845 838.376404
0 1478248228 755.005676 532.855347
0 1478225197 648.063538 576.245239
0 1524859335 1791.966309 971.142334
0 1524832298 1730.410156 944.499084
0 1478200166 602.937927 578.707703
0 1478250231 804.300720 512.854736
0 1478245225 642.600769 548.119568
0 1438995633 1136.928345 731.354614
0 1524804263 1754.541992 865.687744
0 1524839308 1771.569458 943.087463
0 1524849321 1575.512939 826.748230
0 1568512658 1134.587769 715.193542
0 1568514661 1126.075195 656.416626
0 1478231205 810.127441 496.249237
0 1773608077 1045.238770 703.768677
0 1438977615 1068.333130 620.319397
0 1524834301 1774.330078 841.315918
0 1607644171 990.638489 624.304138
0 1524800258 1857.205566 999.379883
0 1568504647 957.743591 723.414856
0 1568500642 1071.102051 659.131165
0 1478256239 758.738708 523.931091
0 1524815277 1668.668457 801.551697
0 1568503646 1118.715088 605.597290
0 1478220191 647.981445 538.895508
0 1478207174 745.278625 508.012939
0 1524841311 1869.946289 861.303284
0 1478213182 664.219299 546.909180
0 1524813274 1699.700439 844.234680
0 1568516663 959.970337 692.865662
0 1578517672 928.565979 724.771362
0 1578527685 991.087769 612.218628
0 1478240218 779.978333 522.723145
0 1478215185 653.610596 566.172791
0 1524838307 1704.168091 800.089111
0 1478197163 762.367004 515.257202
0 1478221192 801.262756 521.512695
0 1524819281 1813.496826 1000.756836
0 2086284946 1100.050903 671.661011
0 1524824288 1527.458862 874.314941
0 1524802260 1811.389893 795.671753
0 1478226199 716.393738 526.339294
0 1578518673 934.952271 665.854126
0 1438981616 1076.451904 734.118042
0 1478238215 670.703003 575.009827
0 1609135173 1151.239258 641.676086
0 1524837305 1793.261230 817.999634
0 1524793249 1662.583008 845.686279
0 1568515662 1175.584961 627.414917
0 1568516664 1187.540527 681.944885
0 1438991628 1184.385376 667.554260
0 1478249230 716.135986 572.530579
0 1438996634 1074.189087 702.400696
0 1578519675 937.812744 639.463623
0 1524829295 1873.345093 912.161438
0 1524864341 1736.949219 842.777832
0 1478255238 615.176575 558.831604
0 1438993631 1172.854004 614.958862
0 1524788244 1647.595581 823.852173
0 1772785076 930.253601 709.202087
0 1524828293 1632.468506 920.733948
0 1478203171 626.713135 540.095825
0 1524798255 1726.617798 1003.493713
0 1478199165 690.654114 536.487183
0 1578528686 1098.551636 657.775635
0 1478192156 674.226807 528.737305
0 1478228201 786.553467 505.631348
0 1772037075 1161.535400 698.273315
0 1578515670 1095.710571 631.462402
0 1524851323 1733.837280 891.188354
0 1478218188 637.606323 522.404968
0 1478202169 776.548157 531.639526
0 1478254236 642.828186 513.924500
0 1478246226 609.148987 568.620667
0 1524809269 1832.815552 913.603882
0 1524822285 1683.445190 1004.853760
0 1524841310 1527.859741 807.352783
0 1478235210 672.722290 496.482300
0 1578515669 940.481384 614.844055
0 1524854328 1792.440674 915.040710
0 0 1550.741943 564.530029
0 1 823.682251 462.651123
0 2 1178.602295 437.310516
0 3 1798.078979 863.787476
0 4 921.529724 451.087433
0 5 916.335815 483.531647
0 6 1656.720703 952.259094
0 7 976.012695 440.882294
0 8 824.123413 585.001892
0 9 521.221619 1036.817993
0 10 810.620422 623.422424
0 11 244.534775 920.479187
0 12 955.291870 950.155945
0 13 491.694366 594.872803
0 14 750.899658 956.418091
0 15 1161.628052 420.621338
0 16 982.775574 477.071442
0 17 846.402893 955.884155
0 18 831.220642 489.818298
0 19 1338.490356 428.228180
0 20 554.083008 948.307007
0 21 1138.752686 815.619019
0 22 652.646545 948.160889
0 23 1541.065552 979.652710
0 24 541.614868 536.765259
0 25 1360.141479 467.951111
0 26 1387.156982 490.809387
0 27 342.472473 947.960327
0 28 753.144104 1022.347229
0 29 938.414124 804.326294
0 30 786.324646 718.979004
0 31 461.189484 653.010498
0 32 1596.924194 709.670654
0 33 1416.476318 581.832520
0 34 1395.251221 445.033875
0 35 616.475342 1011.051331
0 36 1520.066406 723.736816
0 37 1484.177979 588.273987
0 38 879.334229 1013.727234
0 39 1536.913452 617.575684
