0 1578512666 995.341675 365.379822
0 1524823287 572.881836 902.082703
0 1478234209 1478.085083 210.628845
0 1707269176 1198.445435 359.988800
0 1438989626 968.865051 449.047150
0 1524801259 667.519226 677.349060
0 1438992629 1028.821045 412.548798
0 1478227200 1419.747681 161.195145
0 1524854327 782.950500 674.411865
0 1478249229 1379.427490 134.770340
0 1524807266 458.026245 631.215820
0 1524863340 449.360718 868.557068
0 1524831297 436.945801 683.216003
0 1478229202 1396.749878 161.821609
0 1568509654 1059.338013 411.744110
0 1524790246 461.416962 833.493713
0 1578523681 1247.970947 423.936890
0 1478207175 1429.877808 142.333313
0 1524861337 709.218933 898.723389
0 1478210178 1496.067993 168.780731
0 1524862338 531.617126 629.329529
0 1478186149 1449.441528 170.049210
0 1524797254 413.930450 739.989075
0 1578518674 1169.412354 360.759430
0 1438985621 1212.024414 407.717834
0 1524857331 626.408752 864.171204
0 1478203170 1488.764160 159.315170
0 1438994632 1022.941223 349.670288
0 1578520676 999.370300 430.476929
0 1478237213 1336.020874 225.539871
0 1568511657 1051.471924 348.911438
0 1775370079 966.351135 366.149323
0 1478195160 1535.702271 220.145370
0 1568510655 994.416382 350.428955
0 1478257240 1355.046997 213.957718
0 1578521677 1105.827637 332.963684
0 1524794250 720.530823 827.042236
0 1524812272 700.765869 703.994019
0 1769859072 1082.349609 363.070343
0 1578525683 997.287109 396.815338
0 1770636073 1133.918579 332.215118
0 1524846317 418.278595 834.567749
0 1524833300 661.436646 704.990784
0 1568511656 1253.554565 441.576019
0 1438985620 1150.929565 409.328888
0 1478185148 1527.331055 209.296494
0 1707993177 1182.307007 303.262939
0 1478189152 1330.452515 214.623154
0 1524791247 504.568848 832.419312
0 1524830296 472.893158 800.117432
0 2088218948 1147.294556 392.850708
0 1524827292 582.125427 865.268188
0 1606348170 1207.343262 391.263702
0 1524855329 642.077148 626.498291
0 1478183145 1311.081055 226.213654
0 1438990627 1080.008423 348.152435
0 1524840309 670.706238 863.073792
0 1478222194 1367.621460 192.383820
0 1709860179 964.620667 309.085999
0 1478188151 1327.779297 163.700394
0 1438988624 1143.781982 376.926910
0 1478243222 1295.450562 146.004135
0 1524843313 391.308319 906.556641
0 1524844315 425.696228 710.965759
0 1524858333 482.065186 904.320374
0 1524811271 605.247314 627.442261
0 1524859334 527.466003 903.201721
0 1478216186 1379.645874 213.292191
0 1524851324 763.763733 825.965820
0 1524814275 710.981018 649.933716
0 1578514668 1162.015381 331.466309
0 1478184146 1349.292114 203.350861
0 1524829294 515.008484 799.063782
0 1478176143 1309.655518 173.852097
0 1524860336 715.766296 624.609497
0 1478222193 1368.130127 153.190445
0 1438997636 1089.861816 410.939209
0 1478194158 1319.770630 193.682129
0 1478201168 1436.230469 151.333130
0 1478187150 1494.907104 199.405487
0 1478205172 1442.749390 160.568604
0 1524838306 513.760803 681.261414
0 1568514660 1222.779907 344.355103
0 1524865342 789.494751 622.719727
0 2085418945 1073.421021 306.175629
0 1524808268 705.985596 676.370239
0 1478200167 1432.692017 180.426590
0 1478194159 1413.526611 151.952316
0 1568501643 1165.653687 345.874512
0 1478239216 1300.787720 204.665039
0 1524820283 740.106323 702.996948
0 1438989625 1130.838257 318.250671
0 1568505649 1173.297485 376.145111
0 1478255237 1510.726318 220.820084
0 1524804262 752.625610 623.664734
0 1568506650 1158.491699 317.512299
0 1478217187 1435.825684 222.843582
0 1568505648 1103.190063 318.988892
0 1568497640 1232.347778 374.581055
0 1578511665 1227.484741 359.218018
0 1478258241 1463.372803 189.785873
0 1524796253 543.516113 707.979614
0 1478206173 1407.464233 142.945374
0 1524826291 598.090088 652.817017
0 1578529688 1046.212891 306.903442
0 1478233207 1511.273315 188.486221
0 1708834178 1140.385376 361.529907
0 1478189153 1350.765625 163.074234
0 1568499641 996.298035 380.833344
0 1478245224 1519.191162 198.747498
0 1524852325 560.480286 653.777588
0 1478219190 1273.058838 146.615585
0 1578525682 1049.662720 334.460510
0 1478232206 1322.748535 154.428192
0 1524818280 655.074646 733.902283
0 1524850322 485.291412 655.697937
0 1438996635 1194.213867 345.114868
0 1524832299 614.854675 734.917480
0 1478242220 1479.938965 179.142944
0 1524789245 345.952209 907.674194
0 1438999639 1032.078735 447.388214
0 1478196161 1446.351685 200.721085
0 1478252234 1410.867676 223.517838
0 1524803261 634.105530 829.194092
0 1478211179 1335.183838 135.979919
0 1578523680 993.520752 335.956665
0 1578530689 1061.478638 428.843048
0 1568508653 1126.953491 444.898438
0 1524826290 447.712341 656.657654
0 1524847319 494.265015 737.961304
0 1524810270 779.457947 701.999512
0 1524835302 622.118652 705.987366
0 1524821284 436.679321 905.438721
0 1524799257 574.646423 735.932434
0 1478233208 1361.851807 182.351257
0 1608354172 1127.853271 304.719574
0 1524835303 748.631897 648.972107
0 1478251232 1485.755005 221.494705
0 1524812273 673.340515 650.895081
0 1706512175 968.326599 431.293640
0 1438986622 965.032898 322.677765
0 1478211180 1426.134033 170.683304
0 1524823286 493.601410 867.461182
0 1478223195 1404.249146 212.626541
0 1478244223 1409.074585 181.068253
0 1438987623 1075.547729 319.726959
0 1478193157 1379.530884 171.951126
0 1478198164 1487.320923 189.136078
0 1524862339 599.277771 796.955505
0 1478236212 1295.851440 194.331116
0 1478240217 1325.037842 204.008011
0 1478214183 1465.754883 159.941925
0 1578521678 1123.614746 427.208405
0 1524844314 522.880737 654.737915
0 1524848320 730.778870 762.102844
0 1524806265 582.811707 706.983582
0 1524787243 454.091888 738.975403
0 1478241219 1332.943359 173.218552
0 1524799256 629.063599 678.327576
0 1478190154 1286.371704 174.485535
0 1478226198 1356.235229 172.584885
0 1478208176 1385.054321 143.557312
0 1478214184 1360.965332 224.865997
0 2084722944 1077.742432 333.712158
0 1578522679 1057.270508 395.230011
0 1524825289 360.921844 870.747925
0 1774531078 1092.543213 428.025818
0 1525674169 1027.275635 396.022766
0 1478197162 1445.819580 132.955231
0 1524815276 635.710144 651.856140
0 1768901071 965.458252 336.704498
0 1578526684 1053.340820 363.840332
0 1478182144 1472.752808 169.415024
0 1524853326 494.816772 630.272766
0 1478218189 1305.862305 215.288437
0 1578513667 1111.364502 362.300232
0 1438983618 1137.099365 346.633972
0 1478224196 1343.694092 193.033020
0 1478247227 1481.649170 150.094360
0 1524792248 759.343872 860.878052
0 1524795252 405.134216 869.652649
0 1524808267 648.413513 764.172913
0 1478191155 1304.796631 164.326416
0 1524856330 401.611938 770.375610
0 1478236211 1460.788086 222.169205
0 1478258242 1467.957275 132.349976
0 1478212181 1314.645142 183.633850
0 1478185147 1373.550659 202.693573
0 1568502645 1181.473633 408.523468
0 1568508652 1108.550903 347.393311
0 1438984619 1186.150879 316.773773
0 1659977623 1098.177124 370.328003
0 1478209177 1503.568481 178.500931
0 1438982617 1084.769409 378.489990
0 1524805264 725.778198 793.790710
0 1771287074 1216.871460 424.755035
0 2087111947 1021.588867 335.208679
0 1524817279 568.427368 628.386047
0 1524795251 504.231659 708.975281
0 1478230204 1385.461182 181.709808
0 1478230203 1452.294922 141.721191
0 1524847318 590.913086 830.269531
0 1578516671 1237.377197 390.469910
0 1568513659 1055.272705 379.271271
0 1578529687 1185.779053 425.573029
0 1524819282 552.184326 680.283752
0 1478253235 1338.246460 182.992599
0 1524836304 566.097290 766.241760
0 1478243221 1458.937866 150.713791
0 1568501644 1213.815430 316.035126
0 1438998637 1158.593018 444.068115
0 1524816278 775.804810 730.854858
0 1705773174 967.305115 397.607727
0 1524845316 375.153687 835.641541
0 1524842312 388.700989 802.223755
0 1568507651 1000.468262 448.217804
0 1438999638 1020.279236 321.202637
0 1478252233 1385.914307 224.191971
0 1438993630 965.897461 351.187500
0 1478237214 1317.846069 145.392563
0 1524857332 663.758240 899.843567
0 1478248228 1391.553101 191.734482
0 1478225197 1277.381714 155.665512
0 1524859335 483.830109 768.309265
0 1524832298 534.449829 736.946960
0 1478200166 1268.844849 137.793579
0 1478250231 1453.468750 211.294846
0 1478245225 1340.245117 144.780930
0 1438995633 967.807068 414.157715
0 1524804263 641.431763 795.900879
0 1524839308 524.957581 767.275635
0 1524849321 744.462708 675.391174
0 1568512658 998.310608 413.353363
0 1568514661 1120.392334 410.134125
0 1478231205 1502.705811 209.962723
0 1773608077 1024.338257 364.610138
0 1438977615 1202.819458 375.363159
0 1524834301 677.311401 828.118286
0 1607644171 1190.117676 330.717407
0 1524800258 430.790680 801.170715
0 1568504647 992.653320 321.940308
0 1568500642 1114.272583 377.708557
0 1478256239 1415.488892 191.085068
0 1524815277 771.979919 761.067383
0 1568503646 1242.581909 406.912079
0 1478220191 1362.647949 144.169159
0 1478207174 1456.313477 179.784836
0 1524841311 618.312561 900.963318
0 1478213182 1345.437500 153.809387
0 1524813274 689.590088 763.138062
0 1568516663 1047.910645 320.464905
0 1578517672 991.812744 308.358612
0 1578527685 1218.225830 329.968323
0 1478240218 1422.080444 201.378677
0 1478215185 1300.063232 155.046921
0 1524838307 767.970764 792.735107
0 1478197163 1439.428833 190.435532
0 1478221192 1428.856812 211.960754
0 1524819281 442.714905 769.342651
0 2086284946 1087.271973 394.437103
0 1524824288 678.916870 625.554016
0 1524802260 754.694519 897.602844
0 1478226199 1402.830566 171.317276
0 1578518673 1100.634521 305.447662
0 1438981616 966.820129 381.614166
0 1478238215 1281.817871 164.952362
0 1609135173 1154.693359 426.390808
0 1524837305 715.017944 861.976135
0 1524793249 695.306274 732.886780
0 1568515662 1190.239502 443.237610
0 1568516664 1063.696411 446.558472
0 1438991628 1095.321289 445.728546
0 1478249230 1291.047852 184.274948
0 1438996634 1025.782227 380.052399
0 1578519675 1155.077515 303.991333
0 1524829295 537.856323 866.364807
0 1524864341 683.598511 794.845947
0 1478255238 1313.067261 136.584579
0 1438993631 1221.893433 442.406891
0 1524788244 735.549744 731.870972
0 1772785076 1019.010193 307.631104
0 1524828293 590.618591 679.305786
0 1478203171 1357.303833 135.375183
0 1524798255 464.958344 709.970703
0 1478199165 1373.755859 162.447968
0 1578528686 1117.280029 393.643982
0 1478192156 1390.826416 152.571457
0 1478228201 1470.627197 200.063339
0 1772037075 1030.421021 429.660065
0 1578515670 1177.315674 392.057281
0 1524851323 607.249268 765.207458
0 1478218188 1401.554565 134.165405
0 1478202169 1397.813477 202.036194
0 1478254236 1423.685303 133.560379
0 1478246226 1290.954224 137.189148
0 1524809269 547.734253 831.344543
0 1524822285 475.347961 682.238892
0 1524841310 786.292969 648.010254
0 1478235210 1474.715820 141.108948
0 1578515669 1209.541870 302.534454
0 1524854328 557.136719 798.009827
0 0 1059.127075 703.222412
0 1 1613.712769 248.416000
0 2 1784.229980 498.411224
0 3 801.118286 773.324097
0 4 1645.991943 228.556091
0 5 1825.285156 650.113892
0 6 483.137329 516.734741
0 7 1476.008301 191.910278
0 8 1103.520752 213.440155
0 9 750.417969 100.968071
0 10 1578.250732 214.677032
0 11 1577.563599 335.624359
0 12 612.733704 253.651489
0 13 1439.457764 751.760620
0 14 655.924133 194.410538
0 15 1159.159180 679.214783
0 16 1273.321777 710.689758
0 17 734.033936 75.825943
0 18 1464.187012 217.877136
0 19 948.198059 605.692017
0 20 804.876709 101.291306
0 21 875.451050 206.217209
0 22 979.228943 78.339081
0 23 587.018372 290.690643
0 24 1515.008789 286.895721
0 25 810.785583 596.504883
0 26 1411.851562 607.122559
0 27 1563.618530 378.960266
0 28 1068.568359 84.543945
0 29 1288.335938 173.093140
0 30 1699.136353 380.126190
0 31 1583.322021 728.517029
0 32 736.933472 502.986298
0 33 666.658569 527.270142
0 34 954.457336 669.465576
0 35 1761.177490 687.968079
0 36 1671.184204 315.569214
0 37 754.393372 457.957977
0 38 941.987732 92.957039
0 39 721.202209 606.556519
