0 1578512666 944.932251 493.581787
0 1524823287 457.648529 1013.623962
0 1478234209 1427.391602 377.286346
0 1707269176 1145.524414 502.341309
0 1438989626 910.986023 574.376709
0 1524801259 582.973633 784.832581
0 1438992629 973.858215 542.339172
0 1478227200 1374.148682 326.047760
0 1524854327 701.045715 789.440735
0 1478249229 1337.006226 298.104462
0 1524807266 374.175629 723.492188
0 1524863340 333.249756 970.194458
0 1524831297 345.558746 775.566650
0 1478229202 1351.985107 325.016785
0 1568509654 1004.156677 543.640381
0 1524790246 350.603119 933.923706
0 1578523681 1189.406494 568.565552
0 1478207175 1385.011963 308.856171
0 1524861337 599.788696 1018.670471
0 1478210178 1447.030518 338.646179
0 1524862338 449.839966 726.505859
0 1478186149 1402.172974 336.565857
0 1524797254 314.055115 832.894287
0 1578518674 1116.943237 501.093201
0 1438985621 1155.231323 550.128479
0 1524857331 518.086182 976.865479
0 1478203170 1440.548828 329.136536
0 1438994632 973.602905 480.093201
0 1578520676 943.029724 558.048340
0 1478237213 1289.276367 381.612274
0 1568511657 1001.814636 481.331482
0 1775370079 916.176025 492.326050
0 1478195160 1482.316284 390.416443
0 1568510655 945.366882 478.853882
0 1478257240 1308.449463 371.842285
0 1578521677 1056.677002 469.516266
0 1524794250 619.889099 943.792236
0 1524812272 613.859558 814.474365
0 1769859072 1031.050293 497.342407
0 1578525683 944.015564 524.643494
0 1770636073 1084.341187 470.736511
0 1524846317 305.508789 932.271118
0 1524833300 573.484314 812.915955
0 1568511656 1193.604736 586.365112
0 1438985620 1094.884888 547.536804
0 1478185148 1474.847534 379.458466
0 1707993177 1134.062256 445.912842
0 1478189152 1284.609009 370.751099
0 1524791247 395.636230 935.574036
0 1524830296 367.035950 899.576965
0 2088218948 1092.623169 531.062683
0 1524827292 471.973572 975.201172
0 1606348170 1151.878540 533.622253
0 1524855329 563.013672 731.013550
0 1478183145 1265.066040 380.508087
0 1438990627 1030.002197 482.568726
0 1524840309 564.134644 978.527405
0 1478222194 1321.988647 352.089081
0 1709860179 919.715454 436.370026
0 1478188151 1285.404541 321.919678
0 1438988624 1090.442017 515.175354
0 1478243222 1255.405640 302.792175
0 1524843313 267.175415 1006.861389
0 1524844315 330.194427 803.525391
0 1524858333 362.548584 1010.247498
0 1524811271 525.332031 729.512695
0 1524859334 410.132629 1011.936951
0 1478216186 1332.272583 372.932678
0 1524851324 664.557922 945.429199
0 1524814275 630.498413 759.578979
0 1578514668 1111.982178 471.955688
0 1478184146 1303.574829 361.282288
0 1524829294 410.864594 901.206238
0 1478176143 1267.229736 330.307739
0 1524860336 638.248413 734.010193
0 1478222193 1324.975830 314.784210
0 1438997636 1034.427246 544.940369
0 1478194158 1275.672485 349.954742
0 1478201168 1390.578857 317.844849
0 1478187150 1444.212402 367.741577
0 1478205172 1396.296997 327.078033
0 1524838306 424.886078 778.662720
0 1568514660 1170.578247 488.738922
0 1524865342 713.312378 736.999878
0 2085418945 1027.063599 441.149200
0 1524808268 622.377869 786.370483
0 1478200167 1385.449341 345.266602
0 1478194159 1368.725708 316.825317
0 1568501643 1114.420044 486.274017
0 1478239216 1256.560913 359.122986
0 1524820283 654.185425 816.030945
0 1438989625 1082.442749 456.908600
0 1568505649 1119.556396 516.440002
0 1478255237 1458.248535 389.318787
0 1524804262 675.801697 735.505859
0 1568506650 1109.625122 458.113281
0 1478217187 1385.938843 386.020874
0 1568505648 1055.237915 455.702911
0 1568497640 1177.707764 518.965881
0 1578511665 1174.080688 503.588318
0 1478258241 1414.424683 356.348694
0 1524796253 452.062500 808.229309
0 1478206173 1363.446533 307.847168
0 1524826291 514.927307 755.021057
0 1578529688 1000.259399 439.955872
0 1478233207 1460.544922 358.474030
0 1708834178 1088.337280 499.844025
0 1478189153 1307.613159 322.952728
0 1568499641 944.482117 508.835419
0 1478245224 1467.593262 368.815430
0 1524852325 476.313782 753.498169
0 1478219190 1233.754639 301.779144
0 1578525682 1001.278625 467.072723
0 1478232206 1281.167236 312.740326
0 1524818280 563.518188 842.410522
0 1524850322 398.951538 750.447144
0 1438996635 1142.511230 487.507019
0 1524832299 522.071167 840.829468
0 1478242220 1430.961060 347.370667
0 1524789245 219.386093 1005.164673
0 1438999639 974.000610 577.049744
0 1478196161 1397.400513 365.591553
0 1478252234 1361.800049 384.919952
0 1524803261 530.370056 940.511597
0 1478211179 1294.366211 296.103882
0 1578523680 945.786865 464.625031
0 1578530689 1004.797302 560.685059
0 1568508653 1068.296509 581.049622
0 1524826290 360.202667 748.918945
0 1524847319 397.418121 836.074280
0 1524810270 694.462280 817.585510
0 1524835302 533.059814 811.355652
0 1524821284 314.896240 1008.555664
0 1524799257 480.572205 839.246399
0 1478233208 1317.062622 342.105011
0 1608354172 1080.606567 443.532990
0 1524835303 668.932556 761.094788
0 1478251232 1434.163086 388.220306
0 1524812273 592.019592 758.061462
0 1706512175 912.102417 556.728088
0 1438986622 918.874878 449.659576
0 1478211180 1379.720947 335.524628
0 1524823286 379.555481 971.865723
0 1478223195 1356.078247 374.022278
0 1478244223 1362.669678 344.213470
0 1438987623 1028.010498 454.496277
0 1478193157 1334.770874 333.440033
0 1478198164 1437.492798 357.411774
0 1524862339 498.348480 904.458313
0 1478236212 1252.489746 348.886414
0 1478240217 1280.076416 360.203003
0 1478214183 1418.430420 328.107635
0 1578521678 1066.449097 563.316833
0 1524844314 437.655243 751.973572
0 1524848320 637.920044 876.623108
0 1524806265 492.585938 809.793457
0 1524787243 355.762787 834.485229
0 1478241219 1289.758911 331.352539
0 1524799256 543.522461 783.292847
0 1478190154 1244.684937 329.262177
0 1478226198 1312.272583 332.396637
0 1478208176 1341.866943 306.837494
0 1478214184 1313.468750 382.715637
0 2084722944 1028.989502 468.294983
0 1578522679 1003.539307 527.214661
0 1524825289 240.444153 966.844971
0 1774531078 1035.637695 562.001526
0 1525674169 973.790833 525.929688
0 1478197162 1400.862061 301.100403
0 1524815276 553.495850 756.542114
0 1768901071 918.005737 463.399658
0 1578526684 1002.369324 496.089935
0 1478182144 1424.609375 337.606415
0 1524853326 412.029327 724.999939
0 1478218189 1260.751343 369.659119
0 1578513667 1059.706299 498.593750
0 1438983618 1086.304932 485.039978
0 1478224196 1298.838745 351.022247
0 1478247227 1434.241089 319.881866
0 1524792248 656.039917 981.844421
0 1524795252 286.879333 968.520935
0 1524808267 553.038391 873.425354
0 1478191155 1263.180908 320.885864
0 1524856330 297.080688 863.782776
0 1478236211 1410.059814 387.120972
0 1478258242 1422.119751 302.097778
0 1478212181 1271.391846 339.993591
0 1478185147 1327.056519 362.360748
0 1568502645 1125.072021 548.833252
0 1568508652 1058.165527 483.804901
0 1438984619 1136.785034 459.316956
0 1659977623 1046.045898 505.554688
0 1478209177 1453.693359 348.421600
0 1438982617 1032.135742 512.642761
0 1524805264 629.142700 909.320374
0 1771287074 1158.710327 567.255188
0 2087111947 973.544434 465.849396
0 1524817279 487.607452 728.010132
0 1524795251 411.489532 806.663208
0 1478230204 1339.874023 343.159607
0 1478230203 1406.563232 309.864502
0 1524847318 485.519653 938.867981
0 1578516671 1181.466064 534.900330
0 1568513659 1002.943848 511.374756
0 1578529687 1127.985352 565.943604
0 1524819282 464.478760 780.207886
0 1478253235 1294.235229 341.049652
0 1524836304 467.938446 870.219482
0 1478243221 1412.417236 318.863678
0 1568501644 1163.922363 460.519623
0 1438998637 1099.668335 582.380432
0 1524816278 687.548645 847.141968
0 1705773174 914.213257 523.356140
0 1524845316 260.353180 930.616272
0 1524842312 279.204651 896.312073
0 1568507651 942.508423 575.713867
0 1438999638 973.488037 452.079956
0 1478252233 1337.643311 383.818207
0 1438993630 917.106689 477.613464
0 1478237214 1277.042358 303.804535
0 1524857332 552.476379 1016.990723
0 1478248228 1345.122192 353.155090
0 1478225197 1237.300049 310.693756
0 1524859335 382.619507 867.005249
0 1524832298 439.021240 837.661316
0 1478200166 1230.302002 293.098114
0 1478250231 1403.637817 376.199127
0 1478245225 1298.664795 304.816193
0 1438995633 913.177429 539.733154
0 1524804263 542.004028 906.081177
0 1524839308 425.306427 868.613342
0 1524849321 661.735229 787.906555
0 1568512658 943.531799 541.036743
0 1568514661 1064.669922 546.239197
0 1478231205 1451.128174 378.372803
0 1773608077 973.663330 494.836395
0 1438977615 1148.644897 517.703491
0 1524834301 575.159851 942.153015
0 1607644171 1139.599731 473.173889
0 1524800258 323.149323 897.945557
0 1568504647 946.192749 450.870270
0 1568500642 1061.301880 513.909607
0 1478256239 1368.239380 354.220367
0 1524815277 680.279297 878.218933
0 1568503646 1185.363037 551.422546
0 1478220191 1320.272949 305.827179
0 1478207174 1408.213135 346.319000
0 1524841311 505.096375 1015.308533
0 1478213182 1303.078857 313.762604
0 1524813274 595.506409 875.025330
0 1568516663 1000.760559 453.288605
0 1578517672 946.585327 437.566284
0 1578527685 1167.194092 474.391052
0 1478240218 1373.969360 364.515381
0 1478215185 1259.240967 311.717377
0 1524838307 672.626160 910.936829
0 1478197163 1391.340210 355.284912
0 1478221192 1379.866699 375.111084
0 1524819281 339.877686 865.395020
0 2086284946 1033.260742 528.498535
0 1524824288 600.652405 732.512695
0 1524802260 647.033447 1020.347839
0 1478226199 1357.253662 334.482697
0 1578518673 1053.845947 442.341553
0 1438981616 915.212219 507.564056
0 1478238215 1240.942139 319.851410
0 1609135173 1097.231567 564.630859
0 1524837305 610.119202 980.187073
0 1524793249 604.913330 843.989685
0 1568515662 1131.010376 583.709900
0 1568516664 1005.462585 578.384338
0 1438991628 1036.894531 579.717651
0 1478249230 1248.532715 338.936768
0 1438996634 973.725952 510.105652
0 1578519675 1107.345215 444.723389
0 1524829295 425.796692 973.534607
0 1524864341 585.602051 907.701843
0 1478255238 1273.025391 295.102600
0 1438993631 1162.322388 585.038147
0 1524788244 646.256836 845.566772
0 1772785076 973.433289 438.761566
0 1524828293 504.024170 781.751343
0 1478203171 1315.693237 297.104492
0 1524798255 370.866852 805.095215
0 1478199165 1329.806641 323.985107
0 1578528686 1062.955444 529.781189
0 1478192156 1346.858154 315.805115
0 1478228201 1420.814941 366.666962
0 1772037075 973.928040 559.367310
0 1578515670 1122.264160 532.343079
0 1524851323 510.515717 871.823486
0 1478218188 1358.305298 299.103760
0 1478202169 1350.521240 363.438477
0 1478254236 1379.590698 300.102386
0 1478246226 1251.670776 294.100677
0 1524809269 440.608398 937.222107
0 1524822285 385.246094 777.115601
0 1524841310 707.322083 762.608765
0 1478235210 1428.100220 310.872162
0 1578515669 1160.757568 447.101349
0 1524854328 454.635406 902.833374
0 0 860.191101 861.746155
0 1 617.648193 752.870117
0 2 1220.339844 763.666199
0 3 436.640289 626.154419
0 4 1612.897583 749.619629
0 5 1502.128052 941.364441
0 6 1339.906860 294.900116
0 7 1674.068237 604.656555
0 8 1634.434204 503.870941
0 9 353.337616 608.782837
0 10 1644.296875 550.972473
0 11 1762.492065 909.084656
0 12 591.396362 298.595398
0 13 1281.814209 890.126099
0 14 683.320740 245.655762
0 15 1041.217163 336.517578
0 16 1471.344482 489.703003
0 17 799.739624 215.927963
0 18 1478.049927 864.653687
0 19 730.523499 668.517456
0 20 1389.652344 309.171509
0 21 1726.288940 821.949219
0 22 1395.187744 337.109222
0 23 483.783020 418.180237
0 24 1374.579102 849.445190
0 25 749.797913 524.107666
0 26 706.343079 571.523438
0 27 1537.439209 597.642395
0 28 1383.955200 285.230682
0 29 1587.437256 823.456604
0 30 1519.068848 750.538086
0 31 1171.360840 893.136902
0 32 1549.682495 412.064819
0 33 803.905334 336.554047
0 34 1149.453857 331.520966
0 35 1677.039185 941.814392
0 36 691.443237 623.744080
0 37 1565.189331 456.968719
0 38 1127.707275 232.027466
0 39 1274.838135 347.071136
