0 1578512666 969.755066 577.275269
0 1524823287 1826.114624 809.698425
0 1478234209 744.829407 335.507660
0 1707269176 978.009766 475.542419
0 1438989626 1127.734741 598.125671
0 1524801259 1530.974487 775.100159
0 1438992629 1062.827759 563.280029
0 1478227200 629.389709 342.117828
0 1524854327 1497.734619 704.660400
0 1478249229 556.217834 349.656403
0 1524807266 1522.941772 948.477356
0 1524863340 1845.701782 895.407349
0 1524831297 1614.328369 951.739380
0 1478229202 623.548157 350.842041
0 1568509654 1062.367554 547.599670
0 1524790246 1801.718506 893.924805
0 1578523681 1086.992432 465.235382
0 1478207175 591.379517 332.890839
0 1524861337 1771.290283 734.640381
0 1478210178 667.273438 317.711639
0 1524862338 1497.138916 883.658264
0 1478186149 656.959656 334.009155
0 1524797254 1706.235962 955.020020
0 1578518674 976.954224 488.551544
0 1438985621 1060.303589 477.299866
0 1524857331 1767.236084 782.258362
0 1478203170 645.967285 317.359528
0 1438994632 940.601746 560.338684
0 1578520676 1094.613037 580.344116
0 1478237213 742.082764 391.086670
0 1568511657 942.437866 544.772827
0 1775370079 968.387939 594.124023
0 1478195160 774.240845 319.479553
0 1568510655 938.693909 576.511780
0 1478257240 722.844177 380.758331
0 1578521677 917.145996 514.679993
0 1524794250 1695.713623 732.461853
0 1524812272 1557.573242 751.642761
0 1769859072 973.553833 530.458496
0 1578525683 1032.061035 578.806702
0 1770636073 919.299255 500.768158
0 1524846317 1822.802002 926.038330
0 1524833300 1570.111938 776.285950
0 1568511656 1114.098511 465.803436
0 1438985620 1061.084961 503.915009
0 1478185148 752.789001 319.124969
0 1707993177 868.946960 473.213348
0 1478189152 718.045959 390.634155
0 1524791247 1781.738892 863.492432
0 1524830296 1757.854248 892.446228
0 2088218948 1032.625977 503.283356
0 1524827292 1785.386841 808.432251
0 1606348170 1032.824829 476.713043
0 1524855329 1463.206177 798.416199
0 1478183145 737.503967 401.282349
0 1438990627 944.206482 529.780701
0 1524840309 1749.946289 757.326416
0 1478222194 680.936890 370.326569
0 1709860179 842.056580 590.951477
0 1478188151 604.977478 378.576904
0 1438988624 1004.218140 502.652863
0 1478243222 550.813843 387.485931
0 1524843313 1913.386475 929.179321
0 1524844315 1660.216797 953.377380
0 1524858333 1867.460205 866.303162
0 1524811271 1473.945190 825.393677
0 1524859334 1846.258789 837.277039
0 1478216186 727.500793 371.174011
0 1524851324 1680.843872 709.812744
0 1524814275 1481.262329 749.388184
0 1578514668 921.377380 487.341766
0 1478184146 699.199768 380.320740
0 1524829294 1739.047485 862.092590
0 1478176143 622.265930 388.831055
0 1524860336 1443.242188 748.264954
0 1478222193 594.740601 359.411041
0 1438997636 1061.924194 532.499390
0 1478194158 670.082703 389.731232
0 1478201168 613.208984 333.263062
0 1478187150 727.149780 326.839264
0 1478205172 635.069031 333.635834
0 1524838306 1583.576660 886.571838
0 1568514660 952.153748 462.409485
0 1524865342 1425.070557 702.615784
0 2085418945 856.490112 527.754883
0 1524808268 1519.372559 750.514160
0 1478200167 673.811340 342.887543
0 1478194159 607.226135 341.733795
0 1568501643 949.141357 487.946136
0 1478239216 688.733215 400.348236
0 1524820283 1545.612549 728.135071
0 1438989625 891.094177 500.142151
0 1568505649 1004.816101 489.158020
0 1478255237 770.608032 327.568756
0 1524804262 1433.947754 724.916321
0 1568506650 893.662170 486.738464
0 1478217187 759.084351 353.228851
0 1568505648 888.433411 514.030029
0 1568497640 1005.951477 463.536957
0 1578511665 979.029785 462.972748
0 1478258241 700.833008 334.757355
0 1524796253 1611.645264 857.915161
0 1478206173 585.093872 341.350281
0 1524826291 1514.891479 826.700562
0 1578529688 853.084412 542.666626
0 1478233207 709.972900 318.417358
0 1708834178 975.861145 502.023529
0 1478189153 611.349731 369.060089
0 1568499641 1000.877380 578.040222
0 1478245224 731.366333 318.770935
0 1524852325 1527.265625 855.148315
0 1478219190 543.326172 397.563232
0 1578525682 912.597168 544.069397
0 1478232206 581.510376 378.142578
0 1524818280 1609.344604 777.474548
0 1524850322 1554.047852 916.719482
0 1438996635 950.673401 474.958649
0 1524832299 1623.492432 803.399231
0 1478242220 683.811523 326.111725
0 1438999639 1124.296265 564.759338
0 1478196161 718.359314 343.659424
0 1478252234 755.019531 362.280060
0 1524803261 1727.618408 781.058105
0 1478211179 542.071045 367.799255
0 1578523680 907.693665 575.749878
0 1578530689 1092.492310 548.309814
0 1568508653 1119.607666 519.263062
0 1524826290 1568.570312 950.106079
0 1524847319 1670.480469 889.501099
0 1524810270 1534.190430 705.686157
0 1524835302 1583.271118 802.148865
0 1524821284 1889.804443 896.893921
0 1524799257 1638.359131 830.641357
0 1478233208 657.706848 369.903809
0 1608354172 862.939392 499.517303
0 1524835303 1471.083130 725.986755
0 1478251232 766.873962 335.883575
0 1524812273 1491.931885 773.917236
0 1706512175 1095.737061 597.322083
0 1438986622 873.544617 591.742249
0 1478211180 651.584778 342.502380
0 1524823286 1824.542847 864.895935
0 1478223195 732.021973 361.868408
0 1478244223 668.596741 351.635345
0 1438987623 885.674744 528.428894
0 1478193157 640.367371 360.227753
0 1478198164 705.465637 326.475250
0 1524862339 1704.237061 805.909424
0 1478236212 664.404602 399.882294
0 1478240217 694.046021 390.182343
0 1478214183 640.592834 325.386230
0 1578521678 1090.525757 518.604736
0 1524844314 1540.299805 885.113098
0 1524848320 1620.488525 730.293457
0 1524806265 1597.098145 829.324402
0 1524787243 1687.866455 921.359497
0 1478241219 628.479919 379.011871
0 1524799256 1543.149780 800.901611
0 1478190154 615.860596 398.952515
0 1478226198 634.511108 369.481628
0 1478208176 578.629028 350.051025
0 1478214184 746.524292 381.196594
0 2084722944 914.913452 529.104187
0 1578522679 1032.299805 546.890930
0 1524825289 1891.630737 961.637695
0 1774531078 1091.490723 533.182312
0 1525674169 1032.182739 562.542603
0 1478197162 575.987915 324.301727
0 1524815276 1503.128296 799.657288
0 1768901071 905.095764 592.534546
0 1578526684 972.335144 545.477478
0 1478182144 662.187256 325.748718
0 1524853326 1509.687378 915.181274
0 1478218189 713.099609 400.814941
0 1578513667 974.728455 515.983459
0 1438983618 947.554871 501.395264
0 1478224196 675.590942 379.883820
0 1478247227 624.690125 317.007843
0 1524792248 1717.716431 710.850220
0 1524795252 1868.031128 927.606628
0 1524808267 1648.673218 778.666199
0 1478191155 598.412231 388.381989
0 1524856330 1752.386230 956.667419
0 1478236211 763.034241 344.433563
0 1478258242 582.222473 316.306000
0 1478212181 646.156006 389.280792
0 1478185147 704.201538 370.749969
0 1568502645 1060.687378 490.374237
0 1568508652 945.910950 515.331177
0 1438984619 896.142151 473.794128
0 1659977623 988.706604 523.487732
0 1478209177 688.608643 318.064240
0 1438982617 1002.955872 531.137512
0 1524805264 1658.057251 731.376343
0 1771287074 1087.830200 477.887726
0 2087111947 910.192261 559.606873
0 1524817279 1485.241211 853.770386
0 1524795251 1626.969971 888.034546
0 1478230204 663.230774 360.637024
0 1478230203 597.493164 324.662720
0 1524847318 1744.761230 807.169250
0 1578516671 1032.919067 464.102112
0 1568513659 1002.289124 546.183594
0 1578529687 1088.697144 490.983948
0 1524819282 1569.400146 856.529907
0 1478253235 652.017761 379.447510
0 1524836304 1679.725952 831.961670
0 1478243221 619.028137 325.024231
0 1568501644 898.538513 461.285858
0 1438998637 1118.156494 505.181702
0 1524816278 1570.729004 706.714355
0 1705773174 1031.934448 595.719849
0 1524845316 1845.083252 959.976196
0 1524842312 1798.668579 958.319458
0 1568507651 1125.981812 581.115112
0 1438999638 879.841370 558.876404
0 1478252233 750.834595 371.598663
0 1438993630 936.710144 593.328491
0 1478237214 558.078491 377.708893
0 1524857332 1788.697021 758.471252
0 1478248228 686.127625 361.046906
0 1478225197 567.466919 398.025635
0 1524859335 1714.108398 890.971680
0 1524832298 1654.001099 859.303955
0 1478200166 519.222717 397.101593
0 1478250231 740.680908 344.046234
0 1478245225 565.129761 368.218933
0 1438995633 1063.803589 596.520142
0 1524804263 1688.097656 779.860657
0 1524839308 1696.468384 860.696472
0 1524849321 1508.304688 727.059692
0 1568512658 1063.306152 579.574646
0 1568514661 1061.496948 517.947632
0 1478231205 748.863892 327.203735
0 1773608077 971.069885 561.071838
0 1438977615 1005.393555 476.127228
0 1524834301 1711.288086 756.184204
0 1607644171 923.384216 474.375885
0 1524800258 1777.698608 924.474365
0 1568504647 876.754272 574.989380
0 1568500642 1003.598450 516.637024
0 1478256239 691.169678 352.032837
0 1524815277 1607.350342 707.744751
0 1568503646 1059.932739 464.668274
0 1478220191 571.977051 359.003540
0 1478207174 678.880981 334.382996
0 1524841311 1806.950684 783.461731
0 1478213182 588.222656 368.639191
0 1524813274 1634.247681 753.908081
0 1568516663 882.812683 543.367371
0 1578517672 845.875488 574.230408
0 1578527685 925.323364 461.847198
0 1478240218 713.775269 352.430939
0 1478215185 574.594910 387.933624
0 1524838307 1644.055420 708.777588
0 1478197163 696.069458 343.273193
0 1478221192 736.413452 352.829590
0 1524819281 1732.720215 922.914795
0 2086284946 1032.412598 531.817810
0 1524824288 1452.984009 772.737183
0 1524802260 1754.673096 711.890198
0 1478226199 646.056213 351.238434
0 1578518673 859.772949 513.381287
0 1438981616 1000.129272 594.921143
0 1478238215 591.645020 398.488708
0 1609135173 1089.595093 504.547791
0 1524837305 1733.457886 733.549805
0 1524793249 1595.864990 752.774109
0 1568515662 1116.756348 491.594696
0 1568516664 1122.674438 549.021240
0 1438991628 1121.112671 533.866394
0 1478249230 640.113770 399.417023
0 1438996634 1001.596741 561.806580
0 1578519675 865.995483 486.136230
0 1524829295 1804.464966 835.943054
0 1524864341 1672.722046 755.044800
0 1478255238 534.681702 377.275879
0 1438993631 1115.404419 478.476593
0 1524788244 1583.007080 729.213013
0 1772785076 849.548706 558.147461
0 1524828293 1555.942383 828.010803
0 1478203171 549.246643 358.596680
0 1524798255 1643.136841 919.808533
0 1478199165 617.537354 359.819092
0 1578528686 1032.521240 517.291748
0 1478192156 601.072449 350.446259
0 1478228201 722.815735 335.132233
0 1772037075 1093.532349 564.018982
0 1578515670 1032.727173 489.765594
0 1524851323 1663.814331 804.652771
0 1478218188 562.993042 340.967316
0 1478202169 709.057983 361.457336
0 1478254236 569.580444 332.519043
0 1478246226 527.069031 387.038940
0 1524809269 1762.778442 834.612488
0 1524822285 1598.530762 918.261841
0 1524841310 1461.361450 703.636902
0 1478235210 603.441895 316.656708
0 1578515669 871.799133 460.725464
0 1524854328 1721.198975 833.285400
0 0 993.518127 139.600739
0 1 1320.796021 248.073792
0 2 1638.744751 368.389221
0 3 1430.440918 270.863373
0 4 1268.297974 237.355301
0 5 1868.054565 891.894043
0 6 535.085815 645.688354
0 7 659.400757 938.060913
0 8 998.428223 130.658554
0 9 813.645142 120.410339
0 10 538.030518 892.190369
0 11 1053.389526 150.075272
0 12 1197.724609 190.803375
0 13 647.576050 619.582336
0 14 1613.466919 402.822296
0 16 753.599243 110.046539
0 17 1537.671143 339.615448
0 19 830.333435 113.492432
0 21 1301.038696 228.900345
0 22 440.828125 191.922318
0 23 1054.091064 586.641602
0 24 516.226501 296.411499
0 25 1224.149536 565.750916
0 26 1275.562988 415.872894
0 27 693.781616 489.718384
0 28 825.063293 332.253723
0 29 685.312012 453.357819
0 30 585.469910 271.010925
0 31 1148.794067 586.032837
0 33 1245.050659 384.523102
0 35 578.145447 249.360428
0 36 859.075439 253.164368
0 37 575.357056 211.930344
0 39 84.323753 352.061768
0 40 531.933594 253.322968
0 44 1806.696899 274.444244
0 46 201.416016 274.275726
0 55 405.245087 184.466232
0 73 456.398315 347.485321
0 77 22.602606 599.466248
0 81 86.377213 781.028259
0 100 476.616547 200.242859
0 101 1894.787231 1025.390869
0 104 1124.408203 194.285477
