0 1578512666 1006.006958 593.496216
0 1524823287 1209.315308 369.498291
0 1478234209 310.386383 788.215698
0 1707269176 808.810181 594.630859
0 1438989626 1032.025879 528.601257
0 1524801259 1207.307373 425.163269
0 1438992629 979.203979 553.515442
0 1478227200 260.772369 910.584656
0 1524854327 1140.000977 425.858368
0 1478249229 241.050339 1000.329102
0 1524807266 1352.689819 441.743988
0 1524863340 1274.216675 376.061432
0 1524831297 1342.668091 423.765320
0 1478229202 299.220734 910.701172
0 1568509654 952.411072 553.699158
0 1524790246 1277.825806 383.548615
0 1578523681 796.105530 542.367188
0 1478207175 180.657364 968.481628
0 1524861337 1148.133545 370.223297
0 1478210178 167.095291 883.437012
0 1524862338 1306.098633 442.202209
0 1478186149 241.737839 883.606812
0 1524797254 1333.210327 406.798523
0 1578518674 836.850037 594.469482
0 1438985621 819.037354 554.613953
0 1524857331 1191.318848 377.027161
0 1478203170 145.923416 910.236389
0 1438994632 977.167297 608.035950
0 1578520676 1006.045532 540.855225
0 1478237213 527.041504 766.783508
0 1568511657 948.383911 608.190186
0 1775370079 1034.353638 593.333130
0 1478195160 259.041382 767.051392
0 1568510655 1005.996338 607.881531
0 1478257240 481.748901 788.146362
0 1578521677 888.767456 623.392517
0 1524794250 1151.938110 384.989288
0 1524812272 1182.311035 416.804108
0 1769859072 921.231201 593.984009
0 1578525683 1006.026855 566.247498
0 1770636073 859.580933 623.536926
0 1524846317 1298.891479 383.307556
0 1524833300 1204.453247 416.570221
0 1568511656 799.610229 530.352234
0 1438985620 872.269043 554.248840
0 1478185148 242.299576 788.243286
0 1707993177 793.302551 655.308472
0 1478189152 516.219238 788.132446
0 1524791247 1256.784180 383.789459
0 1524830296 1281.533447 391.240540
0 2088218948 869.909790 567.132690
0 1524827292 1212.008179 376.786133
0 1606348170 815.747864 567.484985
0 1524855329 1236.433228 442.887329
0 1478183145 560.825562 766.749695
0 1438990627 919.646057 608.344177
0 1524840309 1170.653076 377.267914
0 1478222194 420.962708 833.795044
0 1709860179 1036.546509 654.316711
0 1478188151 415.065674 911.052368
0 1438988624 867.466064 580.477356
0 1478243222 424.218964 969.618713
0 1524843313 1291.210693 368.527863
0 1524844315 1337.871826 415.160858
0 1524858333 1250.217163 369.013611
0 1524811271 1259.625488 442.659241
0 1524859334 1229.754761 369.256104
0 1478216186 447.344727 788.160278
0 1524851324 1131.041016 385.228455
0 1524814275 1187.451782 434.237701
0 1578514668 830.441467 623.681152
0 1478184146 469.642761 810.459534
0 1524829294 1260.202393 391.480133
0 1478176143 467.560211 884.120544
0 1524860336 1190.136597 443.342621
0 1478222193 320.351929 939.175659
0 1438997636 925.657654 553.882690
0 1478194158 493.039795 833.857788
0 1478201168 202.073410 938.722778
0 1478187150 259.564331 810.413635
0 1478205172 222.406845 910.468323
0 1524838306 1297.436646 424.232422
0 1568514660 776.637085 609.110413
0 1524865342 1143.956909 443.796814
0 2085418945 914.516663 654.814209
0 1524808268 1184.844360 425.395233
0 1478200167 296.695007 858.094666
0 1478194159 241.412292 938.873413
0 1568501643 833.705139 608.804626
0 1478239216 540.220886 810.474915
0 1524820283 1160.195679 417.037720
0 1438989625 856.750122 638.995789
0 1568505649 839.882507 580.646606
0 1478255237 292.322205 767.018127
0 1524804262 1167.032104 443.569855
0 1568506650 827.052246 639.130066
0 1478217187 392.539001 766.917969
0 1568505648 886.496826 638.861328
0 1568497640 784.841248 580.984314
0 1578511665 780.813660 594.791931
0 1478258241 277.674927 833.670227
0 1524796253 1271.040894 415.866821
0 1478206173 221.020340 968.670105
0 1524826291 1255.917480 433.547241
0 1578529688 944.947327 654.690186
0 1478233207 206.460709 833.608154
0 1708834178 864.933411 594.307922
0 1478189153 376.367126 910.934998
0 1568499641 1006.017151 579.627319
0 1478245224 224.790649 810.406067
0 1524852325 1278.796509 433.316498
0 1478219190 465.137634 969.809692
0 1578525682 947.281799 623.103027
0 1478232206 399.642578 939.479187
0 1524818280 1201.679077 408.218109
0 1524850322 1324.640381 432.854187
0 1438996635 805.148560 608.957642
0 1524832299 1223.535400 407.982208
0 1478242220 223.657272 857.981079
0 1524789245 1311.741821 368.284546
0 1438999639 980.119995 528.992310
0 1478196161 329.316132 810.428894
0 1478252234 426.070007 766.884460
0 1524803261 1193.804443 384.510162
0 1478211179 324.419525 1000.792297
0 1578523680 1005.985474 622.812683
0 1578530689 953.332214 541.234863
0 1568508653 902.538330 529.576782
0 1524826290 1347.605347 432.622589
0 1524847319 1289.261475 407.272858
0 1524810270 1138.107300 417.271057
0 1524835302 1226.622192 416.336029
0 1524821284 1270.702393 368.770874
0 1524799257 1245.417969 407.746033
0 1478233208 406.815735 858.266052
0 1608354172 853.808167 655.061768
0 1524835303 1164.686768 434.467255
0 1478251232 325.665253 766.984863
0 1524812273 1210.245239 434.007843
0 1706512175 1032.459717 540.664978
0 1438986622 1035.966553 638.185669
0 1478211180 279.176971 883.691956
0 1524823286 1253.456909 376.303284
0 1478223195 413.006561 788.174194
0 1478244223 333.326416 858.151733
0 1438987623 916.292419 638.726624
0 1478193157 354.291931 883.862915
0 1478198164 242.032181 833.639160
0 1524862339 1217.614502 391.958496
0 1478236212 529.187317 833.889282
0 1478240217 504.897095 810.467224
0 1478214183 184.123978 910.352234
0 1578521678 900.771545 541.613403
0 1524844314 1301.704102 433.085510
0 1524848320 1155.953003 400.570953
0 1524806265 1248.818115 416.101562
0 1524787243 1311.222900 407.035828
0 1478241219 429.724304 884.034485
0 1524799256 1229.798096 424.930969
0 1478190154 505.476196 884.206909
0 1478226198 391.968292 883.948608
0 1478208176 261.475128 968.858948
0 1478214184 493.321106 766.817200
0 2084722944 918.000977 623.247986
0 1578522679 951.457458 566.602417
0 1524825289 1315.806763 375.576935
0 1774531078 927.032837 541.424255
0 1525674169 978.721741 566.425110
0 1478197162 116.724632 999.638489
0 1524815276 1233.067017 433.777679
0 1768901071 1035.408447 622.667053
0 1578526684 949.445801 593.821655
0 1478182144 204.377411 883.521790
0 1524853326 1329.379395 441.973236
0 1478218189 550.755981 788.118469
0 1578513667 893.060425 594.146057
0 1438983618 862.306824 608.651428
0 1478224196 456.964966 833.826355
0 1478247227 123.655899 938.422607
0 1524792248 1129.391479 377.748596
0 1524795252 1294.999878 375.819336
0 1524808267 1198.981567 400.096924
0 1478191155 453.848175 911.169983
0 1524856330 1328.678345 398.668243
0 1478236211 359.070862 766.951416
0 1478258242 75.475609 999.409302
0 1478212181 480.608429 858.380798
0 1478185147 434.457703 810.451843
0 1568502645 845.633667 554.431519
0 1568508652 890.953796 608.497925
0 1438984619 797.403076 639.264099
0 1659977623 908.038391 587.081543
0 1478209177 187.250519 857.924438
0 1438982617 922.759521 580.138123
0 1524805264 1153.918213 392.673981
0 1771287074 822.215393 542.179138
0 2087111947 976.609863 622.957947
0 1524817279 1282.847290 442.430847
0 1524795251 1293.290894 415.631775
0 1478230204 370.033264 858.208801
0 1478230203 140.385880 968.293640
0 1524847318 1214.773682 384.270172
0 1578516671 788.727661 567.660706
0 1568513659 950.469666 579.968140
0 1578529687 848.362915 541.990845
0 1524819282 1274.862671 424.465607
0 1478253235 443.674011 858.323364
0 1524836304 1242.111816 399.621826
0 1478243221 162.821381 938.572571
0 1568501644 767.802490 639.397949
0 1438998637 876.751465 529.771057
0 1524816278 1136.266479 408.924072
0 1705773174 1033.373169 566.069641
0 1524845316 1319.981445 383.066223
0 1524842312 1324.270508 390.760468
0 1568507651 1006.054443 528.796936
0 1438999638 976.030884 638.456604
0 1478252233 459.664001 766.850830
0 1438993630 1034.871216 607.726868
0 1478237214 383.393677 969.428101
0 1524857332 1168.504639 369.981873
0 1478248228 385.032806 833.763733
0 1478225197 479.286591 939.784058
0 1524859335 1285.343994 399.145599
0 1524832298 1267.326660 407.509583
0 1478200166 450.208435 1001.491150
0 1478250231 344.527649 788.201904
0 1478245225 342.661499 969.237915
0 1438995633 1032.908569 553.147095
0 1524804263 1196.357666 392.197266
0 1524839308 1263.715088 399.383850
0 1524849321 1162.408936 425.626953
0 1568512658 1006.036377 553.331421
0 1568514661 898.943726 554.065918
0 1478231205 276.310455 788.229492
0 1773608077 977.704346 593.659119
0 1438977615 812.340942 580.815552
0 1524834301 1172.859253 384.749847
0 1607644171 801.348877 623.825073
0 1524800258 1302.889526 391.000641
0 1568504647 1005.973999 638.321228
0 1568500642 895.091675 580.307861
0 1478256239 349.175018 833.732483
0 1524815277 1134.476562 400.807526
0 1568503646 792.480103 554.796082
0 1478220191 302.022125 969.048218
0 1478207174 260.138672 858.037781
0 1524841311 1188.898560 369.740234
0 1478213182 359.953247 939.327271
0 1524813274 1177.454590 400.334076
0 1568516663 946.137085 638.591736
0 1578517672 1005.962219 654.441467
0 1578527685 772.303040 623.968750
0 1478240218 364.294525 810.436584
0 1478215185 439.420319 939.631409
0 1524838307 1132.735352 392.911926
0 1478197163 313.389130 833.701294
0 1478221192 378.734283 788.188049
0 1524819281 1306.998413 398.907043
0 2086284946 924.234131 566.779419
0 1524824288 1213.270264 443.115143
0 1524802260 1127.785156 370.464417
0 1478226199 316.694885 883.777344
0 1578518673 884.136963 654.938110
0 1438981616 1033.854736 579.456543
0 1478238215 492.714905 911.287781
0 1609135173 874.548279 541.802246
0 1524837305 1150.010620 377.508362
0 1524793249 1179.848755 408.453705
0 1568515662 851.001160 529.965027
0 1568516664 954.222595 529.187439
0 1438991628 928.362061 529.382263
0 1478249230 517.619080 858.438416
0 1438996634 978.222168 579.797852
0 1578519675 823.530090 655.185242
0 1524829295 1232.720825 376.544861
0 1524864341 1175.125610 392.435760
0 1478255238 366.250793 1001.024719
0 1438993631 825.287415 530.158752
0 1524788244 1158.044678 408.689026
0 1772785076 975.429138 654.565857
0 1524828293 1252.316528 424.698425
0 1478203171 282.686127 1000.560486
0 1524798255 1315.567749 415.396454
0 1478199165 337.752228 910.817993
0 1578528686 897.051514 566.956177
0 1478192156 280.838379 939.024353
0 1478228201 294.406097 810.421265
0 1772037075 979.669739 541.045166
0 1578515670 842.808533 567.308960
0 1524851323 1220.534058 399.859528
0 1478218188 199.511688 1000.098389
0 1478202169 399.341705 810.444153
0 1478254236 158.069901 999.868164
0 1478246226 408.180298 1001.257629
0 1524809269 1235.766846 384.029938
0 1524822285 1320.038452 423.999023
0 1524841310 1141.950073 434.696564
0 1478235210 100.205627 968.106079
0 1578515669 763.125610 655.431519
0 1524854328 1238.895996 391.719452
0 0 768.170898 316.618134
0 2 1531.688599 544.521790
0 3 1161.688477 324.381927
0 4 966.122498 322.855194
0 6 1365.308594 711.608704
0 7 1453.352783 725.941833
0 10 1533.671753 693.884277
0 11 399.809418 376.273163
0 13 1490.291260 780.045532
0 14 302.611938 411.458984
0 16 44.975803 456.849213
0 19 474.243225 358.251556
0 20 1295.519409 382.636780
0 23 701.793457 703.540649
0 24 173.906433 946.734314
0 25 1097.956787 741.025085
0 26 530.778320 592.290405
0 27 482.733826 688.770630
0 28 1010.213379 740.592957
0 29 606.179321 715.226624
0 31 1083.511230 606.183289
0 33 493.633240 627.895569
0 35 11.919162 948.828979
0 43 182.280685 438.340637
0 104 150.218903 672.300781
0 108 1052.235718 227.767578
0 109 1287.840210 251.062805
0 110 1326.547607 447.181824
0 114 1277.120605 424.844666
0 131 580.311523 257.068085
0 132 304.032959 470.993530
0 138 149.179871 602.708618
0 143 1341.704346 223.287506
0 148 1890.072266 1066.607788
0 154 1514.720093 321.630219
0 155 1448.643433 295.376495
0 156 1459.311279 329.229492
0 159 1361.057007 342.943665
0 160 1397.812256 327.569855
0 161 1482.739136 309.602844
0 163 1506.119873 299.165924
0 164 1532.256348 287.576294
0 166 1513.984741 258.509827
0 167 1496.593506 223.054321
0 168 1479.735840 210.169342
