0 1578512666 934.475037 721.278259
0 1524823287 1314.450439 1079.600220
0 1478234209 1021.327515 549.845154
0 1707269176 1037.108154 668.800110
0 1438989626 1014.816833 765.343140
0 1524801259 1113.237305 960.105713
0 1438992629 1006.427185 733.106262
0 1478227200 943.351196 537.423218
0 1524854327 1167.292725 915.812622
0 1478249229 894.160583 531.909790
0 1524807266 929.625916 1033.491211
0 1524831297 985.854614 1064.483154
0 1478229202 932.058716 541.566650
0 1568509654 1021.589844 724.727905
0 1578523681 1123.892944 684.443176
0 1478207175 929.094849 527.104309
0 1524861337 1364.194214 1022.593445
0 1478210178 988.939148 528.509888
0 1524862338 975.957275 998.371155
0 1478186149 967.407776 536.550720
0 1578518674 1023.489746 675.763428
0 1438985621 1091.904907 685.874146
0 1524857331 1297.367310 1044.175415
0 1478203170 976.039551 525.429382
0 1438994632 932.317444 706.866089
0 1578520676 1010.518127 748.825623
0 1478237213 966.934448 581.356140
0 1568511657 947.754944 699.163818
0 1775370079 918.295715 729.550964
0 1478195160 1056.474121 544.637512
0 1568510655 916.489929 714.762939
0 1478257240 964.664368 572.633545
0 1578521677 960.132507 678.552002
0 1524794250 1298.141846 994.076660
0 1524812272 1159.996338 957.304993
0 1769859072 980.624756 697.681030
0 1578525683 971.648621 734.744751
0 1770636073 974.542786 671.531982
0 1524833300 1141.570068 973.041809
0 1568511656 1143.219849 690.346558
0 1438985620 1064.823975 700.838196
0 1478185148 1042.546509 541.311462
0 1707993177 968.969421 647.568848
0 1478189152 952.663147 577.460083
0 2088218948 1046.011719 694.731506
0 1524827292 1279.740479 1063.283936
0 1606348170 1073.266113 680.066528
0 1524855329 1039.379150 950.296204
0 1478183145 954.733093 586.359619
0 1438990627 962.816650 691.649048
0 1524840309 1314.321045 1025.796753
0 1478222194 948.741821 560.600220
0 1709860179 848.432495 703.644104
0 1478188151 896.914490 554.461609
0 1438988624 1027.589111 688.751343
0 1478243222 859.103516 551.918640
0 1524811271 1018.990967 965.750854
0 1478216186 976.434204 567.900024
0 1524851324 1314.205322 977.555237
0 1524814275 1104.592163 932.715759
0 1578514668 988.618103 664.675232
0 1478184146 950.667419 568.879211
0 1524829294 1174.936646 1070.220825
0 1478176143 897.897278 562.509277
0 1524860336 1078.089233 920.953308
0 1478222193 907.704224 542.454956
0 1438997636 1036.367188 716.562378
0 1478194158 924.827820 569.861145
0 1478201168 941.672485 530.205444
0 1478187150 1018.278931 542.201599
0 1478205172 954.441956 533.353882
0 1524838306 1031.551270 1027.039307
0 1568514660 1032.940430 656.661865
0 1524865342 1114.269043 893.528381
0 2085418945 911.546570 674.282715
0 1524808268 1131.882690 944.827759
0 1478200167 969.549500 543.989075
0 1478194159 930.552246 534.215576
0 1568501643 1005.879028 670.163696
0 1478239216 926.354736 578.472290
0 1524820283 1177.783081 942.114197
0 1438989625 957.564270 666.020569
0 1568505649 1041.460938 681.477722
0 1478255237 1046.008179 548.929382
0 1524804262 1096.479614 907.013062
0 1568506650 971.696655 659.294678
0 1478217187 1013.412415 562.296326
0 1568505648 943.098877 672.904968
0 1568497640 1068.230469 667.441162
0 1578511665 1050.410889 661.998169
0 1478258241 993.946716 543.094177
0 1524796253 1082.090210 1023.840149
0 1478206173 917.947266 531.056519
0 1524826291 1046.018555 978.842224
0 1578529688 896.333496 681.359985
0 1478233207 1015.331848 534.812561
0 1708834178 1009.544434 682.893860
0 1478189153 908.846313 550.083618
0 1568499641 952.856812 727.937256
0 1478245224 1028.833984 538.036926
0 1524852325 1025.056885 995.349548
0 1478219190 846.672852 556.325806
0 1578525682 930.257446 693.105591
0 1478232206 884.008545 550.999939
0 1524818280 1170.786255 986.381287
0 1524850322 980.730652 1030.256226
0 1438996635 1019.566833 663.334473
0 1524832299 1151.925293 1003.201233
0 1478242220 991.401245 535.680481
0 1438999639 1046.012939 747.122375
0 1478196161 996.580017 550.763428
0 1478252234 1002.128540 566.923645
0 1524803261 1264.169312 1029.017944
0 1478211179 870.800476 540.054626
0 1578523680 898.888733 708.386780
0 1578530689 1041.073853 731.473877
0 1568508653 1089.808594 721.542542
0 1524826290 957.272583 1048.729492
0 1524847319 1090.885620 1057.636230
0 1524810270 1194.963379 927.441589
0 1524835302 1122.469238 989.354675
0 1524799257 1132.349731 1020.658630
0 1478233208 935.229492 557.038330
0 1608354172 940.920166 660.617737
0 1524835303 1122.800659 918.376648
0 1478251232 1035.346313 553.301575
0 1524812273 1085.748535 947.554993
0 1706512175 994.619995 757.853760
0 1438986622 865.337891 709.913086
0 1478211180 956.348694 540.680664
0 1478223195 987.979065 563.257019
0 1478244223 958.320801 548.258484
0 1438987623 928.288452 679.953552
0 1478193157 933.616882 549.169800
0 1478198164 1004.736084 538.915833
0 1524862339 1213.736450 1032.257080
0 1478236212 912.520569 574.627258
0 1478240217 938.629578 573.628967
0 1478214183 965.336365 529.356567
0 1578521678 1070.080078 715.002014
0 1524844314 1003.309265 1012.475708
0 1524848320 1236.124390 967.301880
0 1524806265 1102.656250 1006.275940
0 1524787243 1068.904175 1077.239136
0 1478241219 910.028198 557.978943
0 1524799256 1093.919922 975.934448
0 1478190154 885.533264 567.126526
0 1478226198 921.932739 553.533264
0 1478208176 906.600037 535.079468
0 1478214184 978.896240 576.450745
0 2084722944 945.374878 685.741150
0 1578522679 1002.529236 718.128479
0 1774531078 1055.763184 723.132202
0 1525674169 987.287964 726.329590
0 1478197162 927.684204 520.221313
0 1524815276 1066.236206 962.921021
0 1768901071 882.608887 716.317566
0 1578526684 965.624634 705.350891
0 1478182144 978.269470 532.494446
0 1524853326 953.227051 1015.601135
0 1478218189 940.423584 582.382568
0 1578513667 995.260254 690.197632
0 1438983618 991.866089 677.155273
0 1478224196 936.899353 565.186340
0 1478247227 963.331848 522.394714
0 1524792248 1346.357300 991.067688
0 1524808267 1200.927856 1000.143250
0 1478191155 884.757568 558.922119
0 1478236211 1024.483032 557.756470
0 1478258242 938.475220 516.458862
0 1478212181 911.252258 566.155090
0 1478185147 962.474915 564.220337
0 1568502645 1078.530151 693.264648
0 1568508652 977.515991 684.314941
0 1438984619 985.507263 652.721863
0 1659977623 997.015442 696.941711
0 1478209177 1002.035034 531.637207
0 1438982617 998.811035 703.841187
0 1524805264 1266.652222 980.481628
0 1771287074 1110.932617 691.802979
0 2087111947 914.766724 700.651855
0 1524817279 997.863892 981.765564
0 1524795251 1060.727783 1042.084717
0 1478230204 946.882812 552.607483
0 1478230203 940.047974 523.221069
0 1524847318 1246.188110 1047.511841
0 1578516671 1086.409912 672.994080
0 1568513659 983.878540 711.671021
0 1578529687 1097.651855 699.344788
0 1524819282 1053.118164 1009.367371
0 1478253235 923.354736 561.553467
0 1524836304 1163.020264 1035.514526
0 1478243221 952.597290 526.265747
0 1568501644 999.007080 646.297058
0 1438998637 1103.668335 713.447510
0 1524816278 1223.451782 939.414429
0 1705773174 955.595520 743.382568
0 1568507651 1030.625610 756.109741
0 1438999638 897.582214 694.567322
0 1478252233 990.625305 571.640869
0 1438993630 900.257324 722.862000
0 1478237214 871.305420 547.592651
0 1524857332 1348.256714 1040.857910
0 1478248228 960.361633 556.100342
0 1478225197 859.417175 559.867981
0 1524859335 1122.075317 1073.719727
0 1524832298 1112.018066 1038.790283
0 1478200166 834.130920 552.839966
0 1478250231 1010.419800 554.231995
0 1478245225 883.284851 543.345520
0 1438995633 974.884766 750.535461
0 1524804263 1232.039795 1014.348267
0 1524839308 1142.949829 1054.242065
0 1524849321 1149.890381 930.072083
0 1568512658 990.864258 741.705750
0 1568514661 1050.774048 708.601685
0 1478231205 1032.034668 545.539062
0 1773608077 950.246216 713.214111
0 1438977615 1055.004150 674.376343
0 1524834301 1281.474731 1011.218994
0 1607644171 1002.369934 657.976135
0 1568504647 881.659424 702.145325
0 1568500642 1013.376709 696.203613
0 1478256239 971.765076 551.684204
0 1524815277 1252.795288 951.746521
0 1568503646 1104.960205 678.660278
0 1478220191 895.047791 539.175171
0 1478207174 980.574402 539.797119
0 1524841311 1331.688232 1059.845459
0 1478213182 895.965271 546.688171
0 1524813274 1218.846558 983.423584
0 1568516663 913.120605 687.172241
0 1578517672 864.790222 696.034363
0 1578527685 1015.809082 651.429199
0 1478240218 985.424988 555.164856
0 1478215185 871.827942 555.392395
0 1524838307 1283.032471 964.454285
0 1478197163 982.958252 547.349548
0 1478221192 999.305664 558.701782
0 2086284946 1017.387634 710.133484
0 1524824288 1059.066650 935.372681
0 1524802260 1379.535889 1005.011597
0 1478226199 945.086975 544.886353
0 1578518673 926.404724 667.370422
0 1438981616 936.737244 736.389526
0 1478238215 872.368958 563.467712
0 1609135173 1084.038452 707.075378
0 1524837305 1330.639404 1008.106812
0 1524793249 1188.970825 970.164368
0 1568515662 1117.181641 705.554688
0 1568516664 1060.995605 738.371521
0 1438991628 1075.589111 729.847717
0 1478249230 898.915283 570.845886
0 1438996634 968.565430 719.700439
0 1578519675 955.104675 654.018921
0 1524864341 1249.666016 997.101807
0 1478255238 858.800476 544.238586
0 1438993631 1130.361450 697.856812
0 1524788244 1206.515015 954.518555
0 1772785076 880.752502 688.608459
0 1524828293 1073.893555 992.344116
0 1478203171 882.585266 535.945679
0 1524798255 1038.521484 1061.049805
0 1478199165 920.559021 545.786011
0 1578528686 1031.877197 702.336975
0 1478192156 919.231262 538.298035
0 1478228201 1007.529358 546.443115
0 1772037075 1025.997314 740.035400
0 1578515670 1059.803833 687.310242
0 1524851323 1182.332153 1017.494751
0 1478218188 905.532043 527.945007
0 1478202169 974.058594 559.649658
0 1478254236 916.704834 524.049438
0 1478246226 846.579346 548.499634
0 1524809269 1227.490723 1066.742310
0 1524822285 1009.146790 1045.397583
0 1524841310 1140.405640 904.512756
0 1478235210 950.811707 519.404907
0 1578515669 982.525085 641.262634
0 1524854328 1194.716431 1050.867310
0 0 1083.349854 973.017761
0 1 1332.818604 808.769043
0 2 1411.229736 667.947144
0 3 1245.583496 589.274719
0 4 1346.461304 578.812378
0 5 753.168030 536.847656
0 6 1310.801636 600.156128
0 7 1049.118530 535.466248
0 8 1021.785950 548.594849
0 9 580.139648 775.345520
0 10 1068.547607 518.332458
0 11 565.688721 582.704346
0 12 1242.694214 944.230896
0 13 702.106567 548.026917
0 14 1421.490356 826.460266
0 15 720.251587 720.658569
0 16 920.695007 512.574951
0 17 1127.996094 1030.315308
0 18 900.662354 500.885376
0 19 1317.985718 732.665771
0 20 622.922302 805.867432
0 21 1149.088135 528.168091
0 22 737.249878 872.690796
0 23 1432.330688 773.019653
0 24 648.249268 556.093872
0 25 1246.721069 797.392517
0 26 1007.416748 812.126892
0 27 433.729309 681.663818
0 28 944.994568 954.363098
0 29 1539.584839 624.408386
0 30 1290.752197 574.751831
0 31 836.665527 508.034332
0 32 707.512451 646.232239
0 33 866.121582 748.310547
0 34 698.861206 695.369629
0 35 508.643646 595.701782
0 36 1322.696167 764.439880
0 37 877.525330 574.176575
0 38 1027.710083 1017.715759
0 39 672.049500 668.894836
