0 1578512666 891.278198 772.261536
0 1707269176 604.248230 762.200500
0 1438989626 937.676086 643.084167
0 1438992629 859.365540 689.052490
0 1568509654 821.202820 687.693481
0 1578523681 600.510193 654.857178
0 1578518674 645.321228 763.640198
0 1438985621 630.090759 680.887756
0 1438994632 847.034180 800.810486
0 1578520676 899.400696 665.551880
0 1568511657 805.050476 799.347473
0 1775370079 932.190979 773.695557
0 1568510655 888.993835 802.272644
0 1578521677 714.295654 827.855530
0 1769859072 768.402710 767.954529
0 1578525683 895.528259 716.425720
0 1770636073 671.158142 826.361633
0 1568511656 608.832703 631.264343
0 1438985620 706.595276 683.612122
0 1707993177 563.260498 891.167297
0 2088218948 700.167847 709.503418
0 1606348170 621.877930 706.729309
0 1438990627 763.042786 797.883667
0 1709860179 926.736206 903.585388
0 1438988624 693.434021 736.628906
0 1578514668 627.995422 824.866882
0 1438997636 783.020142 686.333740
0 1568514660 552.642944 790.551880
0 2085418945 745.223267 897.383972
0 1568501643 636.875183 793.487122
0 1438989625 662.950317 859.424866
0 1568505649 653.364624 735.216553
0 1568506650 618.647461 857.900696
0 1568505648 707.226440 860.948181
0 1568497640 573.160095 732.389587
0 1578511665 563.152283 760.760071
0 1578529688 790.643616 898.935852
0 1708834178 686.371338 765.079102
0 1568499641 893.453796 743.679077
0 1578525682 800.494507 830.840698
0 1438996635 594.771118 792.019897
0 1438999639 864.727051 640.462158
0 1578523680 886.592346 833.822388
0 1578530689 824.792053 662.882324
0 1568508653 755.167236 636.524109
0 1608354172 654.298279 894.277588
0 1706512175 936.676514 666.885681
0 1438986622 928.207520 868.550842
0 1438987623 751.475952 862.470520
0 1578521678 750.107544 660.209961
0 2084722944 757.407715 829.348572
0 1578522679 817.446472 713.658997
0 1774531078 787.459290 661.546509
0 1525674169 856.497803 715.042725
0 1768901071 929.603394 835.311951
0 1578526684 809.384094 769.390930
0 1578513667 727.398499 766.517212
0 1438983618 678.955139 794.953430
0 1568502645 668.352966 682.250244
0 1568508652 721.010986 796.418945
0 1438984619 574.317932 856.375549
0 1659977623 750.734070 752.819214
0 1438982617 773.507385 739.451294
0 1771287074 637.938110 656.196411
0 2087111947 843.556091 832.331970
0 1578516671 582.701599 705.341125
0 1568513659 813.511292 740.861328
0 1578529687 675.346924 657.534973
0 1568501644 529.961548 854.849487
0 1438998637 718.610901 635.210144
0 1705773174 934.538025 717.807983
0 1568507651 901.210632 641.773499
0 1438999638 839.894958 865.512512
0 1438993630 930.929504 803.734009
0 1438995633 935.631592 691.768433
0 1568512658 897.508423 690.410828
0 1568514661 744.817627 684.973328
0 2079485312 750.729797 752.760437
0 1773608077 850.342590 770.826660
0 1438977615 613.273315 733.803467
0 1607644171 584.807251 823.371216
0 1568504647 884.064514 867.032166
0 1568500642 733.481567 738.040466
0 1568503646 591.808655 679.524475
0 1568516663 795.698730 863.991943
0 1578517672 881.400085 902.036499
0 1578527685 541.593628 821.874695
0 2086284946 778.374451 712.274536
0 1578518673 699.774841 895.831238
0 1438981616 933.392456 745.086792
0 1609135173 712.736694 658.872803
0 1568515662 682.036377 633.895508
0 1568516664 828.225220 639.150146
0 1438991628 791.705322 637.837463
0 1438996634 853.493469 742.270569
0 1578519675 608.793457 892.722900
0 1438993631 645.443665 632.580261
0 1772785076 836.035889 900.486572
0 1578528686 739.281555 710.889343
0 1772037075 862.105835 664.217468
0 1578515670 661.033264 708.116699
0 1578515669 517.699341 889.610718
0 0 1036.325684 489.665375
0 1 1076.490723 548.949768
0 2 1038.909546 446.377411
0 3 887.690979 512.527893
0 4 117.674942 992.617371
0 6 505.602448 501.156921
0 7 323.179016 635.386047
0 8 634.043457 568.897766
0 9 284.841827 1007.225769
