0 1578512666 1000.407959 560.428833
0 1524823287 1199.352783 335.896729
0 1478234209 308.676208 762.516174
0 1707269176 803.315552 564.200500
0 1438989626 1025.124634 495.895752
0 1524801259 1198.289429 391.173828
0 1438992629 972.840393 521.247131
0 1478227200 262.533783 883.845886
0 1524854327 1131.082886 392.697235
0 1478249229 245.477051 972.342773
0 1524807266 1343.537720 405.802155
0 1524863340 1264.271484 341.631622
0 1524831297 1333.283447 388.113892
0 1478229202 301.095032 883.367615
0 1568509654 946.066162 521.782227
0 1524790246 1267.993164 349.020325
0 1578523681 789.412109 512.617859
0 1478207175 183.943039 942.024292
0 1524861337 1138.218506 337.354553
0 1478210178 167.657318 858.557495
0 1524862338 1297.114990 406.836731
0 1478186149 242.616943 857.584473
0 1524797254 1323.600342 371.410858
0 1578518674 831.369629 563.663635
0 1438985621 812.654419 524.448914
0 1524857331 1181.500732 343.592529
0 1478203170 147.237228 885.275818
0 1438994632 971.902405 575.184937
0 1578520676 999.408508 508.364899
0 1478237213 525.388977 738.205261
0 1568511657 943.159363 575.726257
0 1775370079 1028.700562 559.887451
0 1478195160 256.456299 742.369629
0 1568510655 1000.680786 574.643005
0 1478257240 480.578796 759.932617
0 1578521677 883.912415 591.557556
0 1524794250 1142.284180 351.978455
0 1524812272 1173.187744 383.190430
0 1769859072 915.735474 562.049194
0 1578525683 999.890808 533.488525
0 1770636073 854.741211 592.097717
0 1524846317 1289.010254 348.525787
0 1524833300 1195.294312 382.685272
0 1568511656 792.650146 500.663452
0 1438985620 865.927307 523.384094
0 1478185148 240.273163 763.544189
0 1707993177 789.172974 624.399597
0 1478189152 515.113647 759.413574
0 1524791247 1246.994873 349.514465
0 1524830296 1271.815552 356.609039
0 2088218948 863.845825 536.170532
0 1524827292 1202.166016 343.102936
0 1606348170 809.649658 537.238953
0 1524855329 1227.652466 408.384766
0 1478183145 559.227173 737.681274
0 1438990627 914.451843 576.266846
0 1524840309 1160.853638 344.081665
0 1478222194 420.917450 805.818909
0 1709860179 1032.063354 620.064819
0 1478188151 417.168304 881.927979
0 1438988624 861.690552 549.409729
0 1478243222 427.959106 939.302246
0 1524843313 1281.113647 333.947021
0 1524844315 1328.373535 379.644440
0 1524858333 1240.197510 334.922729
0 1524811271 1250.783813 407.869263
0 1524859334 1219.766235 335.409943
0 1478216186 446.095520 760.450867
0 1524851324 1121.398193 352.469940
0 1524814275 1178.621582 400.419769
0 1578514668 825.606567 592.637146
0 1478184146 469.054321 782.104553
0 1524829294 1250.531372 357.106445
0 1478176143 468.974213 854.646362
0 1524860336 1181.458252 409.414246
0 1478222193 323.112549 911.034790
0 1438997636 919.322571 522.316772
0 1478194158 493.122314 804.804199
0 1478201168 204.504318 912.433838
0 1478187150 258.294952 785.171509
0 1478205172 224.037170 884.323364
0 1524838306 1288.199219 389.135803
0 1568514660 771.442871 578.959961
0 1524865342 1135.354858 410.441711
0 2085418945 910.301514 622.237854
0 1524808268 1175.865845 391.682129
0 1478200167 297.002197 831.622803
0 1478194159 243.972336 911.968262
0 1568501643 828.540894 577.884705
0 1478239216 539.737976 781.075928
0 1524820283 1151.101929 383.695038
0 1438989625 852.248230 607.411499
0 1568505649 834.098206 549.945862
0 1478255237 289.901489 741.851746
0 1524804262 1158.395264 409.928223
0 1568506650 822.560425 607.951477
0 1478217187 390.530090 740.293579
0 1568505648 881.973938 606.870789
0 1568497640 779.011658 551.016235
0 1578511665 775.295349 564.736755
0 1478258241 277.183228 807.838806
0 1524796253 1261.739624 381.167023
0 1478206173 224.432800 941.572571
0 1524826291 1246.937500 398.884094
0 1578529688 940.682373 621.695679
0 1478233207 205.651810 808.844055
0 1708834178 859.457581 563.126221
0 1478189153 378.412109 882.408630
0 1568499641 1000.144714 546.719482
0 1478245224 223.355392 785.679993
0 1524852325 1269.753784 398.371185
0 1478219190 468.881165 938.845764
0 1578525682 942.364624 590.475342
0 1478232206 402.526062 910.098083
0 1524818280 1192.382324 374.432465
0 1524850322 1315.453003 397.343903
0 1438996635 799.974365 578.422668
0 1524832299 1214.201050 373.930054
0 1478242220 223.679810 832.614868
0 1524789245 1301.598511 333.458557
0 1438999639 973.262817 496.959351
0 1478196161 328.333832 784.152283
0 1478252234 424.170898 739.772644
0 1524803261 1184.112427 350.994171
0 1478211179 328.986755 971.467529
0 1578523680 1000.963867 589.390259
0 1578530689 946.731628 509.431732
0 1568508653 895.685669 498.550354
0 1524826290 1338.336060 396.829529
0 1524847319 1279.779419 372.419952
0 1524810270 1129.036987 384.199249
0 1524835302 1217.421875 382.179657
0 1524821284 1260.646729 334.435089
0 1524799257 1236.040161 373.427124
0 1478233208 407.425995 830.128845
0 1608354172 849.658386 623.320129
0 1524835303 1155.893799 400.930695
0 1478251232 323.395477 741.333130
0 1524812273 1201.371460 399.908386
0 1706512175 1025.791626 507.830597
0 1438986622 1031.174316 604.157227
0 1478211180 280.188751 857.096802
0 1524823286 1243.551392 342.122498
0 1478223195 411.663727 760.968384
0 1478244223 333.751221 831.125671
0 1438987623 911.737732 606.329529
0 1478193157 355.517273 856.119019
0 1478198164 241.389648 808.341797
0 1524862339 1208.020996 358.099823
0 1478236212 529.309631 804.295654
0 1478240217 504.369110 781.590576
0 1478214183 185.604996 884.799988
0 1578521678 894.173523 510.496185
0 1524844314 1292.592285 397.857788
0 1524848320 1146.572510 367.402771
0 1524806265 1239.570190 381.673553
0 1524787243 1301.679565 371.915649
0 1478241219 431.093140 855.138062
0 1524799256 1220.734619 390.665070
0 1478190154 506.917603 854.153809
0 1478226198 393.274200 855.628967
0 1478208176 264.994141 941.120178
0 1478214184 491.600189 738.728516
0 2084722944 913.120178 591.016785
0 1578522679 945.377441 534.563232
0 1524825289 1305.766724 340.648560
0 1774531078 920.437744 509.964264
0 1525674169 972.618164 534.026184
0 1478197162 120.779488 973.649536
0 1524815276 1224.143311 399.396484
0 1768901071 1030.318848 588.846741
0 1578526684 943.925476 561.509705
0 1478182144 205.106522 858.071350
0 1524853326 1320.314941 406.319672
0 1478218189 549.700317 758.893738
0 1578513667 887.579468 562.588013
0 1438983618 857.142700 577.346069
0 1478224196 456.991638 805.311951
0 1478247227 125.771416 913.362488
0 1524792248 1119.614014 345.058685
0 1524795252 1285.009888 341.140289
0 1524808267 1189.550171 366.405701
0 1478191155 455.989716 881.446533
0 1524856330 1318.958252 363.403442
0 1478236211 356.938263 740.813660
0 1478258242 79.363976 974.083618
0 1478212181 481.337189 829.128906
0 1478185147 433.793549 782.617676
0 1568502645 839.275635 523.916809
0 1568508652 885.779602 576.806824
0 1438984619 792.910400 608.490723
0 1659977623 902.403503 555.400208
0 1478209177 187.106247 833.109741
0 1438982617 916.973511 548.335571
0 1524805264 1144.399414 359.586517
0 1771287074 815.558289 512.088318
0 2087111947 971.645874 589.933105
0 1524817279 1273.937988 407.353241
0 1524795251 1283.929932 380.659973
0 1478230204 370.559143 830.627686
0 1478230203 143.524658 942.475159
0 1524847318 1205.054443 350.501373
0 1578516671 782.598877 537.772217
0 1568513659 944.664368 547.797485
0 1578529687 841.733826 511.558228
0 1524819282 1265.689453 389.646057
0 1478253235 444.351959 829.629333
0 1524836304 1232.606934 365.406769
0 1478243221 165.104034 912.898499
0 1568501644 763.298340 609.029236
0 1438998637 869.884033 499.079529
0 1524816278 1127.047852 375.936920
0 1705773174 1027.195190 532.950256
0 1524845316 1310.046265 348.030762
0 1524842312 1314.441895 355.612946
0 1568507651 999.179321 496.427856
0 1438999638 971.379639 605.244751
0 1478252233 457.860931 739.250977
0 1438993630 1029.494873 574.100403
0 1478237214 387.109497 939.757996
0 1524857332 1158.578857 336.869049
0 1478248228 384.899628 806.325073
0 1478225197 482.214264 909.158203
0 1524859335 1275.742798 364.406036
0 1524832298 1257.899658 372.923767
0 1478200166 454.822479 970.148865
0 1478250231 342.954132 762.000977
0 1478245225 346.332336 940.212830
0 1438995633 1026.481323 520.174927
0 1524804263 1186.794556 358.595856
0 1524839308 1254.165039 364.906647
0 1524849321 1153.463623 392.189911
0 1568512658 999.645508 520.711304
0 1568514661 892.609619 522.850769
0 1478231205 274.449219 763.030579
0 1773608077 972.149597 560.969666
0 1438977615 806.538635 550.481323
0 1524834301 1163.188965 351.486511
0 1607644171 796.508301 593.175964
0 1524800258 1293.119141 356.111237
0 1568504647 1001.257874 604.701355
0 1568500642 889.315613 548.872986
0 1478256239 348.938110 806.830383
0 1524815277 1125.113037 367.900635
0 1568503646 786.063660 524.980408
0 1478220191 305.627258 940.666870
0 1478207174 260.311737 832.119263
0 1524841311 1178.956909 336.383087
0 1478213182 362.785065 910.566895
0 1524813274 1168.051392 366.904480
0 1568516663 941.539612 605.787476
0 1578517672 1001.563232 620.609131
0 1578527685 767.446594 593.714050
0 1478240218 363.433411 783.641479
0 1478215185 442.335785 909.628601
0 1524838307 1123.230591 360.081177
0 1478197163 313.032684 807.335022
0 1478221192 377.283295 761.485107
0 1524819281 1297.340576 363.904968
0 2086284946 918.168518 535.099609
0 1524824288 1204.543945 408.899750
0 1524802260 1117.875977 337.839630
0 1478226199 317.822174 856.608337
0 1578518673 879.960205 622.779297
0 1438981616 1027.934570 546.179565
0 1478238215 494.876648 880.964172
0 1609135173 867.938904 511.027496
0 1524837305 1140.224609 344.570404
0 1524793249 1170.583984 374.934418
0 1568515662 844.110840 499.608093
0 1568516664 947.375122 497.490295
0 1438991628 921.516052 498.020630
0 1478249230 518.381775 828.627686
0 1438996634 972.388000 547.258850
0 1578519675 819.395996 623.860229
0 1524829295 1222.849609 342.612915
0 1524864341 1165.587402 359.091400
0 1478255238 370.855652 971.028809
0 1438993631 818.366272 500.136078
0 1524788244 1148.805786 375.435913
0 1772785076 971.102966 621.152771
0 1524828293 1243.201172 390.155823
0 1478203171 287.193970 971.905518
0 1524798255 1306.141235 380.152466
0 1478199165 339.721130 882.888550
0 1578528686 890.991333 535.635376
0 1478192156 283.508362 911.501953
0 1478228201 293.287689 784.662354
0 1772037075 973.055176 508.898621
0 1578515670 836.731934 536.705078
0 1524851323 1211.068726 365.906464
0 1478218188 203.835815 972.779175
0 1478202169 398.586609 783.130005
0 1478254236 162.270020 973.214783
0 1478246226 412.800842 970.589172
0 1524809269 1226.015259 350.008118
0 1524822285 1310.730469 388.625122
0 1524841310 1133.187988 401.441101
0 1478235210 103.177391 942.925232
0 1578515669 758.989197 624.938293
0 1524854328 1229.266602 357.603333
0 1 1128.011353 299.617279
0 6 1539.754028 602.910950
0 7 1650.826172 673.187317
0 8 848.002014 293.553802
0 9 528.785767 327.889069
0 10 1356.528320 703.787170
0 12 998.757385 295.773163
0 13 1237.855591 684.760742
0 14 1589.887451 708.960510
0 17 1183.290405 296.924347
0 21 1059.933228 287.913177
0 23 531.465576 553.773254
0 24 189.451965 942.074158
0 25 863.984375 688.942932
0 26 580.906921 446.350555
0 27 536.048157 509.337799
0 28 963.806519 734.365967
0 29 451.950745 669.589783
0 30 78.456573 1021.819824
0 31 1011.463379 689.643860
0 33 460.053314 559.717468
0 35 60.444530 947.071228
0 37 276.455536 891.598999
0 43 1521.910645 517.880859
0 53 958.889587 280.721863
0 104 1217.604492 275.815308
0 114 720.146606 192.791702
0 131 1292.034058 317.792267
0 132 1253.149414 354.425751
0 138 1221.530518 292.189484
0 146 473.286926 287.426056
0 148 1033.463989 179.584930
0 151 1399.332275 259.498932
0 153 1453.876709 329.375153
0 165 1834.102539 856.679077
0 166 1521.110474 246.352310
0 167 1478.307983 168.411926
0 168 1478.085815 183.690216
0 169 1489.802490 255.089676
0 174 1385.510742 298.345459
0 176 1433.418579 299.138855
0 179 1431.656250 281.608612
0 182 166.382080 416.935120
