0 1578512666 918.163025 676.396973
0 1478234209 1399.614380 544.365051
0 1707269176 1122.816284 680.190186
0 1438989626 884.490784 762.677612
0 1524801259 539.103271 1003.051575
0 1438992629 948.657349 726.904907
0 1478227200 1343.444824 494.031525
0 1524854327 664.762085 1004.365784
0 1478249229 1305.017700 466.968140
0 1524807266 318.833588 941.168335
0 1524831297 285.471252 1000.399109
0 1478229202 1321.412842 493.519684
0 1568509654 979.763733 727.443542
0 1578523681 1170.294678 748.675171
0 1478207175 1353.137451 476.581848
0 1478210178 1416.466431 504.945679
0 1524862338 399.265686 942.124817
0 1478186149 1371.882568 503.920105
0 1524797254 248.249359 1066.482056
0 1578518674 1093.705444 679.650635
0 1438985621 1134.588745 730.124146
0 1478203170 1409.397095 495.563660
0 1438994632 947.175964 661.539429
0 1578520676 917.265503 744.405823
0 1478237213 1262.161499 552.127380
0 1568511657 975.945190 662.083496
0 1775370079 888.758850 675.851990
0 1478195160 1455.181274 556.326233
0 1568510655 918.366333 660.994629
0 1478257240 1280.778564 541.748352
0 1578521677 1031.439087 648.336731
0 1524812272 571.367310 1035.454834
0 1769859072 1006.122803 678.027283
0 1578525683 917.732239 709.044983
0 1770636073 1059.561157 648.878784
0 1524833300 528.213440 1035.037109
0 1568511656 1175.382202 767.452209
0 1438985620 1072.799683 729.054321
0 1478185148 1446.954102 545.407471
0 1707993177 1109.067627 621.874939
0 1478189152 1256.927612 541.223206
0 2088218948 1069.941528 711.744690
0 1606348170 1130.508789 712.818970
0 1524855329 519.331360 943.552795
0 1478183145 1237.904297 551.599670
0 1438990627 1004.673828 662.626770
0 1478222194 1293.172974 521.452820
0 1709860179 891.625549 617.534851
0 1478188151 1255.172974 491.980865
0 1438988624 1067.194702 695.109558
0 1478243222 1224.438232 473.535889
0 1524844315 267.383453 1032.511841
0 1524811271 479.386841 943.077698
0 1478216186 1304.601685 542.272949
0 1524814275 590.268799 973.215759
0 1578514668 1087.644531 649.420044
0 1478184146 1275.340820 531.179504
0 1478176143 1237.539062 500.829803
0 1524860336 598.989502 944.500122
0 1478222193 1294.048462 483.905670
0 1438997636 1010.822876 727.981323
0 1478194158 1246.938110 520.411316
0 1478201168 1359.207153 485.433838
0 1478187150 1415.683960 534.305908
0 1478205172 1365.452881 494.542755
0 1524838306 370.360596 1001.286804
0 1568514660 1147.713745 665.331787
0 1524865342 678.341187 945.443848
0 2085418945 1000.635925 619.710632
0 1524808268 581.074646 1003.490540
0 1478200167 1355.845459 513.061951
0 1478194159 1337.510864 484.924988
0 1568501643 1090.618164 664.252075
0 1478239216 1228.343140 530.132568
0 1524820283 614.431152 1035.871704
0 1438989625 1057.200684 634.582703
0 1568505649 1096.912842 695.648743
0 1478255237 1431.154297 555.803528
0 1524804262 638.703552 944.972412
0 1568506650 1084.778198 635.123901
0 1478217187 1358.901367 554.231750
0 1568505648 1029.585571 634.040771
0 1568497640 1156.219360 696.724792
0 1578511665 1151.885498 680.728943
0 1478258241 1385.327515 523.528687
0 1524796253 398.208710 1033.778320
0 1478206173 1331.744263 476.075531
0 1524826291 467.469849 971.841187
0 1578529688 973.437744 619.167786
0 1478233207 1431.248047 524.563110
0 1708834178 1064.552979 679.110291
0 1478189153 1277.276978 492.494354
0 1568499641 917.951843 692.401794
0 1478245224 1438.980225 534.824890
0 1524852325 426.374268 971.381104
0 1478219190 1202.908691 473.026306
0 1578525682 975.078491 647.250549
0 1478232206 1250.492676 482.884216
0 1524818280 516.697754 1068.860718
0 1524850322 343.937744 970.458313
0 1438996635 1119.185913 664.792297
0 1524832299 472.197235 1068.466309
0 1478242220 1401.138428 514.093201
0 1438999639 949.492249 763.744507
0 1478196161 1369.010986 533.266174
0 1478252234 1334.759644 553.706604
0 1478211179 1262.710571 465.958008
0 1578523680 918.562073 646.161194
0 1578530689 980.817505 745.478149
0 1568508653 1046.608643 765.338562
0 1524826290 302.596405 969.995544
0 1524847319 338.118774 1067.278320
0 1524810270 657.405334 1036.287720
0 1524835302 484.969238 1034.618408
0 1524799257 427.600739 1068.071289
0 1478233208 1287.715576 511.510712
0 1608354172 1054.923828 620.794250
0 1524835303 631.039978 973.672241
0 1478251232 1407.098633 555.280212
0 1524812273 549.416809 972.758484
0 1706512175 885.415405 743.868347
0 1438986622 890.947876 631.320312
0 1478211180 1349.553711 503.406494
0 1478223195 1328.396606 542.796875
0 1478244223 1333.160889 512.545410
0 1438987623 1001.933228 633.498230
0 1478193157 1304.822021 502.377502
0 1478198164 1408.300903 524.046204
0 1478236212 1223.781006 519.889648
0 1478240217 1251.855591 530.656372
0 1478214183 1387.436890 495.053497
0 1578521678 1044.172363 746.547119
0 1524844314 385.196930 970.920166
0 1524806265 441.634430 1034.198853
0 1524787243 293.232666 1066.880615
0 1478241219 1259.991577 501.346252
0 1524799256 497.046387 1002.611755
0 1478190154 1215.061646 500.312744
0 1478226198 1282.419189 501.862183
0 1478208176 1310.328491 475.568695
0 1478214184 1286.389771 552.654419
0 2084722944 1003.278259 647.794006
0 1578522679 978.752075 710.127258
0 1774531078 1012.519470 746.013000
0 1525674169 948.264893 709.586548
0 1478197162 1368.313477 468.479431
0 1524815276 508.483948 972.300293
0 1768901071 890.245239 645.615479
0 1578526684 976.844910 677.484619
0 1478182144 1394.186768 504.433167
0 1524853326 359.088623 941.646973
0 1478218189 1233.048584 540.697388
0 1578513667 1035.358765 678.569153
0 1438983618 1062.010254 663.711121
0 1478224196 1270.068604 520.932373
0 1478247227 1402.530029 486.449860
0 1478191155 1233.044922 491.466797
0 1478236211 1383.014404 554.756287
0 1478258242 1389.368286 468.982117
0 1478212181 1242.168091 510.473663
0 1478185147 1298.799072 531.702087
0 1568502645 1103.717651 729.589661
0 1568508652 1033.362061 663.169250
0 1438984619 1112.318726 635.664307
0 1659977623 1021.632507 686.221558
0 1478209177 1423.746826 514.607910
0 1438982617 1007.628357 694.028809
0 1771287074 1138.837280 748.144409
0 2087111947 946.839783 646.706238
0 1524817279 439.364990 942.601746
0 1524795251 354.691864 1033.357056
0 1478230204 1310.450928 512.028381
0 1478230203 1374.508179 477.087646
0 1578516671 1160.725098 713.354919
0 1568513659 977.779907 693.487244
0 1578529687 1107.331177 747.612854
0 1524819282 412.675293 1001.729431
0 1478253235 1264.954468 510.992493
0 1478243221 1380.880127 485.942108
0 1568501644 1139.821899 636.203979
0 1438998637 1078.878418 765.868225
0 1524816278 649.627136 1070.038574
0 1705773174 887.153870 708.502563
0 1568507651 917.017334 763.211487
0 1438999638 946.515808 632.410767
0 1478252233 1310.589233 553.180847
0 1438993630 889.515991 660.448975
0 1478237214 1245.944824 474.044891
0 1478248228 1316.250977 521.972717
0 1478225197 1206.843384 481.860504
0 1524832298 382.908051 1067.675171
0 1478200166 1199.083862 464.438812
0 1478250231 1375.903076 543.842957
0 1478245225 1267.428833 474.553345
0 1438995633 886.302368 725.825317
0 1524849321 622.960815 1003.928589
0 1568512658 917.503601 726.365540
0 1568514661 1041.834839 728.518250
0 1478231205 1423.298096 544.886536
0 1773608077 947.525024 676.941162
0 1438977615 1126.587646 696.187134
0 1607644171 1115.689209 649.960571
0 1568504647 918.750732 631.865906
0 1568500642 1037.433350 694.569580
0 1478256239 1339.302612 522.491943
0 1568503646 1165.413086 730.657837
0 1478220191 1288.889893 475.061279
0 1478207174 1378.504639 513.577820
0 1478213182 1272.282227 483.395233
0 1568516663 974.243286 632.954834
0 1578517672 918.932617 618.079895
0 1578527685 1143.695312 650.500366
0 1478240218 1345.633911 532.745422
0 1478215185 1228.679810 482.372620
0 1478197163 1362.328125 523.010620
0 1478221192 1352.163696 543.320251
0 2086284946 1009.193787 710.667236
0 1524824288 559.198853 944.026855
0 1478226199 1327.200317 502.892273
0 1578518673 1027.797974 620.252808
0 1438981616 887.972107 691.857788
0 1478238215 1210.892700 490.952209
0 1609135173 1075.776245 747.080383
0 1524793249 561.102783 1069.254028
0 1568515662 1111.097168 766.397095
0 1568516664 981.915771 764.276672
0 1438991628 1014.287781 764.808044
0 1478249230 1219.355957 509.954285
0 1438996634 947.887756 692.944885
0 1578519675 1082.013672 621.334961
0 1478255238 1241.523804 465.452118
0 1438993631 1143.265015 766.925049
0 1524788244 605.412415 1069.646729
0 1772785076 946.203430 618.624207
0 1524828293 454.903870 1002.171021
0 1478203171 1283.875244 466.463318
0 1524798255 311.083557 1032.934937
0 1478199165 1299.356934 493.007324
0 1578528686 1039.590332 711.206360
0 1478192156 1315.791260 484.415619
0 1478228201 1392.360840 533.786316
0 1772037075 949.066162 744.942383
0 1578515670 1100.247681 712.282227
0 1478218188 1326.138428 467.472412
0 1478202169 1322.229980 532.224060
0 1478254236 1347.236938 467.976196
0 1478246226 1220.314941 464.945740
0 1524822285 327.959320 1000.843384
0 1524841310 671.730713 974.127686
0 1478235210 1395.856323 477.592896
0 1578515669 1136.085693 622.414246
0 0 346.642120 912.577759
0 1 1871.109131 922.057434
0 2 1394.253784 539.908203
0 3 351.082581 762.020142
0 4 1085.853394 517.460815
0 6 588.434265 487.937744
0 7 861.383728 527.561401
0 8 742.352356 648.933960
0 9 1124.687988 409.323486
0 10 1029.532837 528.879822
0 12 705.002502 405.594055
0 14 792.327454 388.371735
0 15 639.718628 764.483826
0 16 276.716888 996.504028
0 17 1057.868652 405.128448
0 18 1617.750122 901.050110
0 19 1709.123413 965.195496
0 20 1185.000244 418.234009
0 21 1233.144653 504.530945
0 22 1309.311768 441.285400
0 23 655.540405 405.918182
0 25 1464.307739 995.748230
0 26 1718.685669 797.442078
0 28 1349.419189 487.269653
0 29 1590.244019 630.514465
0 30 1262.938721 538.924072
0 31 500.863953 1068.484375
0 32 737.381653 500.416382
0 33 1169.848877 960.800293
0 34 657.710022 707.023804
0 35 844.437927 1039.228027
0 36 1190.468750 531.065735
0 37 804.781494 500.184204
0 38 1287.518555 423.941650
0 39 677.836670 606.732300
