0 1578512666 957.817322 517.874573
0 1524823287 509.426605 989.051392
0 1478234209 1420.948730 396.429962
0 1707269176 1149.107544 519.216064
0 1438989626 926.311768 591.182678
0 1524801259 621.358521 786.705017
0 1438992629 985.652954 560.602539
0 1478227200 1369.361084 351.651031
0 1524854327 731.361023 787.629089
0 1478249229 1333.360352 327.526703
0 1524807266 427.017609 738.567322
0 1524863340 394.466522 954.264648
0 1524831297 401.724365 784.859863
0 1478229202 1347.857300 351.518768
0 1568509654 1014.448792 560.810730
0 1524790246 409.616699 922.464355
0 1578523681 1191.316528 577.328735
0 1478207175 1379.945068 335.567932
0 1524861337 640.546448 990.289429
0 1478210178 1440.177490 360.494019
0 1524862338 496.956238 739.138184
0 1478186149 1396.556152 360.223877
0 1524797254 373.984894 835.629761
0 1578518674 1121.757446 519.024231
0 1438985621 1158.555054 561.852600
0 1524857331 564.430847 955.840088
0 1478203170 1433.900757 352.047974
0 1438994632 984.956482 504.844788
0 1578520676 956.525024 575.612976
0 1478237213 1287.127930 405.244232
0 1568511657 1011.807190 505.031281
0 1775370079 930.520630 517.683105
0 1478195160 1474.328247 406.447296
0 1568510655 958.113159 504.658386
0 1478257240 1305.658936 395.694733
0 1578521677 1064.032471 492.607788
0 1524794250 658.032715 924.726318
0 1524812272 650.510498 811.882812
0 1769859072 1039.753052 518.449158
0 1578525683 957.194153 545.717041
0 1770636073 1090.458740 492.789612
0 1524846317 368.275391 922.087891
0 1524833300 612.991821 811.562805
0 1568511656 1195.378540 593.170715
0 1438985620 1100.887085 561.435608
0 1478185148 1467.102539 396.724274
0 1707993177 1137.928833 468.767303
0 1478189152 1282.617188 395.547760
0 1524791247 450.975494 922.840942
0 1524830296 423.996674 892.280701
0 2088218948 1098.652954 546.729187
0 1524827292 521.911987 955.445923
0 1606348170 1155.293823 547.134460
0 1524855329 601.958130 739.995300
0 1478183145 1263.752930 405.094025
0 1438990627 1038.665161 505.217834
0 1524840309 606.968140 956.234375
0 1478222194 1318.766846 377.254272
0 1709860179 933.400879 467.385559
0 1478188151 1283.374268 351.122131
0 1438988624 1096.496948 532.536987
0 1478243222 1254.360596 334.805878
0 1524843313 334.873566 987.403320
0 1524844315 388.182037 809.645569
0 1524858333 422.111053 988.226990
0 1524811271 566.945007 739.709473
0 1524859334 465.759064 988.639099
0 1478216186 1328.706055 395.841675
0 1524851324 699.496826 925.103821
0 1524814275 665.175354 763.265808
0 1578514668 1116.891968 492.971466
0 1478184146 1300.947754 386.271606
0 1524829294 464.306976 892.641418
0 1478176143 1265.808105 359.414062
0 1524860336 672.022217 740.567200
0 1478222193 1321.684082 343.178802
0 1438997636 1043.253174 561.018921
0 1478194158 1273.976318 376.972870
0 1478201168 1385.334595 343.567627
0 1478187150 1437.333618 387.134857
0 1478205172 1390.869629 351.783325
0 1524838306 474.880890 785.474487
0 1568514660 1173.066162 506.151276
0 1524865342 742.136536 741.139526
0 2085418945 1035.611450 468.076050
0 1524808268 658.012268 787.012939
0 1478200167 1380.293945 368.760742
0 1478194159 1364.113159 343.437988
0 1568501643 1119.283691 505.777771
0 1478239216 1255.527832 385.984161
0 1524820283 688.043579 812.202820
0 1438989625 1088.577637 480.406494
0 1568505649 1124.317871 532.734009
0 1478255237 1450.908691 406.296753
0 1524804262 707.073059 740.853271
0 1568506650 1114.578613 480.583740
0 1478217187 1380.683472 405.845490
0 1568505648 1062.583374 480.229309
0 1568497640 1179.983276 533.128296
0 1578511665 1176.465210 519.407898
0 1478258241 1408.409180 377.817474
0 1524796253 500.522217 810.603638
0 1478206173 1359.003174 335.440857
0 1524826291 557.731262 762.376343
0 1578529688 1010.048767 467.903381
0 1478233207 1453.261108 378.099243
0 1708834178 1094.415039 518.832520
0 1478189153 1304.863892 351.254333
0 1568499641 957.511169 531.552551
0 1478245224 1460.083008 387.278839
0 1524852325 521.942810 762.080017
0 1478219190 1233.445435 334.678955
0 1578525682 1011.201538 492.244293
0 1478232206 1279.273315 342.919739
0 1524818280 604.220093 837.624146
0 1524850322 450.405212 761.487793
0 1438996635 1146.171265 505.964508
0 1524832299 565.809875 837.291382
0 1478242220 1424.511963 369.036530
0 1524789245 291.284027 986.991760
0 1438999639 986.040466 591.623962
0 1478196161 1391.850586 386.846985
0 1478252234 1357.286255 405.695099
0 1524803261 575.157166 923.971680
0 1478211179 1292.042847 327.277588
0 1578523680 958.399170 491.881012
0 1578530689 1015.170166 576.041504
0 1568508653 1075.701904 592.286377
0 1524826290 414.656128 761.191772
0 1524847319 450.669647 836.294006
0 1524810270 725.591064 812.523071
0 1524835302 575.487610 811.242920
0 1524821284 378.482544 987.815063
0 1524799257 527.414673 836.958801
0 1478233208 1314.004028 368.347229
0 1608354172 1086.756836 468.421570
0 1524835303 701.016296 763.562622
0 1478251232 1427.494751 406.146301
0 1524812273 629.347534 762.969177
0 1706512175 927.215637 575.398743
0 1438986622 932.716125 479.344025
0 1478211180 1374.752686 360.088806
0 1524823286 436.929840 954.658264
0 1478223195 1351.758545 395.988708
0 1478244223 1358.192261 368.622864
0 1438987623 1036.596069 480.052155
0 1478193157 1331.160278 359.818848
0 1478198164 1430.832642 377.958344
0 1524862339 544.977417 893.363464
0 1478236212 1251.588867 376.832214
0 1478240217 1278.235107 386.127869
0 1478214183 1412.382935 351.915619
0 1578521678 1073.850342 576.470337
0 1524844314 486.167511 761.783813
0 1524848320 673.782959 865.671936
0 1524806265 537.997742 810.923157
0 1524787243 412.319702 835.961853
0 1478241219 1287.587402 359.548950
0 1524799256 584.718506 786.397156
0 1478190154 1244.033813 359.279205
0 1478226198 1309.371460 359.683868
0 1478208176 1338.065796 335.313843
0 1478214184 1310.508545 405.394470
0 2084722944 1037.613525 492.426025
0 1578522679 1013.753113 546.121704
0 1524825289 309.595215 953.477966
0 1774531078 1044.505859 576.255920
0 1525674169 985.469604 545.919373
0 1478197162 1395.369507 327.900513
0 1524815276 593.532837 762.672729
0 1768901071 932.008606 491.699432
0 1578526684 1012.433533 518.257568
0 1478182144 1418.364380 360.358917
0 1524853326 461.980682 738.852661
0 1478218189 1259.580933 395.400848
0 1578513667 1067.080200 518.640808
0 1438983618 1092.403442 505.591064
0 1478224196 1296.369019 377.113556
0 1478247227 1427.791260 343.826996
0 1524792248 692.098450 957.023438
0 1524795252 352.021667 953.871216
0 1524808267 595.013123 864.978455
0 1478191155 1261.889282 350.990021
0 1524856330 359.084106 862.901733
0 1478236211 1404.086304 405.995850
0 1478258242 1416.047852 328.025208
0 1478212181 1269.835571 368.071747
0 1478185147 1323.665527 386.415405
0 1568502645 1129.716919 561.644104
0 1568508652 1065.530640 505.404419
0 1438984619 1140.586548 480.761017
0 1659977623 1054.092163 525.333923
0 1478209177 1446.628540 369.174500
0 1438982617 1040.878906 532.143066
0 1524805264 666.108215 894.447632
0 1771287074 1161.936768 577.114075
0 2087111947 984.796814 492.062653
0 1524817279 531.944336 739.423828
0 1524795251 463.061157 810.284119
0 1478230204 1336.095703 368.485016
0 1478230203 1400.891479 335.695068
0 1524847318 533.745667 923.594543
0 1578516671 1183.626465 547.337158
0 1568513659 1013.081787 531.946167
0 1578529687 1132.565796 576.899475
0 1524819282 511.479675 785.781921
0 1478253235 1291.917358 368.209473
0 1524836304 516.306702 864.285706
0 1478243221 1406.560547 343.697296
0 1568501644 1166.601318 480.938354
0 1438998637 1105.607422 592.507385
0 1524816278 719.541565 838.622986
0 1705773174 928.926880 545.514771
0 1524845316 326.951660 921.711670
0 1524842312 343.426056 891.559509
0 1568507651 956.171631 591.403259
0 1438999638 984.642334 479.697968
0 1478252233 1333.894531 405.544800
0 1438993630 931.277161 504.471985
0 1478237214 1275.280151 334.932800
0 1524857332 596.820251 989.876648
0 1478248228 1341.169678 377.395020
0 1478225197 1236.880981 342.660767
0 1524859335 437.663757 863.593445
0 1524832298 489.034607 836.626343
0 1478200166 1230.099121 326.904144
0 1478250231 1397.879883 396.282837
0 1478245225 1296.204224 335.059814
0 1438995633 928.086792 560.186279
0 1524804263 585.337646 893.724731
0 1524839308 476.977295 863.939514
0 1524849321 694.679749 787.320923
0 1568512658 956.865662 560.394348
0 1568514661 1072.065918 561.227234
0 1478231205 1444.022827 396.577118
0 1773608077 985.121582 518.066040
0 1438977615 1152.146484 532.931152
0 1524834301 616.586182 924.348877
0 1607644171 1143.332397 493.153381
0 1524800258 383.703064 891.919983
0 1568504647 958.675781 479.520966
0 1568500642 1068.683960 532.339966
0 1478256239 1363.577759 377.535797
0 1524815277 713.191650 866.018799
0 1568503646 1187.401733 562.061157
0 1478220191 1317.132812 335.186798
0 1478207174 1402.400391 368.898621
0 1524841311 553.113647 989.463928
0 1478213182 1300.476440 343.049255
0 1524813274 634.390076 865.325134
0 1568516663 1010.615845 479.875031
0 1578517672 958.943542 467.558105
0 1578527685 1169.780029 493.335327
0 1478240218 1369.117065 386.703094
0 1478215185 1258.074829 342.790192
0 1524838307 706.518555 894.809326
0 1478197163 1385.990845 377.676605
0 1478221192 1374.816528 396.135742
0 1524819281 398.365997 863.247498
0 2086284946 1042.044922 546.324158
0 1524824288 636.983887 740.281189
0 1524802260 684.292175 990.702515
0 1478226199 1352.954102 359.953796
0 1578518673 1061.180908 468.248810
0 1438981616 929.737671 531.355835
0 1478238215 1240.409058 350.857880
0 1609135173 1103.203735 576.684814
0 1524837305 649.524048 956.628784
0 1524793249 642.645447 837.956970
0 1568515662 1135.521973 592.728394
0 1568516664 1015.918579 591.844727
0 1438991628 1045.805786 592.065552
0 1478249230 1247.758911 367.934021
0 1438996634 985.292603 531.749329
0 1578519675 1112.339478 468.594421
0 1524829295 479.411652 955.052063
0 1524864341 625.714600 894.086121
0 1478255238 1271.390625 327.153076
0 1438993631 1165.445679 592.949524
0 1524788244 681.085938 838.289917
0 1772785076 984.492859 467.730743
0 1524828293 548.092224 786.089478
0 1478203171 1312.699463 327.402130
0 1524798255 425.614441 809.964783
0 1478199165 1326.358398 351.386505
0 1578528686 1070.344849 546.526672
0 1478192156 1342.896362 343.308380
0 1478228201 1414.589478 386.990906
0 1772037075 985.843140 575.827209
0 1578515670 1126.969238 546.931824
0 1524851323 555.651978 864.632019
0 1478218188 1354.025757 327.651245
0 1478202169 1346.388550 386.559235
0 1478254236 1374.695435 327.775879
0 1478246226 1250.742676 327.028595
0 1524809269 492.351837 923.217651
0 1524822285 438.295746 785.167114
0 1524841310 736.870422 763.859436
0 1478235210 1421.842285 335.822205
0 1578515669 1163.524902 468.940216
0 1524854328 504.633850 893.002380
0 0 1050.697998 218.139938
0 1 849.077087 242.494812
0 2 635.407104 305.987244
0 3 755.084534 269.051971
0 4 807.125977 258.250031
0 6 623.846008 355.935516
0 7 667.936462 365.448029
0 8 573.732300 348.507965
0 9 666.184937 316.771484
0 10 536.294067 403.629150
0 11 1057.384644 232.797333
0 12 509.121033 432.887543
0 13 584.644104 412.718750
0 14 1310.064087 1054.903809
0 16 1008.896606 190.619431
0 17 461.257111 700.614014
0 19 1097.699951 240.699921
0 20 686.685425 290.717621
0 21 409.534363 605.860474
0 22 1212.822266 184.553329
0 23 1262.917114 377.914886
0 24 1564.063965 283.030823
0 25 1202.444336 380.592285
0 26 853.308289 424.033447
0 27 1459.170776 559.892761
0 28 1256.752930 630.880798
0 29 1332.680176 380.049225
0 30 1395.519409 286.154053
0 31 901.264771 380.241364
0 33 828.683105 471.949219
0 35 1504.150635 279.674622
0 37 1624.949951 298.702057
0 39 1122.531982 179.788544
0 40 1444.543091 295.134521
0 46 1544.822632 217.031647
0 53 1900.879272 869.679993
0 55 1404.745239 192.607910
0 100 467.430328 924.887085
0 110 1639.113281 361.495300
0 114 1193.688721 271.360840
0 118 220.067719 688.149414
0 131 870.288696 226.815765
0 132 1088.176514 224.769302
0 136 1709.407593 111.897491
0 137 1723.731934 120.630272
0 138 1406.894531 221.378418
0 139 6.765863 967.964539
0 141 424.500977 817.624084
0 143 1668.651001 254.583069
