0 1578512666 995.645813 376.132690
0 1524823287 1791.812988 641.802979
0 1478234209 816.942444 131.751526
0 1707269176 1021.185730 279.074310
0 1438989626 1144.560181 403.662170
0 1524801259 1502.773193 591.065796
0 1438992629 1087.968750 367.395691
0 1478227200 705.025757 134.405243
0 1524854327 1486.947632 523.950012
0 1478249229 634.655457 139.371399
0 1524807266 1453.286987 745.119934
0 1524863340 1786.738770 720.986389
0 1524831297 1541.287842 754.407959
0 1478229202 698.352600 142.858765
0 1568509654 1090.422485 352.414734
0 1524790246 1742.656006 716.563599
0 1578523681 1130.256592 273.719238
0 1478207175 669.967957 123.953346
0 1524861337 1757.344482 568.543274
0 1478210178 744.521545 111.309044
0 1524862338 1443.389526 686.538330
0 1478186149 732.445557 127.268303
0 1524797254 1630.702515 763.845215
0 1578518674 1017.874023 291.659485
0 1438985621 1101.566895 284.373077
0 1524857331 1739.404053 612.643127
0 1478203170 724.087463 110.257660
0 1438994632 970.546509 358.732239
0 1578520676 1115.698975 385.166565
0 1478237213 806.279358 186.875397
0 1568511657 974.894165 344.055054
0 1775370079 991.493774 391.911285
0 1478195160 847.918457 116.628998
0 1568510655 966.052002 373.905762
0 1478257240 789.274780 175.978073
0 1578521677 955.561951 314.171600
0 1524794250 1680.246704 561.823792
0 1524812272 1535.209595 571.151978
0 1769859072 1007.297852 331.851746
0 1578525683 1055.333862 380.624146
0 1770636073 959.928467 300.909668
0 1524846317 1754.804688 746.685608
0 1524833300 1541.522705 594.599243
0 1568511656 1157.051758 275.454254
0 1438985620 1097.319702 310.303589
0 1478185148 827.073853 115.556473
0 1707993177 915.872437 272.131927
0 1478189152 783.297424 185.532913
0 1524791247 1731.063477 687.821045
0 1524830296 1698.913452 712.174988
0 2088218948 1069.555908 308.405304
0 1524827292 1750.457642 637.943420
0 1606348170 1074.638184 282.597931
0 1524855329 1430.128296 608.047791
0 1478183145 800.438293 196.729446
0 1438990627 979.101685 329.850159
0 1524840309 1728.815796 588.408020
0 1478222194 750.569641 164.154861
0 1709860179 872.148315 382.749176
0 1478188151 677.288208 169.543259
0 1438988624 1041.936035 306.516815
0 1478243222 625.225830 176.299194
0 1524843313 1845.552734 756.021545
0 1524844315 1585.816284 759.107727
0 1524858333 1817.442993 696.277039
0 1524811271 1434.355713 633.069519
0 1524859334 1804.338989 668.425781
0 1478216186 795.096558 166.672073
0 1524851324 1671.310913 539.668213
0 1524814275 1459.609009 564.413696
0 1578514668 964.161316 288.053864
0 1478184146 766.682495 174.679916
0 1524829294 1688.362671 683.640930
0 1478176143 692.377014 180.221832
0 1524860336 1422.192749 561.078796
0 1478222193 669.933105 150.327087
0 1438997636 1092.796387 337.921051
0 1478194158 737.637146 182.865677
0 1478201168 690.709656 125.053879
0 1478187150 801.065430 122.457626
0 1478205172 711.535339 126.158852
0 1524838306 1527.269043 694.953918
0 1568514660 998.259888 265.172363
0 1524865342 1414.881714 517.805908
0 2085418945 895.406372 323.908813
0 1524808268 1497.280396 567.771362
0 1478200167 747.426392 136.690323
0 1478194159 683.955566 133.269730
0 1568501643 990.949524 289.852081
0 1478239216 753.981934 193.970123
0 1524820283 1529.152344 548.655212
0 1438989625 932.873047 299.059814
0 1568505649 1044.936035 293.476135
0 1478255237 843.159912 124.656830
0 1524804262 1418.463867 539.008179
0 1568506650 937.508423 286.264709
0 1478217187 828.157959 149.965515
0 1568505648 928.091614 312.258057
0 1568497640 1050.666626 268.565735
0 1578511665 1024.398560 266.864868
0 1478258241 774.521851 129.500778
0 1524796253 1562.170776 671.287537
0 1478206173 662.971436 132.138824
0 1524826291 1474.274170 636.884216
0 1578529688 889.874878 337.902985
0 1478233207 785.633545 113.424332
0 1708834178 1014.458862 304.638123
0 1478189153 684.490601 160.419281
0 1568499641 1025.406006 378.372131
0 1478245224 806.312378 114.488281
0 1524852325 1479.600342 663.204407
0 1478219190 617.072327 185.838242
0 1578525682 946.401489 341.993286
0 1478232206 655.180237 168.272934
0 1524818280 1580.543945 598.157410
0 1524850322 1491.001587 719.546265
0 1438996635 994.660034 277.325684
0 1524832299 1587.998413 622.781433
0 1478242220 759.309265 120.276093
0 1524789245 1860.652832 788.115173
0 1438999639 1147.664551 371.800079
0 1478196161 790.177734 138.994308
0 1478252234 822.899658 158.836426
0 1524803261 1699.266968 608.983215
0 1478211179 619.250732 156.731110
0 1578523680 936.623291 371.691315
0 1578530689 1119.700317 354.533295
0 1568508653 1151.946655 327.851654
0 1524826290 1497.112793 749.745483
0 1524847319 1612.433838 703.498474
0 1524810270 1523.335938 527.052307
0 1524835302 1548.108276 619.058655
0 1524821284 1831.166016 725.443787
0 1524799257 1595.782959 648.495850
0 1478233208 728.449036 162.904358
0 1608354172 905.955994 297.219391
0 1524835303 1455.114380 542.202454
0 1478251232 838.283264 132.883835
0 1524812273 1464.292236 587.556946
0 1706512175 1113.593506 401.284912
0 1438986622 901.731628 385.020264
0 1478211180 726.182495 135.545425
0 1524823286 1774.089233 692.032959
0 1478223195 800.768616 157.605286
0 1478244223 741.260132 145.207932
0 1438987623 923.157166 325.878815
0 1478193157 713.177307 152.732697
0 1478198164 780.145264 121.364655
0 1524862339 1668.641968 630.307739
0 1478236212 730.909119 192.599686
0 1478240217 760.416870 184.196350
0 1478214183 717.887390 118.112022
0 1578521678 1123.444946 325.866241
0 1524844314 1485.170410 690.730164
0 1524848320 1604.189697 555.195068
0 1524806265 1554.984497 644.597046
0 1524787243 1621.351562 732.956299
0 1478241219 699.491760 170.819092
0 1524799256 1508.501953 615.362244
0 1478190154 685.071106 189.877090
0 1478226198 706.422913 161.659149
0 1478208176 655.800049 140.529053
0 1478214184 811.965942 177.281921
0 2084722944 951.055237 327.859222
0 1578522679 1061.304077 350.307709
0 1524825289 1813.911743 783.181946
0 1774531078 1121.603149 339.966003
0 1525674169 1058.369019 365.211823
0 1478197162 656.372559 114.898232
0 1524815276 1469.176270 611.692017
0 1768901071 931.482666 387.304230
0 1578526684 1003.541199 346.127960
0 1478182144 738.556763 119.191879
0 1524853326 1448.222656 715.145264
0 1478218189 777.158020 195.346710
0 1578513667 1010.935242 318.028870
0 1438983618 987.123413 302.769073
0 1478224196 744.188293 173.387390
0 1478247227 703.734131 109.210457
0 1524792248 1708.922485 542.874817
0 1524795252 1799.998047 751.335022
0 1524808267 1619.839844 601.740601
0 1478191155 669.895386 178.908569
0 1524856330 1675.950684 768.620911
0 1478236211 833.284180 141.317429
0 1478258242 663.267395 107.128372
0 1478212181 714.957336 181.540848
0 1478185147 772.785217 165.410782
0 1568502645 1099.476196 297.137268
0 1568508652 983.176147 316.095215
0 1438984619 942.004272 273.854584
0 1659977623 1023.174683 325.872528
0 1478209177 765.036743 112.364571
0 1438982617 1035.644897 333.864014
0 1524805264 1642.089355 558.498230
0 1771287074 1128.631836 286.157227
0 2087111947 941.593445 356.596100
0 1524817279 1438.771973 659.207642
0 1524795251 1569.688965 699.209900
0 1478230204 734.936401 153.943115
0 1478230203 676.795776 115.965225
0 1524847318 1709.401733 634.111755
0 1578516671 1077.064941 270.275055
0 1568513659 1032.344116 348.212158
0 1578529687 1126.956665 298.981995
0 1524819282 1520.732178 667.230957
0 1478253235 721.791626 172.100464
0 1524836304 1636.881226 652.423218
0 1478243221 697.300537 117.036476
0 1568501644 946.366943 261.812286
0 1438998637 1153.283447 314.130005
0 1524816278 1559.963867 530.175110
0 1705773174 1052.193481 396.571228
0 1524845316 1767.550903 778.288757
0 1524842312 1721.565308 773.435303
0 1568507651 1146.138916 387.457153
0 1438999638 912.798645 354.471588
0 1478252233 817.504150 167.938797
0 1438993630 961.402954 389.601227
0 1478237214 633.167297 167.008041
0 1524857332 1768.348633 591.931519
0 1478248228 756.787598 155.158661
0 1478225197 639.638367 187.178558
0 1524859335 1655.507324 707.820007
0 1524832298 1603.919922 675.374512
0 1478200166 594.605713 184.503815
0 1478250231 811.686279 140.153458
0 1478245225 640.905151 157.955292
0 1438995633 1082.805176 398.921295
0 1524804263 1659.413208 605.349121
0 1524839308 1645.982544 679.492126
0 1524849321 1492.009644 545.418030
0 1568512658 1085.431152 382.888977
0 1568514661 1095.094238 323.891357
0 1478231205 822.070068 123.555016
0 1773608077 999.659302 360.880219
0 1438977615 1047.844849 280.831665
0 1524834301 1689.557251 584.908875
0 1607644171 968.266541 275.585815
0 1524800258 1709.968750 742.072998
0 1568504647 907.358215 369.489105
0 1568500642 1038.840576 319.972748
0 1478256239 762.848389 146.389862
0 1524815277 1596.834106 533.318542
0 1568503646 1103.594604 271.992859
0 1478220191 648.446899 149.131821
0 1478207174 753.440918 128.382248
0 1524841311 1779.827637 616.329224
0 1478213182 662.651550 159.184647
0 1524813274 1611.851807 577.983032
0 1568516663 918.062134 339.942627
0 1578517672 878.255371 367.299164
0 1578527685 972.249634 263.488190
0 1478240218 784.527039 147.576767
0 1478215185 647.511841 177.601028
0 1524838307 1633.948975 536.482849
0 1478197163 768.757935 137.839905
0 1478221192 806.296753 148.768661
0 1524819281 1665.485718 737.496643
0 2086284946 1064.144043 335.887115
0 1524824288 1426.077637 584.072327
0 1524802260 1746.786255 546.102966
0 1478226199 719.761719 144.030899
0 1578518673 900.764099 310.354401
0 1438981616 1021.756775 394.234589
0 1478238215 662.304382 188.524841
0 1609135173 1125.228516 312.211823
0 1524837305 1718.664062 565.172058
0 1524793249 1573.399048 574.555786
0 1568515662 1154.578735 300.836182
0 1568516664 1149.139404 356.663513
0 1438991628 1150.565918 342.022003
0 1478249230 707.939148 191.235382
0 1438996634 1028.932983 363.040039
0 1578519675 910.989746 284.484558
0 1524829295 1762.007935 664.380493
0 1524864341 1650.570312 581.434021
0 1478255238 611.248779 165.748611
0 1438993631 1155.834229 287.950439
0 1524788244 1566.544922 551.914185
0 1772785076 884.160889 352.358704
0 1524828293 1514.482666 640.726624
0 1478203171 627.050476 147.941574
0 1524798255 1577.562134 728.451355
0 1478199165 691.509766 151.527359
0 1578528686 1066.893188 321.926880
0 1478192156 677.032227 141.691528
0 1478228201 795.688843 130.623840
0 1772037075 1117.733398 369.591736
0 1578515670 1072.136475 295.302002
0 1524851323 1628.175171 626.531067
0 1478218188 642.072937 131.012558
0 1478202169 778.731506 156.379410
0 1478254236 649.309814 122.857292
0 1478246226 603.036560 175.003006
0 1524809269 1719.990234 660.365234
0 1524822285 1534.113525 723.981506
0 1524841310 1450.797119 520.867981
0 1478235210 683.460876 108.167389
0 1578515669 920.610779 260.144531
0 1524854328 1678.282349 656.379578
0 0 418.658661 697.193359
0 1 324.730316 584.206970
0 2 455.857269 187.712097
0 3 85.493706 197.646301
0 4 145.191666 478.562683
0 6 628.750488 493.010345
0 7 546.062866 519.172180
0 8 1464.359619 77.137901
0 9 260.784271 656.366394
0 10 642.921448 650.628723
0 11 1291.556519 719.195251
0 12 1393.544678 34.470581
0 13 572.040039 457.673553
0 16 1892.024414 500.190277
0 17 1445.792969 56.114166
0 19 560.066956 720.660461
0 20 5.866361 234.105484
0 21 1821.916748 340.782959
0 22 172.031784 144.099106
0 23 1291.771484 192.944077
0 24 675.955322 22.268127
0 25 1261.273926 165.633514
0 26 1215.837524 378.781006
0 27 771.059814 342.529510
0 28 740.307678 201.323196
0 29 1171.353516 412.983704
0 30 705.717712 28.879025
0 31 1250.725342 236.717178
0 33 1189.255859 135.230637
0 35 679.165649 65.516647
0 37 618.923157 75.889511
0 39 214.189392 119.256622
0 40 651.979492 50.616909
0 53 209.611115 421.676971
0 131 571.512695 81.930023
0 170 1898.153809 730.884399
0 187 1199.385010 55.362701
0 192 930.393982 32.046692
0 201 1859.633423 912.944519
0 206 1627.746338 939.457214
0 210 7.911397 688.445312
0 218 81.679977 338.483734
0 227 485.692627 30.850857
