0 1578512666 990.468384 348.524506
0 1524823287 464.020782 437.415985
0 1478234209 1498.545166 383.872131
0 1707269176 1102.447144 384.518250
0 1438989626 898.825806 373.642151
0 1524801259 617.787292 394.694275
0 1438992629 960.168945 371.574860
0 1478227200 1530.173218 346.628723
0 1524854327 654.400818 411.754669
0 1478249229 1539.289429 324.446014
0 1524807266 587.341431 352.000763
0 1524863340 453.622101 412.194794
0 1524831297 550.953064 363.552307
0 1478229202 1509.358887 341.709717
0 1568509654 975.492310 376.837372
0 1524790246 474.367035 405.437653
0 1578523681 1058.752563 418.031403
0 1478207175 1571.168701 339.611176
0 1524861337 497.711334 456.988678
0 1478210178 1585.300171 368.435913
0 1524862338 609.057190 361.565613
0 1478186149 1541.253052 357.843506
0 1524797254 513.223511 375.529602
0 1578518674 1085.451294 379.055176
0 1438985621 1057.090942 404.860748
0 1524857331 496.648346 436.352570
0 1478203170 1595.245239 362.007202
0 1438994632 1020.078735 347.512054
0 1578520676 929.476379 372.609222
0 1478237213 1363.030273 357.998016
0 1568511657 1035.429321 352.342041
0 1775370079 975.712952 343.781586
0 1478195160 1532.461670 402.591400
0 1568510655 1005.026123 342.775909
0 1478257240 1394.319458 356.943542
0 1578521677 1081.350342 356.241089
0 1524794250 541.044678 441.653656
0 1524812272 610.442383 406.993011
0 1769859072 1036.521851 363.327606
0 1578525683 960.540039 360.342712
0 1770636073 1097.640869 361.260132
0 1524846317 464.052582 399.835327
0 1524833300 598.576660 401.300568
0 1568511656 1042.693481 425.379120
0 1438985620 1023.412964 393.294739
0 1478185148 1543.465820 395.478210
0 1707993177 1158.926270 359.187012
0 1478189152 1374.746094 351.886444
0 1524791247 484.897675 411.157379
0 1524830296 494.714539 398.809967
0 2088218948 1038.840210 386.636780
0 1524827292 485.542938 430.117218
0 1606348170 1072.512207 397.944244
0 1524855329 643.260254 376.630615
0 1478183145 1343.788208 352.933624
0 1438990627 1051.086670 357.268524
0 1524840309 507.999237 442.725677
0 1478222194 1436.789185 349.787659
0 1709860179 1032.388550 321.770538
0 1478188151 1449.364502 327.531219
0 1438988624 1053.968140 380.107971
0 1478243222 1450.922119 312.149170
0 1524843313 422.390564 413.230743
0 1524844315 532.260559 369.486267
0 1524858333 442.760712 425.064880
0 1524811271 631.633423 371.509460
0 1524859334 453.275909 431.173706
0 1478216186 1414.299072 362.105652
0 1524851324 553.027466 448.162109
0 1524814275 648.662170 393.661774
0 1578514668 1114.263916 366.381683
0 1478184146 1405.746338 350.837769
0 1524829294 505.354370 404.405548
0 1478176143 1419.468628 328.556915
0 1524860336 667.226135 387.186584
0 1478222193 1499.211670 331.129669
0 1438997636 991.134094 382.209229
0 1478194158 1397.523682 340.004517
0 1478201168 1561.386841 345.572845
0 1478187150 1531.651489 382.778625
0 1478205172 1551.416748 351.649200
0 1524838306 572.349670 373.522217
0 1568514660 1134.318237 383.456696
0 1524865342 692.191162 398.182587
0 2085418945 1093.195801 339.750885
0 1524808268 629.737732 400.262726
0 1478200167 1509.447876 358.911255
0 1478194159 1540.242798 340.661133
0 1568501643 1099.996094 372.657501
0 1478239216 1367.126343 341.040222
0 1524820283 622.560181 412.806396
0 1438989625 1111.654541 355.212189
0 1568505649 1070.621216 385.578247
0 1478255237 1509.642944 396.585632
0 1524804262 679.579956 392.627899
0 1568506650 1128.262695 360.224274
0 1478217187 1444.118164 379.339874
0 1568505648 1095.375854 350.299469
0 1568497640 1105.000000 396.871124
0 1578511665 1119.804443 390.097412
0 1478258241 1520.322021 370.600128
0 1524796253 564.415405 384.912170
0 1478206173 1550.124268 334.805023
0 1524826291 613.294250 377.644257
0 1578529688 1077.554688 335.125916
0 1478233207 1564.806030 381.683502
0 1708834178 1068.805542 373.704681
0 1478189153 1468.966553 332.163788
0 1568499641 975.642212 354.379120
0 1478245224 1554.244995 388.510376
0 1524852325 601.971741 372.516510
0 1478219190 1432.206055 307.874786
0 1578525682 1049.728027 346.498322
0 1478232206 1459.774902 321.968597
0 1524818280 578.989685 408.036316
0 1524850322 579.986145 362.559601
0 1438996635 1116.978516 378.000854
0 1524832299 567.459106 402.337006
0 1478242220 1552.787842 369.518799
0 1524789245 412.521912 407.497498
0 1438999639 928.475342 384.304596
0 1478196161 1487.902466 371.679901
0 1478252234 1423.202026 373.834900
0 1524803261 517.856873 429.059204
0 1478211179 1499.409424 315.490082
0 1578523680 1019.322632 337.130463
0 1578530689 959.782837 383.257629
0 1568508653 975.330078 401.154205
0 1524826290 569.310425 357.724731
0 1524847319 534.261841 385.928375
0 1524810270 634.938110 418.744537
0 1524835302 586.955139 395.725342
0 1524821284 432.467896 419.085236
0 1524799257 556.165710 396.754944
0 1478233208 1447.716797 343.802490
0 1608354172 1125.409058 349.276184
0 1524835303 660.942566 399.223389
0 1478251232 1487.323364 390.711273
0 1524812273 636.632324 388.213684
0 1706512175 914.780762 367.445770
0 1438986622 1018.594116 327.127899
0 1478211180 1519.910034 352.711029
0 1524823286 464.037170 418.042480
0 1478223195 1434.697876 367.376038
0 1478244223 1488.447144 353.771332
0 1438987623 1079.416626 345.483185
0 1478193157 1478.516968 342.756805
0 1478198164 1542.325439 376.082367
0 1524862339 527.310730 415.952515
0 1478236212 1378.472778 335.257965
0 1478240217 1386.241821 345.889648
0 1478214183 1573.102661 356.774261
0 1578521678 991.374084 394.357452
0 1524844314 590.871216 367.489258
0 1524848320 582.626221 426.938477
0 1524806265 575.570496 390.263672
0 1524787243 523.637695 380.677094
0 1478241219 1438.761841 333.196564
0 1524799256 606.080444 389.239349
0 1478190154 1400.549561 324.007324
0 1478226198 1458.440796 337.928925
0 1478208176 1529.497192 330.094177
0 1478214184 1382.671387 363.167450
0 2084722944 1065.382568 351.321442
0 1578522679 990.903503 370.539093
0 1524825289 433.432953 400.859283
0 1774531078 975.412781 388.749359
0 1525674169 975.568787 365.389526
0 1478197162 1602.136841 338.559784
0 1524815276 624.845459 382.875610
0 1768901071 1004.554504 332.580444
0 1578526684 1020.863892 358.294647
0 1478182144 1563.044922 363.083984
0 1524853326 598.094910 356.737213
0 1478218189 1355.566895 346.931091
0 1578513667 1052.499023 368.463226
0 1438983618 1083.360352 367.423187
0 1478224196 1416.958496 344.846802
0 1478247227 1604.997192 355.703491
0 1524792248 531.470642 455.904053
0 1524795252 443.422913 406.468292
0 1524808267 559.015198 414.905304
0 1478191155 1430.142944 322.988617
0 1524856330 493.832428 381.685364
0 1478236211 1465.487061 384.964050
0 1478258242 1623.942871 343.456757
0 1478212181 1408.597290 334.227905
0 1478185147 1425.651978 355.887604
0 1568502645 1040.071411 399.015747
0 1568508652 1067.060669 362.294586
0 1438984619 1145.210205 365.338776
0 1659977623 1037.084351 368.982758
0 1478209177 1575.155762 374.993378
0 1438982617 1021.680115 369.501862
0 1524805264 562.047668 434.220947
0 1771287074 1041.354736 411.918549
0 2087111947 1034.377686 341.768890
0 1524817279 620.234558 366.488770
0 1524795251 553.483093 379.667542
0 1478230204 1467.874512 348.736115
0 1478230203 1592.643188 344.515533
0 1524847318 506.635315 422.964172
0 1578516671 1089.895996 403.781860
0 1568513659 1006.024597 364.359253
0 1578529687 1024.333740 405.938110
0 1524819282 583.368591 378.656555
0 1478253235 1427.961670 338.967407
0 1524836304 536.385010 403.372009
0 1478243221 1582.967041 350.585907
0 1568501644 1162.507446 370.558868
0 1438998637 991.624268 407.013855
0 1524816278 615.081787 425.875824
0 1705773174 945.808350 355.395630
0 1524845316 453.947693 394.346802
0 1524842312 474.077209 387.956665
0 1568507651 913.498413 378.918671
0 1438999638 1048.419800 336.128845
0 1478252233 1402.724365 368.445282
0 1438993630 990.263123 338.130798
0 1478237214 1469.998535 316.505829
0 1524857332 486.230408 450.318756
0 1478248228 1457.027832 354.830200
0 1478225197 1421.841553 313.156708
0 1524859335 514.675842 392.308014
0 1524832298 545.102295 391.286560
0 1478200166 1442.389771 302.685120
0 1478250231 1476.806763 378.255615
0 1478245225 1489.445801 320.947205
0 1438995633 930.438843 361.364685
0 1524804263 538.641663 421.911530
0 1524839308 525.418823 397.783173
0 1524849321 641.939636 405.948242
0 1568512658 945.154175 366.418365
0 1568514661 1007.104126 387.693817
0 1478231205 1520.759521 389.611633
0 1773608077 1005.515869 353.361237
0 1438977615 1087.627930 391.164734
0 1524834301 529.323914 435.287537
0 1607644171 1131.230103 371.608917
0 1524800258 484.290955 393.328156
0 1568504647 1033.364746 331.585449
0 1568500642 1037.657959 374.750336
0 1478256239 1477.687256 359.977570
0 1524815277 594.819641 433.152771
0 1568503646 1074.483398 410.833832
0 1478220191 1509.274902 325.475800
0 1478207174 1530.890137 364.159271
0 1524841311 475.002960 443.796173
0 1478213182 1479.299927 326.504181
0 1524813274 570.694214 420.857391
0 1568516663 1063.767456 340.760559
0 1578517672 1047.159424 326.138184
0 1578527685 1148.549927 376.945068
0 1478240218 1466.716675 366.305328
0 1478215185 1440.625732 317.520264
0 1524838307 574.139221 440.579956
0 1478197163 1498.780640 365.233063
0 1478221192 1455.529053 372.758148
0 1524819281 504.149139 386.943207
0 2086284946 1006.553650 375.794586
0 1524824288 655.122131 381.855255
0 1524802260 509.454590 463.810974
0 1478226199 1499.002441 347.683167
0 1578518673 1109.144165 344.466766
0 1438981616 960.897217 349.535583
0 1478238215 1411.291016 318.533356
0 1609135173 1007.677368 400.085754
0 1524837305 519.603760 449.241272
0 1524793249 590.765015 413.856598
0 1568515662 1008.274963 413.001648
0 1568516664 943.766235 389.803406
0 1438991628 959.380981 395.418701
0 1478249230 1389.612061 329.581268
0 1438996634 990.681702 359.319366
0 1578519675 1141.999756 354.181946
0 1524829295 474.675049 424.015259
0 1524864341 550.217957 427.999603
0 1478255238 1480.040161 311.140320
0 1438993631 1025.293945 419.121948
0 1524788244 602.792969 419.801727
0 1772785076 1062.212158 330.589203
0 1524828293 594.609863 383.894592
0 1478203171 1519.155518 319.924500
0 1524798255 542.766907 374.526581
0 1478199165 1488.960815 336.889008
0 1578528686 1022.529175 381.159363
0 1478192156 1519.521851 335.847748
0 1478228201 1509.542480 377.169769
0 1772037075 944.473999 377.878754
0 1578515670 1055.497559 392.230499
0 1524851323 547.581421 409.078125
0 1478218188 1559.822998 329.057281
0 1478202169 1445.971069 361.042328
0 1478254236 1580.767822 333.760925
0 1478246226 1461.036987 306.872772
0 1524809269 495.651398 416.998230
0 1524822285 561.546570 368.488434
0 1524841310 673.481445 404.902039
0 1478235210 1614.561157 349.521179
0 1578515669 1176.198853 364.294434
0 1524854328 516.217468 410.118500
0 0 1397.899414 294.751526
0 1 922.597351 524.743286
0 2 1309.460938 318.391083
0 3 1290.378418 215.758881
0 4 1060.159180 255.636429
0 5 618.021606 406.841248
0 6 1334.425781 227.424896
0 7 1173.401855 287.740723
0 8 786.425171 301.622314
0 9 1293.793701 447.589355
0 10 1011.253967 256.092682
0 11 1107.476807 574.863220
0 12 1527.164429 299.830109
0 13 833.983459 535.386780
0 14 1477.193359 311.622528
0 15 698.350342 344.229553
0 16 549.729614 335.193207
0 17 1455.017456 335.724945
0 18 512.915527 383.325073
0 19 1401.525024 347.885162
0 20 1384.166626 394.516479
0 21 1302.640625 295.363373
0 22 1390.091919 373.259155
0 23 1389.619019 242.197433
0 24 1095.839355 500.306824
0 25 1434.618774 457.193390
0 26 1392.015503 480.047638
0 27 1227.342773 466.931549
0 28 1191.034058 493.574005
0 29 1366.141968 445.721100
0 30 849.364441 316.584259
0 31 1030.673706 584.385071
0 32 1042.675415 240.079300
0 33 1331.807983 508.209930
0 34 829.572876 303.693085
0 35 1152.235718 521.282410
0 36 1030.041260 540.243286
0 37 941.324524 256.919800
0 38 1315.930908 410.601959
0 39 979.929688 245.147247
