0 1578512666 922.700256 628.098694
0 1478234209 1400.878540 483.213806
0 1707269176 1127.538818 626.561218
0 1438989626 892.012085 715.130981
0 1524801259 556.819824 962.648254
0 1438992629 954.912476 677.772278
0 1478227200 1343.354980 433.997772
0 1524854327 681.918213 960.594666
0 1478249229 1304.111084 407.695679
0 1524807266 334.545532 907.351868
0 1524831297 304.076172 966.797180
0 1478229202 1321.245483 434.047913
0 1568509654 986.021118 677.496643
0 1578523681 1176.965088 693.691223
0 1478207175 1352.640991 416.158813
0 1478210178 1416.830566 443.116364
0 1524862338 414.827759 906.160339
0 1478186149 1372.114624 443.229156
0 1524797254 270.169159 1032.949097
0 1578518674 1098.415527 626.779846
0 1438985621 1140.779419 676.125427
0 1478203170 1409.523071 433.847687
0 1438994632 951.235596 612.475586
0 1578520676 924.130127 696.054993
0 1478237213 1263.383423 494.561127
0 1568511657 980.050171 612.271301
0 1775370079 893.250671 628.319763
0 1478195160 1456.791626 493.802826
0 1568510655 922.375916 612.680115
0 1478257240 1281.762085 483.645447
0 1578521677 1035.148560 597.065308
0 1524812272 590.271912 993.739685
0 1769859072 1010.767700 627.437744
0 1578525683 923.387207 660.746704
0 1770636073 1063.311523 596.877075
0 1524833300 547.330750 994.481079
0 1568511656 1182.577759 712.266541
0 1438985620 1079.032471 676.672546
0 1478185148 1448.307739 483.041931
0 1707993177 1112.037842 568.536804
0 1478189152 1257.845215 483.732086
0 2088218948 1075.643188 659.469116
0 1606348170 1136.194092 658.960999
0 1524855329 534.607971 904.382568
0 1478183145 1239.062622 494.656494
0 1438990627 1008.819702 612.067444
0 1478222194 1293.651123 462.906616
0 1709860179 894.085205 569.827393
0 1478188151 1254.755493 434.198700
0 1438988624 1072.383545 642.923523
0 1478243222 1223.404053 416.388702
0 1524844315 287.587769 998.965759
0 1524811271 494.766663 904.973877
0 1478216186 1305.647705 483.558868
0 1524814275 606.523438 931.824768
0 1578514668 1091.431519 596.689148
0 1478184146 1276.031982 473.154236
0 1478176143 1237.304932 443.569305
0 1524860336 614.035950 903.203674
0 1478222193 1293.545532 425.059937
0 1438997636 1017.077148 677.221497
0 1478194158 1247.267090 463.048431
0 1478201168 1358.949219 424.927856
0 1478187150 1416.735596 472.684845
0 1478205172 1365.437744 433.947662
0 1524838306 388.704346 965.407898
0 1568514660 1151.995728 611.052673
0 1524865342 693.126038 902.029785
0 2085418945 1003.384338 569.180176
0 1524808268 598.612915 961.962219
0 1478200167 1356.263184 452.847198
0 1478194159 1337.174072 424.971832
0 1568501643 1094.859253 611.457642
0 1478239216 1228.888794 473.311493
0 1524820283 633.114197 993.000000
0 1438989625 1060.502441 582.618713
0 1568505649 1102.107666 642.687500
0 1478255237 1432.727661 493.897186
0 1524804262 653.622986 902.616150
0 1568506650 1088.125366 582.444824
0 1478217187 1360.344238 494.180969
0 1568505648 1032.837891 582.792908
0 1568497640 1161.411987 642.216614
0 1578511665 1156.615723 626.343018
0 1478258241 1386.066895 462.624115
0 1524796253 417.910461 996.715698
0 1478206173 1331.164917 416.197021
0 1524826291 484.141388 933.734985
0 1578529688 976.120239 569.341614
0 1478233207 1432.099487 462.483429
0 1708834178 1069.245972 626.998779
0 1478189153 1276.945801 434.148346
0 1568499641 923.037109 644.109375
0 1478245224 1440.080933 472.606964
0 1524852325 443.168243 934.374512
0 1478219190 1201.775513 416.427216
0 1578525682 978.692749 597.442749
0 1478232206 1249.812500 425.148315
0 1524818280 537.310181 1028.096924
0 1524850322 360.951385 935.657776
0 1438996635 1123.449829 611.255005
0 1524832299 493.051086 1028.900757
0 1478242220 1401.684570 452.720673
0 1438999639 956.980103 714.490540
0 1478196161 1369.955078 472.840912
0 1478252234 1336.152344 494.275818
0 1478211179 1261.617798 407.761353
0 1578523680 922.063232 597.821289
0 1578530689 987.665649 695.460938
0 1568508653 1054.004272 713.534058
0 1524826290 319.707062 936.301575
0 1524847319 359.640778 1031.323975
0 1524810270 675.857971 992.261963
0 1524835302 504.290375 995.224243
0 1524799257 448.686737 1029.706543
0 1478233208 1287.918335 453.037628
0 1608354172 1057.791382 568.858032
0 1524835303 647.139160 931.190857
0 1478251232 1408.631714 493.991638
0 1524812273 565.818726 932.460144
0 1706512175 892.279968 696.352783
0 1438986622 893.887756 583.667786
0 1478211180 1349.715454 443.285706
0 1478223195 1329.502197 483.472443
0 1478244223 1333.510132 452.910614
0 1438987623 1005.131714 582.967285
0 1478193157 1304.834229 443.398926
0 1478198164 1409.097778 462.553711
0 1478236212 1224.030884 463.119446
0 1478240217 1252.475586 473.232819
0 1478214183 1387.493774 433.897644
0 1578521678 1050.982422 694.869080
0 1524844314 402.104980 935.015503
0 1524848320 617.476807 1061.915039
0 1524806265 461.150391 995.969055
0 1524787243 314.958374 1032.135498
0 1478241219 1259.842529 443.512451
0 1524799256 514.932800 963.335815
0 1478190154 1214.739624 443.626251
0 1478226198 1282.352295 443.455658
0 1478208176 1309.663574 416.235260
0 1478214184 1287.671875 494.465912
0 2084722944 1006.942261 597.253906
0 1578522679 984.440796 660.234436
0 1774531078 1019.351318 695.164795
0 1525674169 953.939331 660.490356
0 1478197162 1367.666138 407.597504
0 1524815276 525.024841 933.096863
0 1768901071 893.683167 598.010986
0 1578526684 981.458679 627.657715
0 1478182144 1394.486328 443.172729
0 1524853326 374.729706 906.755493
0 1478218189 1233.896973 483.818909
0 1578513667 1040.030151 627.218079
0 1438983618 1066.224121 611.660583
0 1478224196 1270.473877 462.977478
0 1478247227 1402.421631 424.840027
0 1524808267 526.712097 1063.649658
0 1478191155 1232.538452 434.249084
0 1524856330 251.739578 1068.904907
0 1478236211 1384.504028 494.086243
0 1478258242 1388.801880 407.564850
0 1478212181 1242.212402 453.164948
0 1478185147 1299.558228 473.075745
0 1568502645 1109.932007 676.398743
0 1568508652 1037.544312 611.863831
0 1438984619 1115.706909 582.271179
0 1659977623 1026.544922 635.227478
0 1478209177 1424.352783 452.657532
0 1438982617 1012.790344 643.396729
0 1771287074 1145.550537 693.984863
0 2087111947 950.399780 597.631897
0 1524817279 454.839966 905.566528
0 1524795251 374.570312 997.463928
0 1478230204 1310.728516 452.974091
0 1478230203 1374.091797 416.120636
0 1578516671 1166.394775 658.707581
0 1568513659 982.921143 643.633850
0 1578529687 1114.082031 694.279114
0 1524819282 430.875366 964.715637
0 1478253235 1265.079712 453.101257
0 1524836304 435.503235 1065.392822
0 1478243221 1380.698486 424.883911
0 1568501644 1143.246948 582.097778
0 1438998637 1086.232178 713.216309
0 1524816278 669.459473 1025.696655
0 1705773174 892.784363 661.003540
0 1568507651 924.524658 714.810486
0 1438999638 949.593628 583.317017
0 1478252233 1311.928223 494.370789
0 1438993630 893.470947 612.885010
0 1478237214 1245.007202 416.350281
0 1478248228 1316.798950 462.835876
0 1478225197 1205.974487 425.236877
0 1524859335 343.846741 1067.144653
0 1524832298 404.216797 1030.514282
0 1478200166 1197.692017 407.860107
0 1478250231 1377.117432 483.299896
0 1478245225 1266.584839 416.311920
0 1438995633 892.537170 678.325012
0 1524839308 389.731110 1066.267578
0 1524849321 640.312195 961.277710
0 1568512658 923.751221 678.048462
0 1568514661 1048.080933 676.946777
0 1478231205 1424.608643 483.127777
0 1773608077 952.102905 627.878052
0 1438977615 1131.783813 642.451904
0 1607644171 1119.508423 596.501404
0 1568504647 921.761780 583.492188
0 1568500642 1042.610962 643.159973
0 1478256239 1339.917480 462.765198
0 1524815277 662.693604 1061.050781
0 1568503646 1171.575195 675.852539
0 1478220191 1288.136963 416.273560
0 1478207174 1378.988159 452.783905
0 1478213182 1271.692139 425.104126
0 1524813274 572.149780 1062.781250
0 1568516663 977.383545 583.142029
0 1578517672 921.470825 569.665222
0 1578527685 1147.542358 596.314026
0 1478240218 1346.519653 472.919098
0 1478215185 1227.906616 425.192566
0 1478197163 1363.006836 462.694641
0 1478221192 1353.325317 483.386078
0 1524819281 297.849731 1068.023682
0 2086284946 1014.891907 659.978882
0 1524824288 574.364319 903.792542
0 1478226199 1327.288696 443.342285
0 1578518673 1030.608032 569.018982
0 1438981616 893.022034 644.347717
0 1478238215 1210.294189 434.299530
0 1609135173 1082.559326 694.573853
0 1524793249 581.464294 1027.294922
0 1568515662 1118.403687 712.899231
0 1568516664 989.378357 714.171082
0 1438991628 1021.719727 713.852356
0 1478249230 1219.316528 453.228790
0 1438996634 953.003479 643.871399
0 1578519675 1084.934692 568.697327
0 1478255238 1240.334106 407.794220
0 1438993631 1150.518799 712.582642
0 1524788244 625.513916 1026.494873
0 1772785076 948.815857 569.503235
0 1524828293 472.951416 964.025024
0 1478203171 1282.876831 407.728516
0 1524798255 331.129517 998.213928
0 1478199165 1299.109009 434.098114
0 1578528686 1045.292725 659.723755
0 1478192156 1315.372803 425.015900
0 1478228201 1393.360352 472.762848
0 1772037075 955.925232 695.757751
0 1578515670 1105.943604 659.214844
0 1524851323 481.163361 1064.520264
0 1478218188 1325.320679 407.662933
0 1478202169 1323.054077 472.997375
0 1478254236 1346.505737 407.630188
0 1478246226 1219.025635 407.827148
0 1524822285 346.438049 966.101807
0 1524841310 687.666382 930.558228
0 1478235210 1395.517212 416.082520
0 1578515669 1139.101074 568.376587
0 0 1685.802124 983.805969
0 1 1215.467651 451.274384
0 2 1141.167358 878.018372
0 3 1705.821045 1071.474976
0 4 1792.918213 863.240784
0 5 1419.959595 511.161072
0 6 781.072815 1076.765137
0 7 1707.168579 728.845703
0 8 1493.850830 501.146851
0 9 544.449341 502.105042
0 10 1734.537354 797.602295
0 11 1312.368164 366.534088
0 12 373.807526 881.380066
0 13 1606.561401 753.277039
0 14 389.949249 800.847778
0 15 1821.123291 956.820862
0 16 1586.380249 807.977539
0 17 543.910645 469.056793
0 18 1146.772095 352.673035
0 19 734.388916 623.074524
0 20 527.311462 539.575806
0 21 659.218506 646.947754
0 22 1127.167480 420.227661
0 23 330.844574 975.463013
0 24 1220.911621 360.714203
0 25 723.459351 573.904846
0 26 683.565674 781.291504
0 27 1338.175537 406.471497
0 28 678.307922 341.712860
0 29 712.861023 478.978058
0 30 1428.091919 871.176270
0 31 1532.028564 652.809998
0 32 1048.998535 960.167664
0 33 758.311768 499.105804
0 34 1674.725342 920.366516
0 35 1433.029907 547.163513
0 36 1670.127930 864.224792
0 37 914.583496 948.715210
0 38 1253.094116 415.127869
0 39 1387.902710 947.405090
