0 1578512666 979.061768 579.032959
0 1524823287 380.710297 672.962280
0 1478234209 1545.186646 639.777039
0 1707269176 1103.502197 627.332520
0 1438989626 876.813660 606.960999
0 1524801259 561.274048 623.842468
0 1438992629 945.079834 606.440674
0 1478227200 1574.194092 594.581726
0 1524854327 600.054993 646.610535
0 1478249229 1580.517700 567.822632
0 1524807266 533.584961 569.920410
0 1524863340 373.989868 640.391113
0 1524831297 491.514252 582.886902
0 1478229202 1550.467041 587.862244
0 1568509654 962.011047 613.494934
0 1524790246 398.642120 632.543274
0 1578523681 1055.082031 668.261230
0 1478207175 1618.127319 587.336670
0 1524861337 415.243652 699.468140
0 1478210178 1639.009888 623.373596
0 1524862338 556.234619 582.375305
0 1478186149 1588.318115 608.767822
0 1524797254 447.579102 596.428040
0 1578518674 1084.440063 619.933838
0 1438985621 1053.088257 651.441528
0 1524857331 417.927277 672.702820
0 1478203170 1648.824951 615.717285
0 1438994632 1011.741577 578.774658
0 1578520676 910.934570 606.700928
0 1478237213 1391.186890 603.040283
0 1568511657 1028.684082 585.203491
0 1775370079 962.864319 572.746216
0 1478195160 1586.212402 664.558777
0 1568510655 995.175720 572.488647
0 1478257240 1425.674561 602.777466
0 1578521677 1079.482422 591.520264
0 1524794250 467.364807 681.048096
0 1524812272 551.274719 639.094727
0 1769859072 1029.913208 598.770203
0 1578525683 945.756836 592.558838
0 1770636073 1097.613159 598.249207
0 1524846317 388.147125 625.135864
0 1524833300 538.787048 631.507263
0 1568511656 1037.012573 677.128845
0 1438985620 1015.309998 635.701477
0 1478185148 1597.299194 655.910461
0 1707993177 1165.408447 597.727478
0 1478189152 1403.445801 595.895752
0 1524791247 409.394287 640.132202
0 1524830296 422.722412 624.877625
0 2088218948 1032.548584 627.856995
0 1524827292 406.523956 664.316772
0 1606348170 1070.300049 643.210571
0 1524855329 592.174927 602.138672
0 1478183145 1369.368408 596.157898
0 1438990627 1046.016113 591.780090
0 1524840309 429.628143 681.307739
0 1478222194 1471.672729 595.370667
0 1709860179 1025.306152 547.918640
0 1478188151 1482.466309 568.604248
0 1438988624 1049.384521 620.195801
0 1478243222 1482.058594 550.079224
0 1524843313 338.611694 640.649780
0 1524844315 469.787354 589.583252
0 1524858333 359.132660 656.400513
0 1524811271 579.920715 595.400208
0 1524859334 369.784363 664.576172
0 1478216186 1448.434448 609.823608
0 1524851324 479.878845 689.880554
0 1524814275 595.974731 623.583191
0 1578514668 1116.170654 605.136536
0 1478184146 1437.547241 595.633301
0 1524829294 433.639832 632.284607
0 1478176143 1449.826538 568.864380
0 1524860336 617.554443 616.094788
0 1478222193 1537.659546 574.617432
0 1438997636 979.349792 620.718994
0 1478194158 1427.149414 582.080872
0 1478201168 1608.416260 594.318420
0 1478187150 1581.910645 639.511475
0 1478205172 1598.482422 601.460266
0 1524838306 513.704102 595.914490
0 1568514660 1139.018188 627.069885
0 1524865342 644.165833 630.728210
0 2085418945 1092.240234 571.714905
0 1524808268 573.887512 631.247803
0 1478200167 1553.309204 609.032104
0 1478194159 1584.285400 587.599548
0 1568501643 1100.488525 612.449768
0 1478239216 1393.817993 582.342102
0 1524820283 564.072571 646.870667
0 1438989625 1112.971924 591.260132
0 1568505649 1068.012207 627.594849
0 1478255237 1559.638428 656.176270
0 1524804262 630.700623 623.323792
0 1568506650 1131.498901 597.988464
0 1478217187 1483.867188 632.275208
0 1568505648 1094.866577 584.684875
0 1568497640 1106.664062 642.947632
0 1578511665 1123.034790 634.913757
0 1478258241 1567.264771 623.904053
0 1524796253 503.076721 609.809753
0 1478206173 1594.152954 580.772217
0 1524826291 558.667786 602.396545
0 1578529688 1074.954468 565.569519
0 1478233207 1618.662476 639.245728
0 1708834178 1065.831909 612.711365
0 1478189153 1504.621094 574.878540
0 1568499641 962.592651 585.721375
0 1478245224 1608.112549 647.475342
0 1524852325 546.801025 595.657410
0 1478219190 1461.078857 544.334656
0 1578525682 1044.443848 578.516113
0 1478232206 1493.094360 562.208984
0 1524818280 515.765137 639.354431
0 1524850322 523.863464 582.631165
0 1438996635 1119.521240 619.671753
0 1524832299 503.712280 631.766541
0 1478242220 1603.124023 623.638916
0 1524789245 328.723480 633.060181
0 1438999639 909.417053 621.241455
0 1478196161 1531.432251 624.168945
0 1478252234 1459.846436 624.698181
0 1524803261 443.291809 664.057251
0 1478211179 1535.473145 555.690369
0 1578523680 1010.946106 566.083923
0 1578530689 944.370728 620.980347
0 1568508653 961.372375 643.998169
0 1524826290 512.775146 576.334106
0 1524847319 469.244812 610.067627
0 1524810270 577.192505 654.842285
0 1524835302 526.598450 624.101562
0 1524821284 348.744995 648.427612
0 1524799257 491.948029 624.360413
0 1478233208 1482.901489 588.386963
0 1608354172 1127.991943 584.425232
0 1524835303 609.013794 630.988098
0 1478251232 1533.739624 648.006775
0 1524812273 583.244507 616.353760
0 1706512175 894.798828 599.809937
0 1438986622 1010.184387 553.931213
0 1478211180 1563.871460 601.724060
0 1524823286 384.565643 648.168579
0 1478223195 1471.744873 617.040283
0 1478244223 1529.285034 601.987671
0 1438987623 1077.168213 578.257446
0 1478193157 1516.672607 588.124695
0 1478198164 1592.645020 631.479736
0 1524862339 456.287567 647.650024
0 1478236212 1405.641357 575.660950
0 1478240217 1415.430176 588.911011
0 1478214183 1623.352417 608.503418
0 1578521678 979.455200 635.963684
0 1524844314 535.202515 589.070679
0 1524848320 516.912476 663.537476
0 1524806265 514.698425 616.871094
0 1524787243 458.286743 603.169067
0 1478241219 1471.605347 575.139526
0 1524799256 548.959167 616.612488
0 1478190154 1428.528809 562.727905
0 1478226198 1493.881592 581.557922
0 1478208176 1570.720459 574.356079
0 1478214184 1413.526611 610.087097
0 2084722944 1061.763916 584.944275
0 1578522679 979.249329 606.180237
0 1524825289 353.596863 625.394043
0 1774531078 961.699463 628.380798
0 1525674169 962.308472 599.290405
0 1478197162 1651.992920 587.073669
0 1524815276 570.812378 609.293518
0 1768901071 994.743774 560.070618
0 1578526684 1012.573120 592.039856
0 1478182144 1613.356934 615.982300
0 1524853326 544.784546 576.078979
0 1478218189 1381.729980 589.172729
0 1578513667 1047.661255 605.658813
0 1438983618 1081.903809 605.397766
0 1478224196 1449.154175 588.649048
0 1478247227 1658.412109 608.238831
0 1524792248 453.970276 699.209045
0 1524795252 363.670013 632.801880
0 1524808267 492.188934 647.390442
0 1478191155 1460.800781 562.468567
0 1524856330 424.873169 603.426147
0 1478236211 1508.490601 640.042297
0 1478258242 1676.933350 593.791138
0 1478212181 1438.612183 575.400330
0 1478185147 1460.186646 602.514404
0 1568502645 1033.963379 643.473267
0 1568508652 1063.751343 598.509766
0 1438984619 1150.461914 604.875183
0 1659977623 1030.549194 605.789246
0 1478209177 1628.958618 631.214172
0 1438982617 1013.443115 605.919556
0 1524805264 492.448242 672.183350
0 1771287074 1035.449463 659.876831
0 2087111947 1027.508789 572.230896
0 1524817279 567.943726 588.814087
0 1524795251 491.723663 602.911743
0 1478230204 1505.822388 595.107849
0 1478230203 1642.662720 594.054871
0 1524847318 431.708771 655.881897
0 1578516671 1089.891846 651.178589
0 1568513659 996.098999 599.030396
0 1578529687 1016.313049 651.704285
0 1524819282 525.184021 602.654236
0 1478253235 1460.504028 581.819519
0 1524836304 468.663269 632.025696
0 1478243221 1633.118408 601.196228
0 1568501644 1169.877075 611.926086
0 1438998637 979.565857 651.966919
0 1524816278 553.765320 663.277344
0 1705773174 929.581055 585.980103
0 1524845316 377.900177 617.903564
0 1524842312 401.652802 610.582825
0 1568507651 892.921692 614.016418
0 1438999638 1042.939697 565.826843
0 1478252233 1436.406494 617.304260
0 1438993630 978.973938 566.340881
0 1478237214 1503.497070 555.949402
0 1524857332 403.428345 690.399353
0 1478248228 1494.723511 602.251099
0 1478225197 1450.456299 550.337219
0 1524859335 446.250366 617.387695
0 1524832298 480.462097 617.129517
0 1478200166 1471.483276 538.455383
0 1478250231 1520.099243 632.010193
0 1478245225 1525.409546 561.949341
0 1438995633 912.383545 592.818054
0 1524804263 468.038269 655.622314
0 1524839308 457.322662 624.619080
0 1524849321 586.810608 638.834839
0 1568512658 928.541870 599.550232
0 1568514661 997.110901 628.119019
0 1478231205 1570.911865 647.741211
0 1773608077 995.627075 585.462524
0 1438977615 1087.099731 635.176514
0 1524834301 455.173248 672.443237
0 1607644171 1135.170410 612.188049
0 1524800258 412.063049 617.645752
0 1568504647 1026.383911 559.814331
0 1568500642 1031.199951 612.972717
0 1478256239 1518.325684 609.296143
0 1524815277 529.752319 671.923279
0 1568503646 1072.703003 659.613831
0 1478220191 1547.811768 568.083374
0 1478207174 1577.915039 616.247070
0 1524841311 391.921173 681.567139
0 1478213182 1515.127930 568.343872
0 1524813274 504.395325 655.362488
0 1568516663 1059.863647 571.973022
0 1578517672 1041.499268 553.675598
0 1578527685 1154.628052 619.409485
0 1478240218 1507.109131 616.776062
0 1478215185 1471.542358 556.208252
0 1524838307 505.131348 680.788208
0 1478197163 1542.499023 616.511658
0 1478221192 1495.626099 624.433655
0 1524819281 435.436890 610.325317
0 2086284946 996.593079 613.233948
0 1524824288 604.716125 609.035034
0 1524802260 427.379730 708.783081
0 1478226199 1539.996216 594.844910
0 1578518673 1109.914917 577.998596
0 1438981616 946.403931 579.291077
0 1478238215 1439.608765 556.466919
0 1609135173 997.654175 643.735779
0 1524837305 441.638275 690.140015
0 1524793249 528.117249 647.130676
0 1568515662 998.224731 660.139648
0 1568516664 926.313965 628.642395
0 1438991628 943.627197 636.225708
0 1478249230 1417.208984 569.124451
0 1438996634 979.153381 592.299500
0 1578519675 1146.484863 590.999817
0 1524829295 395.406952 656.141357
0 1524864341 480.087952 663.797485
0 1478255238 1513.681641 549.821045
0 1438993631 1017.367310 668.524109
0 1524788244 540.780090 655.102478
0 1772785076 1058.044800 559.557861
0 1524828293 536.932495 609.551697
0 1478203171 1557.746338 561.689392
0 1524798255 480.630157 596.171326
0 1478199165 1527.282227 581.296204
0 1578528686 1014.354370 620.457458
0 1478192156 1560.705933 581.034302
0 1478228201 1556.358521 631.745056
0 1772037075 927.453979 613.755798
0 1578515670 1051.191406 635.439087
0 1524851323 480.281860 639.613831
0 1478218188 1603.803955 574.094543
0 1478202169 1483.367432 609.559998
0 1478254236 1627.622925 580.509888
0 1478246226 1492.356689 544.077454
0 1524809269 420.413147 647.909363
0 1524822285 502.483765 589.327026
0 1524841310 622.373047 638.574829
0 1478235210 1667.778931 600.932007
0 1578515669 1184.777710 604.613647
0 1524854328 444.824921 639.873108
0 0 946.646423 1030.813110
0 6 811.691101 434.050537
0 7 766.336670 441.559998
0 8 773.921387 454.257324
0 9 582.513977 507.926605
0 10 930.133179 424.797211
0 11 828.554138 1021.478699
0 12 1131.078125 394.445587
0 13 857.178284 426.067108
0 14 1413.190552 428.534088
0 16 438.173859 762.892334
0 17 1452.273193 423.625580
0 19 444.369415 810.572388
0 21 1190.463745 387.787384
0 23 1256.181396 683.989807
0 24 1688.696655 544.953308
0 25 1314.690430 634.390747
0 26 1404.078613 652.822815
0 27 990.644043 682.598938
0 28 1088.077881 469.892853
0 29 1080.779541 735.702515
0 31 1384.151367 598.452087
0 33 1422.863770 626.450928
0 35 1733.319946 537.502319
0 36 756.201782 499.060547
0 37 1683.453735 557.256165
0 40 1919.141968 599.346497
0 43 1510.648682 387.646484
0 46 1892.344849 483.691681
0 55 1840.034424 454.906036
0 59 550.597839 540.643066
0 73 1.166837 722.670898
0 100 1598.261475 512.336975
0 104 979.808838 381.630798
0 105 1024.917725 376.278473
0 108 1386.243774 413.393250
0 109 1501.686279 436.656860
0 110 1748.738892 481.633789
0 112 282.110535 574.295349
0 113 132.670868 570.592163
0 115 49.771980 554.141663
