0 1578512666 972.640015 639.121521
0 1524823287 783.826660 515.274963
0 1478234209 871.299255 914.812134
0 1707269176 875.121033 690.900574
0 1438989626 903.765137 612.216736
0 1524801259 858.540771 537.620361
0 1438992629 909.472900 633.013855
0 1478227200 1021.667175 953.125916
0 1524854327 823.431763 551.541809
0 1478249229 1127.066772 971.161743
0 1524807266 948.878235 516.917480
0 1524863340 828.780029 505.737610
0 1524831297 923.116943 512.014587
0 1478229202 1040.654541 936.850891
0 1568509654 895.996765 639.706482
0 1524790246 840.626892 508.072083
0 1578523681 791.465759 678.367615
0 1478207175 1059.769165 994.439392
0 1524861337 748.737061 527.764282
0 1478210178 932.139954 993.116638
0 1524862338 928.312988 525.350769
0 1478186149 974.314819 958.335510
0 1524797254 898.061401 507.245972
0 1578518674 890.105774 682.944275
0 1438985621 823.605164 675.658142
0 1524857331 784.135132 521.861511
0 1478203170 960.228882 1005.787781
0 1438994632 977.065308 650.479553
0 1578520676 906.561707 622.406250
0 1478237213 962.136292 824.903320
0 1568511657 963.900024 657.635864
0 1775370079 985.280579 632.409790
0 1478195160 803.490051 935.081665
0 1568510655 989.919312 643.492432
0 1478257240 967.819092 845.609619
0 1578521677 954.551453 677.439331
0 1524794250 772.594421 533.010376
0 1524812272 834.171021 539.391174
0 1769859072 932.876282 660.234619
0 1578525683 939.009399 630.614319
0 1770636073 940.469177 685.280945
0 1524846317 851.274902 504.168915
0 1524833300 845.688171 534.898254
0 1568511656 775.212280 673.441528
0 1438985620 853.612488 660.755676
0 1478185148 827.758972 946.029602
0 1707993177 948.779724 712.694641
0 1478189152 985.278381 833.091614
0 1524791247 829.790344 512.044434
0 1524830296 852.636719 510.438660
0 2088218948 870.323914 665.474426
0 1524827292 795.596191 517.722290
0 1606348170 840.442810 680.640015
0 1524855329 896.002563 538.600525
0 1478183145 979.202942 813.050659
0 1438990627 950.411926 664.967651
0 1524840309 772.465149 526.076294
0 1478222194 998.523438 876.782288
0 1709860179 1055.977539 649.922852
0 1478188151 1093.681641 891.398743
0 1438988624 887.355835 670.283630
0 1478243222 1164.851074 896.628967
0 1524843313 827.800598 499.623413
0 1524844315 910.502808 509.613831
0 1524858333 806.197815 507.312439
0 1524811271 906.975037 534.101013
0 1524859334 795.110779 511.258606
0 1478216186 949.785217 858.539429
0 1524851324 760.513184 537.438904
0 1524814275 860.142578 544.995300
0 1578514668 926.024841 693.324158
0 1478184146 991.707886 854.300415
0 1524829294 841.832031 514.459595
0 1478176143 1083.879272 867.979126
0 1524860336 873.421265 547.860596
0 1478222193 1086.689697 931.843445
0 1438997636 882.202332 646.557190
0 1478194158 1033.326416 850.092224
0 1478201168 1030.434326 982.045593
0 1478187150 874.746704 940.974976
0 1478205172 1001.962036 970.016235
0 1524838306 902.374207 520.239502
0 1568514660 877.686707 704.499207
0 1524865342 849.949707 557.485718
0 2085418945 1005.084351 679.724365
0 1524808268 847.060608 542.172485
0 1478200167 967.592712 930.987183
0 1478194159 1049.892090 964.681580
0 1568501643 907.887512 688.082825
0 1478239216 1025.745361 829.076904
0 1524820283 822.434021 543.969849
0 1438989625 958.879700 690.479431
0 1568505649 872.669250 677.905396
0 1478255237 825.774719 919.605164
0 1524804262 861.800049 552.626099
0 1568506650 944.528503 698.671387
0 1478217187 888.139587 876.293335
0 1568505648 972.867615 682.494812
0 1568497640 842.168213 693.734375
0 1578511665 859.748840 699.062683
0 1478258241 921.356445 935.960938
0 1524796253 878.980957 521.910583
0 1478206173 1078.955566 976.580566
0 1524826291 893.824402 531.415649
0 1578529688 1018.283386 671.995361
0 1478233207 878.424377 968.885132
0 1708834178 904.717468 675.185913
0 1478189153 1076.627197 906.016907
0 1568499641 955.672852 634.829529
0 1478245224 852.726868 957.292786
0 1524852325 904.636780 527.056396
0 1478219190 1180.263550 882.282959
0 1578525682 981.682983 662.331299
0 1478232206 1120.910645 901.304688
0 1524818280 833.021484 532.215515
0 1524850322 925.673035 518.575134
0 1438996635 892.981812 696.185242
0 1524832299 844.360718 527.862244
0 1478242220 926.568909 963.588379
0 1524789245 838.326111 495.877106
0 1438999639 877.464172 624.742920
0 1478196161 916.468994 910.056458
0 1478252234 907.554993 862.809509
0 1524803261 796.097290 524.395020
0 1478211179 1161.410645 937.751709
0 1578523680 1007.519409 647.944519
0 1578530689 879.784546 635.425720
0 1568508653 835.698364 644.634338
0 1524826290 935.907471 514.448914
0 1524847319 877.158752 515.270752
0 1524810270 810.470825 548.636658
0 1524835302 856.991699 530.488708
0 1524821284 817.092773 503.434601
0 1524799257 855.492981 523.588501
0 1478233208 1023.865234 886.267883
0 1608354172 977.661011 695.782654
0 1524835303 848.480286 549.697205
0 1478251232 847.285217 904.666321
0 1524812273 871.583252 540.382690
0 1706512175 919.501221 616.114868
0 1438986622 1037.812378 645.422974
0 1478211180 994.245300 941.899109
0 1524823286 817.913330 509.662231
0 1478223195 931.148254 871.901733
0 1478244223 987.014709 915.552612
0 1438987623 986.505859 674.709778
0 1478193157 1031.996582 910.766113
0 1478198164 900.286194 952.119507
0 1524862339 819.634033 522.720642
0 1478236212 1049.889160 837.390381
0 1478240217 1009.001099 841.485291
0 1478214183 981.497498 987.557434
0 1578521678 851.739197 649.061768
0 1524844314 915.251282 522.776978
0 1524848320 797.149658 538.409912
0 1524806265 868.087402 526.160217
0 1524787243 887.702942 511.222717
0 1478241219 1067.174438 881.755310
0 1524799256 869.806335 533.153320
0 1478190154 1100.033447 854.656921
0 1478226198 1049.890503 896.009216
0 1478208176 1097.422852 959.391296
0 1478214184 944.524048 837.134827
0 2084722944 968.285156 669.791809
0 1578522679 912.505981 644.065613
0 1524825289 849.954590 498.090240
0 1774531078 865.925964 642.163940
0 1525674169 925.911987 637.261658
0 1478197162 1070.354858 1026.331787
0 1524815276 882.808533 535.856995
0 1768901071 1019.980530 641.005676
0 1578526684 946.448914 653.028015
0 1478182144 953.627686 975.395996
0 1524853326 938.689575 521.095642
0 1478218189 1002.190491 820.966064
0 1578513667 918.969971 667.618408
0 1438983618 922.418579 680.184082
0 1478224196 1016.213867 863.215759
0 1478247227 989.189636 1018.852173
0 1524792248 748.474854 534.740540
0 1524795252 839.458801 501.880859
0 1524808267 820.536682 529.571228
0 1478191155 1110.156982 877.276794
0 1524856330 885.789307 504.910339
0 1478236211 868.061157 890.237610
0 1478258242 1049.893921 1046.236328
0 1478212181 1058.277588 858.920593
0 1478185147 973.838562 867.542664
0 1568502645 838.792480 668.115723
0 1568508652 936.588989 672.481445
0 1438984619 929.799805 707.078857
0 1659977623 917.301575 661.539307
0 1478209177 904.883911 980.821289
0 1438982617 915.668823 655.590149
0 1524805264 784.782898 535.690552
0 1771287074 807.089111 670.771362
0 2087111947 994.757202 655.051086
0 1524817279 917.743347 529.685181
0 1524795251 889.677917 517.737671
0 1478230204 1005.760559 900.655396
0 1478230203 1039.820435 1013.007629
0 1524847318 807.530823 520.203918
0 1578516671 824.934204 688.511108
0 1568513659 929.320557 648.505432
0 1578529687 822.333435 663.359314
0 1524819282 891.717407 524.465149
0 1478253235 1041.360840 872.364258
0 1524836304 843.075989 521.052979
0 1478243221 1010.215332 1000.088928
0 1568501644 914.678284 715.710510
0 1438998637 821.115356 651.579590
0 1524816278 797.702698 545.774780
0 1705773174 951.808899 624.118164
0 1524845316 861.739197 500.333099
0 1524842312 873.682983 502.606262
0 1568507651 890.762024 618.409607
0 1438999638 1012.784729 659.709351
0 1478252233 926.339722 849.763672
0 1438993630 1002.472900 636.668701
0 1478237214 1148.891479 911.484192
0 1524857332 760.645325 523.525757
0 1478248228 980.225464 890.814880
0 1478225197 1152.816528 872.831970
0 1524859335 864.812866 512.837952
0 1524832298 866.423767 519.392029
0 1478200166 1208.452148 891.989319
0 1478250231 891.939331 900.013672
0 1478245225 1132.355225 926.876160
0 1438995633 935.513428 620.081360
0 1524804263 808.229858 526.964722
0 1524839308 854.041992 516.908569
0 1524849321 835.359741 546.812073
0 1568512658 922.641602 626.473877
0 1568514661 868.078186 653.571594
0 1478231205 849.919312 930.141113
0 1773608077 959.699768 645.992310
0 1438977615 857.611511 685.719849
0 1524834301 784.453735 528.663147
0 1607644171 911.204285 701.576843
0 1524800258 863.252075 506.488159
0 1568504647 1025.449219 652.480103
0 1568500642 901.684753 662.847412
0 1478256239 961.288147 905.337708
0 1524815277 785.123169 542.955078
0 1568503646 808.036621 683.389893
0 1478220191 1115.210327 942.834534
0 1478207174 947.457458 946.988464
0 1524841311 772.340027 519.363342
0 1478213182 1104.104980 916.302002
0 1524813274 808.952148 533.949402
0 1568516663 999.807495 667.117004
0 1578517672 1043.718384 657.101440
0 1578527685 895.992676 710.047302
0 1478240218 936.251465 895.396667
0 1478215185 1137.138062 886.823425
0 1524838307 772.728027 540.176758
0 1478197163 941.677307 920.377075
0 1478221192 911.877258 885.718628
0 1524819281 875.393616 508.839172
0 2086284946 898.780457 651.031799
0 1524824288 884.820007 543.186218
0 1524802260 736.609192 532.080933
0 1478226199 1013.459961 926.053040
0 1578518673 991.547913 687.650818
0 1438981616 968.395386 628.226929
0 1478238215 1126.082275 863.626465
0 1609135173 837.212524 656.124939
0 1524837305 760.580322 530.368530
0 1524793249 821.469543 536.650391
0 1568515662 806.181946 658.691895
0 1568516664 863.861389 631.221313
0 1438991628 849.943176 637.850098
0 1478249230 1074.643921 845.914429
0 1438996634 942.651489 641.587097
0 1578519675 963.409790 704.127686
0 1524829295 806.853760 513.656494
0 1524864341 796.614807 531.287292
0 1478255238 1177.655518 921.948608
0 1438993631 790.885376 665.977051
0 1524788244 809.698669 541.169373
0 1772785076 1031.157471 664.456787
0 1524828293 880.863220 528.769043
0 1478203171 1144.559326 954.144897
0 1524798255 900.183533 513.639465
0 1478199165 1058.962646 921.158081
0 1578528686 884.723816 658.166016
0 1478192156 1068.630737 947.959167
0 1478228201 895.980347 925.239746
0 1772037075 893.326233 628.841614
0 1578515670 855.568054 672.963501
0 1524851323 831.909424 525.273132
0 1478218188 1108.895996 988.838562
0 1478202169 955.363403 881.233643
0 1478254236 1090.006470 1007.214478
0 1478246226 1193.326050 906.704163
0 1524809269 818.760010 516.087708
0 1524822285 912.838989 516.089966
0 1524841310 836.589905 554.491150
0 1478235210 1019.063293 1032.328491
0 1578515669 933.755493 721.492371
0 1524854328 830.832947 518.552979
0 0 466.445312 658.468323
0 1 1077.900513 722.792786
0 2 737.676270 563.658813
0 3 379.368256 656.275513
0 4 416.829895 676.151733
0 5 863.279175 826.320374
0 6 667.819946 544.242615
0 7 390.609741 722.867676
0 8 627.069580 815.505127
0 9 1165.859131 534.179871
0 10 390.890656 700.356812
0 11 1250.364258 902.918762
0 12 882.239136 484.861481
0 13 563.774353 728.341492
0 14 921.345825 490.621124
0 15 300.687622 713.147766
0 16 553.543945 700.914856
0 17 1222.969238 537.784607
0 18 1384.880249 796.645020
0 19 1081.947266 574.960999
0 20 1116.506714 525.713623
0 21 954.834839 551.653625
0 22 1081.951416 798.644897
0 23 828.483887 499.174774
0 24 1310.366333 829.443115
0 25 1134.848389 586.879333
0 26 935.385864 540.077393
0 27 1122.122070 917.272827
0 28 1529.691040 618.467102
0 29 1161.377441 572.875183
0 30 632.422852 602.562012
0 31 659.078003 764.274048
0 32 620.485657 585.136108
0 33 1185.741943 616.506897
0 34 344.303467 683.858582
0 35 810.180359 807.147034
0 36 520.113403 648.272095
0 37 671.222595 568.353088
0 38 970.561768 861.548584
0 39 500.355896 629.521118
