0 1578512666 1020.462708 620.274292
0 1524823287 1832.950195 768.110474
0 1478234209 782.564941 412.843597
0 1707269176 1016.971985 525.837952
0 1438989626 1169.122681 627.575256
0 1524801259 1557.933350 758.554932
0 1438992629 1105.310181 600.459778
0 1478227200 675.330139 427.940582
0 1524854327 1521.671387 697.259338
0 1478249229 607.936951 440.630798
0 1524807266 1563.863525 913.858337
0 1524863340 1856.205566 843.512268
0 1524831297 1647.643555 910.197632
0 1478229202 671.011169 436.574554
0 1568509654 1103.242310 586.069275
0 1524790246 1815.651611 845.373230
0 1578523681 1117.576904 507.989838
0 1478207175 638.557190 422.199371
0 1524861337 1777.436768 704.262024
0 1478210178 707.623291 402.073914
0 1524862338 1535.247192 858.240845
0 1478186149 700.072449 418.202911
0 1524797254 1731.966553 906.513184
0 1578518674 1017.420715 537.977478
0 1438985621 1093.924316 521.227234
0 1524857331 1776.764404 747.680542
0 1478203170 687.612854 403.386414
0 1438994632 991.569702 606.918091
0 1578520676 1136.585327 613.749329
0 1478237213 786.911804 465.164734
0 1568511657 991.543335 592.475220
0 1775370079 1021.036865 635.805481
0 1478195160 808.156494 395.479889
0 1568510655 991.597046 621.896240
0 1478257240 767.650452 456.980103
0 1578521677 964.678833 566.651367
0 1524794250 1707.195801 707.869080
0 1524812272 1580.702148 735.425720
0 1769859072 1018.861572 576.956299
0 1578525683 1078.391479 617.019226
0 1770636073 965.109436 553.639954
0 1524846317 1836.999512 872.438904
0 1524833300 1594.150513 756.755188
0 1568511656 1142.962402 506.457062
0 1438985620 1097.460938 545.838745
0 1478185148 787.985413 396.802887
0 1707993177 915.089539 531.942505
0 1478189152 764.406494 466.579803
0 1524791247 1795.353516 819.638489
0 1524830296 1775.222900 847.228516
0 2088218948 1070.880249 547.405518
0 1524827292 1795.226440 769.951660
0 1606348170 1068.221680 522.767212
0 1524855329 1497.302246 784.492493
0 1478183145 783.902222 475.036560
0 1438990627 991.517944 578.539490
0 1524840309 1759.130005 726.407837
0 1478222194 727.171204 450.428009
0 1709860179 903.798645 642.321228
0 1478188151 657.312622 463.959015
0 1438988624 1044.354858 548.969055
0 1478243222 607.989746 476.414734
0 1524844315 1689.736938 908.358398
0 1524858333 1874.522461 815.924805
0 1524811271 1509.349854 807.907471
0 1524859334 1853.235962 791.442261
0 1478216186 770.802368 447.652496
0 1524851324 1691.830933 688.388916
0 1524814275 1510.011353 738.998474
0 1578514668 965.525757 541.062012
0 1478184146 745.505127 458.380798
0 1524829294 1755.947632 821.487000
0 1478176143 674.786499 472.214783
0 1524860336 1474.810181 740.777649
0 1478222193 645.222961 446.814331
0 1438997636 1101.247192 572.186157
0 1478194158 719.516479 469.402344
0 1478201168 659.028687 420.869385
0 1478187150 764.908142 406.049072
0 1478205172 679.533752 419.537262
0 1524838306 1614.748169 854.592529
0 1568514660 991.403076 515.608337
0 1524865342 1454.228149 700.775146
0 2085418945 909.839294 583.268616
0 1524808268 1545.308594 737.214600
0 1478200167 716.991577 425.247467
0 1478194159 654.551270 429.283783
0 1568501643 991.446655 539.521362
0 1478239216 738.272461 477.888062
0 1524820283 1567.839600 715.025330
0 1438989625 938.804077 555.190491
0 1568505649 1043.447998 536.430481
0 1478255237 805.747009 403.383026
0 1524804262 1464.295898 720.342529
0 1568506650 939.657715 542.599548
0 1478217187 798.120117 428.400269
0 1568505648 937.920959 568.214905
0 1568497640 1041.722412 512.570007
0 1578511665 1016.537842 514.090698
0 1478258241 741.250977 415.527649
0 1524796253 1638.439575 826.999023
0 1478206173 633.806824 430.624786
0 1524826291 1547.113403 806.099304
0 1578529688 908.409790 597.242920
0 1478233207 747.740051 399.442627
0 1708834178 1017.884644 550.529236
0 1478189153 662.007629 454.573273
0 1568499641 1049.394165 618.648621
0 1478245224 767.846680 398.123840
0 1524852325 1560.686035 830.646362
0 1478219190 602.370728 486.380798
0 1578525682 963.771484 594.067932
0 1478232206 635.361145 465.347443
0 1524818280 1630.468994 754.950439
0 1524850322 1589.917603 883.512939
0 1438996635 991.424561 527.368713
0 1524832299 1645.411621 777.263733
0 1478242220 724.201599 408.706573
0 1438999639 1162.563843 597.208862
0 1478196161 758.791809 422.545410
0 1478252234 795.435547 437.205811
0 1524803261 1740.036377 749.505676
0 1478211179 597.181519 458.697113
0 1578523680 962.796936 623.514526
0 1578530689 1131.320923 584.458984
0 1568508653 1153.579834 555.613892
0 1524826290 1605.686035 912.030945
0 1524847319 1694.738525 850.921875
0 1524810270 1555.525391 695.494568
0 1524835302 1608.225464 779.078674
0 1524821284 1896.885376 841.645447
0 1524799257 1661.068237 800.643250
0 1478233208 705.412415 451.812164
0 1608354172 912.553223 556.737732
0 1524835303 1498.718628 718.574890
0 1478251232 803.273010 411.498260
0 1524812273 1521.817017 760.349670
0 1706512175 1139.367432 629.228943
0 1438986622 933.006592 640.697937
0 1478211180 696.143616 426.595154
0 1524823286 1834.878174 817.784424
0 1478223195 773.866333 438.585480
0 1478244223 713.237976 433.858978
0 1438987623 937.006958 581.695679
0 1478193157 687.957581 444.080750
0 1478198164 744.538391 407.378906
0 1524862339 1720.104004 773.618164
0 1478236212 715.519531 479.309937
0 1478240217 741.941467 467.992310
0 1478214183 683.626587 411.355408
0 1578521678 1126.421753 557.200745
0 1524844314 1574.936768 856.419434
0 1524848320 1637.331055 711.456787
0 1524806265 1622.972168 802.467285
0 1524787243 1712.873535 878.002197
0 1478241219 679.302612 462.568146
0 1524799256 1571.145630 780.888489
0 1478190154 670.137207 482.145935
0 1478226198 683.691223 453.193909
0 1478208176 628.926392 439.280975
0 1478214184 789.834839 455.576935
0 2084722944 964.233154 580.119263
0 1578522679 1075.225464 587.676025
0 1524825289 1902.262817 899.072144
0 1774531078 1128.828003 570.589294
0 1525674169 1076.779663 602.079773
0 1478197162 623.009460 415.312683
0 1524815276 1534.171387 782.693054
0 1768901071 962.282043 639.070923
0 1578526684 1019.376160 590.879028
0 1478182144 703.897644 410.032043
0 1524853326 1549.189453 885.338379
0 1478218189 761.066589 476.463593
0 1578513667 1018.364624 563.514587
0 1438983618 991.469666 552.086243
0 1478224196 723.398804 459.779053
0 1478247227 667.634399 404.696838
0 1524792248 1726.131470 686.600830
0 1524795252 1878.637817 870.572693
0 1524808267 1666.889038 753.140625
0 1478191155 652.481262 473.617279
0 1524856330 1774.333374 904.661987
0 1478236211 800.731628 419.834320
0 1478258242 627.772888 407.311371
0 1478212181 697.131531 470.809814
0 1478185147 748.967834 449.041473
0 1568502645 1095.662964 533.326904
0 1568508652 991.493347 565.084595
0 1438984619 940.483398 530.420959
0 1659977623 1032.185303 569.387329
0 1478209177 727.665649 400.759338
0 1438982617 1046.264160 575.369690
0 1524805264 1672.216553 709.665344
0 1771287074 1119.678711 519.684082
0 2087111947 963.293030 608.523682
0 1524817279 1521.983398 832.461792
0 1524795251 1654.681885 852.760010
0 1478230204 709.379700 442.710480
0 1478230203 643.182556 413.995697
0 1524847318 1757.611206 771.787598
0 1578516671 1066.957031 511.046326
0 1568513659 1047.270142 589.279297
0 1578529687 1121.851074 531.770386
0 1524819282 1599.504639 828.825439
0 1478253235 701.331299 461.174835
0 1524836304 1699.276245 798.813843
0 1478243221 663.388245 412.676636
0 1568501644 941.282532 518.634705
0 1438998637 1150.789551 542.695435
0 1524816278 1589.468018 693.725098
0 1705773174 1080.064697 632.524841
0 1524845316 1859.480957 900.941589
0 1524842312 1816.837891 902.804749
0 1568507651 1165.782227 612.108704
0 1438999638 935.079407 610.125671
0 1478252233 792.674927 446.261108
0 1438993630 991.625427 637.440063
0 1478237214 613.448242 466.733459
0 1524857332 1795.110474 724.589355
0 1478248228 730.838501 441.337830
0 1478225197 624.918762 484.971680
0 1524859335 1734.918701 849.078003
0 1524832298 1677.491333 825.167175
0 1478200166 579.863342 487.787292
0 1478250231 779.744202 421.190979
0 1478245225 618.752930 457.324860
0 1438995633 1109.681641 630.878784
0 1524804263 1703.411499 751.325684
0 1524839308 1716.660522 823.329834
0 1524849321 1533.232910 716.802429
0 1568512658 1107.455200 615.386169
0 1568514661 1099.321289 558.784241
0 1478231205 785.311035 404.717102
0 1773608077 1019.909607 605.308960
0 1438977615 1042.571045 524.304138
0 1524834301 1723.248535 728.221375
0 1607644171 965.928406 528.896362
0 1524800258 1795.493164 874.299255
0 1568504647 934.062134 625.129150
0 1568500642 1045.292969 561.941101
0 1478256239 734.404785 432.497742
0 1524815277 1623.499512 691.951050
0 1568503646 1092.241699 509.519592
0 1478220191 623.910278 448.177612
0 1478207174 720.644836 416.866394
0 1524841311 1813.595825 745.850220
0 1478213182 640.361572 455.950287
0 1524813274 1651.780273 731.833374
0 1568516663 936.060364 595.657166
0 1578517672 905.392456 626.740112
0 1578527685 966.318054 517.123047
0 1478240218 755.607300 431.134216
0 1478215185 630.215698 475.017242
0 1524838307 1657.620361 690.172363
0 1478197163 737.874268 423.897583
0 1478221192 776.845764 429.768433
0 1524819281 1754.118164 876.153625
0 2086284946 1073.725952 573.779663
0 1524824288 1485.801270 762.139404
0 1524802260 1760.522461 684.808044
0 1478226199 692.106812 435.217896
0 1578518673 911.219543 569.775024
0 1438981616 1050.516479 634.167053
0 1478238215 647.507568 483.560089
0 1609135173 1124.097412 544.268738
0 1524837305 1742.269043 706.067993
0 1524793249 1616.192505 733.632019
0 1568515662 1148.092896 530.210571
0 1568516664 1159.461426 582.845093
0 1438991628 1156.468628 568.988892
0 1478249230 692.807800 480.729218
0 1438996634 1048.312744 603.696106
0 1578519675 913.842407 544.133972
0 1524829295 1814.575928 793.293335
0 1524864341 1687.465332 730.029846
0 1478255238 591.573608 468.117035
0 1438993631 1145.485352 518.137817
0 1524788244 1602.538940 713.243408
0 1772785076 906.928467 611.724121
0 1524828293 1584.987427 804.286011
0 1478203171 602.633850 449.538605
0 1524798255 1671.759033 879.844910
0 1478199165 666.572083 445.448730
0 1578528686 1072.278442 560.364319
0 1478192156 649.951050 437.928894
0 1478228201 761.890991 414.186737
0 1772037075 1133.905029 598.836182
0 1578515670 1069.528687 534.880310
0 1524851323 1682.704346 775.443604
0 1478218188 613.096741 431.963501
0 1478202169 752.333984 439.962860
0 1478254236 618.119141 423.527191
0 1478246226 585.803284 477.809753
0 1524809269 1776.029419 795.138916
0 1524822285 1630.773926 881.681824
0 1524841310 1487.905884 699.019531
0 1478235210 647.687744 406.005127
0 1578515669 916.296509 520.143372
0 1524854328 1737.596436 796.979065
0 0 404.983002 582.902832
0 1 700.576599 561.338318
0 2 1072.103027 350.262909
0 3 561.250427 420.645050
0 4 878.008423 361.272675
0 5 376.189941 834.679382
0 6 1682.594849 630.335571
0 7 769.734741 542.606628
0 8 768.542053 577.887939
0 9 1553.969727 525.207275
0 10 808.087646 478.084900
0 11 677.524414 439.046844
0 12 1296.203979 370.027557
0 13 502.132751 619.729248
0 14 1232.814941 358.653687
0 15 1164.111084 335.166748
0 16 1309.245728 907.088074
0 17 1441.492065 353.952637
0 18 1131.876587 883.649902
0 19 1305.589600 347.192841
0 20 1105.845215 377.119171
0 21 1317.952026 698.851379
0 22 976.831543 375.557220
0 23 976.381165 394.284088
0 24 924.996094 865.247559
0 25 1364.661743 443.863251
0 26 1369.895142 408.472870
0 27 1022.034058 880.896118
0 28 1615.354858 641.679626
0 29 1075.806152 724.294067
0 30 1011.554138 353.777191
0 31 356.026306 626.402527
0 32 1467.347656 456.668610
0 33 1470.546143 627.708679
0 34 1393.315674 357.008179
0 35 155.937302 825.040283
0 36 1345.483032 359.005768
0 37 1480.893188 491.048401
0 38 1572.553955 568.368713
0 39 1407.008301 379.400635
