0 1578512666 919.274780 620.029907
0 1524823287 455.529633 476.597076
0 1478234209 1289.469116 1057.783813
0 1707269176 893.891602 720.436218
0 1438989626 791.118591 597.198181
0 1524801259 601.763184 496.825073
0 1438992629 834.240784 626.155884
0 1478227200 1498.062012 1047.198608
0 1524854327 578.166626 524.350525
0 1478249229 1613.890625 1028.729248
0 1524807266 684.337891 451.703430
0 1524863340 503.751984 454.419312
0 1524831297 643.046265 448.668396
0 1478229202 1487.103760 1016.458313
0 1568509654 829.390320 639.228821
0 1524790246 524.699219 455.975159
0 1578523681 765.024109 726.424377
0 1524861337 425.665588 502.539673
0 1524862338 672.522766 466.954498
0 1478186149 1465.256348 1075.290894
0 1524797254 601.917297 445.645325
0 1578518674 897.954651 704.364380
0 1438985621 802.169128 712.594727
0 1524857331 468.001740 486.664703
0 1438994632 943.455200 635.030518
0 1578520676 812.268005 611.400635
0 1478237213 1224.104980 887.959778
0 1568511657 940.611755 648.337646
0 1775370079 922.390259 607.706299
0 1568510655 946.196716 622.200928
0 1478257240 1265.329102 915.642761
0 1578521677 963.659363 678.914917
0 1524794250 471.301605 506.048279
0 1524812272 571.389893 503.978882
0 1769859072 909.220398 659.801392
0 1578525683 865.635742 615.704285
0 1770636073 961.042358 693.894897
0 1524846317 532.724121 448.449890
0 1524833300 579.349731 495.122589
0 1568511656 734.094910 723.755127
0 1438985620 813.697937 681.522644
0 1707993177 1017.439636 730.998474
0 1478189152 1261.207275 891.372498
0 1524791247 516.442444 463.717834
0 1524830296 545.688721 457.534119
0 2088218948 843.002686 683.983337
0 1524827292 477.337769 478.243958
0 1606348170 832.654724 715.200989
0 1524855329 653.471924 491.545319
0 1478183145 1221.067383 864.964661
0 1438990627 937.660400 662.149475
0 1524840309 458.379761 495.343414
0 1478222194 1348.120483 948.552490
0 1709860179 1028.593628 616.207703
0 1478188151 1457.543579 933.536621
0 1438988624 872.389160 686.450867
0 1478243222 1524.558716 915.596069
0 1524843313 491.442505 445.399902
0 1524844315 622.461487 447.155365
0 1524858333 474.003815 460.548737
0 1524811271 660.009705 483.106293
0 1524859334 464.901825 468.455536
0 1478216186 1269.662231 941.156921
0 1524851324 461.416626 515.317871
0 1524814275 616.940247 507.459564
0 1578514668 958.319885 709.478210
0 1478184146 1303.499023 919.196167
0 1524829294 537.727112 465.307312
0 1478176143 1410.907837 905.142273
0 1524860336 639.790283 509.205627
0 1478222193 1517.686401 991.261353
0 1438997636 824.356812 652.794922
0 1478194158 1335.797852 898.233521
0 1478205172 1509.652710 1079.712280
0 1524838306 630.073059 463.801605
0 1568514660 921.048706 739.889465
0 1524865342 625.236206 527.992126
0 2085418945 1023.441345 669.231689
0 1524808268 594.140137 505.717316
0 1478200167 1411.970825 1038.748779
0 1478194159 1541.365112 1051.448730
0 1568501643 928.094238 706.917603
0 1478239216 1293.618164 871.561218
0 1524820283 563.181030 513.112244
0 1438989625 990.759094 696.390198
0 1568505649 867.900818 701.818359
0 1524804262 632.627441 518.451477
0 1568506650 988.631958 712.046082
0 1478217187 1237.893433 992.338806
0 1568505648 992.803711 681.341187
0 1568497640 858.361450 734.479492
0 1578511665 889.658630 737.180481
0 1478258241 1377.005371 1066.501709
0 1524796253 601.843628 470.095245
0 1478206173 1584.841064 1055.715942
0 1524826291 638.149658 481.464813
0 1578529688 1024.801636 655.232666
0 1708834178 901.857727 688.925293
0 1478189153 1466.887329 959.747559
0 1568499641 892.421204 617.864380
0 1524852325 644.808411 473.303711
0 1478219190 1514.244385 891.621338
0 1578525682 968.600830 650.629944
0 1478232206 1496.399536 937.153870
0 1524818280 556.984375 493.423737
0 1524850322 657.561523 457.673126
0 1438996635 924.643738 723.065247
0 1524832299 565.031982 484.866486
0 1524789245 499.800293 438.139526
0 1438999639 780.054810 621.752808
0 1478196161 1326.558716 1030.365723
0 1478252234 1234.174927 964.189026
0 1524803261 490.175964 488.349060
0 1478211179 1586.968384 971.066528
0 1578523680 973.187256 624.377502
0 1578530689 801.767212 636.966553
0 1568508653 761.868347 662.115540
0 1524826290 663.671692 450.184418
0 1524847319 587.795410 460.661499
0 1524810270 554.711365 522.535828
0 1524835302 587.071716 486.530884
0 1524821284 482.847046 452.866638
0 1524799257 572.843018 476.560883
0 1478233208 1387.564819 952.270508
0 1608354172 1020.559265 698.892456
0 1524835303 609.427185 516.667786
0 1478251232 1245.966309 1053.451294
0 1524812273 624.224976 498.531250
0 1706512175 817.242432 599.289429
0 1438986622 1001.942932 614.074341
0 1478211180 1454.931030 1042.965332
0 1524823286 495.201416 462.131653
0 1478223195 1274.223145 968.013184
0 1478244223 1403.393433 1008.356506
0 1438987623 994.770569 666.864624
0 1478193157 1435.921875 983.453674
0 1524862339 521.092285 481.548248
0 1478236212 1330.077881 874.876282
0 1478240217 1298.437988 894.797058
0 1578521678 790.460083 664.495850
0 1524844314 651.276367 465.376465
0 1524848320 517.139648 509.572449
0 1524806265 594.566406 478.192108
0 1524787243 594.955811 453.047699
0 1478241219 1418.826294 929.932312
0 1524799256 609.158203 488.198822
0 1478190154 1403.368896 881.540100
0 1478226198 1427.153442 956.002197
0 1478208176 1571.464233 1024.622925
0 1478214184 1227.294312 912.101990
0 2084722944 966.177063 664.503845
0 1578522679 857.085999 641.497070
0 1524825289 520.143555 439.634766
0 1774531078 796.220154 650.471863
0 1525674169 861.438660 628.365906
0 1524815276 631.291565 489.870300
0 1768901071 975.359009 611.946350
0 1578526684 912.696411 646.051392
0 1524853326 678.513855 459.221130
0 1478218189 1257.281616 868.257324
0 1578513667 905.610107 674.082214
0 1438983618 931.408630 691.406616
0 1478224196 1341.804688 922.762146
0 1524792248 438.223602 513.523499
0 1524795252 512.062744 446.923370
0 1524808267 534.667175 491.728546
0 1478191155 1448.659424 908.614746
0 1524856330 581.413452 444.138245
0 1478236211 1241.817993 1022.048462
0 1478212181 1373.287598 901.681824
0 1478185147 1308.819946 944.847961
0 1568502645 808.048767 696.748108
0 1568508652 934.594971 676.495239
0 1438984619 986.417297 728.346375
0 1659977623 893.106750 665.685913
0 1438982617 880.856628 657.459656
0 1524805264 494.195312 507.808411
0 1771287074 771.771729 709.996094
0 2087111947 970.935974 637.263550
0 1524817279 666.357239 474.912872
0 1524795251 608.912842 462.229950
0 1478230204 1395.269775 979.571838
0 1524847318 499.191956 479.894379
0 1578516671 827.156982 731.786499
0 1568513659 884.854614 643.771240
0 1578529687 778.249939 694.223633
0 1524819282 623.303894 471.697815
0 1478253235 1380.246826 926.340820
0 1524836304 551.164795 474.933044
0 1568501644 984.109619 745.331726
0 1438998637 755.332153 676.621765
0 1524816278 531.308899 520.725220
0 1705773174 869.685364 603.487366
0 1524845316 540.526794 441.132996
0 1524842312 560.950073 442.634125
0 1568507651 785.685181 609.256897
0 1438999638 998.488098 639.502380
0 1478252233 1230.646606 937.479309
0 1438993630 948.841492 609.823669
0 1478237214 1535.395142 940.784058
0 1524857332 435.924927 493.627533
0 1478248228 1354.769775 975.704529
0 1478225197 1477.159790 888.249390
0 1524859335 566.720764 459.096222
0 1524832298 580.427490 468.496002
0 1478200166 1551.455566 895.004639
0 1478250231 1284.104980 1026.198853
0 1478245225 1546.793945 967.279602
0 1438995633 843.431274 601.385803
0 1524804263 512.397644 490.036987
0 1524839308 559.055359 466.899994
0 1524849321 586.278442 514.888000
0 1568512658 838.918091 613.549683
0 1568514661 819.129883 666.882629
0 1773608077 916.045593 632.803223
0 1438977615 863.228760 717.814819
0 1524834301 480.883423 497.062958
0 1607644171 955.485535 725.701965
0 1524800258 553.426636 449.979431
0 1568504647 1000.246582 626.559692
0 1568500642 876.704529 671.675781
0 1478256239 1361.779785 1004.328918
0 1524815277 507.959106 518.918701
0 1568503646 796.044617 729.101501
0 1478220191 1558.800293 995.187256
0 1478207174 1421.040894 1070.887329
0 1524841311 445.874969 484.983978
0 1478213182 1506.767212 963.506653
0 1524813274 526.038025 500.513397
0 1568516663 996.664001 652.928223
0 1578517672 1027.375122 628.747437
0 1578527685 952.532288 742.606567
0 1478240218 1320.325806 1000.316895
0 1478215185 1486.542725 912.099365
0 1524838307 484.661682 517.116272
0 1478197163 1369.180298 1034.548950
0 1478221192 1279.030640 996.320251
0 1524819281 574.170532 451.512024
0 2086284946 852.568848 655.124146
0 1524824288 646.735229 500.241089
0 1524802260 415.082550 511.733093
0 1478226199 1445.167725 1012.399597
0 1578518673 1022.028259 683.774170
0 1438981616 896.004944 605.594177
0 1478238215 1440.201538 884.889038
0 1609135173 784.474548 679.068848
0 1524837305 448.458435 504.292023
0 1524793249 548.689209 502.244263
0 1568515662 748.535339 691.706421
0 1568516664 774.216492 634.710205
0 1438991628 768.158569 648.155090
0 1478249230 1366.661255 878.202515
0 1438996634 888.706848 630.581726
0 1578519675 1019.030884 714.621277
0 1524829295 486.400391 470.069855
0 1524864341 503.436188 498.786316
0 1478255238 1574.530640 944.427368
0 1438993631 741.462036 707.404785
0 1524788244 540.134827 511.340393
0 1772785076 1026.111938 641.747070
0 1524828293 616.335327 479.826752
0 1478203171 1600.070068 999.128052
0 1524798255 615.782593 454.586395
0 1478199165 1476.727173 987.350098
0 1578528686 847.877869 669.275940
0 1478192156 1529.202271 1020.532715
0 1478228201 1333.148315 1062.133911
0 1772037075 807.112915 623.951477
0 1578515670 837.932251 699.279663
0 1524851323 543.038940 483.205627
0 1478218188 1628.490845 1060.000122
0 1478202169 1314.421265 971.851685
0 1478246226 1562.708008 919.105164
0 1524809269 507.943665 471.687561
0 1524822285 636.651184 456.128235
0 1524841310 601.674866 526.169250
0 1578515669 1015.781250 748.065002
0 1524854328 529.531738 473.308624
0 0 783.148926 429.559998
0 1 365.133179 644.282898
0 2 1030.383179 516.710693
0 3 853.900635 434.360168
0 4 640.234253 482.683258
0 5 435.482971 537.050293
0 6 1205.877075 461.257599
0 7 326.457947 766.878113
0 8 211.158386 894.819092
0 9 1584.488403 925.807739
0 10 366.280853 712.511047
0 11 141.411789 735.355225
0 12 1502.977783 596.259460
0 13 466.932831 875.425110
0 14 1518.562256 569.696594
0 15 1163.962769 564.653503
0 16 734.230652 415.811279
0 17 1615.847534 794.288147
0 18 278.485138 841.692627
0 19 1115.464233 551.107239
0 20 578.764771 433.131073
0 22 536.384521 451.188385
0 23 1268.465820 478.453156
0 24 187.479736 771.499634
0 25 1135.086304 825.607056
0 26 1170.846436 735.682190
0 27 170.214447 830.748718
0 28 1095.579224 916.320435
0 29 293.843567 1021.540283
0 30 959.519470 518.478577
0 31 577.809509 416.129425
0 32 1266.543213 800.170044
0 33 1133.132080 1066.209106
0 34 1232.878296 637.805725
0 35 512.718506 434.694885
0 36 1219.656738 568.344971
0 37 1261.958862 866.830994
0 38 1242.310669 936.441956
0 39 1243.711060 674.505371
