0 1578512666 1008.905884 457.169006
0 1524823287 1307.090698 885.350769
0 1478234209 1151.288452 264.040955
0 1707269176 1132.677124 403.085938
0 1438989626 1080.647949 511.573517
0 1524801259 1127.979126 735.017090
0 1438992629 1081.090820 474.705261
0 1478227200 1070.800903 246.813889
0 1524854327 1198.527832 690.988586
0 1478249229 1020.031128 238.792068
0 1524807266 919.415283 796.946106
0 1524863340 1194.522217 924.717896
0 1524831297 967.630554 835.088440
0 1478229202 1057.529175 251.276382
0 1568509654 1099.606689 466.112427
0 1524790246 1163.312012 901.818359
0 1578523681 1222.127808 425.754700
0 1478207175 1058.560425 234.291916
0 1524861337 1379.802368 827.938416
0 1478210178 1122.526855 237.840973
0 1524862338 975.400757 763.944153
0 1478186149 1096.881470 246.586151
0 1524797254 1019.585693 876.189331
0 1578518674 1116.001709 410.372406
0 1438985621 1186.779541 425.657410
0 1524857331 1299.597778 844.818542
0 1478203170 1109.487549 233.805801
0 1438994632 1010.691284 440.822083
0 1578520676 1080.874512 492.704132
0 1478237213 1083.203735 298.848419
0 1568511657 1029.004517 432.971527
0 1775370079 989.787231 465.523102
0 1478195160 1191.325195 259.131561
0 1568510655 992.014160 448.828583
0 1478257240 1083.326538 288.622986
0 1578521677 1047.876587 410.250824
0 1524794250 1316.175781 789.707153
0 1524812272 1178.303955 736.154114
0 1769859072 1064.022095 433.085419
0 1578525683 1043.976440 474.485321
0 1770636073 1065.117065 402.997040
0 1524846317 1134.901733 922.654602
0 1524833300 1154.092529 751.724304
0 1568511656 1241.510132 433.662781
0 1438985620 1152.948730 441.357483
0 1478185148 1177.063354 254.718033
0 1707993177 1066.124268 375.320221
0 1478189152 1069.091919 293.771698
0 1524791247 1190.817627 881.645691
0 1524830296 1133.321289 879.813538
0 2088218948 1134.533936 433.314819
0 1524827292 1274.568481 863.850769
0 1606348170 1168.318115 417.955353
0 1524855329 1053.660278 717.812012
0 1478183145 1068.713501 304.171204
0 1438990627 1046.964478 425.272491
0 1524840309 1323.863770 826.366699
0 1478222194 1069.810303 274.031982
0 1709860179 924.892700 432.632843
0 1478188151 1016.526855 265.063141
0 1438988624 1116.558472 425.464050
0 1478243222 977.486023 260.816437
0 1524843313 1198.510132 971.084778
0 1524844315 993.113953 855.247925
0 1524858333 1254.599854 926.796997
0 1524811271 1028.294067 732.764771
0 1524859334 1281.273071 905.736084
0 1478216186 1097.340576 283.554138
0 1524851324 1339.061279 772.922974
0 1524814275 1126.844482 704.261353
0 1578514668 1082.037964 395.877686
0 1478184146 1069.457397 283.731415
0 1524829294 1160.766235 860.372314
0 1478176143 1015.279663 274.412720
0 1524860336 1102.374756 689.096008
0 1478222193 1031.368774 251.497528
0 1438997636 1117.747559 457.693665
0 1478194158 1041.673828 283.908051
0 1478201168 1071.109985 238.318085
0 1478187150 1150.281128 254.936829
0 1478205172 1083.881714 242.415527
0 1524838306 1024.225830 799.768127
0 1568514660 1131.805908 388.902588
0 1524865342 1148.572632 661.863525
0 2085418945 998.139526 402.908875
0 1524808268 1152.140015 719.938599
0 1478200167 1096.990723 255.372116
0 1478194159 1058.053101 242.648209
0 1568501643 1098.823853 403.041382
0 1478239216 1040.821777 293.933167
0 1524820283 1201.849854 721.012085
0 1438989625 1048.750977 395.849152
0 1568505649 1133.585693 417.876740
0 1478255237 1178.522705 263.834381
0 1524804262 1125.776001 675.301575
0 1568506650 1065.630859 388.875641
0 1478217187 1138.931152 278.377747
0 1568505648 1031.555908 402.952850
0 1568497640 1166.677856 403.130707
0 1578511665 1149.042114 395.935089
0 1478258241 1123.590332 255.154831
0 1524796253 1077.168213 801.193542
0 1478206173 1045.528564 238.555481
0 1524826291 1052.513428 749.324463
0 1578529688 980.344299 410.130280
0 1478233207 1149.306519 246.128296
0 1708834178 1099.007080 417.798462
0 1478189153 1030.396484 260.399536
0 1568499641 1026.221191 465.718597
0 1478245224 1163.059448 250.384354
0 1524852325 1026.324707 765.201477
0 1478219190 963.270813 265.467102
0 1578525682 1012.399963 425.177307
0 1478232206 1003.896118 260.608368
0 1524818280 1181.131104 769.023621
0 1524850322 971.642761 798.352356
0 1438996635 1115.468018 395.906342
0 1524832299 1156.172119 785.580872
0 1478242220 1123.050049 246.357605
0 1524789245 1168.998047 994.387085
0 1438999639 1119.049194 492.974548
0 1478196161 1124.148926 264.246796
0 1478252234 1125.323853 283.376160
0 1524803261 1268.318481 824.806030
0 1478211179 993.080322 247.492630
0 1578523680 975.530640 440.689728
0 1578530689 1118.383423 474.926208
0 1568508653 1173.690430 466.509979
0 1524826290 943.081116 815.667786
0 1524847319 1076.722534 838.285950
0 1524810270 1224.756836 706.280701
0 1524835302 1129.186523 767.741089
0 1524821284 1227.027588 948.567749
0 1524799257 1130.473633 802.628723
0 1478233208 1056.428467 269.403473
0 1608354172 1032.753540 388.862274
0 1524835303 1150.303467 690.039429
0 1478251232 1165.525879 268.608551
0 1524812273 1102.744385 718.871948
0 1706512175 1061.518555 501.878296
0 1438986622 940.529480 440.557983
0 1478211180 1083.777954 251.054535
0 1524823286 1222.070923 903.769836
0 1478223195 1111.138794 278.563232
0 1478244223 1083.670654 259.979797
0 1438987623 1014.036804 410.190399
0 1478193157 1056.988037 260.190033
0 1478198164 1136.542603 250.608475
0 1524862339 1213.162598 823.256348
0 1478236212 1027.277100 288.961426
0 1478240217 1055.251221 288.792511
0 1478214183 1096.776001 238.079926
0 1578521678 1154.369141 457.870178
0 1524844314 999.378784 781.537354
0 1524848320 1257.009399 754.155823
0 1524806265 1103.555664 784.223938
0 1524787243 1048.597046 856.943848
0 1478241219 1029.391602 269.600494
0 1524799256 1103.137329 750.520508
0 1478190154 1000.952087 279.298492
0 1478226198 1043.292847 264.860107
0 1478208176 1032.309937 242.880081
0 1478214184 1097.465332 293.609650
0 2084722944 1030.307373 417.642914
0 1578522679 1081.297363 457.517944
0 1524825289 1136.602783 968.759705
0 1774531078 1136.560669 466.310730
0 1525674169 1062.827393 465.915070
0 1478197162 1059.052002 226.194946
0 1524815276 1077.976929 733.887268
0 1768901071 956.547974 448.676575
0 1578526684 1046.012329 440.955048
0 1478182144 1109.796509 242.182068
0 1524853326 947.811218 780.207458
0 1478218189 1054.631348 299.002136
0 1578513667 1081.683594 425.368042
0 1438983618 1081.864624 410.311493
0 1478224196 1055.849976 278.932129
0 1478247227 1096.673706 229.840378
0 1524792248 1370.241089 791.101501
0 1524795252 1166.048584 946.369141
0 1524808267 1209.145142 786.947021
0 1478191155 1002.448792 269.796783
0 1524856330 1047.104370 897.958984
0 1478236211 1152.330078 273.455841
0 1478258242 1071.699829 222.111877
0 1478212181 1028.352417 279.115631
0 1478185147 1083.445190 278.748016
0 1568502645 1170.030396 433.430267
0 1568508652 1064.581299 417.720490
0 1438984619 1082.204346 382.028778
0 1659977623 1081.590332 433.142609
0 1478209177 1135.797729 241.947845
0 1438982617 1081.494751 441.088562
0 1524805264 1286.064941 771.614441
0 1771287074 1205.688721 433.546265
0 2087111947 994.144470 432.858124
0 1524817279 1002.217712 748.136169
0 1524795251 1049.989868 818.671631
0 1478230204 1070.151611 264.656403
0 1478230203 1071.409546 230.088181
0 1524847318 1243.282104 843.167847
0 1578516671 1184.727661 410.495117
0 1568513659 1063.437988 449.134705
0 1578529687 1188.922607 441.492889
0 1524819282 1051.292480 782.876099
0 1478253235 1042.497192 274.222687
0 1524836304 1158.391846 821.717407
0 1478243221 1083.982300 234.049271
0 1568501644 1098.479492 375.305145
0 1438998637 1191.162964 458.047516
0 1524816278 1251.876831 722.092346
0 1705773174 1024.732544 483.234222
0 1524845316 1105.541504 944.187622
0 1524842312 1075.733521 920.606934
0 1568507651 1100.054443 502.174347
0 1438999638 977.989075 425.082581
0 1478252233 1111.503662 288.452850
0 1438993630 972.962280 456.995758
0 1478237214 991.492981 256.233856
0 1524857332 1356.318481 846.481018
0 1478248228 1083.559937 269.205811
0 1478225197 975.599304 269.992432
0 1524859335 1104.479736 858.651917
0 1524832298 1104.002197 820.189209
0 1478200166 951.165955 261.023834
0 1478250231 1138.108032 268.808350
0 1478245225 1005.296387 251.717926
0 1438995633 1042.886475 492.435089
0 1524804263 1238.188354 805.528870
0 1524839308 1131.848755 839.901733
0 1524849321 1175.647583 705.267883
0 1568512658 1062.188232 483.477600
0 1568514661 1135.524658 449.443665
0 1478231205 1164.272095 259.344696
0 1773608077 1027.643799 448.981293
0 1438977615 1150.289062 410.433624
0 1524834301 1292.605347 806.993958
0 1607644171 1098.648193 388.889099
0 1524800258 1104.991455 899.881470
0 1568504647 959.440918 432.745239
0 1568500642 1099.198120 433.199890
0 1478256239 1097.103271 264.451935
0 1524815277 1279.934082 738.450378
0 1568503646 1203.205688 418.034332
0 1478220191 1018.900696 247.267136
0 1478207174 1110.115723 250.831894
0 1524841311 1332.093262 865.609070
0 1478213182 1017.733154 256.019531
0 1524813274 1233.422729 770.314758
0 1568516663 996.184387 417.565674
0 1578517672 943.730774 424.988251
0 1578527685 1114.955933 382.027679
0 1478240218 1110.786255 269.007416
0 1478215185 989.853027 265.265472
0 1524838307 1308.978027 755.383606
0 1478197163 1110.445435 259.768799
0 1478221192 1124.726318 273.648529
0 1524819281 1076.245361 877.994812
0 2086284946 1099.397827 449.288818
0 1524824288 1078.344849 703.261108
0 1524802260 1402.578247 809.954895
0 1478226199 1070.481445 255.588654
0 1578518673 1015.606140 395.820770
0 1438981616 1007.038513 474.266449
0 1478238215 988.157593 274.602081
0 1609135173 1171.819458 449.599274
0 1524837305 1347.400757 808.469299
0 1524793249 1205.382080 752.936096
0 1568515662 1208.283447 449.755524
0 1568516664 1137.645386 483.967865
0 1438991628 1155.855103 475.148254
0 1478249230 1013.989563 284.084045
0 1438996634 1045.017212 457.343079
0 1578519675 1049.590088 382.029877
0 1524829295 1248.739136 883.491333
0 1524864341 1262.478516 788.322388
0 1478255238 979.311584 251.937561
0 1438993631 1225.062500 441.628937
0 1524788244 1228.954590 737.298523
0 1772785076 962.211243 417.488739
0 1524828293 1077.585449 766.467041
0 1478203171 1006.652100 243.111237
0 1524798255 1021.984497 836.681580
0 1478199165 1044.062500 255.804459
0 1578528686 1117.139893 441.222717
0 1478192156 1044.807373 247.040878
0 1478228201 1137.312378 259.557129
0 1772037075 1099.825439 483.722107
0 1578515670 1151.590088 425.560516
0 1524851323 1184.145752 804.073730
0 1478218188 1033.221558 234.533829
0 1478202169 1097.219971 273.840576
0 1478254236 1046.227173 230.335205
0 1478246226 965.341675 256.447479
0 1524809269 1217.460938 862.105286
0 1524822285 996.350769 817.164551
0 1524841310 1173.146606 676.190735
0 1478235210 1084.079712 225.942978
0 1578515669 1082.364136 368.729950
0 1524854328 1187.367188 841.528992
0 0 618.838013 198.618683
0 1 1243.702026 751.597473
0 2 559.265442 241.147003
0 3 752.291138 221.107208
0 4 708.903442 229.829208
0 6 577.654602 433.630005
0 7 648.544739 421.364075
0 8 1462.570923 871.539246
0 9 585.542480 188.607773
0 10 521.610596 435.319122
0 11 505.449707 323.339935
0 12 1627.760010 785.713867
0 13 560.341675 458.616455
0 14 1645.263672 151.120544
0 16 493.420593 505.547272
0 17 1581.718506 880.072021
0 19 554.660767 220.535507
0 20 672.136658 211.173462
0 21 620.715637 607.366699
0 22 1093.552856 110.636337
0 23 957.799500 306.787018
0 24 1036.858643 203.916031
0 25 858.761536 347.471527
0 26 946.293335 291.226776
0 27 1329.927979 330.682922
0 28 1414.333252 405.706360
0 29 1256.809937 301.803131
0 30 1037.786133 188.736938
0 31 923.682617 331.947998
0 33 958.493835 464.110901
0 35 1141.843506 172.778595
0 37 930.151733 221.733063
0 39 1124.416748 103.398697
0 40 1120.760742 162.712326
0 43 1762.227051 325.378418
0 46 893.117615 129.682434
0 53 692.930115 594.185242
0 55 771.083313 156.973267
0 59 1397.025879 96.789368
0 131 452.814453 346.795471
0 170 871.941223 576.531921
0 185 1499.864502 258.518158
0 187 971.795532 195.362457
0 192 833.426331 225.843292
0 201 379.481323 440.480896
0 203 0.000000 0.000000
0 204 0.000000 0.000000
0 205 0.000000 0.000000
0 206 355.894928 407.109650
0 208 0.000000 0.000000
0 210 755.871826 206.543457
0 212 798.280151 201.287888
0 213 952.202515 160.192230
0 216 1024.233032 5.627371
0 218 1054.214355 134.148972
0 223 1107.464722 827.184753
0 227 1432.129028 192.022339
0 228 1869.876465 118.845924
