0 1578512666 984.377380 581.560974
0 1524823287 1913.459473 751.572693
0 1478234209 667.773926 324.635620
0 1707269176 962.239014 464.494873
0 1438989626 1157.498535 589.453918
0 1524801259 1620.587402 745.903931
0 1438992629 1078.792480 556.285767
0 1478227200 540.892151 341.540222
0 1524854327 1565.177856 671.095154
0 1478249229 460.030426 356.343445
0 1524807266 1669.772949 941.990906
0 1524831297 1759.906006 933.998779
0 1478229202 536.812622 352.120972
0 1568509654 1073.484375 538.498596
0 1524790246 1918.854858 846.670593
0 1578523681 1074.057373 443.137268
0 1478207175 495.264984 333.950562
0 1524861337 1837.335815 675.635376
0 1478210178 576.409973 310.353058
0 1524862338 1622.979004 871.772522
0 1478186149 569.553894 329.939240
0 1524797254 1849.203857 926.080688
0 1578518674 965.055176 479.386688
0 1438985621 1049.786865 459.088196
0 1524857331 1849.272583 727.987427
0 1478203170 552.425964 311.625580
0 1438994632 947.966553 565.014038
0 1578520676 1117.409302 572.559631
0 1478237213 680.967957 388.635376
0 1568511657 945.205139 546.940369
0 1775370079 988.069580 601.085083
0 1478195160 695.492249 304.034851
0 1568510655 950.841370 583.830078
0 1478257240 656.624756 378.376709
0 1578521677 908.889771 514.844788
0 1524794250 1765.290405 681.079834
0 1524812272 1638.852661 716.886597
0 1769859072 974.156555 527.513672
0 1578525683 1051.114746 577.045349
0 1770636073 907.007629 498.690796
0 1524833300 1659.079346 742.888245
0 1568511656 1102.487305 441.402130
0 1438985620 1058.739502 489.088318
0 1478185148 671.786865 305.292603
0 1707993177 844.308228 471.777863
0 1478189152 654.178650 390.167084
0 1524791247 1889.928467 815.478943
0 1524830296 1877.140259 850.209656
0 2088218948 1028.576416 490.997192
0 1524827292 1874.993042 754.643921
0 1606348170 1020.689270 460.885162
0 1524855329 1561.598633 779.665955
0 1478183145 678.884399 400.771729
0 1438990627 942.550537 529.565979
0 1524840309 1824.762817 702.585815
0 1478222194 606.904236 369.875122
0 1709860179 850.432800 610.533813
0 1478188151 523.790527 385.895691
0 1438988624 998.322144 492.911865
0 1478243222 464.660645 401.003021
0 1524844315 1804.658569 930.030579
0 1524811271 1581.005005 808.786926
0 1478216186 658.994202 366.955444
0 1524851324 1743.730957 657.832092
0 1524814275 1563.477051 722.684753
0 1578514668 905.194336 483.128418
0 1478184146 630.195679 379.872711
0 1524829294 1849.240967 818.859253
0 1478176143 546.312561 396.334473
0 1524860336 1525.569214 725.600769
0 1478222193 506.674469 364.469543
0 1438997636 1068.380493 521.395264
0 1478194158 600.387939 393.242645
0 1478201168 520.087769 332.610229
0 1478187150 645.700989 316.113983
0 1478205172 544.850708 331.273102
0 1524838306 1708.445435 864.521545
0 1568514660 930.682495 451.887787
0 1524865342 1492.827637 676.469299
0 2085418945 847.132446 535.761902
0 1524808268 1601.238037 719.780151
0 1478200167 590.989258 338.810577
0 1478194159 515.751343 342.910065
0 1568501643 935.169373 481.254761
0 1478239216 624.347168 403.922150
0 1524820283 1619.565063 692.092285
0 1438989625 876.384216 500.628845
0 1568505649 994.852295 477.524139
0 1478255237 693.861023 313.536438
0 1524804262 1508.816162 700.461548
0 1568506650 875.129883 485.007690
0 1478217187 688.670471 343.769897
0 1568505648 877.686340 516.844788
0 1568497640 988.278931 448.372528
0 1578511665 959.522034 450.127655
0 1478258241 618.781982 327.281036
0 1524796253 1726.134277 829.087219
0 1478206173 490.548828 344.283264
0 1524826291 1621.719238 805.472046
0 1578529688 847.908447 553.343323
0 1478233207 624.209778 307.816895
0 1708834178 967.976196 494.832336
0 1478189153 528.268005 374.282715
0 1568499641 1017.801697 579.299316
0 1478245224 648.026062 306.553284
0 1524852325 1643.181519 835.979065
0 1478219190 458.967896 413.475555
0 1578525682 912.877319 549.067871
0 1478232206 497.015594 387.411285
0 1524818280 1697.419189 739.884460
0 1524850322 1689.691528 902.089905
0 1438996635 932.885620 466.307648
0 1524832299 1719.566895 767.053467
0 1478242220 597.312500 318.703796
0 1438999639 1143.568481 551.964111
0 1478196161 640.842102 336.094208
0 1478252234 686.833801 354.468262
0 1524803261 1811.533203 730.944153
0 1478211179 449.023987 378.724396
0 1578523680 917.192871 586.106934
0 1578530689 1105.298706 536.404968
0 1568508653 1124.638062 501.016510
0 1524826290 1714.944702 937.985474
0 1524847319 1793.162598 857.334229
0 1524810270 1601.152344 668.422852
0 1524835302 1680.315674 770.187378
0 1524799257 1742.845947 795.610046
0 1478233208 580.759216 371.340546
0 1608354172 845.667542 502.572784
0 1524835303 1545.872559 697.661194
0 1478251232 692.181763 323.317688
0 1524812273 1581.942139 748.931580
0 1706512175 1123.842163 591.764404
0 1438986622 885.018860 608.159485
0 1478211180 565.971313 340.173737
0 1478223195 661.290588 355.886261
0 1478244223 587.683167 349.323456
0 1438987623 879.039001 533.690063
0 1478193157 558.473267 361.594025
0 1478198164 621.535400 317.407349
0 1524862339 1797.593872 760.823669
0 1478236212 596.968872 405.503723
0 1478240217 627.318787 391.702850
0 1478214183 548.693604 321.305878
0 1578521678 1094.100464 502.973785
0 1524844314 1665.806519 868.139099
0 1524848320 1692.702148 686.565247
0 1524806265 1702.638550 798.883667
0 1524787243 1820.408203 890.756836
0 1478241219 550.495728 384.384064
0 1524799256 1640.904419 773.334045
0 1478190154 541.991211 408.679565
0 1478226198 554.547241 372.809753
0 1478208176 485.688354 354.932434
0 1478214184 682.985413 376.884583
0 2084722944 910.844910 531.624756
0 1578522679 1041.568481 540.598938
0 1774531078 1099.592041 519.368530
0 1525674169 1046.245972 558.457153
0 1478197162 475.330170 325.232300
0 1524815276 1601.332397 776.493530
0 1768901071 919.486633 605.793335
0 1578526684 977.429260 544.819824
0 1478182144 573.031860 320.003296
0 1524853326 1645.723145 905.901917
0 1478218189 651.652283 402.344849
0 1578513667 971.007751 510.863403
0 1438983618 937.538086 496.758636
0 1478224196 603.698059 381.372589
0 1478247227 528.385681 312.901093
0 1524792248 1779.049438 655.208618
0 1524808267 1735.607422 736.892578
0 1478191155 519.167358 397.886536
0 1524856330 1893.543091 922.149109
0 1478236211 690.452393 333.391113
0 1478258242 480.135376 315.461151
0 1478212181 573.385986 394.786499
0 1478185147 632.982422 368.413391
0 1568502645 1054.181885 473.815613
0 1568508652 939.996826 512.851013
0 1438984619 873.920654 469.949127
0 1659977623 988.183350 518.101440
0 1478209177 600.337830 309.083496
0 1438982617 1005.663208 525.467773
0 1524805264 1729.064331 683.817383
0 1771287074 1078.800171 457.296448
0 2087111947 914.991577 567.214050
0 1524817279 1601.437378 839.447327
0 1524795251 1750.897095 860.920044
0 1478230204 584.274780 360.161713
0 1478230203 499.842957 323.920380
0 1524847318 1836.371338 757.727539
0 1578516671 1016.953491 446.622467
0 1568513659 1009.550171 542.705994
0 1578529687 1083.715088 471.969604
0 1524819282 1684.746826 832.525818
0 1478253235 577.131470 382.876343
0 1524836304 1782.886230 792.350037
0 1478243221 524.297363 322.611572
0 1568501644 872.754272 455.423309
0 1438998637 1118.793701 485.287689
0 1524816278 1636.994263 665.760559
0 1705773174 1056.186523 596.408936
0 1568507651 1150.391846 570.327881
0 1438999638 881.908203 569.421326
0 1478252233 684.939697 365.501190
0 1438993630 953.836731 603.435242
0 1478237214 470.170685 388.930817
0 1524857332 1861.518188 699.758484
0 1478248228 610.011353 358.732971
0 1478225197 486.716980 411.872559
0 1524859335 1835.243286 853.764160
0 1524832298 1767.344971 825.663391
0 1478200166 431.143768 415.082855
0 1478250231 665.677429 334.740997
0 1478245225 475.506653 377.240021
0 1438995633 1090.071777 594.082703
0 1524804263 1773.645142 733.912537
0 1524839308 1808.380249 822.254089
0 1524849321 1582.788452 694.871460
0 1568512658 1084.317017 574.798706
0 1568514661 1063.469116 504.937103
0 1478231205 669.809448 314.823700
0 1773608077 980.833496 562.821350
0 1438977615 991.506714 462.687408
0 1524834301 1787.866455 705.424011
0 1607644171 903.446350 468.125702
0 1524800258 1906.575806 883.286255
0 1568504647 883.431458 588.391296
0 1568500642 1001.923157 508.881866
0 1478256239 613.023865 347.929901
0 1524815277 1672.704102 663.107971
0 1568503646 1045.546143 444.877380
0 1478220191 480.676636 365.912811
0 1478207174 594.197632 328.608551
0 1524841311 1886.864014 725.042297
0 1478213182 501.921204 375.759460
0 1524813274 1713.646851 711.133240
0 1568516663 880.445190 551.202148
0 1578517672 849.556641 590.683411
0 1578527685 901.760071 453.653015
0 1478240218 638.301819 346.539825
0 1478215185 491.950134 399.442688
0 1524838307 1708.282837 660.465210
0 1478197163 615.946106 337.450714
0 1478221192 663.517334 345.153137
0 1524819281 1863.588867 887.013184
0 2086284946 1037.071045 523.428345
0 1524824288 1543.142700 751.971375
0 1524802260 1814.238647 652.594788
0 1478226199 562.279480 350.720490
0 1578518673 846.385986 518.850952
0 1438981616 1022.186035 598.743042
0 1478238215 514.391357 410.273926
0 1609135173 1088.811890 487.185150
0 1524837305 1801.380493 678.352478
0 1524793249 1676.322021 714.004395
0 1568515662 1113.161255 470.128967
0 1568516664 1137.011719 534.317993
0 1438991628 1130.706299 517.348145
0 1478249230 569.516968 407.089508
0 1438996634 1013.593262 560.635681
0 1578519675 844.975403 486.892548
0 1524829295 1902.016235 782.650635
0 1524864341 1750.828125 708.273132
0 1478255238 443.255493 390.454346
0 1438993631 1107.729248 455.509888
0 1524788244 1656.202515 689.323547
0 1772785076 848.715881 571.635803
0 1524828293 1662.263428 802.170959
0 1478203171 454.612915 367.359680
0 1524798255 1777.032715 894.517456
0 1478199165 532.606628 363.029999
0 1578528686 1032.743408 506.906433
0 1478192156 511.282318 353.524994
0 1478228201 643.307373 325.956757
0 1772037075 1111.233154 554.121460
0 1578515670 1024.561035 475.667145
0 1524851323 1758.659424 763.932251
0 1478218188 465.284363 345.659882
0 1478202169 635.683167 357.307831
0 1478254236 470.381989 335.294159
0 1478246226 437.298553 402.567474
0 1524809269 1862.470459 785.870422
0 1524822285 1733.460938 898.295105
0 1524841310 1529.069824 673.777222
0 1478235210 504.288879 314.179626
0 1578515669 843.664734 457.198730
0 1524854328 1822.760742 789.103577
0 0 1733.722534 739.997070
0 6 773.255188 986.632751
0 8 818.452881 67.509880
0 9 1127.583496 145.845184
0 10 624.231628 722.634155
0 11 1604.973389 861.284973
0 12 602.962402 72.572304
0 13 594.507324 798.888000
0 14 578.141968 97.107353
0 16 1710.140137 379.790375
0 17 547.693481 124.081772
0 19 1792.338989 421.884583
0 21 505.185974 137.360107
0 22 289.018951 182.424713
0 23 967.959045 576.877930
0 24 426.159698 212.627945
0 25 1254.421753 567.316223
0 26 919.505798 308.126984
0 27 644.757202 478.057495
0 28 592.095398 455.434113
0 29 676.734253 438.795288
0 30 483.627502 244.002731
0 31 691.568848 647.362549
0 33 851.592346 296.003052
0 35 437.773926 264.803192
0 36 1369.003906 757.696167
0 37 383.921570 302.025146
0 38 417.833466 236.817200
0 39 12.381541 317.330597
0 40 466.254639 223.425598
0 41 1066.888916 827.560852
0 44 338.005463 384.231293
0 52 1702.810425 825.625610
0 53 138.337753 923.397461
0 55 125.104095 238.354172
0 59 1843.135742 766.624756
0 73 92.565224 412.551849
0 77 225.022308 290.252625
0 81 408.686035 175.480453
0 84 501.299927 168.987381
0 85 605.433899 174.440399
0 86 414.708954 86.701828
0 87 1284.481201 114.463791
0 89 1321.227783 168.648529
0 91 590.424255 82.520142
0 92 398.886353 97.286514
0 93 1283.867554 159.593124
0 94 294.106415 100.049942
0 95 1300.464844 130.911896
