0 1578512666 963.580505 463.496399
0 1707269176 822.249023 575.579285
0 1438989626 861.461548 400.440033
0 1438992629 870.771606 446.422424
0 1568509654 851.325928 460.517487
0 1578523681 696.777161 542.118408
0 1578518674 844.385376 558.024048
0 1438985621 744.891174 537.665894
0 1438994632 971.051086 489.079803
0 1578520676 866.004822 422.879395
0 1568511657 952.297607 504.432953
0 1775370079 981.438232 449.334351
0 1568510655 989.249146 474.181305
0 1578521677 940.043030 548.895264
0 1769859072 906.723145 508.587097
0 1578525683 913.803833 442.776276
0 1770636073 919.664185 566.135803
0 1568511656 672.546509 529.932556
0 1438985620 789.419067 505.390228
0 1707993177 934.116760 630.406128
0 2088218948 814.330505 517.008789
0 1606348170 770.096130 550.018982
0 1438990627 932.963135 520.261841
0 1709860179 1086.600098 492.191162
0 1438988624 839.791870 528.883850
0 1578514668 898.615417 583.943298
0 1438997636 831.302979 475.030975
0 1568514660 826.548584 607.381653
0 2085418945 1015.243835 556.870361
0 1568501643 871.189392 570.835022
0 1438989625 947.518188 579.126770
0 1568505649 818.182495 545.500488
0 1568506650 926.685486 597.359253
0 1568505648 967.680237 561.481140
0 1568497640 772.836487 580.369324
0 1578511665 799.377869 593.717285
0 1578529688 1033.926636 539.935730
0 1708834178 865.821716 541.023987
0 1568499641 938.437317 453.030243
0 1578525682 978.914795 516.009521
0 1438996635 849.237671 588.806519
0 1438999639 823.632446 426.370148
0 1578523680 1015.460144 485.091919
0 1578530689 827.372986 450.099670
0 1568508653 762.702698 468.134644
0 1608354172 976.022888 592.421204
0 1706512175 884.516724 409.835754
0 1438986622 1059.480225 481.138947
0 1438987623 987.203491 544.394592
0 1578521678 786.437195 478.943298
0 2084722944 959.783386 532.194824
0 1578522679 875.778748 471.152710
0 1774531078 807.205750 464.309631
0 1525674169 895.068176 456.757843
0 1768901071 1032.924683 470.316742
0 1578526684 926.247742 493.103088
0 1578513667 886.590698 524.553101
0 1438983618 892.439087 553.438171
0 1568502645 767.500977 521.277344
0 1568508652 913.019958 536.588989
0 1438984619 905.148193 616.208435
0 1659977623 883.781494 510.678253
0 1438982617 881.044922 497.162292
0 1771287074 720.241699 525.585083
0 2087111947 997.464966 500.315887
0 1578516671 746.902832 567.327026
0 1568513659 900.747192 482.012177
0 1578529687 742.984985 509.559967
0 1568501644 882.869873 635.706177
0 1438998637 741.176270 482.890076
0 1705773174 932.009155 429.190460
0 1568507651 842.810486 413.224457
0 1438999638 1024.451538 511.795532
0 1438993630 1006.916321 459.717529
0 1438995633 908.028015 419.417358
0 1568512658 889.664551 432.728027
0 1568514661 810.676575 489.981873
0 2079485312 883.779846 510.625854
0 1773608077 945.191711 478.079620
0 1438977615 795.875488 562.653503
0 1607644171 876.863159 602.345825
0 1568504647 1042.230713 496.235443
0 1568500642 860.735962 512.778870
0 1568503646 721.556274 554.580017
0 1568516663 1006.117981 527.840881
0 1578517672 1069.578857 507.619507
0 1578527685 854.371399 621.374023
0 2086284946 855.910522 485.979462
0 1578518673 995.952637 574.356384
0 1438981616 956.474243 439.160767
0 1609135173 765.039917 494.019928
0 1568515662 718.995239 498.094086
0 1568516664 803.904663 439.892609
0 1438991628 783.603210 453.808319
0 1438996634 919.869568 467.307983
0 1578519675 955.422424 611.094055
0 1438993631 696.129395 513.767578
0 1772785076 1052.029541 523.526794
0 1578528686 835.437195 501.257843
0 1772037075 846.964600 436.295288
0 1578515670 792.560730 533.254639
0 1578515669 912.069031 650.390686
0 0 680.124268 336.076172
0 1 963.482788 419.774445
0 2 1199.007324 448.558655
0 3 775.530334 310.647186
0 4 594.328552 629.468506
0 5 1048.078735 754.528015
0 6 895.212891 813.918518
0 7 682.142456 672.419434
0 8 1096.345459 550.613953
0 9 981.475952 823.944946
