0 1578512666 1031.931152 648.420654
0 1524823287 1855.372192 809.913757
0 1478234209 795.015381 436.226196
0 1707269176 1029.105835 552.835388
0 1438989626 1181.780884 657.746704
0 1524801259 1575.405396 796.326782
0 1438992629 1117.558105 629.431335
0 1478227200 687.549438 450.135620
0 1524854327 1538.434326 733.270020
0 1478249229 619.998901 462.088562
0 1524807266 1581.891357 955.588318
0 1524863340 1879.728149 887.567322
0 1524831297 1667.300537 953.060608
0 1478229202 683.112915 458.756927
0 1568509654 1115.556030 614.827820
0 1524790246 1838.338135 888.895386
0 1578523681 1130.426270 536.047607
0 1478207175 650.868896 443.941040
0 1524861337 1798.347046 743.861389
0 1478210178 720.181763 424.544678
0 1524862338 1552.596924 898.063843
0 1478186149 712.420959 440.646729
0 1524797254 1753.333496 950.514465
0 1578518674 1029.468506 565.103699
0 1438985621 1106.547974 549.127075
0 1524857331 1797.966553 788.227356
0 1478203170 700.159912 425.630127
0 1438994632 1002.933899 634.517334
0 1578520676 1149.020508 643.302856
0 1478237213 798.762512 488.876617
0 1568511657 1003.020081 619.893066
0 1775370079 1032.396729 664.173218
0 1478195160 820.825500 419.088287
0 1568510655 1002.844482 649.692017
0 1478257240 779.564758 480.412476
0 1578521677 976.198303 593.427246
0 1524794250 1726.916382 746.594666
0 1524812272 1598.468750 773.011353
0 1769859072 1030.633911 604.533630
0 1578525683 1090.326538 645.868225
0 1770636073 976.739136 580.279358
0 1524846317 1860.353760 917.012268
0 1524833300 1612.208008 794.987427
0 1568511656 1155.985229 534.810425
0 1438985620 1109.964355 574.045166
0 1478185148 800.625061 420.183441
0 1707993177 926.657471 557.741211
0 1478189152 776.201294 490.031555
0 1524791247 1817.430786 862.193848
0 1524830296 1797.092163 890.218811
0 2088218948 1083.195312 575.297852
0 1524827292 1816.935181 811.274048
0 1606348170 1080.675903 550.365967
0 1524855329 1513.861328 821.999939
0 1478183145 795.632812 498.776306
0 1438990627 1003.103027 605.789734
0 1524840309 1779.866943 766.236328
0 1478222194 739.117310 473.342651
0 1709860179 914.275330 669.254822
0 1478188151 669.033630 486.116760
0 1438988624 1056.488281 576.547546
0 1478243222 619.520691 498.052185
0 1524844315 1710.238647 951.789856
0 1524858333 1898.189697 859.509277
0 1524811271 1526.146484 846.123840
0 1524859334 1876.253662 834.100708
0 1478216186 782.831970 471.068970
0 1524851324 1711.188843 726.508179
0 1524814275 1526.685791 775.692322
0 1578514668 977.261719 567.575623
0 1478184146 757.372009 481.557800
0 1524829294 1777.256714 863.529297
0 1478176143 686.403442 494.628387
0 1524860336 1490.958618 777.026733
0 1478222193 657.182800 468.740387
0 1438997636 1113.625366 600.747009
0 1478194158 731.213257 492.334503
0 1478201168 671.348938 442.844940
0 1478187150 777.426514 429.198303
0 1478205172 691.866333 441.746826
0 1524838306 1633.532471 895.466858
0 1568514660 1003.477478 542.192444
0 1524865342 1470.038696 735.947083
0 2085418945 920.905823 609.540100
0 1524808268 1562.522217 774.353882
0 1478200167 729.251831 447.918732
0 1478194159 666.755859 451.240997
0 1568501643 1003.335327 566.341064
0 1478239216 749.887634 501.098389
0 1524820283 1585.340210 752.011963
0 1438989625 950.279114 581.517578
0 1568505649 1055.661377 563.863464
0 1478255237 818.325867 426.994934
0 1524804262 1480.267212 756.032471
0 1568506650 951.247375 568.807373
0 1478217187 810.408936 452.037231
0 1568505648 949.276917 594.671570
0 1568497640 1054.088501 539.742615
0 1578511665 1028.755127 540.968872
0 1478258241 753.642883 438.440491
0 1524796253 1657.547119 867.508606
0 1478206173 646.000549 452.344330
0 1524826291 1564.536865 844.805481
0 1578529688 919.338074 623.659607
0 1478233207 760.331970 422.367950
0 1708834178 1029.843506 577.794373
0 1478189153 673.860535 476.736847
0 1568499641 1061.091675 647.146057
0 1478245224 780.460632 421.276642
0 1524852325 1578.411377 870.139160
0 1478219190 613.752563 508.008820
0 1578525682 975.057922 621.151672
0 1478232206 647.056641 487.250946
0 1524818280 1649.126099 793.643921
0 1524850322 1608.343384 924.792542
0 1438996635 1003.407532 554.065979
0 1524832299 1664.423096 816.671570
0 1478242220 736.674194 431.393707
0 1438999639 1175.301880 626.869202
0 1478196161 771.108521 445.693665
0 1478252234 807.620789 460.856598
0 1524803261 1760.580322 789.587952
0 1478211179 608.979065 480.111450
0 1578523680 973.831665 650.960083
0 1578530689 1143.863037 613.553711
0 1568508653 1166.439697 584.634216
0 1524826290 1624.518311 954.326721
0 1524847319 1715.029053 892.851929
0 1524810270 1572.782471 731.925598
0 1524835302 1626.601318 818.010071
0 1524799257 1680.467651 840.824219
0 1478233208 717.323120 474.476227
0 1608354172 923.880188 582.752869
0 1524835303 1515.186890 754.696289
0 1478251232 815.758423 435.116028
0 1524812273 1538.717773 797.661865
0 1706512175 1151.748535 659.038696
0 1438986622 943.691345 667.989380
0 1478211180 708.381348 449.028229
0 1524823286 1857.741577 860.853821
0 1478223195 786.006836 461.989258
0 1478244223 725.385986 456.525421
0 1438987623 948.239258 608.292969
0 1478193157 699.961182 466.498566
0 1478198164 757.032043 430.297028
0 1524862339 1740.433105 813.981506
0 1478236212 727.084167 502.255951
0 1478240217 753.684937 491.184174
0 1478214183 696.068298 433.581268
0 1578521678 1139.068848 585.899231
0 1524844314 1592.994873 896.767578
0 1524848320 1655.915527 749.311462
0 1524806265 1641.696899 842.155701
0 1524787243 1733.676392 920.923157
0 1478241219 691.053467 484.980347
0 1524799256 1588.900757 819.344238
0 1478190154 681.614807 504.564026
0 1478226198 695.570862 475.607605
0 1478208176 640.997620 460.980103
0 1478214184 801.801147 479.264893
0 2084722944 975.638245 607.042847
0 1578522679 1087.318359 616.098816
0 1774531078 1141.422974 599.478760
0 1525674169 1088.794556 630.707642
0 1478197162 635.431885 436.847900
0 1524815276 1551.321045 820.674255
0 1768901071 973.183472 666.720581
0 1578526684 1031.050659 618.631470
0 1478182144 716.353027 432.488464
0 1524853326 1566.860718 926.073181
0 1478218189 772.737122 499.938507
0 1578513667 1030.231812 590.929749
0 1438983618 1003.260498 579.038330
0 1478224196 735.222595 482.700867
0 1478247227 680.173523 426.713684
0 1524792248 1746.045898 725.143799
0 1524795252 1902.881958 915.699280
0 1524808267 1686.160645 792.296204
0 1478191155 664.065063 495.771912
0 1524856330 1796.586060 949.234375
0 1478236211 813.120483 443.460327
0 1478258242 640.306763 428.875061
0 1478212181 708.786133 493.482574
0 1478185147 760.953552 472.206909
0 1568502645 1108.227173 561.374573
0 1568508652 1003.183105 592.179993
0 1438984619 952.183594 556.518860
0 1659977623 1044.099365 597.043884
0 1478209177 740.239014 423.457245
0 1438982617 1058.231201 603.274475
0 1524805264 1691.362549 747.955078
0 1771287074 1132.478516 547.885376
0 2087111947 974.456055 635.781006
0 1524817279 1539.042725 871.447815
0 1524795251 1674.210205 894.161682
0 1478230204 721.411255 465.374451
0 1478230203 655.607788 435.760956
0 1524847318 1778.622314 812.630005
0 1578516671 1079.478149 538.513672
0 1568513659 1059.150024 617.366638
0 1578529687 1134.600586 560.125793
0 1524819282 1617.912720 868.826111
0 1478253235 713.116516 483.841736
0 1524836304 1719.366333 839.488464
0 1478243221 675.819885 434.672089
0 1568501644 953.089172 544.631409
0 1438998637 1163.690308 571.531067
0 1524816278 1607.231567 730.577148
0 1705773174 1091.917603 661.612671
0 1524845316 1883.568115 946.660095
0 1524842312 1839.997437 947.949646
0 1568507651 1178.479980 642.015198
0 1438999638 946.049072 637.041443
0 1478252233 804.752686 469.928772
0 1438993630 1002.751831 665.448608
0 1478237214 625.122375 488.382904
0 1524857332 1816.483398 764.868774
0 1478248228 742.902222 464.248230
0 1478225197 636.327881 506.862854
0 1524859335 1755.989380 891.537659
0 1524832298 1697.315430 866.186646
0 1478200166 591.222412 509.152496
0 1478250231 792.095032 444.578033
0 1478245225 630.564697 478.988739
0 1438995633 1121.794189 660.327332
0 1524804263 1723.311890 790.944214
0 1524839308 1737.218506 864.860229
0 1524849321 1550.211060 753.356140
0 1568512658 1119.636108 644.587158
0 1568514661 1111.762695 587.161316
0 1478231205 797.857727 428.097626
0 1773608077 1031.482788 633.250610
0 1438977615 1054.861816 551.602051
0 1524834301 1743.363403 767.599670
0 1607644171 977.766846 555.293823
0 1524800258 1817.977173 918.320557
0 1568504647 944.892395 652.224976
0 1568500642 1057.344482 589.676575
0 1478256239 746.581909 455.406525
0 1524815277 1641.782104 729.224792
0 1568503646 1104.923950 537.281982
0 1478220191 635.854370 469.858124
0 1478207174 733.013123 439.544617
0 1524841311 1835.471436 786.862549
0 1478213182 652.191833 477.863892
0 1524813274 1670.693359 770.313843
0 1568516663 947.163940 622.407166
0 1578517672 916.026123 653.486694
0 1578527685 978.255615 543.413269
0 1478240218 767.817688 454.285553
0 1478215185 641.770874 496.913177
0 1524838307 1676.434326 727.868530
0 1478197163 750.160767 446.807251
0 1478221192 789.093323 453.162445
0 1524819281 1775.751709 919.624146
0 2086284946 1085.894897 602.012268
0 1524824288 1502.144897 798.992859
0 1524802260 1781.006104 723.775452
0 1478226199 704.229675 457.642212
0 1578518673 922.418945 595.912903
0 1438981616 1062.118652 662.894592
0 1478238215 658.948547 505.714600
0 1609135173 1136.796021 572.789612
0 1524837305 1762.577881 745.230042
0 1524793249 1634.525635 771.664673
0 1568515662 1161.034424 558.874084
0 1568516664 1172.239990 612.276489
0 1438991628 1169.287842 598.207397
0 1478249230 704.326599 503.411163
0 1438996634 1060.102783 631.980652
0 1578519675 925.292236 570.036316
0 1524829295 1836.836548 835.454285
0 1524864341 1706.972412 768.958862
0 1478255238 603.230835 489.512695
0 1438993631 1158.467529 546.640930
0 1524788244 1620.574829 750.663696
0 1772785076 917.712585 638.298767
0 1524828293 1603.053467 843.482727
0 1478203171 614.566223 470.973755
0 1524798255 1691.750366 922.217468
0 1478199165 678.551758 467.620544
0 1578528686 1084.521362 588.420471
0 1478192156 662.035645 459.869568
0 1478228201 774.310242 437.334381
0 1772037075 1146.393799 628.151855
0 1578515670 1081.914185 562.620422
0 1524851323 1702.366821 815.328674
0 1478218188 625.283508 453.445648
0 1478202169 764.434021 463.119812
0 1478254236 630.425964 445.035187
0 1478246226 597.314453 499.188934
0 1524809269 1797.550171 836.803528
0 1524822285 1649.972900 923.507263
0 1524841310 1504.186523 734.610535
0 1478235210 660.222534 427.795319
0 1578515669 927.978149 545.846863
0 1524854328 1758.393555 838.148193
0 0 996.373108 418.680298
0 1 798.177124 415.889954
0 2 998.793396 374.758636
0 3 1348.117188 382.152985
0 4 846.945923 456.163116
0 5 489.633575 556.201843
0 6 1430.183350 385.509277
0 7 837.068909 431.380463
0 8 820.822876 545.093445
0 9 1515.812012 468.826660
0 10 1257.309204 358.329987
0 11 905.761658 899.835510
0 12 1546.226318 521.877380
0 13 263.651611 760.579346
0 14 1662.284058 665.432190
0 15 800.370667 384.979248
0 16 374.097046 647.166992
0 17 1689.707642 733.125183
0 18 430.229248 587.934509
0 19 1346.783936 363.768890
0 20 1799.501953 838.000977
0 21 1496.516479 544.250732
0 22 1685.867432 882.893921
0 23 1094.795898 403.009827
0 24 1046.428589 967.134338
0 25 1125.733643 376.701752
0 26 1300.294556 367.274384
0 27 1299.230103 916.943481
0 28 716.375183 418.704132
0 29 1139.762939 688.252930
0 30 1178.815918 723.853149
0 31 299.320465 845.540771
0 32 1477.335571 495.343933
0 33 1377.261719 441.044647
0 34 1343.794678 344.661743
0 35 943.478638 404.950989
0 36 1419.289795 546.212952
0 37 1388.347534 395.574402
0 38 687.443176 492.196625
0 39 1444.483887 449.966827
