0 1578512666 920.073059 680.396545
0 1524823287 751.803162 544.344543
0 1478234209 770.050293 952.735901
0 1707269176 812.997559 725.692078
0 1438989626 855.328674 648.798828
0 1524801259 822.696350 571.491638
0 1438992629 857.524475 669.978333
0 1478227200 916.699036 1002.763062
0 1524854327 785.140991 582.947937
0 1478249229 1021.413574 1028.874390
0 1524807266 916.671753 557.027283
0 1524863340 798.389282 537.916687
0 1524831297 891.696899 550.443115
0 1478229202 938.848389 987.360352
0 1568509654 842.823181 675.759155
0 1524790246 809.833191 541.018250
0 1578523681 730.917969 707.375183
0 1478207175 948.637207 1048.117310
0 1524861337 714.544556 554.357300
0 1478210178 818.342590 1037.625000
0 1524862338 894.658813 564.007629
0 1478186149 867.457947 1004.760254
0 1524797254 867.423889 544.043884
0 1578518674 829.473633 718.722290
0 1438985621 763.746521 706.853943
0 1524857331 750.965454 550.884033
0 1478203170 844.848328 1052.728394
0 1438994632 922.624695 692.082275
0 1578520676 856.403931 659.170776
0 1478237213 877.978821 867.275696
0 1568511657 908.154846 698.360901
0 1775370079 933.926636 674.536133
0 1478195160 697.436523 968.731445
0 1568510655 936.745972 685.954895
0 1478257240 880.207275 888.770447
0 1578521677 895.387085 717.605774
0 1524794250 737.480591 561.152771
0 1524812272 797.991333 571.611328
0 1769859072 876.455017 698.848022
0 1578525683 887.650757 669.587708
0 1770636073 879.854919 724.522949
0 1524846317 821.148743 537.869263
0 1524833300 810.294312 567.928711
0 1568511656 715.430908 701.322266
0 1438985620 796.546204 693.956360
0 1478185148 720.182983 981.692627
0 1707993177 883.584900 752.691162
0 1478189152 900.076477 877.232849
0 1524791247 798.314758 544.223572
0 1524830296 821.438416 544.163452
0 2088218948 812.554443 699.829895
0 1524827292 763.143738 547.554138
0 1606348170 779.833374 713.007080
0 1524855329 860.052795 574.981323
0 1478183145 897.318848 856.407532
0 1438990627 893.323425 704.796448
0 1524840309 738.562439 554.275513
0 1478222194 906.105835 922.765259
0 1709860179 1002.267700 696.914856
0 1478188151 1000.566772 944.441101
0 1438988624 828.879700 705.819763
0 1478243222 1072.297485 954.835022
0 1524843313 798.461487 531.805725
0 1524844315 879.474487 547.220886
0 1524858333 775.544678 537.964294
0 1524811271 871.807739 571.253784
0 1524859334 763.779846 541.125977
0 1478216186 859.666016 900.698242
0 1524851324 724.622253 564.731018
0 1524814275 823.038208 578.917664
0 1578514668 863.915100 731.621460
0 1478184146 903.000366 899.313049
0 1524829294 809.942871 547.420105
0 1478176143 994.475098 919.768555
0 1524860336 835.851868 582.655518
0 1478222193 986.689331 985.477478
0 1438997636 827.768433 681.679016
0 1478194158 946.026550 897.937805
0 1478201168 920.731201 1033.213013
0 1478187150 768.944580 979.830200
0 1478205172 893.684387 1018.767639
0 1524838306 869.543640 557.200989
0 1568514660 813.234985 739.547852
0 1524865342 810.683411 590.636536
0 2085418945 945.982910 723.366455
0 1524808268 810.419495 575.236694
0 1478200167 865.315613 976.149353
0 1478194159 943.572571 1016.682129
0 1568501643 846.518127 725.105896
0 1478239216 941.858643 875.973816
0 1524820283 785.450439 575.365173
0 1438989625 897.547485 731.014465
0 1568505649 812.770935 712.466797
0 1478255237 722.880493 954.433228
0 1524804262 823.392151 586.606506
0 1568506650 881.675659 738.273193
0 1478217187 793.941162 914.500671
0 1568505648 913.009338 723.943115
0 1568497640 779.291687 726.281494
0 1578511665 796.086853 732.845703
0 1478258241 817.320557 977.982483
0 1524796253 845.841553 557.288269
0 1478206173 971.282959 1031.034546
0 1524826291 859.089539 567.706848
0 1578529688 960.590881 716.501343
0 1478233207 767.762207 1008.803772
0 1708834178 845.531494 711.929382
0 1478189153 980.739441 958.229187
0 1568499641 903.710876 674.941833
0 1478245224 743.614380 995.044067
0 1524852325 870.656799 564.109741
0 1478219190 1090.359375 941.210022
0 1578525682 925.290039 704.288879
0 1478232206 1026.693359 956.525574
0 1524818280 798.076294 564.418579
0 1524850322 893.153503 557.113953
0 1438996635 830.095459 732.231873
0 1524832299 810.173218 560.864380
0 1478242220 817.813904 1006.773682
0 1524789245 809.623901 528.805969
0 1438999639 826.748840 659.528870
0 1478196161 816.859131 951.051514
0 1478252234 816.020203 902.093323
0 1524803261 762.486633 554.193970
0 1478211179 1062.054077 996.867737
0 1578523680 953.738464 691.619751
0 1578530689 827.247925 670.370850
0 1568508653 781.319702 676.584839
0 1524826290 904.094727 553.711609
0 1524847319 845.146973 550.588989
0 1524810270 772.664612 579.192444
0 1524835302 822.366028 564.315247
0 1524821284 787.103455 534.858032
0 1524799257 822.046631 557.375977
0 1478233208 930.292908 934.258240
0 1608354172 915.608643 737.641235
0 1524835303 810.549133 582.801453
0 1478251232 747.414429 940.646301
0 1524812273 835.286743 575.108765
0 1706512175 870.484802 653.761780
0 1438986622 984.692322 691.159668
0 1478211180 890.625122 989.258240
0 1524823286 786.849854 541.072021
0 1478223195 838.418152 913.036377
0 1478244223 887.765564 961.675781
0 1438987623 928.076965 717.052063
0 1478193157 934.431580 959.945801
0 1478198164 793.012817 993.099915
0 1524862339 786.317688 554.112793
0 1478236212 964.998108 886.138977
0 1478240217 922.751465 887.450073
0 1478214183 869.752869 1035.409668
0 1578521678 796.686096 682.110901
0 1524844314 882.009399 560.579407
0 1524848320 761.105408 568.152344
0 1524806265 834.213074 560.769043
0 1524787243 856.385620 547.287048
0 1478241219 975.163086 932.690918
0 1524799256 834.740784 567.817505
0 1478190154 1013.132385 907.284302
0 1478226198 955.161011 946.074951
0 1478208176 993.051331 1014.613770
0 1478214184 858.003906 878.500610
0 2084722944 910.527283 710.863281
0 1578522679 858.692932 681.249390
0 1524825289 820.867920 531.770203
0 1774531078 812.149048 676.170959
0 1525674169 873.343384 675.349426
0 1524815276 847.301697 571.372498
0 1768901071 967.450012 685.513550
0 1578526684 891.349792 692.547180
0 1478182144 843.381897 1020.870361
0 1524853326 905.767151 560.485168
0 1478218189 919.306274 866.066589
0 1578513667 861.187012 705.306763
0 1438983618 862.519775 718.162537
0 1478224196 926.407043 910.139526
0 1478247227 872.217346 1068.323486
0 1524792248 713.056702 561.249634
0 1524795252 809.726868 534.816589
0 1524808267 786.038269 560.960205
0 1478191155 1019.700867 931.135193
0 1524856330 855.541321 540.911255
0 1478236211 771.086487 927.343811
0 1478212181 969.925903 908.706726
0 1478185147 882.572266 911.582703
0 1568502645 780.350952 700.324707
0 1568508652 878.116516 711.394958
0 1438984619 865.377502 745.726929
0 1659977623 860.542786 699.092529
0 1478209177 792.659729 1022.990662
0 1438982617 859.912659 693.014465
0 1524805264 749.204956 564.626465
0 1771287074 747.976868 700.822144
0 2087111947 939.689392 697.876343
0 1524817279 883.341003 567.596558
0 1524795251 857.257446 553.871155
0 1478230204 909.410461 947.721252
0 1478230203 925.059875 1065.902588
0 1524847318 774.647339 550.809875
0 1578516671 762.838623 719.851013
0 1568513659 874.865601 686.844360
0 1578529687 764.614380 694.430969
0 1524819282 858.158264 560.674011
0 1478253235 950.452393 921.261353
0 1524836304 810.056213 554.031982
0 1478243221 896.965210 1050.412964
0 1568501644 848.635559 753.383728
0 1438998637 765.444702 682.544983
0 1524816278 760.378845 575.494263
0 1705773174 901.626831 663.959412
0 1524845316 832.266724 534.775330
0 1524842312 843.823425 537.822083
0 1568507651 841.201660 654.102722
0 1438999638 957.088501 703.783997
0 1478252233 837.362366 890.100098
0 1438993630 950.531067 679.973328
0 1478237214 1053.574097 968.958862
0 1524857332 727.191711 550.958557
0 1478248228 885.086792 935.837341
0 1478225197 1063.910156 929.590881
0 1524859335 833.208496 547.353394
0 1524832298 833.702515 553.951355
0 1478200166 1117.555542 953.157288
0 1478250231 793.651489 939.031250
0 1478245225 1034.152344 983.609497
0 1438995633 885.915039 658.814514
0 1524804263 774.176331 557.552307
0 1524839308 821.737549 550.662292
0 1524849321 797.903381 579.054810
0 1568512658 871.884460 664.331604
0 1568514661 812.347290 687.743042
0 1478231205 745.577209 966.946838
0 1773608077 905.884827 686.398438
0 1438977615 796.247070 719.285095
0 1524834301 750.099854 557.641052
0 1607644171 847.551697 738.908752
0 1524800258 832.730164 540.964600
0 1568504647 971.059937 697.394348
0 1568500642 844.588684 699.337646
0 1478256239 863.311157 949.380066
0 1524815277 748.279297 571.852112
0 1568503646 746.717346 713.550232
0 1478220191 1013.992432 998.817017
0 1478207174 842.014771 991.171326
0 1524841311 739.609192 547.621521
0 1478213182 1007.059021 970.735474
0 1524813274 773.689453 564.522339
0 1568516663 942.765320 710.334534
0 1578517672 988.719849 703.281799
0 1578527685 830.747253 746.392395
0 1478240218 839.540894 937.428345
0 1478215185 1045.631714 942.819519
0 1524838307 736.361816 568.264771
0 1478197163 840.737366 963.419128
0 1478221192 816.426514 925.806335
0 1524819281 844.474609 544.103577
0 2086284946 843.686768 687.292542
0 1524824288 848.069763 578.781189
0 1524802260 701.661377 557.819519
0 1478226199 912.934082 974.330505
0 1578518673 930.993896 730.410767
0 1438981616 917.628052 669.199097
0 1478238215 1038.177490 918.286560
0 1609135173 780.845886 688.195801
0 1524837305 725.928406 557.730103
0 1524793249 785.749329 568.040222
0 1568515662 749.181274 688.650940
0 1568516664 811.958984 665.081604
0 1438991628 796.820129 670.765320
0 1478249230 988.747925 896.572266
0 1438996634 889.460754 680.821899
0 1578519675 899.811279 745.065369
0 1524829295 775.103271 544.283936
0 1524864341 761.807556 561.056274
0 1478255238 1081.241943 981.756287
0 1438993631 732.515076 694.908142
0 1524788244 773.185791 571.731445
0 1772785076 974.831909 709.808533
0 1524828293 846.559326 564.212280
0 1478203171 1042.125854 1012.562317
0 1524798255 868.466614 550.515930
0 1478199165 960.180359 972.525940
0 1578528686 828.311890 693.484192
0 1478192156 965.542236 1000.782104
0 1478228201 793.342651 965.176086
0 1772037075 841.995544 664.705688
0 1578515670 796.400024 706.335449
0 1524851323 798.158386 557.463928
0 1478218188 999.870056 1045.841064
0 1478202169 861.431763 924.280151
0 1478254236 977.444092 1063.502686
0 1478246226 1099.729858 967.195984
0 1524809269 786.588074 547.486938
0 1524822285 880.721313 553.791199
0 1524841310 797.812317 586.762146
0 1578515669 866.911865 760.526855
0 1524854328 798.237854 550.735962
0 1 1324.906250 622.414490
0 3 393.675751 574.319824
0 4 20.752460 755.073669
0 6 1258.397705 630.526733
0 7 1192.572144 581.650879
0 10 1192.051147 680.417542
0 13 1179.428467 662.607483
0 14 506.208069 555.188599
0 20 324.688354 595.919983
0 23 931.600098 618.838440
0 24 831.864197 1079.559814
0 25 824.083984 603.891663
0 26 747.245789 609.572998
0 27 626.993774 735.543579
0 28 1085.642334 725.986877
0 29 929.637939 783.213013
0 31 1117.383057 701.808289
0 33 669.282410 813.782104
0 43 253.528687 655.935059
0 53 1324.150269 606.883911
0 59 984.735474 542.418274
0 131 547.510986 494.962250
0 182 397.769806 482.210663
0 185 764.529968 486.962067
0 187 985.243042 574.139282
0 192 842.733398 525.327881
0 210 183.198395 783.826416
0 212 267.960754 500.602997
0 213 218.970520 809.226196
0 218 443.557465 999.672974
0 228 1441.778931 834.520508
0 229 1378.790771 611.022095
0 231 1588.009521 845.512634
0 240 894.520081 453.945801
0 241 830.916199 461.153137
0 244 868.451843 479.264679
0 245 856.129150 469.454010
0 246 865.499512 461.415985
0 247 852.543213 452.867859
0 248 827.902466 447.532715
0 249 809.139587 440.707703
