0 1578512666 901.294006 542.379211
0 1524823287 1652.388550 802.776733
0 1478234209 699.670471 293.095581
0 1707269176 915.635620 446.286346
0 1438989626 1047.159912 571.881226
0 1524801259 1397.045654 756.530334
0 1438992629 989.356384 535.161072
0 1478227200 586.524902 291.030762
0 1524854327 1374.672607 691.604004
0 1478249229 514.292725 293.057983
0 1524807266 1372.259277 908.086487
0 1524863340 1658.707886 878.135925
0 1524831297 1451.765869 915.328125
0 1478229202 580.474487 299.280884
0 1568509654 990.045410 520.367432
0 1524790246 1620.929932 874.683350
0 1578523681 1019.140442 443.801483
0 1478207175 549.476257 278.958893
0 1524861337 1613.767456 733.728699
0 1478210178 624.637878 269.533813
0 1524862338 1356.043091 850.475159
0 1478186149 613.875549 285.020355
0 1524797254 1531.202881 922.563354
0 1578518674 913.787476 458.669006
0 1438985621 993.158691 453.526398
0 1524857331 1604.440674 775.596069
0 1478203170 603.734436 267.564453
0 1438994632 874.945007 524.527588
0 1578520676 1017.739990 553.191956
0 1478237213 694.408936 347.793304
0 1568511657 877.633484 509.910583
0 1775370079 898.942993 558.131348
0 1478195160 729.083130 279.373932
0 1568510655 872.159180 539.673828
0 1478257240 676.208801 336.231537
0 1578521677 855.563904 479.625092
0 1524794250 1547.557861 727.626465
0 1524812272 1423.143188 737.092346
0 1769859072 907.862488 498.368225
0 1578525683 959.535645 547.787354
0 1770636073 858.440674 466.479614
0 1524846317 1635.225342 903.335022
0 1524833300 1431.644409 759.710999
0 1568511656 1044.551514 446.176361
0 1438985620 991.975342 478.931946
0 1478185148 708.203674 277.406830
0 1707993177 812.168518 436.623352
0 1478189152 671.109375 345.607361
0 1524791247 1607.293213 847.351562
0 1524830296 1583.136353 871.229431
0 2088218948 965.284180 476.442932
0 1524827292 1617.111572 799.538147
0 1606348170 967.325012 451.113739
0 1524855329 1334.400269 773.584229
0 1478183145 689.502319 357.475098
0 1438990627 880.229614 495.795563
0 1524840309 1592.304077 752.663574
0 1478222194 635.861145 322.864075
0 1709860179 780.195312 547.115356
0 1478188151 561.287598 325.443481
0 1438988624 938.585022 473.953217
0 1478243222 507.844910 330.289978
0 1524843313 1712.582153 910.393005
0 1524844315 1491.493164 918.946472
0 1524858333 1681.099609 854.107361
0 1524811271 1341.289185 798.058960
0 1524859334 1666.421021 827.864502
0 1478216186 681.164978 327.119293
0 1524851324 1537.061279 706.588623
0 1524814275 1355.390381 730.855713
0 1578514668 861.223389 453.763550
0 1478184146 653.236206 334.075043
0 1524829294 1570.367310 843.971558
0 1478176143 577.851196 336.857910
0 1524860336 1321.495117 727.735657
0 1478222193 551.894287 305.658295
0 1438997636 990.710938 506.081543
0 1478194158 624.492188 341.233765
0 1478201168 570.947754 280.979858
0 1478187150 682.834045 283.155670
0 1478205172 592.414185 283.000336
0 1524838306 1431.804077 857.398987
0 1568514660 891.978638 431.917053
0 1524865342 1309.635620 685.602661
0 2085418945 797.280518 488.072876
0 1524808268 1389.273193 733.974609
0 1478200167 630.023071 295.122864
0 1478194159 564.768066 288.983948
0 1568501643 887.509277 456.216644
0 1478239216 642.211792 353.040955
0 1524820283 1414.993408 715.408630
0 1438989625 831.710144 463.986969
0 1568505649 940.058167 461.120667
0 1478255237 725.147217 287.140228
0 1524804262 1315.442749 706.233521
0 1568506650 834.929993 451.309784
0 1478217187 712.693970 311.713074
0 1568505648 828.381531 477.092316
0 1568497640 942.864685 436.672821
0 1578511665 917.425232 434.295288
0 1478258241 656.783142 289.058899
0 1524796253 1459.499634 833.823303
0 1478206173 543.005981 286.936676
0 1524826291 1377.472656 801.375977
0 1578529688 793.233215 502.059418
0 1478233207 666.430298 273.471222
0 1708834178 911.878113 471.462769
0 1478189153 567.863159 316.477295
0 1568499641 930.419495 545.083740
0 1478245224 687.319397 275.439240
0 1524852325 1385.512329 827.050842
0 1478219190 500.192993 339.724731
0 1578525682 849.508728 507.294312
0 1478232206 538.285950 323.284210
0 1524818280 1466.230103 762.890503
0 1524850322 1402.757690 882.124695
0 1438996635 889.779846 443.871613
0 1524832299 1475.866089 786.571289
0 1478242220 640.501221 279.169250
0 1524789245 1729.491333 940.623718
0 1438999639 1046.508179 540.472839
0 1478196161 673.500427 299.213013
0 1478252234 708.312805 320.358124
0 1524803261 1569.907715 772.421509
0 1478211179 499.814362 310.085724
0 1578523680 843.015015 536.967651
0 1578530689 1018.126831 522.979675
0 1568508653 1045.613037 497.333466
0 1524826290 1412.021240 911.708069
0 1524847319 1507.501831 864.317139
0 1524810270 1407.173706 694.603088
0 1524835302 1440.520386 783.326477
0 1524821284 1696.469971 881.587036
0 1524799257 1485.936279 811.319092
0 1478233208 613.200745 320.735687
0 1608354172 804.971802 461.493561
0 1524835303 1348.638428 709.292969
0 1478251232 721.106628 295.113190
0 1524812273 1362.433716 753.348511
0 1706512175 1017.535889 569.133057
0 1438986622 809.896790 549.870728
0 1478211180 608.276611 293.077057
0 1524823286 1644.203857 850.730164
0 1478223195 685.983765 318.259674
0 1478244223 624.568970 303.426941
0 1438987623 824.938599 490.647888
0 1478193157 596.612732 309.860840
0 1478198164 661.670105 281.162659
0 1524862339 1546.516357 793.057251
0 1478236212 618.557373 350.823059
0 1478240217 647.803772 343.420837
0 1478214183 598.148682 275.180969
0 1578521678 1018.487427 494.806000
0 1524844314 1393.931519 853.937805
0 1524848320 1481.299927 721.519775
0 1524806265 1449.796143 808.005981
0 1524787243 1519.066040 892.736633
0 1478241219 584.283447 327.602173
0 1524799256 1405.160767 780.080322
0 1478190154 571.230042 346.385437
0 1478226198 590.534790 318.606750
0 1478208176 536.358643 295.132782
0 1478214184 699.175720 338.387543
0 2084722944 852.588318 493.222107
0 1578522679 961.955444 517.754395
0 1524825289 1689.868408 937.014771
0 1774531078 1018.310181 508.651093
0 1525674169 960.767090 532.503967
0 1478197162 534.582947 269.195068
0 1524815276 1369.787354 776.832886
0 1768901071 839.588501 552.625183
0 1578526684 905.749512 512.526001
0 1478182144 619.327393 277.175323
0 1524853326 1363.955200 878.584351
0 1478218189 665.860107 355.258331
0 1578513667 909.904175 484.688416
0 1438983618 885.163330 468.971558
0 1478224196 630.257690 331.917969
0 1478247227 582.826172 265.594604
0 1524792248 1569.504150 709.582275
0 1524795252 1673.911987 906.864807
0 1524808267 1500.802490 766.068726
0 1478191155 554.521729 334.669159
0 1524856330 1570.895386 926.178589
0 1478236211 716.957031 303.301208
0 1478258242 540.995361 261.653564
0 1478212181 601.174683 339.046112
0 1478185147 658.515869 324.991974
0 1568502645 992.576782 466.021851
0 1568508652 882.738098 482.157135
0 1438984619 838.046326 439.040131
0 1659977623 922.587708 492.745697
0 1478209177 645.536499 271.502747
0 1438982617 935.487061 500.940094
0 1524805264 1514.434937 724.573669
0 1771287074 1018.985046 455.938354
0 2087111947 846.319641 521.867065
0 1524817279 1348.495972 823.662598
0 1524795251 1469.660767 860.858826
0 1478230204 618.963745 311.961334
0 1478230203 555.776489 271.190826
0 1524847318 1581.820801 796.298340
0 1578516671 968.297058 439.049713
0 1568513659 933.856812 515.140625
0 1578529687 1018.824585 468.471375
0 1524819282 1422.513428 830.437744
0 1478253235 607.273499 329.760345
0 1524836304 1522.061890 814.630737
0 1478243221 576.964966 273.186096
0 1568501644 841.064087 427.158630
0 1438998637 1045.334473 483.907806
0 1524816278 1439.662964 697.601074
0 1705773174 958.258789 563.633972
0 1524845316 1650.228027 933.404297
0 1524842312 1610.570435 929.792175
0 1568507651 1046.828125 555.893005
0 1438999638 817.685303 519.205750
0 1478252233 703.808472 329.246124
0 1438993630 869.270630 555.378723
0 1478237214 515.278442 321.124451
0 1524857332 1626.098389 755.774353
0 1478248228 641.309143 314.061279
0 1478225197 523.878174 341.945526
0 1524859335 1545.326904 867.773926
0 1524832298 1496.470581 837.207397
0 1478200166 476.501617 337.503357
0 1478250231 695.231323 301.257355
0 1478245225 522.502930 312.216797
0 1438995633 987.902161 566.383972
0 1524804263 1535.361694 769.245728
0 1524839308 1533.426514 840.590210
0 1524849321 1381.822021 712.351318
0 1568512658 988.642517 550.490112
0 1568514661 991.353821 492.277710
0 1478231205 703.993103 285.148193
0 1773608077 903.561340 527.187195
0 1438977615 941.483948 448.700409
0 1524834301 1558.497192 749.551697
0 1607644171 863.916748 441.456207
0 1524800258 1596.522095 899.803711
0 1568504647 813.861511 534.260559
0 1568500642 937.062134 487.218933
0 1478256239 646.608215 305.499237
0 1524815277 1472.140747 700.598022
0 1568503646 993.722290 441.425934
0 1478220191 529.526855 303.556274
0 1478207174 635.331848 287.039856
0 1524841311 1638.960327 778.769409
0 1478213182 545.185852 314.347290
0 1524813274 1490.845459 743.324280
0 1568516663 821.375305 504.677277
0 1578517672 784.698730 531.552612
0 1578527685 866.524963 429.538177
0 1478240218 668.642151 307.571014
0 1478215185 531.186340 332.479828
0 1524838307 1504.606812 703.593811
0 1478197163 651.764343 297.168182
0 1478221192 690.670715 309.642273
0 1524819281 1557.802368 896.270996
0 2086284946 963.103149 503.511230
0 1524824288 1327.808472 750.165466
0 1524802260 1601.935425 712.574890
0 1478226199 602.524475 301.354156
0 1578518673 801.191101 474.558746
0 1438981616 928.605774 560.883118
0 1478238215 547.557251 344.165802
0 1609135173 1018.658875 481.420227
0 1524837305 1580.668701 730.678162
0 1524793249 1457.000610 740.208923
0 1568515662 1045.064941 470.920227
0 1568516664 1046.199463 525.591003
0 1438991628 1045.901123 511.219849
0 1478249230 594.896851 348.604553
0 1438996634 932.168701 529.846008
0 1578519675 808.628967 448.855286
0 1524829295 1630.352783 824.558044
0 1524864341 1524.677612 746.438599
0 1478255238 492.265198 318.964081
0 1438993631 1044.804077 458.349640
0 1524788244 1448.152710 718.464783
0 1772785076 789.041870 516.543640
0 1524828293 1413.641602 804.691589
0 1478203171 507.153961 301.453705
0 1524798255 1480.313232 889.200806
0 1478199165 574.256287 307.759827
0 1578528686 964.211975 489.748718
0 1478192156 558.419250 297.207062
0 1478228201 678.229370 291.077484
0 1772037075 1017.936890 537.817383
0 1578515670 966.321289 463.571625
0 1524851323 1511.197998 789.814941
0 1478218188 521.238708 284.888885
0 1478202169 663.649231 316.160736
0 1478254236 527.999756 276.937469
0 1478246226 484.497528 328.099518
0 1524809269 1594.270264 821.250305
0 1524822285 1441.543823 885.663513
0 1524841310 1342.160034 688.603882
0 1478235210 561.913147 263.624298
0 1578515669 815.596130 424.778442
0 1524854328 1558.173340 817.941162
0 0 1100.176514 309.642517
0 1 1365.302979 517.803528
0 2 1305.676514 533.088501
0 3 1374.961304 380.933105
0 4 1253.830811 311.372711
0 5 753.632812 285.315460
0 6 1421.120361 441.274811
0 7 915.456482 262.908569
0 8 860.656189 263.617188
0 9 445.765076 462.721039
0 10 1051.686035 276.223633
0 11 610.727905 272.499908
0 12 750.147278 263.585297
0 13 889.936951 297.326874
0 14 1411.786255 822.641418
0 15 709.060852 610.299072
0 16 1159.265991 312.811249
0 17 818.824158 785.263855
0 18 1035.270020 306.606293
0 19 1339.765625 579.364624
0 20 227.720932 667.208008
0 21 1135.670044 271.095123
0 22 121.931061 675.525330
0 23 941.468567 281.738464
0 24 683.261536 270.791016
0 25 1248.029175 651.253723
0 26 822.509094 603.132874
0 27 339.561981 358.011841
0 28 418.282837 725.370667
0 29 1293.045044 293.068726
0 30 1256.475098 335.493134
0 31 962.619446 302.068420
0 32 594.619385 472.585999
0 33 525.904175 544.460022
0 34 614.074585 552.599731
0 35 437.326660 286.371216
0 36 1336.852661 637.501160
0 37 661.782837 333.032715
0 38 655.828613 773.112183
0 39 608.926392 511.343140
