0 1578512666 1045.500488 383.648438
0 1707269176 893.732849 325.394165
0 1438989626 1157.651978 326.846832
0 1438992629 1076.838623 335.792816
0 1568509654 1054.283691 327.824982
0 1578523681 946.780396 272.703217
0 1578518674 913.933838 333.148071
0 1438985621 948.876892 290.588715
0 1438994632 1003.181396 388.323273
0 1578520676 1117.236816 331.320770
0 1568511657 980.446472 379.344391
0 1775370079 1069.325928 392.793518
0 1568510655 1026.478394 397.524109
0 1578521677 916.970764 375.144836
0 1769859072 977.392395 357.505920
0 1578525683 1082.208618 356.871918
0 1770636073 895.791260 366.534515
0 1568511656 964.037720 262.009827
0 1438985620 989.631592 304.985840
0 1707993177 814.259888 375.555359
0 2088218948 971.693115 316.751495
0 1606348170 930.892883 301.939758
0 1438990627 958.253418 370.579559
0 1709860179 990.552185 451.608154
0 1438988624 953.353699 328.780060
0 1578514668 875.104614 358.124603
0 1438997636 1032.242310 320.038605
0 1568514660 854.776733 329.712860
0 2085418945 898.051147 411.703033
0 1568501643 894.738586 345.495270
0 1438989625 875.706055 379.708099
0 1568505649 932.704956 321.073669
0 1568506650 855.016907 371.045898
0 1568505648 896.894165 388.579163
0 1568497640 892.771057 306.169861
0 1578511665 873.981384 317.812775
0 1578529688 920.308777 421.305054
0 1708834178 934.599854 341.080444
0 1568499641 1064.072021 370.101562
0 1578525682 960.881104 392.996033
0 1438996635 874.530396 337.514282
0 1438999639 1111.196289 311.289886
0 1578523680 1006.988892 411.740662
0 1578530689 1071.711060 315.665131
0 1568508653 1045.349976 289.239441
0 1608354172 855.145508 393.193512
0 1706512175 1140.804688 339.425507
0 1438986622 1010.989868 436.348846
0 1438987623 918.599365 397.666718
0 1578521678 1028.213013 300.706696
0 2084722944 938.661194 383.962799
0 1578522679 1036.457642 340.262939
0 1774531078 1049.717041 308.101715
0 1525674169 1059.063477 348.469574
0 1768901071 1030.919067 421.469238
0 1578526684 999.553894 366.012329
0 1578513667 955.746948 349.197571
0 1438983618 915.417297 353.662048
0 1568502645 969.029968 297.708008
0 1568508652 936.583130 362.021149
0 1438984619 834.809082 362.585297
0 1659977623 975.918274 346.964630
0 1438982617 996.093750 344.731201
0 1771287074 966.480591 279.477814
0 2087111947 983.650024 402.252533
0 1578516671 911.158997 294.775818
0 1568513659 1018.219177 352.988708
0 1578529687 986.609802 286.399994
0 1568501644 815.066162 354.319305
0 1438998637 1024.357544 282.209564
0 1705773174 1105.912354 365.477081
0 1568507651 1134.156494 318.978760
0 1438999638 963.638977 416.523926
0 1438993630 1050.358398 406.955200
0 1438995633 1123.562866 352.298737
0 1568512658 1099.925415 343.948517
0 1568514661 1010.697083 312.427490
0 2079485312 975.913574 346.915100
0 1773608077 1022.250000 374.723999
0 1438977615 912.515808 313.538849
0 1607644171 854.894043 349.908203
0 1568504647 987.014465 426.310852
0 1568500642 974.477661 336.663818
0 1568503646 929.158081 283.622772
0 1568516663 940.841003 406.978851
0 1578517672 966.537109 441.247986
0 1578527685 835.143127 341.878693
0 2086284946 1014.372375 332.245331
0 1578518673 876.336609 402.335358
0 1438981616 1087.838501 378.971497
0 1609135173 1007.182251 293.474579
0 1568515662 1003.817627 275.331207
0 1568516664 1088.753174 303.774170
0 1438991628 1066.809937 296.425873
0 1438996634 1040.872314 361.443115
0 1578519675 834.459229 384.269409
0 1438993631 983.715576 268.599487
0 1772785076 943.130188 431.150208
0 1578528686 992.789856 324.410217
0 1772037075 1094.211670 323.402802
0 1578515670 951.065918 309.263214
0 1578515669 794.530579 367.044098
0 0 924.590576 471.833771
0 1 999.257446 380.735016
0 2 916.105591 427.994293
0 3 1177.065063 333.609467
0 4 793.584106 330.671661
0 5 584.529907 376.376099
0 6 719.674561 428.899048
0 7 760.024658 301.105408
0 8 540.453369 357.928192
0 9 979.441895 218.391174
