0 1578512666 1002.636658 352.215790
0 1524823287 808.219360 231.664841
0 1478234209 912.760803 613.047791
0 1707269176 907.803101 404.452789
0 1438989626 933.200806 326.927155
0 1524801259 884.817993 252.926270
0 1438992629 939.623169 347.374542
0 1478227200 1056.301636 645.157288
0 1524854327 850.112183 267.736969
0 1478249229 1156.211182 659.703857
0 1524807266 975.471375 229.963654
0 1524863340 853.207275 220.968704
0 1524831297 949.166504 225.465591
0 1478229202 1074.091187 630.377258
0 1568509654 926.472961 354.208008
0 1524790246 865.330322 223.120209
0 1578523681 824.903137 393.815887
0 1478207175 1092.764282 681.148193
0 1524861337 773.561707 245.119278
0 1478210178 972.741028 681.698669
0 1524862338 954.881592 239.013016
0 1478186149 1011.605408 650.443481
0 1524797254 923.557617 221.086533
0 1578518674 922.254150 396.492737
0 1438985621 856.408508 390.616852
0 1524857331 808.910950 238.386261
0 1478203170 999.418945 692.417419
0 1438994632 1007.308289 363.289429
0 1578520676 936.352905 336.962708
0 1478237213 996.890747 529.700745
0 1568511657 994.417664 370.536469
0 1775370079 1015.066772 345.368927
0 1478195160 849.425659 632.152527
0 1568510655 1019.927917 356.194763
0 1478257240 1002.863525 548.716736
0 1578521677 985.683960 390.003998
0 1524794250 797.922852 249.972549
0 1524812272 860.322937 255.214584
0 1769859072 963.742188 373.639954
0 1578525683 968.933228 344.460052
0 1770636073 971.999023 397.860596
0 1524846317 875.943359 218.892441
0 1524833300 871.724243 250.418167
0 1568511656 808.637573 389.332153
0 1438985620 885.333862 375.585846
0 1478185148 872.831177 641.556519
0 1707993177 980.960083 424.147430
0 1478189152 1019.400452 536.909790
0 1524791247 854.546875 227.415878
0 1524830296 877.614258 225.300262
0 2088218948 902.047852 379.881683
0 1524827292 820.254395 233.925980
0 1606348170 873.227356 395.144653
0 1524855329 922.673889 253.168472
0 1478183145 1013.103210 518.437073
0 1438990627 981.247192 377.940765
0 1524840309 797.380554 242.920090
0 1478222194 1032.992188 576.780396
0 1709860179 1085.764038 361.294769
0 1478188151 1124.308594 588.655029
0 1438988624 919.063049 384.254913
0 1478243222 1192.508179 592.349670
0 1524843313 851.905884 214.705322
0 1524844315 936.276794 223.261490
0 1524858333 830.408875 223.050674
0 1524811271 933.592102 248.369827
0 1524859334 819.402771 227.323349
0 1478216186 985.859863 560.856873
0 1524851324 786.024658 254.712265
0 1524814275 886.761292 260.378784
0 1578514668 958.004089 405.895081
0 1478184146 1026.021606 556.332458
0 1524829294 866.858032 229.642273
0 1478176143 1114.791260 567.459900
0 1524860336 900.266357 263.016724
0 1478222193 1117.813477 625.240112
0 1438997636 913.047241 361.184662
0 1478194158 1065.988159 551.830078
0 1478201168 1064.988647 670.639832
0 1478187150 916.997559 636.400330
0 1478205172 1037.945190 660.408569
0 1524838306 928.423828 234.317490
0 1568514660 910.861633 417.511047
0 1524865342 877.063721 273.214417
0 2085418945 1035.699707 391.319214
0 1524808268 873.448181 257.778320
0 1478200167 1004.629578 626.169739
0 1478194159 1083.156616 655.025574
0 1568501643 939.963257 401.150299
0 1478239216 1058.383301 532.565979
0 1524820283 848.725464 260.093567
0 1438989625 990.303955 402.565338
0 1568505649 904.867554 391.920044
0 1478255237 869.793091 618.002197
0 1524804262 888.767029 268.070740
0 1568506650 976.385986 410.729553
0 1478217187 927.389221 577.987183
0 1568505648 1003.910889 394.583588
0 1568497640 875.517578 407.768158
0 1578511665 893.023438 412.593842
0 1478258241 960.929688 631.271484
0 1524796253 904.799377 236.503738
0 1478206173 1110.727051 665.156677
0 1524826291 920.196350 245.900818
0 1578529688 1048.629883 383.564758
0 1478233207 921.479187 661.102539
0 1708834178 936.387512 388.707672
0 1478189153 1108.071045 602.145691
0 1568499641 985.641052 348.304779
0 1478245224 896.841125 651.203308
0 1524852325 930.968506 241.236282
0 1478219190 1207.423096 579.071472
0 1578525682 1012.164551 374.801392
0 1478232206 1150.398682 597.234985
0 1524818280 858.812439 247.944916
0 1524850322 951.981079 232.137482
0 1438996635 925.577515 409.237854
0 1524832299 870.052734 243.282043
0 1478242220 966.665283 655.758484
0 1524789245 862.404724 210.629562
0 1438999639 907.475037 339.815491
0 1478196161 955.506836 608.118896
0 1478252234 945.501770 565.403320
0 1524803261 821.131592 240.727142
0 1478211179 1188.947266 629.469666
0 1578523680 1037.522217 360.243530
0 1578530689 910.208862 350.299408
0 1568508653 866.879028 360.153748
0 1524826290 962.230225 227.699432
0 1524847319 902.677490 229.748276
0 1524810270 836.926636 265.057220
0 1524835302 882.934204 245.702209
0 1524821284 841.241943 218.845200
0 1524799257 881.107422 238.696243
0 1478233208 1057.413208 585.031067
0 1608354172 1008.954285 407.358856
0 1524835303 875.227112 265.373291
0 1478251232 889.558899 604.269836
0 1524812273 898.097534 255.469971
0 1706512175 949.033875 330.493866
0 1438986622 1067.625732 357.208801
0 1478211180 1030.134766 635.541931
0 1524823286 842.398193 225.218872
0 1478223195 968.369751 573.344421
0 1478244223 1022.754150 612.043762
0 1438987623 1017.217163 386.778229
0 1478193157 1065.523315 607.081909
0 1478198164 941.511597 645.954773
0 1524862339 844.815186 238.540421
0 1478236212 1081.800903 539.873108
0 1478240217 1042.427002 544.284302
0 1478214183 1018.994080 676.153748
0 1578521678 882.967285 364.195984
0 1524844314 941.561890 236.649124
0 1524848320 822.967651 254.962036
0 1524806265 893.957764 241.064713
0 1524787243 913.201721 225.382477
0 1478241219 1098.847778 580.281982
0 1524799256 895.995728 248.156174
0 1478190154 1130.283203 555.001160
0 1478226198 1082.432129 593.483704
0 1478208176 1128.120239 649.672058
0 1478214184 980.232239 541.274292
0 2084722944 999.069336 382.319489
0 1578522679 943.018433 358.184204
0 1524825289 874.320068 212.667053
0 1774531078 896.729492 357.175537
0 1525674169 956.109985 351.251099
0 1478197162 1102.964355 708.881531
0 1524815276 909.240906 250.644699
0 1768901071 1049.802002 353.193665
0 1578526684 976.983032 366.346588
0 1478182144 992.483826 665.821289
0 1524853326 965.261780 234.450851
0 1478218189 1035.489746 525.422424
0 1578513667 950.213562 381.091919
0 1438983618 954.029907 393.242126
0 1478224196 1049.725220 564.127625
0 1478247227 1026.833252 703.432068
0 1524792248 773.740112 252.215652
0 1524795252 863.846558 216.785294
0 1524808267 846.078796 245.505783
0 1478191155 1140.073608 575.556885
0 1524856330 911.005554 218.940155
0 1478236211 908.749329 590.937195
0 1478258242 1083.996948 726.399475
0 1478212181 1090.103027 559.553162
0 1478185147 1009.147888 568.724670
0 1568502645 871.027649 383.020050
0 1568508652 967.787842 385.507538
0 1438984619 962.146240 419.082520
0 1659977623 948.361755 375.196014
0 1478209177 946.770447 671.264099
0 1438982617 946.545898 369.414978
0 1524805264 810.357971 252.449921
0 1771287074 839.891052 386.170197
0 2087111947 1024.979370 367.444458
0 1524817279 944.326538 243.652008
0 1524795251 915.463562 232.017426
0 1478230204 1040.340820 598.337036
0 1478230203 1074.203857 697.671997
0 1524847318 832.451904 236.217636
0 1578516671 858.334778 403.031555
0 1568513659 959.852539 362.229797
0 1578529687 854.557617 378.688385
0 1524819282 917.794006 238.853775
0 1478253235 1073.993652 572.108582
0 1524836304 868.431458 236.359924
0 1478243221 1046.224121 686.766785
0 1568501644 947.573303 427.630920
0 1438998637 852.777954 367.218262
0 1524816278 823.929016 262.415680
0 1705773174 981.496582 337.806671
0 1524845316 886.389954 214.730972
0 1524842312 898.617371 216.821838
0 1568507651 920.466431 333.306976
0 1438999638 1042.966309 371.673798
0 1478252233 963.109131 553.170532
0 1438993630 1032.285034 349.247650
0 1478237214 1177.141968 606.029785
0 1524857332 785.303345 240.561050
0 1478248228 1015.768799 589.804199
0 1478225197 1181.092651 570.855469
0 1524859335 890.062256 227.509415
0 1524832298 891.980835 234.185593
0 1478200166 1234.401001 587.489441
0 1478250231 931.843262 599.423401
0 1478245225 1161.303467 620.130188
0 1438995633 965.130249 334.119843
0 1524804263 833.519714 243.100098
0 1524839308 879.334839 231.898636
0 1524849321 861.881287 262.714478
0 1568512658 952.506226 340.679901
0 1568514661 899.337280 368.309021
0 1478231205 893.099060 627.085754
0 1773608077 989.944946 359.206787
0 1438977615 890.356018 399.755890
0 1524834301 809.623474 245.311493
0 1607644171 943.688660 414.113586
0 1524800258 888.199341 221.027313
0 1568504647 1055.427979 364.363922
0 1568500642 932.952576 376.754974
0 1478256239 998.032959 603.215393
0 1524815277 811.115417 259.811523
0 1568503646 841.466125 398.381622
0 1478220191 1144.970703 634.670654
0 1478207174 985.942139 640.734375
0 1524841311 796.854370 236.076843
0 1478213182 1134.353271 611.025146
0 1524813274 834.620483 250.194122
0 1568516663 1030.232422 379.143494
0 1578517672 1073.653076 368.557892
0 1578527685 929.041626 422.522491
0 1478240218 973.912720 594.601562
0 1478215185 1165.971680 583.851013
0 1524838307 798.481873 257.243988
0 1478197163 979.761414 617.031555
0 1478221192 950.371643 586.194580
0 1524819281 900.617737 223.190491
0 2086284946 929.650208 365.263855
0 1524824288 911.566956 258.050049
0 1524802260 761.624634 249.753372
0 1478226199 1048.098877 621.094849
0 1578518673 1022.477783 399.248596
0 1438981616 998.139709 341.555817
0 1478238215 1155.386719 562.834351
0 1609135173 868.913147 371.365356
0 1524837305 785.658508 247.529236
0 1524793249 847.381653 252.686783
0 1568515662 838.377197 374.432922
0 1568516664 894.218872 346.456726
0 1438991628 880.689758 353.234741
0 1478249230 1105.761230 547.349548
0 1438996634 972.881348 355.194611
0 1578519675 995.118713 415.656281
0 1524829295 831.415344 229.537430
0 1524864341 822.035583 247.735931
0 1478255238 1204.562866 615.047424
0 1438993631 823.667114 381.802551
0 1524788244 835.755554 257.509674
0 1772785076 1061.278076 375.979462
0 1524828293 906.986145 243.466019
0 1478203171 1172.838013 644.347839
0 1524798255 925.954651 227.603928
0 1478199165 1091.339478 616.046753
0 1578528686 915.996460 372.494690
0 1478192156 1100.756104 639.899841
0 1478228201 936.543701 622.045532
0 1772037075 923.413879 343.563232
0 1578515670 887.794861 387.429871
0 1524851323 857.347595 240.895020
0 1478218188 1139.041748 675.561279
0 1478202169 991.785400 581.475708
0 1478254236 1121.302368 691.944885
0 1478246226 1219.707153 601.060486
0 1524809269 843.588806 231.781128
0 1524822285 938.879944 229.855392
0 1524841310 863.489807 270.455719
0 1478235210 1055.015015 714.755066
0 1578515669 966.467041 432.839111
0 1524854328 855.926392 234.055084
0 0 434.080566 366.481812
0 1 848.900452 602.079956
0 2 696.572937 533.126953
0 3 492.801025 347.446106
0 4 923.365906 509.671814
0 5 817.967102 506.611206
0 6 734.932190 242.746063
0 7 1214.914917 317.570038
0 8 1079.596802 276.502991
0 9 1260.752075 254.004211
0 10 1182.903320 339.670532
0 11 1014.079956 201.173904
0 12 945.590881 202.702850
0 13 786.526733 228.167206
0 14 993.334839 211.301422
0 15 742.474609 264.845123
0 16 470.373779 385.331024
0 17 1190.596313 242.059769
0 18 1350.468994 544.758789
0 19 447.572906 421.293335
0 20 1343.066284 274.064667
0 21 1256.642578 294.138123
0 22 1458.271484 280.673737
0 23 821.139404 229.156357
0 24 1216.756592 612.516479
0 25 636.183655 325.915649
0 26 535.955688 369.474731
0 27 1292.878052 577.262085
0 28 1519.371826 327.935974
0 29 1137.887207 411.028198
0 30 761.872375 555.172241
0 31 570.614929 410.830750
0 32 892.311829 228.870911
0 33 774.060669 274.396393
0 34 801.773682 247.637024
0 35 656.854736 454.860291
0 36 631.274536 520.079651
0 37 929.723328 242.078064
0 38 1429.449585 294.075623
0 39 861.016479 222.008072
