0 1578512666 986.479431 556.015991
0 1524823287 512.830627 446.985840
0 1478234209 1398.552856 957.188293
0 1707269176 972.706238 655.926514
0 1438989626 857.233337 542.307800
0 1524801259 658.738953 456.703766
0 1438992629 903.133545 567.777283
0 1478227200 1604.643555 934.453979
0 1524854327 639.000488 485.393799
0 1478249229 1718.752563 909.571533
0 1524807266 734.508606 406.394623
0 1524863340 557.199036 421.795776
0 1524831297 693.408081 406.312134
0 1478229202 1590.947510 905.464111
0 1568509654 899.857361 580.906250
0 1524790246 577.941711 421.858551
0 1578523681 846.678528 670.191406
0 1478207175 1709.001709 968.267822
0 1524861337 487.015167 474.514282
0 1478210178 1603.281860 1029.814087
0 1524862338 724.712036 422.302521
0 1478186149 1574.517090 963.468262
0 1524797254 652.522888 406.230103
0 1578518674 974.903442 639.988892
0 1438985621 881.538635 654.314453
0 1524857331 526.326599 456.009003
0 1478203170 1650.581299 1031.689209
0 1438994632 1012.104126 569.105408
0 1578520676 879.748047 554.800964
0 1478237213 1317.084839 797.473511
0 1568511657 1010.773865 582.350342
0 1775370079 988.177612 543.696899
0 1478195160 1370.779053 1020.596985
0 1568510655 1013.387939 556.322388
0 1478257240 1360.747559 821.701477
0 1578521677 1036.981934 610.759033
0 1524794250 532.044861 474.805267
0 1524812272 629.807434 465.849396
0 1769859072 981.010315 595.688782
0 1578525683 932.934021 555.406433
0 1770636073 1036.048950 625.586365
0 1524846317 584.861389 413.875885
0 1524833300 636.512756 456.587158
0 1568511656 816.043701 669.617615
0 1438985620 889.283020 623.280640
0 1478185148 1416.754517 1022.419556
0 1707993177 1095.912842 658.105164
0 1478189152 1354.257202 798.441040
0 1524791247 570.828064 430.064880
0 1524830296 598.739990 421.921478
0 2088218948 918.419739 623.738403
0 1524827292 534.377991 447.086395
0 1606348170 911.811401 654.849792
0 1524855329 708.947815 447.901031
0 1478183145 1311.762573 775.357422
0 1438990627 1009.394653 596.082825
0 1524840309 518.036621 465.196106
0 1478222194 1446.208130 848.389832
0 1709860179 1094.509033 544.824890
0 1478188151 1553.879150 827.002319
0 1438988624 947.664062 624.197876
0 1478243222 1619.309204 805.339844
0 1524843313 543.976501 413.773315
0 1524844315 672.938660 406.271088
0 1524858333 528.838745 429.915558
0 1524811271 714.353333 439.123352
0 1524859334 520.948120 438.329773
0 1478216186 1367.559570 846.114136
0 1524851324 523.576477 484.574524
0 1524814275 674.970398 466.113373
0 1578514668 1035.079590 640.992432
0 1478184146 1399.010742 822.751648
0 1524829294 591.908386 430.139862
0 1478176143 1504.665405 802.355896
0 1524860336 697.650513 466.245941
0 1478222193 1619.213745 879.223267
0 1438997636 896.461365 594.514893
0 1478194158 1429.115234 800.389404
0 1478201168 1663.930298 966.659241
0 1478187150 1452.295776 990.570618
0 1478205172 1619.102905 965.059448
0 1524838306 682.494690 422.174805
0 1568514660 1001.660034 673.094116
0 1524865342 685.654785 485.724945
0 2085418945 1095.159058 597.273560
0 1524808268 652.356201 465.981201
0 1478200167 1518.185669 931.525879
0 1478194159 1648.214600 935.929565
0 1568501643 1004.934631 640.489685
0 1478239216 1384.532471 777.152893
0 1524820283 622.898926 475.392334
0 1438989625 1065.729858 626.052673
0 1568505649 944.985229 639.489929
0 1478255237 1362.742798 987.202454
0 1524804262 691.743896 475.837189
0 1568506650 1065.338989 641.497070
0 1478217187 1341.140381 897.435486
0 1568505648 1066.106079 611.189453
0 1568497640 939.303101 671.926208
0 1578511665 970.420288 672.509033
0 1478258241 1486.062988 960.311462
0 1524796253 655.495361 430.365997
0 1478206173 1692.015991 937.413025
0 1524826291 692.624817 439.034210
0 1578529688 1094.987671 583.446899
0 1478233207 1509.488647 1026.095825
0 1708834178 977.016663 624.658936
0 1478189153 1565.615723 851.844910
0 1568499641 959.661560 555.710693
0 1478245224 1462.990234 1024.252441
0 1524852325 698.177124 430.517792
0 1478219190 1606.811523 782.637329
0 1578525682 1038.746582 582.714600
0 1478232206 1593.056885 828.077637
0 1524818280 614.349915 456.470856
0 1524850322 708.824158 414.186829
0 1438996635 1003.329834 656.468079
0 1524832299 621.172485 447.491425
0 1478242220 1542.839722 993.976074
0 1524789245 551.240906 406.026886
0 1438999639 849.205566 567.120056
0 1478196161 1432.628174 928.628296
0 1478252234 1334.669434 870.545593
0 1524803261 548.238770 456.123993
0 1478211179 1686.779297 855.350708
0 1578523680 1040.387939 556.629761
0 1578530689 872.369141 580.548279
0 1568508653 836.047546 607.789246
0 1524826290 713.931335 406.353302
0 1524847319 640.504578 422.047821
0 1524810270 615.777771 485.228973
0 1524835302 643.023743 447.593414
0 1524821284 536.511902 421.733215
0 1524799257 627.800415 438.768219
0 1478233208 1485.817871 849.535889
0 1608354172 1095.521484 626.520752
0 1524835303 668.727905 475.688507
0 1478251232 1355.147095 955.639160
0 1524812273 681.028870 456.820740
0 1706512175 883.249329 542.583801
0 1438986622 1067.793213 544.541504
0 1478211180 1561.301147 932.986084
0 1524823286 549.804871 429.990112
0 1478223195 1374.717529 871.766968
0 1478244223 1506.829834 902.760620
0 1438987623 1066.468384 596.875244
0 1478193157 1536.903564 876.713135
0 1478198164 1497.442871 992.268677
0 1524862339 577.653625 447.288330
0 1478236212 1421.162720 778.056702
0 1478240217 1391.600342 799.413025
0 1478214183 1634.390991 997.419434
0 1578521678 864.441956 608.208862
0 1524844314 703.574829 422.238586
0 1524848320 577.338684 475.097961
0 1524806265 649.348633 438.856628
0 1524787243 646.595947 414.030731
0 1478241219 1514.887085 825.932129
0 1524799256 664.936523 447.695648
0 1478190154 1494.919189 779.876587
0 1478226198 1525.619995 850.687622
0 1478208176 1675.931641 908.195374
0 1478214184 1322.663574 820.656189
0 2084722944 1037.880493 596.478333
0 1578522679 927.441406 581.265381
0 1524825289 571.391724 406.067291
0 1774531078 868.477905 594.126343
0 1525674169 930.236206 568.107605
0 1478197162 1773.643799 1002.656860
0 1524815276 686.911133 447.798218
0 1768901071 1041.166138 544.259033
0 1578526684 982.899170 581.987427
0 1478182144 1588.488403 995.692993
0 1524853326 729.677673 414.239166
0 1478218189 1348.066040 776.253174
0 1578513667 979.050842 609.902771
0 1438983618 1006.478149 625.121826
0 1478224196 1437.454102 823.806824
0 1478247227 1698.152466 1033.575073
0 1524792248 500.696930 484.412109
0 1524795252 564.391968 413.824554
0 1524808267 592.250122 456.354919
0 1478191155 1542.702881 803.345886
0 1524856330 632.160522 406.189240
0 1478236211 1347.956909 925.760681
0 1478258242 1794.119263 1037.379517
0 1478212181 1466.803223 801.370422
0 1478185147 1406.789062 847.249268
0 1568502645 885.485718 638.497620
0 1568508652 1007.963684 610.330139
0 1438984619 1064.932495 657.557373
0 1659977623 965.755249 602.525269
0 1478209177 1556.251709 1027.949707
0 1438982617 952.727051 595.296021
0 1524805264 554.658630 474.951385
0 1771287074 851.381470 653.781189
0 2087111947 1039.581787 569.440308
0 1524817279 719.605896 430.593994
0 1524795251 661.471313 422.111206
0 1478230204 1496.054932 875.467346
0 1478230203 1726.966431 1000.901245
0 1524847318 555.985596 447.187256
0 1578516671 908.307495 671.345703
0 1568513659 955.121765 581.625793
0 1578529687 855.903015 638.004272
0 1524819282 676.807007 430.441803
0 1478253235 1476.079102 824.866943
0 1524836304 606.311768 438.680054
0 1478243221 1680.549683 999.155457
0 1568501644 1064.509399 674.271240
0 1438998637 831.330078 622.370178
0 1524816278 592.624329 485.064606
0 1705773174 935.539856 543.138489
0 1524845316 591.595154 406.107819
0 1524842312 611.851318 406.148468
0 1568507651 853.288696 554.499756
0 1438999638 1067.154297 569.776306
0 1478252233 1328.518188 844.984558
0 1438993630 1014.627930 543.977478
0 1478237214 1632.421265 829.158081
0 1524857332 495.875000 465.066559
0 1478248228 1455.408813 874.227722
0 1478225197 1569.344849 781.712952
0 1524859335 619.594177 421.984528
0 1524832298 634.241882 430.290405
0 1478200166 1644.448730 783.565979
0 1478250231 1390.182617 927.190735
0 1478245225 1646.193970 854.176392
0 1438995633 909.351440 542.860657
0 1524804263 570.213135 456.239288
0 1524839308 613.046265 430.215027
0 1524849321 645.779663 475.540222
0 1568512658 906.296387 555.103210
0 1568514661 892.938965 608.630066
0 1478231205 1407.396484 988.881897
0 1773608077 984.720947 568.771667
0 1438977615 942.200378 655.387146
0 1524834301 540.261963 465.326019
0 1607644171 1034.071655 657.011658
0 1524800258 605.385132 413.927368
0 1568504647 1067.479370 556.938171
0 1568500642 950.242798 609.477051
0 1478256239 1465.091675 901.419128
0 1524815277 569.539917 484.900757
0 1568503646 877.432861 670.767395
0 1478220191 1660.678467 880.487854
0 1478207174 1530.171143 961.885620
0 1524841311 504.476440 455.894379
0 1478213182 1605.806641 853.007812
0 1524813274 584.905334 465.586945
0 1568516663 1066.817627 583.080078
0 1578517672 1094.662964 557.247620
0 1578527685 1033.022827 673.681519
0 1478240218 1423.565063 900.084595
0 1478215185 1580.917114 804.340576
0 1524838307 546.523987 484.737366
0 1478197163 1475.295288 930.073303
0 1478221192 1382.248535 898.756653
0 1524819281 625.963196 413.978973
0 2086284946 924.544250 594.904785
0 1524824288 703.382568 456.938019
0 1524802260 477.885101 484.250214
0 1478226199 1548.781250 904.108826
0 1578518673 1095.336792 611.621521
0 1438981616 961.815125 543.417236
0 1478238215 1532.047852 780.792664
0 1609135173 860.253296 622.824585
0 1524837305 509.497131 474.659576
0 1524793249 607.323914 465.717987
0 1568515662 826.430847 637.512695
0 1568516664 844.976379 580.191589
0 1438991628 840.593262 593.739197
0 1478249230 1457.957886 778.964600
0 1438996634 957.431824 568.439026
0 1578519675 1095.713257 642.003601
0 1524829295 542.200867 438.416962
0 1524864341 562.551514 465.456299
0 1478255238 1671.973877 830.243652
0 1438993631 821.339233 653.249939
0 1524788244 600.085388 475.244934
0 1772785076 1094.822510 570.113586
0 1524828293 670.956665 438.945282
0 1478203171 1702.351685 881.758728
0 1524798255 667.283508 414.082642
0 1478199165 1577.956055 877.965088
0 1578528686 921.539062 609.052795
0 1478192156 1633.330444 906.826172
0 1478228201 1442.190918 958.745728
0 1772037075 876.123535 567.448059
0 1578515670 915.179565 638.992798
0 1524851323 599.382568 447.389771
0 1478218188 1736.049683 938.904297
0 1478202169 1414.963501 872.994324
0 1478254236 1754.318726 969.885132
0 1478246226 1657.880493 806.343750
0 1524809269 563.512207 438.504425
0 1524822285 688.026184 414.134674
0 1524841310 662.292725 485.559143
0 1478235210 1745.997681 1035.471802
0 1578515669 1096.120483 674.863281
0 1524854328 584.882446 438.592133
0 0 767.247253 382.604309
0 1 186.820190 957.273926
0 2 1241.327148 772.018433
0 3 932.377319 367.290009
0 4 1254.505493 555.841064
0 5 509.645294 480.144562
0 6 1351.858643 392.247437
0 7 1221.406738 458.261627
0 8 879.280273 453.618744
0 9 1760.755859 752.668762
0 10 1210.786621 523.247864
0 11 316.619934 671.905273
0 12 1556.558594 433.495880
0 13 658.955994 370.049316
0 14 1623.044800 495.183044
0 15 914.454468 432.387665
0 16 709.361511 378.307922
0 17 1715.193237 686.823853
0 18 292.256348 832.710571
0 19 305.195068 903.643311
0 20 1758.850220 810.188782
0 21 1344.323608 796.038330
0 22 1503.069702 826.763489
0 23 1552.456787 407.006378
0 24 315.824982 712.789185
0 25 377.420593 782.894348
0 26 694.373474 1021.370361
0 27 394.152802 634.643005
0 28 1297.787231 854.800476
0 29 807.171753 963.532043
0 30 1231.601807 655.640076
0 31 608.990173 389.316925
0 32 1258.379761 476.646210
0 33 471.492889 656.683472
0 34 984.092468 432.769287
0 35 566.748230 449.809570
0 36 1257.384277 612.758911
0 37 1278.902466 502.118958
0 38 1635.820312 832.784485
0 39 1132.579224 429.958618
