0 1578512666 910.379822 539.338562
0 1524823287 403.583923 1078.111572
0 1478234209 1392.485840 422.019745
0 1707269176 1111.771973 547.839905
0 1438989626 875.305603 621.384277
0 1524801259 538.039490 838.694824
0 1438992629 939.057800 588.677612
0 1478227200 1339.599731 370.896973
0 1524854327 658.896301 842.748596
0 1478249229 1302.761597 343.038910
0 1524807266 324.834503 776.421692
0 1524863340 275.643402 1033.660156
0 1524831297 293.889771 830.505615
0 1478229202 1317.643677 369.854889
0 1568509654 969.562561 589.924438
0 1524790246 294.685333 995.495239
0 1578523681 1155.511597 614.704773
0 1478207175 1350.308716 353.786255
0 1478210178 1411.754761 383.489136
0 1524862338 402.628906 779.148376
0 1478186149 1367.374023 381.394165
0 1524797254 259.685638 890.286377
0 1578518674 1083.139893 546.631348
0 1438985621 1121.312622 596.126953
0 1524857331 467.024200 1039.013916
0 1478203170 1405.305664 374.015594
0 1438994632 939.360474 525.651062
0 1578520676 907.826538 604.700073
0 1478237213 1255.458008 426.355133
0 1568511657 967.714355 526.859741
0 1775370079 881.424255 538.116272
0 1478195160 1446.903809 435.122192
0 1568510655 910.961853 524.440491
0 1478257240 1274.508301 416.581787
0 1578521677 1022.888245 514.851135
0 1524794250 572.759705 1003.568237
0 1524812272 569.126099 869.183228
0 1769859072 996.967834 542.993713
0 1578525683 909.150818 570.801025
0 1770636073 1050.621704 516.044495
0 1524846317 247.924927 994.137634
0 1524833300 527.711548 867.827698
0 1568511656 1159.671265 632.728455
0 1438985620 1060.766846 593.652283
0 1478185148 1439.458130 424.184845
0 1707993177 1100.536133 490.973511
0 1478189152 1250.818604 415.489868
0 1524791247 341.326569 996.849243
0 1524830296 312.671295 959.446655
0 2088218948 1058.587158 576.978149
0 1524827292 419.366882 1037.680786
0 1606348170 1118.014526 579.434692
0 1524855329 518.701538 783.216675
0 1478183145 1231.381714 425.252594
0 1438990627 996.023499 528.066528
0 1524840309 514.557007 1040.343628
0 1478222194 1287.935669 396.846710
0 1709860179 885.579956 481.560730
0 1478188151 1251.612305 366.720825
0 1438988624 1056.486938 560.911926
0 1478243222 1221.840576 347.625000
0 1524843313 205.803787 1072.800537
0 1524844315 277.226501 859.629089
0 1524858333 304.961304 1075.463135
0 1524811271 480.092865 781.863464
0 1524859334 354.339233 1076.789185
0 1478216186 1298.166504 417.672272
0 1524851324 618.694885 1004.901794
0 1524814275 587.253174 812.326294
0 1578514668 1078.312500 517.235962
0 1478184146 1269.661011 406.025726
0 1524829294 357.998566 960.807983
0 1478176143 1233.562744 375.077637
0 1524860336 595.673706 785.914551
0 1478222193 1290.861084 359.638031
0 1438997636 1000.015503 591.169128
0 1478194158 1241.941528 394.700378
0 1478201168 1355.842407 362.738586
0 1478187150 1409.096436 412.493225
0 1478205172 1361.528809 371.937805
0 1524838306 375.636780 833.247620
0 1568514660 1136.902344 534.071838
0 1524865342 672.320679 788.601074
0 2085418945 993.380005 486.281219
0 1524808268 578.414612 840.049133
0 1478200167 1350.841309 390.060425
0 1478194159 1334.208374 361.706360
0 1568501643 1080.683838 531.675354
0 1478239216 1222.938477 403.858612
0 1524820283 610.446411 870.535583
0 1438989625 1048.799683 502.104858
0 1568505649 1085.685547 562.131897
0 1478255237 1423.085693 434.031464
0 1524804262 634.037720 787.259277
0 1568506650 1076.021606 503.286682
0 1478217187 1351.438843 430.750458
0 1568505648 1021.536133 500.921204
0 1568497640 1143.939941 564.565918
0 1578511665 1140.358276 549.046692
0 1478258241 1379.568848 401.122742
0 1524796253 402.899109 863.742432
0 1478206173 1328.961792 352.762451
0 1524826291 468.836334 808.262939
0 1578529688 966.490601 485.103760
0 1478233207 1425.208618 403.252533
0 1708834178 1054.461914 545.420715
0 1478189153 1273.649902 367.766815
0 1568499641 909.776550 554.781921
0 1478245224 1432.229614 413.566193
0 1524852325 429.192108 806.902649
0 1478219190 1200.338867 346.593811
0 1578525682 967.292297 512.458923
0 1478232206 1247.407715 357.564728
0 1524818280 516.843567 898.484009
0 1524850322 349.644073 804.173035
0 1438996635 1108.815063 532.874573
0 1524832299 474.235077 897.125732
0 1478242220 1395.899902 392.175446
0 1524789245 156.023117 1071.463745
0 1438999639 938.888611 623.920776
0 1478196161 1362.739502 410.343018
0 1478252234 1327.492065 429.653870
0 1524803261 480.539185 1000.890930
0 1478211179 1260.501465 341.002045
0 1578523680 911.523621 510.059296
0 1578530689 970.069336 607.214233
0 1568508653 1033.843140 627.708801
0 1524826290 309.739716 802.803711
0 1524847319 345.808167 893.031799
0 1524810270 651.672729 871.885010
0 1524835302 486.202454 866.469055
0 1524821284 255.449646 1074.133667
0 1524799257 431.526611 895.764221
0 1478233208 1283.038452 386.877869
0 1608354172 1047.038330 488.630890
0 1524835303 626.554443 813.674866
0 1478251232 1399.235474 432.939270
0 1524812273 547.866577 810.974792
0 1706512175 876.624207 603.439819
0 1438986622 884.594177 494.975800
0 1478211180 1345.141968 380.344727
0 1524823286 323.677002 1035.003784
0 1478223195 1321.793335 418.761322
0 1478244223 1328.269165 389.000946
0 1438987623 994.231201 499.735748
0 1478193157 1300.594238 378.241852
0 1478198164 1402.403442 402.188354
0 1524862339 448.316711 963.520386
0 1478236212 1218.899902 393.625153
0 1478240217 1246.315063 404.942871
0 1478214183 1383.430664 372.977325
0 1578521678 1032.096924 609.719727
0 1524844314 389.461456 805.539246
0 1524848320 592.612488 933.488586
0 1524806265 444.598419 865.107300
0 1524787243 302.797607 891.660706
0 1478241219 1255.934570 376.133728
0 1524799256 497.574463 837.337585
0 1478190154 1211.162842 374.020264
0 1478226198 1278.278442 377.188446
0 1478208176 1307.588989 351.737457
0 1478214184 1279.501831 427.456207
0 2084722944 995.111816 513.655945
0 1578522679 969.074707 573.278015
0 1524825289 179.196518 1030.962158
0 1774531078 1001.109924 608.468079
0 1525674169 939.137756 572.040588
0 1478197162 1365.964111 346.085083
0 1524815276 508.394409 809.620300
0 1768901071 883.574219 508.856659
0 1578526684 968.151489 541.777283
0 1478182144 1389.578247 382.442322
0 1524853326 363.773132 777.786499
0 1478218189 1227.097290 414.396454
0 1578513667 1025.737915 544.208191
0 1438983618 1052.508057 530.474304
0 1478224196 1264.953613 395.774261
0 1478247227 1399.031738 364.799347
0 1524792248 609.251343 1042.992554
0 1524795252 227.483414 1032.312866
0 1524808267 505.391968 930.786560
0 1478191155 1229.547241 365.673553
0 1524856330 241.195938 922.601929
0 1478236211 1375.353271 431.845612
0 1478258242 1386.981689 347.098053
0 1478212181 1237.692627 384.749420
0 1478185147 1292.976318 407.107178
0 1568502645 1091.065308 594.890686
0 1568508652 1024.287964 529.271362
0 1438984619 1103.202148 504.466766
0 1659977623 1011.973572 551.269714
0 1478209177 1418.386475 393.230927
0 1438982617 997.946655 558.465942
0 1524805264 582.959290 967.564026
0 1771287074 1124.737671 613.461731
0 2087111947 939.429565 511.260040
0 1524817279 441.402008 780.507385
0 1524795251 361.104279 862.374451
0 1478230204 1305.668213 387.940094
0 1478230203 1371.630127 354.808777
0 1524847318 434.253021 999.547119
0 1578516671 1147.654419 580.659912
0 1568513659 968.604675 557.239929
0 1578529687 1093.910645 612.216553
0 1524819282 416.373383 834.614014
0 1478253235 1260.379883 385.814331
0 1524836304 417.751068 928.071411
0 1478243221 1377.450195 363.769623
0 1568501644 1130.341675 505.645020
0 1438998637 1065.383179 628.966980
0 1524816278 644.072754 902.539734
0 1705773174 879.113708 569.559387
0 1524845316 201.044739 992.776611
0 1524842312 221.678421 956.713867
0 1568507651 907.125183 622.653687
0 1438999638 939.496338 497.359406
0 1478252233 1303.513184 428.555756
0 1438993630 882.518250 523.228027
0 1478237214 1243.316406 348.654968
0 1478248228 1310.888306 397.917786
0 1478225197 1203.848267 355.486267
0 1524859335 329.686768 925.343262
0 1524832298 388.717712 894.399597
0 1478200166 1196.922729 337.937775
0 1478250231 1368.952881 420.935028
0 1478245225 1264.766479 349.683716
0 1438995633 877.892639 586.177551
0 1524804263 493.308441 964.871582
0 1524839308 373.772034 926.709045
0 1524849321 618.700073 841.400391
0 1568512658 908.501221 587.428650
0 1568514661 1030.416870 592.411743
0 1478231205 1415.987549 423.102997
0 1773608077 939.288879 540.558899
0 1438977615 1114.836548 563.349915
0 1524834301 526.707947 1002.231262
0 1607644171 1105.960205 518.425598
0 1524800258 267.231384 958.082031
0 1568504647 912.066223 496.168518
0 1568500642 1027.240723 559.689880
0 1478256239 1333.811279 398.987488
0 1524815277 636.066101 934.834717
0 1568503646 1151.508911 597.361206
0 1478220191 1286.190552 350.711182
0 1478207174 1373.385010 391.118622
0 1524841311 452.696045 1079.430420
0 1478213182 1269.147705 358.601990
0 1524813274 549.054626 932.139160
0 1568516663 966.884644 498.548462
0 1578517672 912.590698 482.743530
0 1578527685 1133.565430 519.613403
0 1478240218 1339.515503 409.265808
0 1478215185 1225.641357 356.526123
0 1524838307 627.619202 968.905212
0 1478197163 1356.704834 400.055786
0 1478221192 1345.388794 419.848877
0 1524819281 285.494904 923.974243
0 2086284946 998.961853 574.513489
0 1524824288 557.228394 784.567139
0 1478226199 1322.882080 379.293915
0 1578518673 1020.229248 487.456940
0 1438981616 880.290100 553.549866
0 1478238215 1207.454956 364.625000
0 1609135173 1063.030518 610.969177
0 1524837305 561.965942 1041.669800
0 1524793249 559.352478 899.839050
0 1568515662 1096.867798 630.223022
0 1568516664 970.595947 625.185730
0 1438991628 1002.247437 626.448303
0 1478249230 1214.976318 383.683136
0 1438996634 939.214722 556.011963
0 1578519675 1073.807251 489.803070
0 1524829295 371.584625 1036.344116
0 1524864341 538.189209 966.219482
0 1478255238 1239.333740 339.981842
0 1438993631 1128.297119 631.476807
0 1524788244 601.762085 901.190918
0 1772785076 939.560852 483.924500
0 1524828293 457.019196 835.977295
0 1478203171 1281.644043 342.021088
0 1524798255 319.213501 861.003357
0 1478199165 1295.660400 368.811493
0 1578528686 1028.799194 575.746826
0 1478192156 1312.547974 360.672852
0 1478228201 1385.933105 411.418793
0 1772037075 938.974854 605.958252
0 1578515670 1088.325439 578.207520
0 1524851323 461.624237 929.430664
0 1478218188 1323.854126 344.055481
0 1478202169 1316.261108 408.187195
0 1478254236 1344.921631 345.070892
0 1478246226 1218.140869 338.960419
0 1524809269 387.848938 998.199951
0 1524822285 334.808960 831.878174
0 1524841310 665.770691 815.020508
0 1478235210 1392.926025 355.830109
0 1578515669 1127.225342 492.142212
0 1524854328 403.213562 962.165833
0 0 831.034180 893.662354
0 1 1575.570190 484.465698
0 2 1634.122925 671.386719
0 3 534.487549 940.645081
0 4 1516.248901 429.343628
0 5 1720.446777 946.466248
0 6 389.337616 605.565857
0 7 1321.580444 406.160492
0 8 961.543823 398.972900
0 9 733.441895 251.711166
0 10 1451.214233 419.871063
0 11 1506.328369 595.333862
0 12 565.143799 373.482056
0 13 1202.225342 962.922546
0 14 609.512329 322.983734
0 15 934.180359 869.491333
0 16 1042.121826 910.013367
0 17 685.539124 240.051208
0 18 1394.551636 448.123352
0 19 913.846130 792.257202
0 20 791.199646 261.235962
0 21 859.407837 375.489960
0 22 961.387817 266.868744
0 23 533.003784 403.380524
0 24 1452.876953 538.204834
0 25 745.403748 772.237488
0 26 1410.085205 818.777283
0 27 1494.531860 640.706482
0 28 1063.336426 278.899597
0 29 1275.251587 373.250732
0 30 1566.889893 556.122864
0 31 1356.500854 946.711060
0 32 617.280762 625.832642
0 33 571.227661 709.771729
0 34 756.242493 840.142883
0 35 1612.758423 947.764893
0 36 1528.760864 498.234589
0 37 665.233398 577.268860
0 38 904.810791 258.302551
0 39 663.312439 714.576477
