0 1578512666 1038.242920 360.508392
0 1707269176 888.270630 297.585052
0 1438989626 1152.229126 307.280273
0 1438992629 1071.173462 313.697021
0 1568509654 1048.891357 305.032623
0 1578523681 943.101379 246.517044
0 1578518674 908.260315 305.972046
0 1438985621 944.624146 264.488525
0 1438994632 995.784790 363.868164
0 1578520676 1111.700073 310.488739
0 1568511657 973.343140 354.202057
0 1775370079 1061.743042 370.368225
0 1568510655 1018.770020 373.768311
0 1578521677 909.963989 348.043457
0 1769859072 970.999817 332.295471
0 1578525683 1075.827515 334.915710
0 1770636073 889.032471 338.783691
0 1568511656 960.737244 236.354309
0 1438985620 984.964722 280.174896
0 1707993177 807.075500 345.271118
0 2088218948 966.623291 291.380432
0 1606348170 926.244263 275.283020
0 1438990627 951.425842 344.761841
0 1709860179 981.087708 426.602020
0 1438988624 947.873352 302.835480
0 1578514668 868.578857 329.735352
0 1438997636 1027.106689 296.561737
0 1568514660 849.097900 300.687073
0 2085418945 889.868042 383.967224
0 1568501643 888.642944 317.719971
0 1438989625 868.504761 351.324890
0 1568505649 927.445740 294.482819
0 1568506650 848.052673 342.027527
0 1568505648 889.440369 360.842072
0 1568497640 887.914368 278.318878
0 1578511665 868.717407 289.381195
0 1578529688 911.834534 394.234039
0 1708834178 928.701294 314.548431
0 1568499641 1057.256836 347.561188
0 1578525682 953.329468 367.227661
0 1438996635 868.649719 309.108459
0 1438999639 1106.349854 290.287231
0 1578523680 998.820862 387.352356
0 1578530689 1066.727051 293.424561
0 1568508653 1041.247925 266.174347
0 1608354172 847.493103 364.161743
0 1706512175 1134.965698 319.316498
0 1438986622 1002.009399 412.015137
0 1438987623 910.876892 370.586945
0 1578521678 1023.718506 277.105743
0 2084722944 931.390381 357.522156
0 1578522679 1030.649536 316.905090
0 1774531078 1044.985352 285.175079
0 1525674169 1052.977661 325.806396
0 1768901071 1022.413330 397.789246
0 1578526684 992.890442 341.480011
0 1578513667 949.609131 323.320618
0 1438983618 909.092712 326.528107
0 1568502645 964.576477 272.246979
0 1568508652 930.014893 335.539673
0 1438984619 828.067566 332.942413
0 1659977623 969.868225 321.716827
0 1438982617 990.128052 320.112946
0 1771287074 962.616333 253.921646
0 2087111947 975.799805 377.168152
0 1578516671 906.702087 267.492340
0 1568513659 1011.987427 329.050995
0 1578529687 982.548401 261.484497
0 1568501644 808.533691 324.062469
0 1438998637 1020.474915 258.480347
0 1705773174 1099.217773 344.240448
0 1568507651 1129.030518 298.687805
0 1438999638 955.326233 390.793304
0 1438993630 1042.318481 383.911133
0 1438995633 1117.300049 331.633240
0 1568512658 1093.970337 322.561523
0 1568514661 1005.803162 288.277863
0 2079485312 969.865051 321.666870
0 1773608077 1015.298645 350.881744
0 1438977615 907.464172 286.312592
0 1607644171 848.587097 320.891296
0 1568504647 978.378174 401.272583
0 1568500642 968.762146 311.376678
0 1568503646 925.093628 256.894135
0 1568516663 932.832458 380.567810
0 1578517672 957.423218 415.541595
0 1578527685 829.041565 312.244659
0 2086284946 1008.825562 308.204773
0 1578518673 868.427124 373.946014
0 1438981616 1080.703979 357.148438
0 1609135173 1002.911133 269.210785
0 1568515662 1000.141174 250.949036
0 1568516664 1084.170044 282.072083
0 1438991628 1062.474487 274.036407
0 1438996634 1034.357666 338.197968
0 1578519675 827.048218 354.606110
0 1438993631 980.233032 243.575333
0 1772785076 934.346008 404.755615
0 1578528686 987.488831 299.698730
0 1772037075 1088.959717 301.860321
0 1578515670 946.213318 283.243835
0 1578515669 787.558838 336.149292
0 0 998.538574 396.597198
0 1 1288.940674 218.646072
0 2 1256.860107 185.307785
0 3 1166.859619 204.814331
0 4 906.308289 197.455826
0 5 574.053467 332.895630
0 6 977.627686 174.347107
0 7 920.871399 171.523361
0 8 488.112305 324.235413
0 9 962.731689 125.296906
