0 1578512666 964.814758 503.711426
0 1524823287 507.319519 366.189545
0 1478234209 1324.837524 913.253906
0 1707269176 941.562317 599.402466
0 1438989626 838.922546 481.925415
0 1524801259 650.763123 385.331177
0 1438992629 881.699951 509.667053
0 1478227200 1526.872437 905.134033
0 1524854327 628.827148 412.110504
0 1478249229 1640.393188 889.072510
0 1524807266 730.110046 340.938751
0 1524863340 553.248840 344.378174
0 1524831297 689.416321 338.143646
0 1478229202 1517.060913 876.994202
0 1568509654 877.238220 522.181763
0 1524790246 573.775940 345.808685
0 1578523681 816.760010 604.922852
0 1478207175 1623.711548 943.534302
0 1524861337 479.628387 391.467804
0 1478210178 1514.232422 994.266296
0 1524862338 719.000671 355.929535
0 1478186149 1494.290161 930.421997
0 1524797254 648.933105 335.362976
0 1578518674 945.258789 584.190125
0 1438985621 852.378845 591.908936
0 1524857331 519.942200 375.927948
0 1478203170 1559.612793 999.034241
0 1438994632 988.727783 518.087769
0 1578520676 859.917053 495.540588
0 1478237213 1263.357666 757.176453
0 1568511657 986.110046 530.835938
0 1775370079 967.695007 491.858276
0 1478195160 1291.019775 970.814026
0 1568510655 991.256775 505.771057
0 1478257240 1303.185913 783.005493
0 1578521677 1009.030396 560.030334
0 1524794250 524.085266 394.716339
0 1524812272 621.398193 392.384033
0 1769859072 955.558838 541.802246
0 1578525683 912.192566 499.612488
0 1770636073 1006.638550 574.286865
0 1524846317 581.286255 338.416718
0 1524833300 628.806335 383.752960
0 1568511656 786.806641 602.375671
0 1438985620 862.870178 562.482239
0 1478185148 1335.177124 975.453552
0 1707993177 1062.050049 609.526245
0 1478189152 1299.444580 760.499329
0 1524791247 566.060242 353.402802
0 1524830296 594.357422 347.243042
0 2088218948 891.416382 564.826111
0 1524827292 528.619507 367.708405
0 1606348170 881.995361 594.397400
0 1524855329 701.154175 380.011444
0 1478183145 1260.588379 735.788391
0 1438990627 983.399048 544.038696
0 1524840309 511.014404 384.384918
0 1478222194 1383.265381 813.805847
0 1709860179 1072.233887 499.921936
0 1478188151 1490.389160 800.498291
0 1438988624 920.065796 567.178467
0 1478243222 1556.618164 784.179993
0 1524843313 540.810730 335.616547
0 1524844315 669.148438 336.751495
0 1524858333 524.521790 350.486237
0 1524811271 707.269470 371.759491
0 1524859334 516.039551 358.229340
0 1478216186 1307.104858 806.580566
0 1524851324 514.940125 403.717377
0 1524814275 665.993835 395.615753
0 1578514668 1004.156433 589.081482
0 1478184146 1340.285034 786.472107
0 1524829294 586.913086 354.867004
0 1478176143 1445.411621 773.940063
0 1524860336 688.387573 397.238556
0 1478222193 1547.607056 854.082520
0 1438997636 872.618469 535.139526
0 1478194158 1372.102051 767.189697
0 1478201168 1580.345581 939.140686
0 1478187150 1373.052246 947.969727
0 1478205172 1537.205688 934.769958
0 1524838306 677.231567 353.018646
0 1568514660 968.252075 617.805359
0 1524865342 674.852600 415.502472
0 2085418945 1067.507080 550.795227
0 1524808268 643.664124 393.997589
0 1478200167 1443.521973 896.833862
0 1478194159 1568.866089 909.315796
0 1568501643 974.653259 586.631287
0 1478239216 1331.303955 742.207764
0 1524820283 613.771240 401.269928
0 1438989625 1035.706177 576.673584
0 1568505649 915.972656 581.757996
0 1478255237 1286.911499 939.085022
0 1524804262 681.720398 406.235138
0 1568506650 1033.769043 591.540771
0 1478217187 1275.812744 853.368042
0 1568505648 1037.572876 562.348083
0 1568497640 907.307495 612.622742
0 1578511665 937.721375 615.209106
0 1478258241 1409.125488 921.793518
0 1524796253 649.809143 359.283203
0 1478206173 1611.074097 913.518921
0 1524826291 685.788696 370.239655
0 1578529688 1068.751099 537.405090
0 1478233207 1424.215698 984.808533
0 1708834178 948.818909 569.539368
0 1478189153 1498.852539 824.771545
0 1568499641 938.460144 501.658569
0 1478245224 1379.575195 980.118225
0 1524852325 692.023254 362.247284
0 1478219190 1547.198120 761.806152
0 1578525682 1013.562256 533.018127
0 1478232206 1528.347900 804.045227
0 1524818280 606.911255 382.179169
0 1524850322 703.990601 346.905640
0 1438996635 971.514160 601.919128
0 1524832299 614.409119 373.825867
0 1478242220 1460.111328 956.949036
0 1524789245 548.635254 328.473907
0 1438999639 828.722900 505.498932
0 1478196161 1361.009888 888.617310
0 1478252234 1272.472168 827.569336
0 1524803261 541.593323 377.484192
0 1478211179 1616.085815 835.893311
0 1578523680 1017.786804 507.837585
0 1578530689 850.252075 520.036621
0 1568508653 812.049377 544.034729
0 1524826290 709.736755 339.539368
0 1524847319 635.684448 350.123169
0 1524810270 605.915833 410.421997
0 1524835302 636.005188 375.365814
0 1524821284 532.775818 342.951355
0 1524799257 621.698303 365.705048
0 1478233208 1421.613525 817.443909
0 1608354172 1064.880005 579.068970
0 1524835303 659.004944 404.575256
0 1478251232 1283.018188 909.017029
0 1524812273 672.781860 386.913849
0 1706512175 864.510193 483.899109
0 1438986622 1045.970703 497.896118
0 1478211180 1485.091675 900.973450
0 1524823286 545.263184 351.942566
0 1478223195 1311.214478 831.302734
0 1478244223 1435.852295 869.041199
0 1438987623 1039.372681 548.535156
0 1478193157 1468.050171 846.416016
0 1478198164 1416.466187 952.447449
0 1524862339 571.395813 370.758667
0 1478236212 1366.893311 745.438477
0 1478240217 1335.692383 763.837097
0 1478214183 1548.103149 966.024597
0 1578521678 839.891479 546.295593
0 1524844314 698.088257 354.472168
0 1524848320 568.798767 397.983673
0 1524806265 643.003357 367.212463
0 1524787243 642.397278 342.644501
0 1478241219 1452.604492 796.967529
0 1524799256 657.661255 376.910065
0 1478190154 1438.540527 751.942505
0 1478226198 1460.142334 821.099121
0 1478208176 1599.077759 885.026367
0 1478214184 1266.255249 779.554565
0 2084722944 1011.336792 546.283020
0 1578522679 904.316589 524.334167
0 1524825289 568.591553 329.844604
0 1774531078 845.163330 532.934021
0 1525674169 908.322021 511.761627
0 1478197162 1681.873169 979.821716
0 1524815276 679.377441 378.458588
0 1768901071 1019.793457 495.876923
0 1578526684 958.752014 528.661255
0 1478182144 1503.989746 961.474670
0 1524853326 724.629944 348.333496
0 1478218189 1295.869263 738.991089
0 1578513667 952.249939 555.419556
0 1438983618 977.676331 571.908813
0 1478224196 1377.553589 789.954590
0 1478247227 1605.243530 1003.828491
0 1524792248 492.362030 402.053436
0 1524795252 561.022156 337.014832
0 1524808267 585.077515 380.609772
0 1478191155 1482.313843 777.337952
0 1524856330 628.769897 333.978058
0 1478236211 1279.323608 880.482788
0 1478258242 1697.265625 1013.496948
0 1478212181 1408.674805 770.557312
0 1478185147 1345.096191 810.184814
0 1568502645 857.722595 576.920410
0 1568508652 980.589661 557.720825
0 1438984619 1031.757324 606.980957
0 1659977623 939.912476 547.418518
0 1478209177 1469.100830 989.524414
0 1438982617 927.815674 539.573608
0 1524805264 546.409790 396.347656
0 1771287074 822.872803 589.429749
0 2087111947 1015.710999 520.210754
0 1524817279 713.216003 363.735291
0 1524795251 656.430420 351.568970
0 1478230204 1428.558594 842.610474
0 1478230203 1637.042969 975.197876
0 1524847318 549.978210 369.231415
0 1578516671 877.009766 610.046326
0 1568513659 931.487732 526.494019
0 1578529687 828.757507 574.515015
0 1524819282 670.887756 360.763245
0 1478253235 1414.993164 793.453064
0 1524836304 600.451294 364.201752
0 1478243221 1592.453613 970.598938
0 1568501644 1029.666382 623.027954
0 1438998637 806.084961 557.819702
0 1524816278 583.071838 408.738495
0 1705773174 915.934998 487.865784
0 1524845316 588.599365 331.218872
0 1524842312 608.658691 332.596680
0 1568507651 833.908142 493.514679
0 1438999638 1042.785645 522.340942
0 1478252233 1269.290039 802.993103
0 1438993630 993.701721 493.864349
0 1478237214 1566.482422 807.608582
0 1524857332 489.125000 382.798676
0 1478248228 1389.256348 838.823120
0 1478225197 1510.819336 758.503784
0 1524859335 614.993530 348.681213
0 1524832298 628.787354 357.807190
0 1478200166 1583.737915 765.123169
0 1478250231 1320.064331 884.539856
0 1478245225 1576.822876 832.168518
0 1438995633 890.180908 485.879211
0 1524804263 563.304993 379.044800
0 1524839308 607.822083 356.335083
0 1524849321 636.355286 402.920197
0 1568512658 886.011719 497.573181
0 1568514661 867.832153 548.564514
0 1478231205 1329.868042 943.515625
0 1773608077 961.835510 515.971924
0 1438977615 911.722900 596.895264
0 1524834301 532.965820 385.975677
0 1607644171 1001.578918 604.445251
0 1524800258 601.603394 339.822296
0 1568504647 1044.405273 509.910980
0 1568500642 924.010864 553.126343
0 1478256239 1395.547485 865.094055
0 1524815277 560.294739 407.059875
0 1568503646 846.827515 607.479675
0 1478220191 1587.675171 857.943604
0 1478207174 1451.597290 926.096558
0 1524841311 498.351562 374.376038
0 1478213182 1537.745605 828.461304
0 1524813274 577.056213 389.170746
0 1568516663 1041.109131 535.207825
0 1578517672 1071.112427 511.991302
0 1578527685 998.900208 620.411621
0 1478240218 1355.440186 861.166199
0 1478215185 1519.382324 780.751282
0 1524838307 537.584290 405.386169
0 1478197163 1402.161987 892.715210
0 1478221192 1315.529175 857.257568
0 1524819281 621.973633 341.231537
0 2086284946 900.169006 537.352722
0 1524824288 694.862793 388.500977
0 1524802260 469.849762 400.394348
0 1478226199 1476.356445 873.007874
0 1578518673 1066.217407 564.674133
0 1438981616 941.772888 489.858795
0 1478238215 1474.600586 755.215942
0 1609135173 834.426514 560.146729
0 1524837305 501.824860 393.089722
0 1524793249 599.195618 390.775116
0 1568515662 799.898315 572.118286
0 1568516664 823.357788 517.898804
0 1438991628 817.803345 530.736206
0 1478249230 1402.638428 748.683350
0 1438996634 935.033752 513.863220
0 1578519675 1063.491821 594.009155
0 1524829295 537.056519 359.716339
0 1524864341 554.979675 387.570953
0 1478255238 1604.793701 811.188538
0 1438993631 793.476746 586.959717
0 1524788244 591.252502 399.624420
0 1772785076 1069.952148 524.478333
0 1524828293 664.366699 368.723969
0 1478203171 1627.938110 861.823486
0 1524798255 662.874451 344.061127
0 1478199165 1507.732544 850.240051
0 1578528686 895.871704 550.841370
0 1478192156 1557.967651 881.000366
0 1478228201 1366.872681 917.512695
0 1772037075 855.167114 507.579498
0 1578515670 886.794067 579.334839
0 1524851323 592.872742 372.290131
0 1478218188 1653.498291 917.743591
0 1478202169 1350.142090 835.053894
0 1478254236 1667.305542 947.951050
0 1478246226 1594.022705 787.624207
0 1524809269 558.130615 361.207428
0 1524822285 683.405579 345.481506
0 1524841310 651.805969 413.803986
0 1478235210 1651.127075 1008.649353
0 1578515669 1060.551514 625.654358
0 1524854328 579.262146 362.702545
0 0 1242.590698 819.398743
0 1 750.898804 890.508606
0 2 574.491760 826.107239
0 3 1045.244629 336.727478
0 4 1116.718262 796.370544
0 5 489.589417 735.081909
0 6 1109.891479 343.591705
0 7 1292.986694 733.589050
0 8 1195.282227 575.955017
0 9 1682.459351 749.237488
0 10 1195.739746 759.368469
0 11 1309.557495 790.082153
0 12 1459.928833 398.481018
0 13 1023.926453 769.115295
0 14 1491.694092 422.035919
0 15 470.869598 566.321228
0 16 286.642731 612.708740
0 17 1540.101562 456.154602
0 18 204.519913 699.321838
0 19 301.137115 764.742310
0 20 1612.226685 594.875183
0 21 914.941345 378.252136
0 22 1623.491455 546.006531
0 23 1303.271362 362.707306
0 24 445.844513 454.051849
0 25 393.576111 588.354675
0 26 490.112854 593.501831
0 27 1656.943237 790.844910
0 28 1272.942383 880.616150
0 29 1467.605225 801.511719
0 30 1208.843872 711.040405
0 31 1175.648560 845.343567
0 32 657.081787 372.392944
0 33 422.723816 541.439209
0 34 490.678955 531.374939
0 35 1393.876099 798.494751
0 36 726.589294 363.968903
0 37 511.354462 454.670685
0 38 1614.231201 658.239502
0 39 557.835754 424.228180
