0 1578512666 914.867554 600.462952
0 1524823287 1328.786621 528.351196
0 1478234209 439.710052 551.107910
0 1707269176 802.387634 559.169495
0 1438989626 999.162231 574.569092
0 1524801259 1250.338379 560.408936
0 1438992629 939.550476 575.232788
0 1478227200 350.749756 588.145264
0 1524854327 1196.585938 544.654419
0 1478249229 295.947510 615.718689
0 1524807266 1348.916748 607.406250
0 1524863340 1375.829224 548.360901
0 1524831297 1366.325806 594.404236
0 1478229202 363.028259 594.485168
0 1568509654 923.120605 569.498535
0 1524790246 1368.021606 553.774475
0 1578523681 843.890808 531.784729
0 1478207175 294.774841 595.321533
0 1524861337 1276.600220 514.313843
0 1478210178 336.318298 563.614929
0 1524862338 1308.301514 595.182922
0 1478186149 359.869476 575.463867
0 1524797254 1382.950562 581.988159
0 1578518674 817.620300 564.761719
0 1438985621 845.068909 542.257446
0 1524857331 1302.973877 528.533997
0 1478203170 315.250031 569.815125
0 1438994632 883.380859 600.885559
0 1578520676 969.438171 574.900024
0 1478237213 535.482361 579.731506
0 1568511657 866.676270 594.644043
0 1775370079 932.122681 606.797607
0 1478195160 434.629883 534.682678
0 1568510655 900.394775 607.242493
0 1478257240 503.154419 580.091370
0 1578521677 819.081787 588.897217
0 1524794250 1259.685303 523.940063
0 1524812272 1241.492676 549.573608
0 1769859072 864.945435 582.135620
0 1578525683 942.793518 587.381348
0 1770636073 803.204834 582.857239
0 1524846317 1387.116821 559.033020
0 1524833300 1259.585938 554.808777
0 1568511656 857.260925 526.603027
0 1438985620 875.497742 552.877502
0 1478185148 415.852203 540.208801
0 1707993177 740.764893 583.586975
0 1478189152 516.542603 586.207581
0 1524791247 1349.235352 548.600952
0 1524830296 1360.044800 559.305359
0 2088218948 861.689148 558.603943
0 1524827292 1320.757324 533.373596
0 1606348170 831.156250 547.770203
0 1524855329 1249.995117 577.635376
0 1478183145 549.127991 585.826721
0 1438990627 850.272644 588.515076
0 1524840309 1285.466431 523.769470
0 1478222194 450.803589 586.975891
0 1709860179 872.335327 635.539673
0 1478188151 401.290039 614.241455
0 1438988624 847.566589 564.460449
0 1478243222 369.976074 636.322998
0 1524843313 1402.288452 548.122070
0 1524844315 1374.732910 588.125488
0 1524858333 1364.955322 538.080017
0 1524811271 1269.093994 583.383240
0 1524859334 1346.728882 533.177368
0 1478216186 490.007812 574.085571
0 1524851324 1242.604248 519.236145
0 1524814275 1222.551392 560.688477
0 1578514668 787.609558 576.924438
0 1478184146 483.768311 586.590637
0 1524829294 1341.121948 554.031067
0 1478176143 435.977875 613.755066
0 1524860336 1212.765381 566.430908
0 1478222193 353.688171 607.994141
0 1438997636 906.973267 563.862854
0 1478194158 477.257019 599.640442
0 1478201168 317.006226 588.539612
0 1478187150 408.441284 551.374451
0 1478205172 338.697968 581.922424
0 1524838306 1326.330811 582.681885
0 1568514660 772.495728 559.454590
0 1524865342 1176.772217 555.598633
0 2085418945 804.092651 608.593018
0 1524808268 1232.124878 555.070679
0 1478200167 392.683319 575.116333
0 1478194159 329.002808 594.902161
0 1568501643 802.787964 570.772949
0 1478239216 510.762360 599.210571
0 1524820283 1223.692627 544.423340
0 1438989625 787.713196 589.281555
0 1568505649 832.118347 558.885925
0 1478255237 446.483521 539.977417
0 1524804262 1194.618042 560.969421
0 1568506650 772.072998 583.221069
0 1478217187 483.289764 556.418091
0 1568505648 803.639404 595.452820
0 1568497640 802.002930 548.018799
0 1578511665 787.414612 553.672729
0 1478258241 400.724762 563.000610
0 1524796253 1315.700195 571.044922
0 1478206173 306.709656 601.828674
0 1524826291 1278.497070 577.302307
0 1578529688 820.670898 615.139160
0 1478233207 377.000366 551.642578
0 1708834178 833.119385 570.451721
0 1478189153 388.291565 607.529724
0 1568499641 928.996399 593.844482
0 1478245224 396.647278 545.860657
0 1524852325 1297.790161 583.031616
0 1478219190 383.398712 643.641357
0 1578525682 851.711975 601.310547
0 1478232206 379.341675 621.599670
0 1524818280 1268.635498 549.328552
0 1524850322 1337.393921 594.792480
0 1438996635 787.510132 565.064575
0 1524832299 1286.905029 554.548157
0 1478242220 368.612061 563.306946
0 1524789245 1421.409302 553.265259
0 1438999639 965.740601 563.271729
0 1478196161 432.658051 562.696045
0 1478252234 495.992157 562.091980
0 1524803261 1294.656738 533.570740
0 1478211179 320.866730 629.698975
0 1578523680 885.565369 614.189148
0 1578530689 936.436157 563.566528
0 1568508653 917.698425 547.032349
0 1524826290 1357.722656 600.829468
0 1524847319 1343.561157 570.734680
0 1524810270 1206.178833 539.355835
0 1524835302 1277.979980 560.130859
0 1524821284 1383.472900 543.060913
0 1524799257 1305.477539 559.854248
0 1478233208 430.478546 593.658691
0 1608354172 771.848206 595.860718
0 1524835303 1204.520630 555.333984
0 1478251232 458.541077 545.363281
0 1524812273 1240.885864 566.133118
0 1706512175 986.375000 580.716431
0 1438986622 887.846802 628.082703
0 1478211180 371.970276 581.551941
0 1524823286 1357.178101 543.285156
0 1478223195 477.096191 568.187134
0 1478244223 405.050446 581.183655
0 1438987623 819.859375 601.737976
0 1478193157 396.852936 594.070740
0 1478198164 388.757812 557.271484
0 1524862339 1304.189209 543.737000
0 1478236212 490.860718 606.153259
0 1478240217 497.139862 592.841919
0 1478214183 326.866730 575.813416
0 1578521678 904.547241 552.615295
0 1524844314 1317.419434 588.860779
0 1524848320 1242.064453 533.968018
0 1524806265 1296.682129 565.542175
0 1524787243 1363.088501 576.313660
0 1478241219 422.686829 607.068176
0 1524799256 1268.857666 565.836853
0 1478190154 449.527832 620.572205
0 1478226198 409.647583 600.507935
0 1478208176 318.874756 608.461365
0 1478214184 522.082153 573.745850
0 2084722944 835.248169 595.047302
0 1578522679 909.497803 575.567383
0 1524825289 1414.049194 558.762085
0 1774531078 920.356140 558.044312
0 1525674169 925.998291 581.422119
0 1478197162 260.342499 595.743408
0 1524815276 1259.531738 571.670227
0 1768901071 902.972473 620.811218
0 1578526684 881.287170 588.135010
0 1478182144 347.987457 569.485840
0 1524853326 1328.428467 601.240234
0 1478218189 530.178894 592.437073
0 1578513667 848.892029 576.242126
0 1438983618 818.336060 576.582336
0 1478224196 463.906952 593.249146
0 1478247227 293.673462 576.164978
0 1524792248 1251.253540 514.458740
0 1524795252 1394.783691 553.519226
0 1524808267 1277.493042 543.964600
0 1478191155 414.542664 621.084351
0 1524856330 1390.984985 575.987610
0 1478236211 470.807983 550.842712
0 1478258242 248.920502 589.335327
0 1478212181 456.875977 606.609314
0 1478185147 470.640869 580.453430
0 1568502645 860.155762 547.522949
0 1568508652 834.161804 582.495422
0 1438984619 756.711121 577.268433
0 1659977623 864.106445 576.072754
0 1478209177 356.896088 557.559082
0 1438982617 879.278748 575.903809
0 1524805264 1250.965820 528.902283
0 1771287074 858.680847 536.863892
0 2087111947 868.481567 607.690002
0 1524817279 1288.526367 589.231506
0 1524795251 1335.042480 576.641357
0 1478230204 417.646698 587.363403
0 1478230203 283.063751 588.936340
0 1524847318 1312.559937 538.501038
0 1578516671 816.271545 542.488831
0 1568513659 895.557129 581.777893
0 1578529687 873.716064 542.027283
0 1524819282 1306.845703 576.970947
0 1478253235 443.552673 600.072876
0 1524836304 1314.083374 554.288940
0 1478243221 305.231842 582.294983
0 1568501644 741.620178 571.420776
0 1438998637 902.214172 541.798279
0 1524816278 1215.570923 534.168091
0 1705773174 959.891479 593.448059
0 1524845316 1406.528687 564.378784
0 1524842312 1398.842529 570.119263
0 1568507651 982.307190 568.871704
0 1438999638 853.214050 614.662720
0 1478252233 508.920868 567.867004
0 1438993630 917.726562 613.718384
0 1478237214 356.820038 629.150085
0 1524857332 1293.728638 518.921143
0 1478248228 437.940063 580.817505
0 1478225197 406.021332 635.749451
0 1524859335 1351.893311 564.957397
0 1524832298 1324.360352 565.249023
0 1478200166 360.165192 651.746338
0 1478250231 451.953217 556.700989
0 1478245225 343.922821 622.118164
0 1438995633 973.288330 587.007690
0 1524804263 1286.164917 538.713135
0 1524839308 1332.832153 559.579102
0 1524849321 1214.209961 549.819824
0 1568512658 956.270508 581.068298
0 1568514661 891.101318 558.323364
0 1478231205 427.678192 545.611328
0 1773608077 897.925171 594.243103
0 1438977615 816.932678 553.406189
0 1524834301 1277.033936 528.717651
0 1607644171 772.288696 571.095947
0 1524800258 1379.282471 564.667358
0 1568504647 870.366150 621.309021
0 1568500642 863.284363 570.132263
0 1478256239 425.309967 574.770813
0 1524815277 1224.768555 529.087769
0 1568503646 830.230835 537.078796
0 1478220191 331.276855 615.223267
0 1478207174 380.539185 569.158386
0 1524841311 1311.122070 523.599670
0 1478213182 366.390381 614.730835
0 1524813274 1259.637085 538.926270
0 1568516663 836.381409 608.140198
0 1578517672 854.782898 628.608826
0 1578527685 757.234863 565.369141
0 1478240218 445.092010 568.509094
0 1478215185 392.549377 628.604492
0 1524838307 1233.777832 524.111511
0 1478197163 412.906830 568.832825
0 1478221192 464.413361 562.393188
0 1524819281 1371.274902 570.426147
0 2086284946 893.284363 569.814514
0 1524824288 1231.221802 571.985474
0 1524802260 1259.730835 509.776245
0 1478226199 384.296021 587.753174
0 1578518673 787.821289 602.167969
0 1438981616 946.173523 600.042847
0 1478238215 428.056885 628.062378
0 1609135173 889.002808 547.276978
0 1524837305 1268.228271 519.078247
0 1524793249 1250.661255 544.193359
0 1568515662 886.983948 536.650085
0 1568516664 949.454895 557.766846
0 1438991628 933.443115 552.354431
0 1478249230 470.455688 613.271545
0 1438996634 912.127014 587.757141
0 1578519675 756.165405 589.668091
0 1524829295 1338.823120 538.290039
0 1524864341 1268.426025 533.768860
0 1478255238 333.702576 636.900208
0 1438993631 872.001526 531.585693
0 1524788244 1232.975342 539.140503
0 1772785076 837.564575 621.809875
0 1524828293 1287.690796 571.356750
0 1478203171 308.284180 622.639893
0 1524798255 1354.717163 582.334106
0 1478199165 375.539948 600.945557
0 1578528686 877.350525 564.160889
0 1478192156 341.227936 601.385803
0 1478228201 420.443024 556.985413
0 1772037075 952.794434 569.184265
0 1578515670 846.293274 553.141174
0 1524851323 1295.639526 549.084778
0 1478218188 283.849518 608.931396
0 1478202169 457.750916 574.427185
0 1478254236 271.983368 602.274170
0 1478246226 346.799347 644.247803
0 1524809269 1330.750488 543.510437
0 1524822285 1346.154541 588.492126
0 1524841310 1186.786133 550.067444
0 1478235210 271.570160 582.669800
0 1578515669 725.639221 577.614380
0 1524854328 1322.505859 548.842285
0 0 110.915977 379.309448
0 1 -0.781148 409.519348
0 2 335.491821 360.669647
0 3 145.609253 368.100555
0 4 20.890575 442.369537
0 6 1170.954224 717.917664
0 7 957.356995 752.132141
0 8 1011.222595 404.447601
0 9 838.345398 384.373383
0 10 1028.116211 779.776428
0 11 241.252869 364.515076
0 12 1320.227417 489.415985
0 13 1079.244751 744.171692
0 14 1105.173096 791.039001
0 16 427.433075 370.937958
0 17 1151.265503 757.594177
0 19 314.009216 369.388184
0 20 447.580566 362.362122
0 21 1331.627319 510.769531
0 23 948.192566 499.268707
0 24 225.826202 570.874146
0 25 869.027222 473.395233
0 26 899.652832 634.034790
0 27 975.788269 573.019653
0 28 953.161621 480.672089
0 29 1020.800293 551.032715
0 30 269.048615 550.509277
0 31 908.468384 482.904938
0 33 960.177856 623.561523
0 35 161.637207 557.309692
0 36 1139.801514 376.778412
0 37 168.285858 579.580688
0 38 1215.700317 627.406250
0 40 101.019684 516.890015
0 44 1267.019409 549.021362
0 53 1322.776489 561.137024
0 59 444.931152 919.672363
0 73 845.359314 361.487854
0 77 467.231049 447.354431
0 81 286.933960 488.637543
0 84 1621.844238 477.283295
0 85 1614.180786 490.398041
0 100 847.223999 1030.250854
0 103 1788.477905 520.178284
0 107 1578.443970 550.474731
0 109 337.657501 426.178650
0 110 526.279480 388.460052
