0 1578512666 932.667175 550.258972
0 1524823287 391.809723 580.736755
0 1478234209 1424.403564 639.001526
0 1707269176 1037.808228 597.507080
0 1438989626 838.541382 564.927856
0 1524801259 555.096924 555.138550
0 1438992629 899.470886 569.521362
0 1478227200 1458.241821 606.037231
0 1524854327 588.663086 575.996094
0 1478249229 1468.910034 585.516113
0 1524807266 532.605469 509.857208
0 1524863340 386.460693 554.510010
0 1524831297 494.024841 517.189148
0 1478229202 1438.611206 599.062256
0 1568509654 913.823303 576.331909
0 1524790246 408.784668 550.085388
0 1578523681 990.211731 625.848938
0 1478207175 1498.289795 603.561401
0 1524861337 421.970367 603.978882
0 1478210178 1509.550415 633.071411
0 1524862338 552.511536 521.598572
0 1478186149 1467.961914 618.108398
0 1524797254 453.864380 524.821411
0 1578518674 1021.826233 590.325073
0 1438985621 990.385803 612.662781
0 1524857331 425.055176 583.243103
0 1478203170 1519.647339 627.855652
0 1438994632 961.909302 552.463562
0 1578520676 869.006226 567.224548
0 1478237213 1295.503418 599.378296
0 1568511657 976.312622 558.825317
0 1775370079 918.840271 544.045532
0 1478195160 1455.611206 660.934448
0 1568510655 947.792053 546.228210
0 1478257240 1325.966797 601.674927
0 1578521677 1020.851440 567.566956
0 1524794250 468.889099 593.375793
0 1524812272 545.435669 566.494995
0 1769859072 975.863708 569.670532
0 1578525683 901.488342 558.568115
0 1770636073 1036.162109 574.216431
0 1524846317 399.515686 543.409302
0 1524833300 534.592468 559.569885
0 1568511656 973.308105 631.402649
0 1438985620 958.758911 597.655029
0 1478185148 1466.885620 655.110474
0 1707993177 1096.460327 578.762390
0 1478189152 1307.501099 594.672852
0 1524791247 418.255859 556.906982
0 1524830296 430.632141 545.755188
0 2088218948 974.907654 592.765015
0 1524827292 415.080200 575.816833
0 1606348170 1006.541870 607.499512
0 1524855329 583.914673 540.121277
0 1478183145 1277.352661 592.399963
0 1438990627 991.010864 565.317261
0 1524840309 435.260254 590.840576
0 1478222194 1367.797607 599.218628
0 1709860179 977.556641 528.775879
0 1478188151 1382.058960 578.968262
0 1438988624 990.711609 587.979370
0 1478243222 1385.004517 564.275879
0 1524843313 354.665405 552.112976
0 1524844315 474.148102 520.966614
0 1524858333 372.823456 566.105774
0 1524811271 573.232727 533.820679
0 1524859334 382.209534 573.338806
0 1478216186 1344.822632 608.824951
0 1524851324 479.724731 601.180237
0 1524814275 586.212891 557.484375
0 1578514668 1051.792969 581.004883
0 1478184146 1337.649414 596.945740
0 1524829294 440.236816 552.456482
0 1478176143 1353.108276 576.785645
0 1524860336 605.955444 553.121826
0 1478222193 1429.772339 587.736389
0 1438997636 928.482117 583.287903
0 1478194158 1330.766846 585.547974
0 1478201168 1488.389648 608.310120
0 1478187150 1456.546143 641.424683
0 1478205172 1478.282593 613.158081
0 1524838306 513.548706 529.321045
0 1568514660 1069.258301 599.878052
0 1524865342 628.947388 566.683289
0 2085418945 1034.646973 552.776306
0 1524808268 566.044250 561.941040
0 1478200167 1437.177368 615.787598
0 1478194159 1468.450562 601.311829
0 1568501643 1036.967773 585.615784
0 1478239216 1301.229492 583.321106
0 1524820283 556.517822 573.572693
0 1438989625 1050.692017 569.816650
0 1568505649 1006.357971 595.135986
0 1478255237 1434.018311 652.632690
0 1524804262 617.328674 559.830200
0 1568506650 1066.311279 576.489441
0 1478217187 1372.065308 628.813843
0 1568505648 1035.389160 563.279175
0 1568497640 1038.685669 609.922729
0 1578511665 1054.138794 604.845642
0 1478258241 1446.652710 628.329590
0 1524796253 503.422852 539.663147
0 1478206173 1478.452515 596.682190
0 1524826291 553.764160 537.848206
0 1578529688 1019.953308 546.599182
0 1478233207 1488.688477 643.847900
0 1708834178 1006.181824 583.294861
0 1478189153 1400.531494 585.531860
0 1568499641 917.235779 554.371460
0 1478245224 1477.908569 649.416443
0 1524852325 543.390686 531.570862
0 1478219190 1367.385986 558.166077
0 1578525682 991.151367 554.668152
0 1478232206 1392.615356 574.694885
0 1524818280 513.640808 564.097961
0 1524850322 523.268250 519.393860
0 1438996635 1052.940796 592.670837
0 1524832299 503.140686 557.198792
0 1478242220 1478.101562 630.700500
0 1524789245 345.880219 545.343018
0 1438999639 866.252197 578.596436
0 1478196161 1415.203735 625.958618
0 1478252234 1352.305420 621.216797
0 1524803261 447.950806 578.294861
0 1478211179 1431.352783 572.644836
0 1578523680 962.619446 542.276733
0 1578530689 897.367188 580.942200
0 1568508653 910.109802 600.229553
0 1524826290 513.506775 513.486755
0 1524847319 472.957001 537.366333
0 1524810270 567.847168 580.808289
0 1524835302 523.980835 552.792725
0 1524821284 363.644318 559.032227
0 1524799257 492.864716 550.446838
0 1478233208 1378.932251 594.562927
0 1608354172 1064.927368 565.506042
0 1524835303 597.495850 564.312134
0 1478251232 1412.906860 644.516052
0 1524812273 575.168152 550.800781
0 1706512175 855.265625 560.578552
0 1438986622 963.302307 532.482788
0 1478211180 1447.819580 610.861450
0 1524823286 395.790131 561.455627
0 1478223195 1364.080933 616.127502
0 1478244223 1417.356445 608.564880
0 1438987623 1020.393311 556.872742
0 1478193157 1408.771851 596.812622
0 1478198164 1467.441406 636.004089
0 1524862339 460.081543 566.302490
0 1478236212 1312.808594 578.918335
0 1478240217 1319.253052 590.063721
0 1478214183 1498.746582 620.429260
0 1578521678 926.965393 595.258118
0 1524844314 533.227539 525.420654
0 1524848320 513.691589 583.250916
0 1524806265 513.593262 546.158630
0 1524787243 463.311981 531.028992
0 1478241219 1371.290527 583.327332
0 1524799256 544.380798 548.479675
0 1478190154 1335.283569 570.372559
0 1478226198 1389.841309 590.001648
0 1478208176 1459.012939 589.940918
0 1478214184 1314.037598 606.504089
0 2084722944 1005.850952 561.052246
0 1578522679 929.935425 571.818054
0 1524825289 368.399170 541.063416
0 1774531078 912.006653 588.022888
0 1525674169 915.564819 565.124573
0 1478197162 1528.128906 605.811035
0 1524815276 564.354370 544.256775
0 1768901071 948.770264 536.261963
0 1578526684 961.170044 563.067566
0 1478182144 1488.534302 625.510071
0 1524853326 542.459656 515.669556
0 1478218189 1289.413208 587.814087
0 1578513667 990.864380 576.411499
0 1438983618 1021.328674 578.708191
0 1478224196 1349.092773 592.313354
0 1478247227 1529.531006 622.750122
0 1524792248 456.393372 606.573914
0 1524795252 377.332520 547.714233
0 1524808267 492.227112 568.725952
0 1478191155 1363.949585 572.533752
0 1524856330 433.161041 528.755920
0 1478236211 1392.260986 636.578308
0 1478258242 1548.685059 612.855835
0 1478212181 1342.049683 581.122864
0 1478185147 1356.430176 603.971558
0 1568502645 974.398071 605.076172
0 1568508652 1006.013062 571.943481
0 1438984619 1082.256958 583.301575
0 1659977623 975.632202 575.263123
0 1478209177 1499.233276 638.400879
0 1438982617 960.399963 574.114807
0 1524805264 491.545837 588.255615
0 1771287074 973.865295 617.942566
0 2087111947 976.743713 548.410889
0 1524817279 562.767151 527.647705
0 1524795251 493.462769 533.302063
0 1478230204 1397.945679 601.491516
0 1478230203 1518.537354 610.582947
0 1524847318 437.831757 571.006592
0 1578516671 1022.888062 615.113098
0 1568513659 945.714294 567.397522
0 1578529687 957.883484 610.212463
0 1524819282 523.613464 535.575134
0 1478253235 1360.304199 587.774841
0 1524836304 471.688812 554.827698
0 1478243221 1508.745483 615.454712
0 1568501644 1098.539551 590.257690
0 1438998637 925.380981 607.762207
0 1524816278 546.561829 585.729004
0 1705773174 887.697144 552.144470
0 1524845316 390.442444 536.874268
0 1524842312 412.025024 532.772705
0 1568507651 852.250488 571.689941
0 1438999638 991.286438 544.437988
0 1478252233 1332.967285 613.781921
0 1438993630 933.952454 540.115479
0 1478237214 1402.966187 570.504761
0 1524857332 411.682190 596.050659
0 1478248228 1386.893311 606.268250
0 1478225197 1356.891602 562.156433
0 1524859335 452.018066 541.516418
0 1524832298 482.805756 543.837524
0 1478200166 1377.681763 554.251282
0 1478250231 1403.857544 631.210571
0 1478245225 1421.281128 576.856079
0 1438995633 871.647400 556.318359
0 1524804263 470.335785 573.457031
0 1524839308 461.748474 548.101013
0 1524849321 577.230347 568.891968
0 1568512658 885.415222 562.851562
0 1568514661 943.457153 590.393982
0 1478231205 1445.407837 646.966187
0 1773608077 946.774231 556.598389
0 1438977615 1022.345581 602.448792
0 1524834301 458.300537 585.749329
0 1607644171 1067.753662 587.936707
0 1524800258 421.230316 539.195374
0 1568504647 977.158142 538.402222
0 1568500642 975.395752 580.973877
0 1478256239 1406.392456 613.466675
0 1524815277 524.790955 590.761902
0 1568503646 1006.734131 620.420471
0 1478220191 1439.959717 583.333496
0 1478207174 1457.421143 623.164490
0 1524841311 401.631317 588.305359
0 1478213182 1411.009399 581.150879
0 1524813274 502.839661 575.907471
0 1568516663 1005.695312 550.593628
0 1578517672 991.416321 534.602417
0 1578527685 1084.055176 595.016541
0 1478240218 1395.194336 618.473206
0 1478215185 1374.579590 568.364624
0 1524838307 502.517792 595.911011
0 1478197163 1426.307861 620.818848
0 1478221192 1383.754639 623.587708
0 1524819281 442.491058 535.069519
0 2086284946 944.609558 578.652893
0 1524824288 594.819946 546.553650
0 1524802260 432.504425 612.096497
0 1478226199 1428.093750 603.764343
0 1578518673 1049.635254 559.077393
0 1438981616 903.424927 548.054321
0 1478238215 1346.192749 566.224487
0 1609135173 942.253967 602.652893
0 1524837305 445.703522 598.615479
0 1524793249 524.372498 571.149353
0 1568515662 940.996521 615.464661
0 1568516664 880.555969 585.651917
0 1438991628 895.171814 592.861267
0 1478249230 1324.157715 574.603027
0 1438996634 931.329285 560.817871
0 1578519675 1080.532471 572.066406
0 1524829295 405.327637 568.556213
0 1524864341 480.821228 580.772888
0 1478255238 1413.117432 566.395386
0 1438993631 956.968140 623.342773
0 1524788244 535.343445 578.357910
0 1772785076 1005.545898 540.542419
0 1524828293 533.888611 541.960022
0 1478203171 1449.946777 579.017212
0 1524798255 483.706573 527.071228
0 1478199165 1419.378418 592.228516
0 1578528686 959.596924 585.633667
0 1478192156 1448.915527 594.455322
0 1478228201 1435.649536 633.607361
0 1772037075 883.036926 574.010986
0 1578515670 990.552307 600.051941
0 1524851323 481.845947 561.700989
0 1478218188 1488.253662 592.145386
0 1478202169 1375.607666 611.145813
0 1478254236 1507.989380 598.908997
0 1478246226 1395.230347 560.265320
0 1524809269 427.935913 563.879089
0 1524822285 503.687836 523.193665
0 1524841310 609.024902 571.288879
0 1478235210 1539.208130 617.751282
0 1578515669 1112.721069 585.598328
0 1524854328 450.050964 559.304016
0 0 454.613586 506.090393
0 1 1337.804199 730.182251
0 2 1396.322021 620.305481
0 3 674.912903 444.704803
0 4 1172.001953 536.780212
0 5 1000.401062 746.588257
0 6 756.472168 437.459961
0 7 1226.723755 551.921509
0 8 999.551025 461.428955
0 9 1092.192383 398.863892
0 10 907.937378 463.352844
0 11 1309.880615 483.941833
0 12 962.638794 413.238922
0 13 1419.408691 587.662842
0 14 1072.717529 412.536469
0 15 888.772400 769.145081
0 16 961.322937 784.069885
0 17 1032.050659 406.809845
0 18 1066.833740 731.183411
0 19 1384.836914 665.458557
0 20 1112.652466 418.170776
0 21 1025.193237 475.923126
0 22 1145.345703 427.508362
0 23 819.571350 430.652924
0 24 1333.800659 613.764160
0 25 1319.005859 687.807373
0 26 1247.539551 712.369690
0 27 1222.088501 460.912750
0 28 664.277039 458.300812
0 29 1098.411865 494.379700
0 30 819.798645 496.668274
0 31 1423.905273 564.391907
0 32 811.294128 482.776611
0 33 1095.093018 813.032104
0 34 666.108093 628.134949
0 35 809.365784 443.248718
0 36 858.938110 698.537537
0 37 637.109131 522.421326
0 38 622.198425 466.005096
0 39 662.021240 503.911285
