0 1578512666 981.658508 527.592224
0 1524823287 1193.914795 306.335297
0 1478234209 283.008484 715.800049
0 1707269176 784.487427 527.931396
0 1438989626 1009.963074 463.635376
0 1524801259 1189.635132 361.768433
0 1438992629 956.223022 488.045624
0 1478227200 231.937744 834.577698
0 1524854327 1122.034058 362.184387
0 1478249229 211.188431 921.248718
0 1524807266 1334.833618 378.841980
0 1524863340 1258.889404 313.149170
0 1524831297 1325.575806 360.931976
0 1478229202 270.074005 834.832642
0 1568509654 929.404724 488.120392
0 1524790246 1262.198242 320.628021
0 1578523681 773.293640 476.301270
0 1478207175 151.791901 890.294617
0 1524861337 1132.366943 306.805359
0 1478210178 139.312973 807.905945
0 1524862338 1288.069458 379.107300
0 1478186149 213.414154 808.348083
0 1524797254 1316.830444 344.013306
0 1578518674 812.526367 527.883179
0 1438985621 795.892761 488.492554
0 1524857331 1175.516846 313.769623
0 1478203170 118.006752 833.816101
0 1438994632 952.339417 541.800110
0 1578520676 983.522400 475.645447
0 1478237213 499.048065 695.707703
0 1568511657 923.573486 541.838623
0 1775370079 1009.997864 527.543518
0 1478195160 232.199615 694.948303
0 1568510655 981.150146 541.761597
0 1478257240 453.532135 716.382385
0 1578521677 863.523376 556.566895
0 1524794250 1135.615112 321.544647
0 1524812272 1164.873413 353.351379
0 1769859072 896.899414 527.738037
0 1578525683 982.622681 500.721771
0 1770636073 834.363892 556.594421
0 1524846317 1283.378906 320.474670
0 1524833300 1187.117554 353.209412
0 1568511656 777.151367 464.436371
0 1438985620 849.182007 488.343994
0 1478185148 215.243134 715.568726
0 1707993177 767.241272 587.567383
0 1478189152 487.828735 716.499512
0 1524791247 1241.041260 320.781219
0 1524830296 1265.595825 328.308044
0 2088218948 846.422302 501.054657
0 1524827292 1196.325195 313.614746
0 1606348170 792.221619 501.187134
0 1524855329 1218.141724 379.504028
0 1478183145 532.679688 695.803406
0 1438990627 894.852051 541.877075
0 1524840309 1154.731689 313.924286
0 1478222194 392.216461 760.618774
0 1709860179 1010.030579 587.541931
0 1478188151 384.964264 835.600708
0 1438988624 843.566040 514.210327
0 1478243222 392.976166 892.280823
0 1524843313 1276.295532 305.706146
0 1524844315 1321.141724 352.353943
0 1524858333 1235.059937 306.021088
0 1524811271 1241.421997 379.371979
0 1524859334 1214.475952 306.178284
0 1478216186 419.299805 716.265503
0 1524851324 1114.601196 321.696808
0 1524814275 1169.338135 370.709106
0 1578514668 805.250305 556.621826
0 1478184146 441.049988 738.085022
0 1524829294 1244.152710 328.458893
0 1478176143 437.545013 809.685547
0 1524860336 1171.668335 379.767700
0 1478222193 290.595490 862.477356
0 1438997636 902.625183 488.195038
0 1478194158 463.842743 760.950439
0 1478201168 173.365921 861.605103
0 1478187150 232.120255 737.247437
0 1478205172 193.881256 834.323303
0 1524838306 1280.152344 361.211487
0 1568514660 751.910217 542.068359
0 1524865342 1125.310303 380.030731
0 2085418945 888.237915 587.554749
0 1524808268 1167.074219 361.907257
0 1478200167 268.346161 783.779663
0 1478194159 212.358536 861.895203
0 1568501643 808.954285 541.992004
0 1478239216 511.227661 738.366333
0 1524820283 1142.655762 353.493164
0 1438989625 831.065552 571.786255
0 1568505649 815.973511 514.267944
0 1478255237 265.342896 695.042603
0 1524804262 1148.474976 379.899323
0 1568506650 801.406982 571.802002
0 1478217187 365.136139 695.326599
0 1568505648 860.771790 571.770447
0 1568497640 760.911743 514.382935
0 1578511665 756.490967 527.979553
0 1478258241 249.801666 759.959167
0 1524796253 1254.009644 352.782410
0 1478206173 191.767899 890.623779
0 1524826291 1238.083008 370.302368
0 1578529688 918.611206 587.551514
0 1478233207 179.009857 759.631348
0 1708834178 840.607971 527.834839
0 1478189153 346.587006 835.344177
0 1568499641 982.149109 513.920898
0 1478245224 197.530441 737.108765
0 1524852325 1261.054199 370.166473
0 1478219190 433.485565 892.614441
0 1578525682 921.980652 556.511780
0 1478232206 369.170074 863.061951
0 1524818280 1184.669434 344.886383
0 1524850322 1307.081665 369.894104
0 1438996635 780.410217 542.030212
0 1524832299 1206.631470 344.741302
0 1478242220 195.792953 783.396362
0 1524789245 1296.947754 305.548431
0 1438999639 957.973694 463.814240
0 1478196161 301.497772 737.525574
0 1478252234 398.522247 695.421631
0 1524803261 1177.714111 321.239807
0 1478211179 293.674286 921.997192
0 1578523680 980.622925 556.456482
0 1578530689 930.741089 475.810120
0 1568508653 880.261963 464.081604
0 1524826290 1330.137817 369.757690
0 1524847319 1272.672852 344.304993
0 1524810270 1120.464478 353.634796
0 1524835302 1209.388306 353.067230
0 1524821284 1255.666382 305.863678
0 1524799257 1228.619385 344.596039
0 1478233208 377.720917 784.357544
0 1608354172 827.640625 587.561096
0 1524835303 1146.479370 370.844360
0 1478251232 298.546661 695.137085
0 1524812273 1192.224976 370.573700
0 1706512175 1009.969604 475.562958
0 1438986622 1010.022034 571.691101
0 1478211180 250.578323 808.569824
0 1524823286 1238.011475 313.304535
0 1478223195 385.131409 716.148804
0 1478244223 304.731537 783.971924
0 1438987623 890.525757 571.754639
0 1478193157 325.135132 809.014771
0 1478198164 214.371292 759.795105
0 1524862339 1201.339844 328.760101
0 1478236212 499.761322 761.116821
0 1478240217 476.105164 738.225586
0 1478214183 155.904343 834.069397
0 1578521678 878.109558 475.974304
0 1524844314 1284.053711 370.030396
0 1524848320 1139.039673 337.084869
0 1524806265 1231.685547 352.924927
0 1524787243 1294.738525 344.159241
0 1478241219 399.998138 809.461426
0 1524799256 1212.223267 361.629456
0 1478190154 475.169189 809.910034
0 1478226198 362.528290 809.237915
0 1478208176 231.832001 890.953796
0 1478214184 465.478027 695.612183
0 2084722944 892.728943 556.539368
0 1578522679 928.022339 500.855225
0 1524825289 1300.715698 312.837921
0 1774531078 904.406616 475.892273
0 1525674169 955.302429 500.788574
0 1478197162 88.157692 920.132446
0 1524815276 1215.140015 370.438141
0 1768901071 1010.013672 556.428833
0 1578526684 925.109375 527.689514
0 1478182144 176.325745 808.126831
0 1524853326 1311.437012 378.974731
0 1478218189 522.189636 716.616760
0 1578513667 868.732300 527.786499
0 1438983618 837.542542 541.953735
0 1478224196 427.994507 760.784424
0 1478247227 95.631073 861.026672
0 1524792248 1113.230957 314.233154
0 1524795252 1279.790894 312.993652
0 1524808267 1182.287964 336.789764
0 1478191155 423.422333 835.857788
0 1524856330 1312.636719 335.900330
0 1478236211 331.810944 695.231812
0 1478258242 47.332253 919.761963
0 1478212181 451.003204 784.744751
0 1478185147 406.061798 737.944763
0 1568502645 822.518188 488.418365
0 1568508652 866.175110 541.915405
0 1438984619 771.795898 571.817749
0 1659977623 883.931152 520.882751
0 1478209177 159.624649 783.205322
0 1438982617 898.874939 514.094788
0 1524805264 1137.304443 329.210602
0 1771287074 799.441895 476.219696
0 2087111947 951.278564 556.484192
0 1524817279 1264.731201 379.239716
0 1524795251 1276.360107 352.639771
0 1478230204 341.189728 784.164551
0 1478230203 111.903831 889.966064
0 1524847318 1198.799316 321.087097
0 1578516671 765.180786 501.253204
0 1568513659 926.591431 514.036926
0 1578529687 825.627319 476.138000
0 1524819282 1257.481812 361.350983
0 1478253235 414.325317 784.550903
0 1524836304 1225.636597 336.493988
0 1478243221 134.456848 861.315613
0 1568501644 742.232300 571.833496
0 1438998637 854.430359 464.170532
0 1524816278 1118.938110 345.320587
0 1705773174 1009.983215 500.654938
0 1524845316 1304.583740 320.321136
0 1524842312 1308.556030 328.005859
0 1568507651 983.950195 463.724884
0 1438999638 950.177673 571.722961
0 1478252233 431.969452 695.516846
0 1438993630 1010.005615 541.722961
0 1478237214 352.556396 891.947998
0 1524857332 1152.860352 306.648834
0 1478248228 356.508331 760.453369
0 1478225197 448.084320 863.649048
0 1524859335 1269.086182 336.197479
0 1524832298 1250.633179 344.450592
0 1478200166 418.107391 923.126221
0 1478250231 316.985931 715.916138
0 1478245225 312.226013 891.615845
0 1438995633 1009.976257 487.895813
0 1524804263 1179.970337 328.910461
0 1524839308 1247.348755 336.345795
0 1524849321 1144.540405 362.045929
0 1568512658 983.080200 487.970764
0 1568514661 875.884277 488.269592
0 1478231205 249.094223 715.684326
0 1773608077 953.362427 527.640930
0 1438977615 788.422119 514.325500
0 1524834301 1156.652710 321.392303
0 1607644171 776.182556 556.649231
0 1524800258 1287.063599 328.157043
0 1568504647 980.075684 571.707031
0 1568500642 871.199829 514.152649
0 1478256239 320.869934 760.288330
0 1524815277 1117.453247 337.232178
0 1568503646 769.305664 488.566681
0 1478220191 271.984619 891.284424
0 1478207174 232.033356 783.587830
0 1524841311 1173.376343 306.492157
0 1478213182 329.840454 862.769348
0 1524813274 1160.651367 336.937408
0 1568516663 920.327698 571.738770
0 1578517672 979.507385 587.545166
0 1578527685 747.160461 556.676575
0 1478240218 336.285919 737.664978
0 1478215185 408.584564 863.355164
0 1524838307 1116.008057 329.360443
0 1478197163 285.301117 760.123596
0 1478221192 351.026825 716.032349
0 1524819281 1290.848633 336.049011
0 2086284946 900.782349 500.921814
0 1524824288 1194.890503 379.635956
0 1524802260 1111.895996 306.961700
0 1478226199 287.818573 808.792114
0 1578518673 857.914490 587.557861
0 1438981616 1009.990417 513.862793
0 1478238215 461.961426 836.115479
0 1609135173 851.849854 476.056213
0 1524837305 1133.969727 314.078796
0 1524793249 1162.733276 345.031281
0 1568515662 828.634766 464.259247
0 1568516664 932.033569 463.903503
0 1438991628 906.129700 463.992615
0 1478249230 487.754791 784.938904
0 1438996634 954.349487 513.979004
0 1578519675 797.416260 587.564270
0 1524829295 1217.156616 313.459747
0 1524864341 1158.625244 329.060608
0 1478255238 335.057770 922.372681
0 1438993631 802.875122 464.347900
0 1524788244 1140.822876 345.176025
0 1772785076 949.034302 587.548340
0 1524828293 1234.838867 361.490265
0 1478203171 252.384628 921.622559
0 1524798255 1298.737549 352.496918
0 1478199165 308.290375 835.088135
0 1578528686 873.582397 500.988281
0 1478192156 251.434998 862.185913
0 1478228201 266.776001 737.386353
0 1772037075 957.112976 475.727844
0 1578515670 819.302124 501.120911
0 1524851323 1203.949707 336.641968
0 1478218188 170.085419 920.875854
0 1478202169 371.140533 737.804749
0 1478254236 129.075256 920.503662
0 1478246226 376.535339 922.749023
0 1524809269 1219.908325 320.934235
0 1524822285 1302.850220 361.071777
0 1524841310 1123.648682 370.979431
0 1478235210 72.103340 889.638367
0 1578515669 737.115601 587.570557
0 1524854328 1222.734009 328.609589
0 1 1472.926147 476.350250
0 3 444.365997 295.114166
0 6 1220.619263 656.263062
0 7 1467.561401 696.030273
0 10 1560.215454 645.094604
0 12 152.220490 365.187195
0 13 1448.636353 642.551697
0 14 1199.428833 281.475067
0 17 86.596512 383.145599
0 20 380.639893 322.071594
0 23 925.798950 656.102051
0 24 83.407265 848.138245
0 25 1061.977539 610.438538
0 26 587.585815 396.914185
0 27 824.453613 393.562775
0 28 1110.838379 542.539490
0 29 573.162170 451.514282
0 31 483.172546 611.125366
0 33 662.885559 694.939819
0 37 148.667603 941.533691
0 43 886.829834 263.487091
0 53 1478.529419 418.749542
0 59 1535.165527 570.125977
0 131 1203.686401 254.493805
0 182 721.222900 152.990402
0 185 1242.324463 162.120239
0 187 1302.044189 301.479034
0 192 1323.459839 469.641357
0 210 486.889343 247.023071
0 213 457.728821 264.910461
0 218 316.958771 388.420380
0 227 31.164711 603.173340
0 228 136.006271 1016.244080
0 229 1584.370239 474.414001
0 240 1513.588623 147.166931
0 241 1518.415405 225.767746
0 244 1308.260254 284.921112
0 245 1357.204468 260.803314
0 246 1500.516357 244.263809
0 247 1374.850098 283.294159
0 248 1407.217773 267.715393
0 249 1429.287720 254.997086
0 250 1486.873535 171.284546
0 251 1471.050049 156.154861
