0 1578512666 888.772583 687.394165
0 1524823287 429.535706 525.483215
0 1707269176 858.800537 787.618103
0 1438989626 761.099915 659.526733
0 1524801259 575.771912 551.567444
0 1438992629 803.085266 690.281860
0 1524854327 550.480225 578.145142
0 1524807266 661.137939 509.920563
0 1524863340 479.474213 505.307983
0 1524831297 619.867249 505.230103
0 1568509654 797.592773 703.245544
0 1524790246 500.481506 507.708466
0 1578523681 728.459167 788.864990
0 1524861337 397.792358 550.219971
0 1524862338 648.492310 524.621521
0 1524797254 578.726929 500.554535
0 1578518674 863.613770 771.523010
0 1438985621 766.661499 776.251587
0 1524857331 441.522583 536.044861
0 1438994632 912.382080 703.387939
0 1578520676 781.686401 674.606750
0 1478237213 1184.609741 969.756531
0 1568511657 908.956909 716.657410
0 1775370079 892.435303 675.146423
0 1568510655 915.681030 690.607361
0 1478257240 1225.157227 999.458313
0 1578521677 930.793396 748.315918
0 1524794250 443.698700 555.562134
0 1524812272 544.788452 557.499268
0 1769859072 876.928284 727.000305
0 1578525683 835.120300 680.987488
0 1770636073 927.529724 763.321838
0 1524846317 508.991364 500.536835
0 1524833300 553.300293 548.969177
0 1568511656 697.315613 785.002441
0 1438985620 779.783813 745.279358
0 1707993177 982.665833 802.898376
0 1478189152 1221.791138 974.541687
0 1524791247 491.719330 515.092834
0 1524830296 521.522949 510.112854
0 2088218948 809.200317 748.871643
0 1524827292 451.445038 528.008667
0 1606348170 797.302612 780.031555
0 1524855329 628.065918 548.367798
0 1478183145 1182.325195 946.213135
0 1438990627 905.398193 730.444397
0 1524840309 431.287659 544.334106
0 1478222194 1307.368286 1035.968628
0 1709860179 998.456055 687.755493
0 1478188151 1417.534546 1024.393555
0 1438988624 838.682922 752.472046
0 1478243222 1484.999268 1008.415771
0 1524843313 467.600739 495.820160
0 1524844315 599.280884 502.890472
0 1524858333 449.131714 510.212585
0 1524811271 635.080811 540.212769
0 1524859334 439.480927 517.733154
0 1478216186 1228.701782 1025.696045
0 1524851324 433.156799 564.446289
0 1524814275 590.468262 562.797791
0 1578514668 924.130615 778.950073
0 1478184146 1263.411743 1004.416748
0 1524829294 513.065735 517.538940
0 1478176143 1371.561768 993.816711
0 1524860336 613.368530 565.453979
0 1438997636 791.886963 716.712708
0 1478194158 1296.466553 984.152100
0 1524838306 606.031311 519.769531
0 1568514660 885.297485 808.316833
0 1524865342 597.708252 583.659546
0 2085418945 991.178833 740.821472
0 1524808268 567.608276 560.146179
0 1568501643 893.837402 775.232239
0 1478239216 1254.954712 955.496887
0 1524820283 536.002930 566.303528
0 1438989625 957.279053 766.954773
0 1568505649 833.459473 767.822266
0 1524804262 605.664551 574.410095
0 1568506650 954.493652 782.676514
0 1478217187 1195.025269 1077.090454
0 1568505648 959.953430 751.859863
0 1568497640 822.336975 800.508179
0 1578511665 853.779541 804.407776
0 1524796253 577.316589 524.901611
0 1524826291 613.201477 537.698242
0 1578529688 993.102844 726.791260
0 1708834178 868.231812 756.080505
0 1478189153 1426.242798 1051.491577
0 1568499641 861.919067 684.187500
0 1524852325 620.327637 529.830383
0 1478219190 1475.242310 983.654724
0 1578525682 936.945923 720.028137
0 1478232206 1456.343872 1029.423828
0 1524818280 530.867554 546.375366
0 1524850322 633.961121 514.777771
0 1438996635 889.657715 791.424622
0 1524832299 539.455078 538.153625
0 1524789245 476.442627 488.929932
0 1438999639 748.776367 683.769531
0 1478252234 1192.208984 1048.068237
0 1524803261 463.801147 538.620789
0 1478211179 1546.179443 1067.153320
0 1578523680 942.644592 693.827087
0 1578530689 769.898743 699.910278
0 1568508653 728.464783 723.726196
0 1524826290 640.486267 507.573486
0 1524847319 563.708374 514.933350
0 1524810270 526.930420 575.395447
0 1524835302 561.551208 540.700623
0 1524821284 458.500916 502.911377
0 1524799257 547.783447 530.179932
0 1478233208 1346.875977 1041.127563
0 1608354172 987.095703 770.595947
0 1524835303 582.402527 571.703064
0 1524812273 598.282410 554.170227
0 1706512175 787.261963 662.638184
0 1438986622 971.870850 684.593689
0 1524823286 470.407990 512.650696
0 1478223195 1232.439331 1053.362671
0 1438987623 962.523193 737.354919
0 1478193157 1394.583984 1074.701416
0 1524862339 495.375366 533.072571
0 1478236212 1291.418335 960.157776
0 1478240217 1259.076538 979.340149
0 1578521678 757.178406 727.215820
0 1524844314 627.244507 522.193542
0 1524848320 489.768616 560.923218
0 1524806265 569.552917 532.681824
0 1524787243 571.326111 507.640167
0 1478241219 1378.837158 1019.377747
0 1524799256 583.684998 543.252014
0 1478190154 1364.645630 969.517883
0 1478226198 1386.500610 1046.302002
0 1478214184 1187.012207 994.514099
0 2084722944 933.929749 733.895874
0 1578522679 825.345398 706.587830
0 1524825289 496.835052 491.247528
0 1774531078 763.661987 713.298279
0 1525674169 830.324280 693.548096
0 1524815276 605.856506 545.807739
0 1768901071 945.339111 681.438354
0 1578526684 881.027283 713.293762
0 1524853326 654.906677 517.164551
0 1478218189 1218.590454 950.848694
0 1578513667 872.666504 741.251526
0 1438983618 897.847351 759.697083
0 1478224196 1301.776245 1009.389343
0 1524792248 409.819153 561.721375
0 1524795252 488.279510 498.176605
0 1524808267 508.473480 543.786011
0 1478191155 1409.267822 998.669312
0 1524856330 558.205505 498.222260
0 1478212181 1333.961426 988.977661
0 1478185147 1267.977051 1030.824707
0 1568502645 773.357971 760.446167
0 1568508652 901.697876 744.779846
0 1438984619 951.590210 799.064758
0 1659977623 860.467957 732.315857
0 1438982617 848.519958 723.563721
0 1524805264 466.713196 558.240295
0 1771287074 736.091858 772.480469
0 2087111947 939.848755 706.681519
0 1524817279 641.886597 532.300842
0 1524795251 584.852600 517.349487
0 1478230204 1353.863037 1069.342407
0 1524847318 473.391571 530.538513
0 1578516671 790.969543 796.617798
0 1568513659 853.156799 709.937256
0 1578529687 743.410278 756.770813
0 1524819282 598.804321 527.363953
0 1478253235 1340.251221 1014.376343
0 1524836304 526.050476 527.682312
0 1568501644 948.560913 816.163086
0 1438998637 721.148438 738.118896
0 1524816278 503.423248 572.650696
0 1705773174 839.743286 668.879822
0 1524845316 517.259644 493.568787
0 1524842312 537.716370 495.893677
0 1568507651 755.050964 671.426147
0 1438999638 967.372864 709.981995
0 1478252233 1189.541870 1020.582397
0 1438993630 918.860596 678.289185
0 1478237214 1495.265625 1034.468750
0 1524857332 408.706421 541.714905
0 1478248228 1313.265747 1063.999634
0 1478225197 1438.275391 978.929565
0 1524859335 542.598511 512.521179
0 1524832298 555.864258 522.443359
0 1478200166 1512.311035 988.392944
0 1478245225 1506.081665 1061.917236
0 1438995633 813.476440 665.755859
0 1524804263 486.118073 541.201172
0 1524839308 534.447388 519.989136
0 1524849321 559.182007 569.000854
0 1568512658 808.376160 677.793823
0 1568514661 785.955200 730.713196
0 1773608077 884.972534 700.101135
0 1438977615 828.015564 783.820312
0 1524834301 453.908325 546.957947
0 1607644171 920.587585 795.240234
0 1524800258 529.736389 502.900787
0 1568504647 969.663391 697.053467
0 1568500642 843.699036 737.731079
0 1524815277 479.958710 569.910950
0 1568503646 759.677063 792.736755
0 1524841311 419.282440 533.473328
0 1478213182 1466.102905 1056.696655
0 1524813274 499.268707 552.219360
0 1568516663 964.994568 723.406067
0 1578517672 996.737610 700.286499
0 1578527685 916.891174 812.235229
0 1478215185 1447.080200 1003.535706
0 1524838307 456.536560 567.176147
0 1524819281 550.514526 505.268616
0 2086284946 820.172913 720.134521
0 1524824288 620.831970 556.777527
0 1524802260 386.523651 559.001343
0 1578518673 989.177979 755.411621
0 1438981616 866.062866 672.010010
0 1478238215 1401.409912 974.217224
0 1609135173 750.433289 741.695129
0 1524837305 420.725128 552.888611
0 1524793249 522.008606 554.856995
0 1568515662 713.531006 753.103760
0 1568516664 742.263245 696.582092
0 1438991628 735.497620 709.891235
0 1478249230 1327.981934 964.831421
0 1438996634 857.619995 696.821228
0 1578519675 984.926819 786.411438
0 1524829295 461.069092 520.214233
0 1524864341 476.568665 549.586365
0 1478255238 1534.300171 1039.528198
0 1438993631 705.593628 768.718140
0 1524788244 512.865112 563.610962
0 1772785076 994.954468 713.289368
0 1524828293 591.358887 535.187927
0 1524798255 592.170898 510.015533
0 1578528686 814.795349 734.218201
0 1772037075 775.902588 687.022278
0 1578515670 803.374268 764.130066
0 1524851323 517.396484 535.610901
0 1478202169 1272.791382 1058.673096
0 1478246226 1523.025757 1013.309692
0 1524809269 482.693359 522.699402
0 1524822285 613.049316 512.394714
0 1524841310 574.072754 580.899780
0 1578515669 980.306885 820.100342
0 1524854328 504.353821 525.188782
0 0 603.296753 483.400848
0 1 660.888000 526.990051
0 2 1122.107178 763.593567
0 3 1007.253906 1014.235046
0 4 1091.042847 611.691772
0 5 1062.138184 533.088501
0 6 897.422607 993.089417
0 7 580.076416 534.676025
0 8 699.604553 555.506287
0 9 466.282684 546.065796
0 10 770.056335 555.234985
0 11 630.438354 469.726624
0 12 349.201691 909.970154
0 13 1201.243286 1006.238708
0 14 142.497696 886.341064
0 15 1080.495483 584.853699
0 16 1316.948486 575.559937
0 17 227.798462 764.889221
0 18 1214.028198 555.147949
0 19 1126.951782 1049.656616
0 20 405.832153 575.539490
0 22 309.904083 663.954041
0 23 498.798584 926.770996
0 24 912.479431 511.603271
0 27 500.109161 514.277405
0 28 848.754578 501.774078
0 29 304.262665 705.223755
0 30 852.193848 572.665771
0 31 1125.546753 542.216980
0 32 1202.705566 725.976929
0 33 704.244080 1072.050903
0 34 1141.773926 607.185547
0 35 546.482056 472.804840
0 36 242.632721 889.990112
0 37 1144.996704 654.768738
0 38 150.236725 792.129150
0 39 1182.609009 682.530029
