0 1578512666 926.073364 511.300934
0 1524823287 463.216797 372.230194
0 1478234209 1284.952637 926.633179
0 1707269176 901.484253 608.890381
0 1438989626 798.986877 489.533112
0 1524801259 609.238159 391.548950
0 1438992629 841.967346 517.654175
0 1478227200 1487.192749 916.370483
0 1524854327 586.479004 418.895020
0 1478249229 1600.284668 898.937195
0 1524807266 690.550110 346.262512
0 1524863340 510.501434 349.925690
0 1524831297 649.265198 343.454926
0 1478229202 1477.513672 887.792114
0 1568509654 837.295044 530.423279
0 1524790246 531.420044 351.364532
0 1578523681 774.896606 615.153564
0 1478207175 1583.561401 954.532715
0 1524861337 434.447479 398.092682
0 1478210178 1474.225586 1007.458252
0 1524862338 679.056580 361.519318
0 1478186149 1454.563965 942.480225
0 1524797254 608.145081 340.658569
0 1578518674 905.398560 593.355164
0 1438985621 811.222534 601.677368
0 1524857331 475.951141 382.155334
0 1478203170 1519.521606 1011.823853
0 1438994632 950.054199 525.842041
0 1578520676 820.084229 503.336578
0 1478237213 1224.304321 767.807739
0 1568511657 947.273376 538.823792
0 1775370079 929.113647 499.234589
0 1478195160 1250.583252 985.903809
0 1568510655 952.739868 513.304749
0 1478257240 1264.086304 793.836182
0 1578521677 970.092285 568.448547
0 1524794250 479.863312 401.335449
0 1524812272 579.219116 398.787506
0 1769859072 916.294922 550.109680
0 1578525683 872.943909 507.308624
0 1770636073 967.526917 582.977600
0 1524846317 539.199707 343.824127
0 1524833300 586.902954 389.974854
0 1568511656 744.491699 612.699768
0 1438985620 822.234070 571.583679
0 1478185148 1294.937378 990.178650
0 1707993177 1023.061279 618.605835
0 1478189152 1260.486694 770.926636
0 1524791247 523.424194 359.114441
0 1524830296 552.381470 352.806305
0 2088218948 851.130920 573.849792
0 1524827292 484.958618 373.752869
0 1606348170 841.222778 604.074768
0 1524855329 660.575073 386.052032
0 1478183145 1221.680298 746.030273
0 1438990627 944.392090 552.274170
0 1524840309 466.678894 390.804779
0 1478222194 1344.126831 824.586182
0 1709860179 1034.396118 507.083862
0 1478188151 1451.223022 810.166443
0 1438988624 880.108276 576.122192
0 1478243222 1517.267456 793.060730
0 1524843313 497.953308 341.003387
0 1524844315 628.684631 342.055359
0 1524858333 481.066711 356.183807
0 1524811271 666.910461 377.642303
0 1524859334 472.267212 364.094208
0 1478216186 1267.859009 817.845581
0 1524851324 470.358795 410.547607
0 1524814275 624.583313 402.005280
0 1578514668 964.863281 598.061951
0 1478184146 1301.251465 797.079346
0 1524829294 544.668823 360.584320
0 1478176143 1406.461182 783.509399
0 1524860336 647.340698 403.619507
0 1478222193 1508.052124 864.190857
0 1438997636 832.454956 543.650757
0 1478194158 1333.223633 777.196472
0 1478201168 1540.389893 950.499146
0 1478187150 1333.121094 961.648071
0 1478205172 1497.391113 946.481689
0 1524838306 636.657959 358.603027
0 1568514660 928.271057 627.531189
0 1524865342 633.297607 422.260620
0 2085418945 1029.139526 558.802979
0 1524808268 601.876221 400.394623
0 1478200167 1403.973022 908.708313
0 1478194159 1529.046509 920.223999
0 1568501643 935.088623 595.705261
0 1478239216 1292.534302 752.065674
0 1524820283 571.304749 407.864502
0 1438989625 996.829590 585.275513
0 1568505649 875.792847 591.011841
0 1478255237 1246.672485 953.447083
0 1524804262 640.424805 412.799835
0 1568506650 994.723083 600.425415
0 1478217187 1236.121094 865.878601
0 1568505648 998.858521 570.684143
0 1568497640 866.649658 622.558289
0 1578511665 897.414856 625.041077
0 1478258241 1369.421021 934.525208
0 1524796253 608.668213 365.012268
0 1478206173 1571.063965 924.092590
0 1524826291 645.100403 376.124237
0 1578529688 1030.523804 545.182800
0 1478233207 1384.204956 998.782166
0 1708834178 909.166565 578.400940
0 1478189153 1459.562012 834.788330
0 1568499641 899.474792 509.302216
0 1478245224 1339.477539 994.471375
0 1524852325 651.556946 367.979614
0 1478219190 1507.970703 770.416687
0 1578525682 974.950012 540.937866
0 1478232206 1489.047363 813.467224
0 1524818280 564.616272 388.404144
0 1524850322 663.943176 352.355103
0 1438996635 931.746216 611.308716
0 1524832299 572.391113 379.876099
0 1478242220 1420.277832 969.916260
0 1524789245 506.059509 333.716278
0 1438999639 788.342102 513.591919
0 1478196161 1321.396606 901.105347
0 1478252234 1232.949219 839.555237
0 1524803261 498.045502 383.712494
0 1478211179 1576.255737 845.101624
0 1578523680 979.474609 515.313660
0 1578530689 809.981140 528.336914
0 1568508653 770.919434 552.969482
0 1524826290 669.887024 344.857330
0 1524847319 594.433289 355.698730
0 1524810270 563.149414 417.217957
0 1524835302 594.366333 381.415131
0 1524821284 489.625519 348.489807
0 1524799257 579.946228 371.589172
0 1478233208 1382.466675 827.974609
0 1608354172 1026.214600 587.579956
0 1524835303 617.333130 411.151031
0 1478251232 1242.968872 922.710571
0 1524812273 631.621948 393.126495
0 1706512175 824.882324 491.463715
0 1438986622 1007.976013 505.114136
0 1478211180 1445.501953 912.531921
0 1524823286 502.223511 357.647614
0 1478223195 1271.817017 843.035889
0 1478244223 1396.440674 880.432312
0 1438987623 1000.814087 556.620850
0 1478193157 1428.724976 857.087036
0 1478198164 1376.610474 965.773743
0 1524862339 528.581604 376.807953
0 1478236212 1328.139526 755.098572
0 1478240217 1296.792847 774.056152
0 1478214183 1508.151367 978.252441
0 1578521678 799.140198 555.162720
0 1524844314 657.835449 360.059662
0 1524848320 525.481934 404.592682
0 1524806265 601.618408 373.097656
0 1524787243 601.382141 348.076691
0 1478241219 1413.532104 806.877441
0 1524799256 616.388550 382.957458
0 1478190154 1399.708984 761.194946
0 1478226198 1420.944946 831.375305
0 1478208176 1559.204956 895.208008
0 1478214184 1227.051025 790.604370
0 2084722944 972.565063 554.444580
0 1578522679 864.680969 532.515076
0 1524825289 526.395447 335.099213
0 1774531078 804.657837 541.509338
0 1525674169 868.884155 519.693176
0 1478197162 1641.325073 990.886047
0 1524815276 638.458130 384.503082
0 1768901071 981.622437 503.149353
0 1578526684 919.669800 536.715393
0 1478182144 1464.124512 974.075806
0 1524853326 684.881592 353.787048
0 1478218189 1257.048096 749.042908
0 1578513667 912.796143 563.995667
0 1438983618 938.305908 580.686035
0 1478224196 1338.546997 800.333923
0 1478247227 1565.009277 1016.207886
0 1524792248 447.292145 408.889404
0 1524795252 518.555786 342.412323
0 1524808267 542.377991 386.836884
0 1478191155 1443.269287 786.682251
0 1524856330 587.646545 339.264557
0 1478236211 1239.456543 893.560974
0 1478258242 1656.565674 1025.031982
0 1478212181 1369.779541 780.347534
0 1478185147 1305.924438 821.209778
0 1568502645 816.832764 586.345032
0 1568508652 941.404968 566.219055
0 1438984619 992.534302 616.166321
0 1659977623 900.414978 555.894897
0 1478209177 1429.120605 1003.111145
0 1438982617 888.273193 547.950928
0 1524805264 502.647156 402.962250
0 1771287074 781.308655 599.286926
0 2087111947 977.251709 527.902283
0 1524817279 673.068542 369.467957
0 1524795251 615.523987 357.149384
0 1478230204 1389.280762 853.554871
0 1478230203 1596.750488 986.657471
0 1524847318 506.746857 375.278778
0 1578516671 835.975220 620.082764
0 1568513659 892.139099 534.612488
0 1578529687 787.477722 584.021545
0 1524819282 630.090210 366.494415
0 1478253235 1375.973633 803.599915
0 1524836304 558.319702 370.083862
0 1478243221 1552.359741 982.446289
0 1568501644 990.258423 632.533691
0 1438998637 764.680542 567.070251
0 1524816278 539.872742 415.544678
0 1705773174 876.867615 495.339447
0 1524845316 546.771851 336.484894
0 1524842312 567.188843 337.873352
0 1568507651 793.754944 501.358093
0 1438999638 1004.520142 529.967957
0 1478252233 1229.929443 814.493347
0 1438993630 955.335083 501.189514
0 1478237214 1527.005371 816.779480
0 1524857332 444.318756 389.218719
0 1478248228 1349.982056 850.035583
0 1478225197 1471.761719 767.332397
0 1524859335 573.385864 354.251007
0 1524832298 587.290710 363.533234
0 1478200166 1544.302368 773.511536
0 1478250231 1280.347656 897.325867
0 1478245225 1537.216919 841.651428
0 1438995633 850.842468 493.399139
0 1524804263 520.187683 385.272980
0 1524839308 565.957642 362.057251
0 1524849321 594.293152 409.505951
0 1568512658 846.480530 505.320068
0 1568514661 827.437927 557.361938
0 1478231205 1289.808716 957.539307
0 1773608077 922.927246 523.787048
0 1438977615 871.309937 606.479126
0 1524834301 489.088165 392.394318
0 1607644171 962.096069 613.734009
0 1524800258 559.885315 345.238800
0 1568504647 1006.277710 517.327698
0 1568500642 884.265564 561.778381
0 1478256239 1356.133667 876.773315
0 1524815277 516.648926 413.875214
0 1568503646 805.390930 617.614563
0 1478220191 1547.937012 867.762573
0 1478207174 1411.907593 938.494812
0 1524841311 453.904480 380.601593
0 1478213182 1498.319214 838.213684
0 1524813274 534.054504 395.583893
0 1568516663 1002.700073 543.057495
0 1578517672 1033.149658 519.346985
0 1578527685 959.218811 630.028748
0 1478240218 1315.978638 873.127991
0 1478215185 1480.204468 789.865967
0 1524838307 493.477661 412.209534
0 1478197163 1362.604858 904.899475
0 1478221192 1275.974854 869.496521
0 1524819281 580.612793 346.656281
0 2086284946 860.326660 545.797974
0 1524824288 654.054565 394.707458
0 1524802260 424.277588 407.234985
0 1478226199 1436.900391 884.105225
0 1578518673 1027.704102 572.925903
0 1438981616 902.957886 497.284576
0 1478238215 1435.674683 764.258545
0 1609135173 793.417419 569.323853
0 1524837305 457.130127 399.712250
0 1524793249 556.611938 397.183929
0 1568515662 758.205566 581.704590
0 1568516664 782.738770 526.256042
0 1438991628 776.934937 539.373596
0 1478249230 1363.864136 758.141602
0 1438996634 895.870667 521.737488
0 1578519675 1024.668213 602.795593
0 1524829295 493.712524 365.586884
0 1524864341 511.546600 393.987366
0 1478255238 1565.098267 820.103638
0 1438993631 751.480835 596.903381
0 1524788244 548.367737 406.226746
0 1772785076 1031.859741 532.039001
0 1524828293 623.336426 374.609344
0 1478203171 1587.970337 871.347534
0 1524798255 622.193604 349.499939
0 1478199165 1468.315186 860.632385
0 1578528686 855.812927 559.567139
0 1478192156 1518.281738 891.492981
0 1478228201 1327.102905 930.571350
0 1772037075 815.120117 515.620422
0 1578515670 846.270996 588.675171
0 1524851323 550.462952 378.340393
0 1478218188 1613.246094 927.976379
0 1478202169 1310.827637 846.529297
0 1478254236 1626.906738 958.582581
0 1478246226 1554.458740 796.266602
0 1524809269 515.203003 367.082764
0 1524822285 643.047241 350.926056
0 1524841310 609.861572 420.575897
0 1478235210 1610.690308 1020.610596
0 1578515669 1021.390320 635.046143
0 1524854328 536.738647 368.581726
0 0 488.507538 728.709351
0 1 1234.697876 524.990173
0 2 576.406677 406.105957
0 3 263.173218 750.307617
0 4 358.203766 660.314575
0 5 1369.772583 809.067871
0 6 321.488098 515.426941
0 7 217.567078 807.974060
0 8 666.559814 872.540833
0 9 894.073975 330.497559
0 10 351.077850 713.908630
0 11 1630.167236 671.969177
0 12 532.273804 353.466705
0 13 844.600098 792.426453
0 14 574.100281 322.176819
0 15 314.725250 923.022522
0 16 754.494812 757.130249
0 17 957.180908 322.424164
0 18 1573.060669 539.769165
0 19 1114.564209 417.880920
0 20 826.426819 325.933228
0 21 731.419373 393.321564
0 22 1463.914185 820.371399
0 23 499.289642 396.381042
0 24 1564.906982 584.273315
0 25 1160.681274 440.130890
0 26 830.491577 392.368469
0 27 1691.559937 788.647339
0 28 1322.353149 370.933136
0 29 946.729919 386.019135
0 30 501.747040 485.832672
0 31 1067.619629 819.781860
0 32 329.881104 604.436279
0 33 1162.468018 504.335815
0 34 191.540817 891.856384
0 35 1274.141479 810.528809
0 36 432.818939 587.459290
0 37 389.360962 551.587402
0 38 1308.194336 875.213562
0 39 233.684280 700.306274
