0 1578512666 982.243774 528.016479
0 1524823287 1193.995728 306.190918
0 1478234209 284.596436 717.916443
0 1707269176 785.178467 528.862915
0 1438989626 1010.405151 463.990936
0 1524801259 1189.826050 361.645081
0 1438992629 956.737366 488.539429
0 1478227200 233.875031 836.734863
0 1524854327 1122.237549 362.240967
0 1478249229 213.362274 923.384827
0 1524807266 1335.048340 378.335907
0 1524863340 1258.978760 312.831543
0 1524831297 1325.755981 360.446655
0 1478229202 271.961212 836.897766
0 1568509654 929.931335 488.683777
0 1524790246 1262.301880 320.303192
0 1578523681 773.880371 477.271637
0 1478207175 153.976212 892.598206
0 1524861337 1132.457520 306.826630
0 1478210178 141.314972 810.307861
0 1524862338 1288.285400 378.725311
0 1478186149 215.313629 810.570068
0 1524797254 1316.978149 343.547485
0 1578518674 813.199829 528.742554
0 1438985621 796.491821 489.402161
0 1524857331 1175.614746 313.676086
0 1478203170 120.102913 836.248352
0 1438994632 952.967285 542.297974
0 1578520676 983.999512 476.069305
0 1478237213 500.345703 697.300354
0 1568511657 924.215210 542.410278
0 1775370079 1010.571350 527.894836
0 1478195160 233.802231 697.203979
0 1568510655 981.764832 542.185486
0 1478257240 454.924377 718.076721
0 1578521677 864.228027 557.289795
0 1524794250 1135.734619 321.559570
0 1524812272 1165.051392 353.292755
0 1769859072 897.525024 528.380371
0 1578525683 983.151978 501.146118
0 1770636073 835.085571 557.391907
0 1524846317 1283.481689 320.092957
0 1524833300 1187.291870 353.091461
0 1568511656 777.710144 465.398682
0 1438985620 849.749878 489.115448
0 1478185148 216.917374 717.852722
0 1707993177 768.072266 588.528564
0 1478189152 489.185211 718.109009
0 1524791247 1241.146484 320.513184
0 1524830296 1265.714233 327.975800
0 2088218948 847.018799 501.831299
0 1524827292 1196.420166 313.465332
0 1606348170 792.850220 502.103973
0 1524855329 1218.364136 379.307556
0 1478183145 533.944214 697.312439
0 1438990627 895.508545 542.522400
0 1524840309 1154.832886 313.886658
0 1478222194 393.778809 762.438110
0 1709860179 1010.727295 587.886047
0 1478188151 386.709503 837.388428
0 1438988624 844.192078 514.992249
0 1478243222 394.843597 894.008850
0 1524843313 1276.369873 305.339935
0 1524844315 1321.305542 351.878510
0 1524858333 1235.136597 305.765930
0 1524811271 1241.641479 379.113739
0 1524859334 1214.554565 305.978577
0 1478216186 420.728851 718.044556
0 1524851324 1114.724976 321.768097
0 1524814275 1169.549927 370.640961
0 1578514668 805.989807 557.493835
0 1478184146 442.505554 739.798035
0 1524829294 1244.272583 328.184143
0 1478176143 439.169434 811.363403
0 1524860336 1171.897705 379.694519
0 1478222193 292.521454 864.472107
0 1438997636 903.164795 488.827850
0 1478194158 465.326172 762.594238
0 1478201168 175.449509 863.881348
0 1478187150 233.824310 739.475037
0 1478205172 195.870102 836.572327
0 1524838306 1280.333984 360.847137
0 1568514660 752.653076 543.080322
0 1524865342 1125.548950 380.080505
0 2085418945 888.994202 588.208374
0 1524808268 1167.268799 361.843933
0 1478200167 270.114136 785.886169
0 1478194159 214.388062 864.077820
0 1568501643 809.660156 542.857727
0 1478239216 512.609985 739.906494
0 1524820283 1142.837769 353.493805
0 1438989625 831.821533 572.588867
0 1568505649 816.615784 515.121033
0 1478255237 266.903595 697.215942
0 1524804262 1148.708618 379.887634
0 1568506650 802.181458 572.680237
0 1478217187 366.577515 697.251953
0 1568505648 861.510193 572.497375
0 1568497640 761.588806 515.378052
0 1578511665 757.200317 528.983093
0 1478258241 251.536926 762.127747
0 1524796253 1254.176270 352.486115
0 1478206173 193.895447 892.831970
0 1524826291 1238.285156 370.051544
0 1578529688 919.351135 588.127991
0 1478233207 180.838943 761.973511
0 1708834178 841.264709 528.622009
0 1478189153 348.378174 837.224487
0 1568499641 982.705872 514.345276
0 1478245224 199.280075 739.421631
0 1524852325 1261.254395 369.854553
0 1478219190 435.305786 894.245789
0 1578525682 922.653870 557.085266
0 1478232206 370.998383 864.868103
0 1524818280 1184.827637 344.773682
0 1524850322 1307.279297 369.459869
0 1438996635 781.134155 542.969055
0 1524832299 1206.786743 344.569916
0 1478242220 197.656403 785.679932
0 1524789245 1297.021362 305.126617
0 1438999639 958.436829 464.305359
0 1478196161 303.114319 739.582275
0 1478252234 399.926056 697.264038
0 1524803261 1177.826538 321.141724
0 1478211179 295.737091 923.937622
0 1578523680 981.268250 556.879944
0 1578530689 931.241272 476.371185
0 1568508653 880.761963 464.775269
0 1524826290 1330.335083 369.262146
0 1524847319 1272.822021 343.957184
0 1524810270 1120.651123 353.694611
0 1524835302 1209.559570 352.889923
0 1524821284 1255.741699 305.553070
0 1524799257 1228.772095 344.365936
0 1478233208 379.355408 786.197205
0 1608354172 828.432373 588.368713
0 1524835303 1146.695435 370.836945
0 1478251232 300.066467 697.227966
0 1524812273 1192.433105 370.444733
0 1706512175 1010.436157 475.917999
0 1438986622 1010.685974 572.037415
0 1478211180 252.428604 810.701599
0 1524823286 1238.102173 313.043060
0 1478223195 386.598480 718.012451
0 1478244223 306.453735 785.989624
0 1438987623 891.247498 572.405640
0 1478193157 326.890991 810.965454
0 1478198164 216.152863 762.050537
0 1524862339 1201.464233 328.600067
0 1478236212 501.207153 762.672485
0 1478240217 477.523590 739.852173
0 1478214183 157.946167 836.410217
0 1578521678 878.635803 476.672211
0 1524844314 1284.252441 369.657349
0 1524848320 1139.189697 337.092926
0 1524806265 1231.854370 352.688141
0 1524787243 1294.886841 343.752441
0 1478241219 401.664978 811.230469
0 1524799256 1212.411133 361.445953
0 1478190154 476.752533 811.496582
0 1478226198 364.238922 811.097839
0 1478208176 233.904449 893.066284
0 1478214184 466.809937 697.288208
0 2084722944 893.417480 557.187622
0 1578522679 928.576172 501.420837
0 1524825289 1300.803467 312.407806
0 1774531078 904.919495 476.521790
0 1525674169 955.843628 501.283569
0 1478197162 90.510170 922.560364
0 1524815276 1215.344849 370.248260
0 1768901071 1010.646423 556.777100
0 1578526684 925.720764 528.259277
0 1478182144 178.275818 810.438843
0 1524853326 1311.651978 378.530762
0 1478218189 523.511597 718.141296
0 1578513667 869.373047 528.501282
0 1438983618 838.231140 542.746094
0 1478224196 429.516754 762.516052
0 1478247227 97.827156 863.489685
0 1524792248 1113.339966 314.307037
0 1524795252 1279.879150 312.619812
0 1524808267 1182.430420 336.682098
0 1478191155 425.123169 837.552673
0 1524856330 1312.768921 335.443817
0 1478236211 333.291046 697.239990
0 1478258242 49.747574 922.286804
0 1478212181 452.555267 786.405579
0 1478185147 407.555817 739.743958
0 1568502645 823.101257 489.258911
0 1568508652 866.847290 542.634338
0 1438984619 772.589844 572.771484
0 1659977623 884.549133 521.559509
0 1478209177 161.537811 785.577148
0 1438982617 899.470886 514.734070
0 1524805264 1137.439087 329.222137
0 1771287074 800.012512 477.122101
0 2087111947 951.937378 556.982666
0 1524817279 1264.948608 378.919647
0 1524795251 1276.525391 352.283813
0 1478230204 342.867432 786.093262
0 1478230203 114.146378 892.364868
0 1524847318 1198.908813 320.932465
0 1578516671 765.826599 502.239990
0 1568513659 927.173523 514.604675
0 1578529687 826.182373 476.972351
0 1524819282 1257.665039 361.046967
0 1478253235 415.917938 786.301208
0 1524836304 1225.773682 336.270355
0 1478243221 136.595963 863.685303
0 1568501644 743.046509 572.862549
0 1438998637 854.944031 464.931427
0 1524816278 1119.108521 345.383484
0 1705773174 1010.501404 501.008453
0 1524845316 1304.686035 319.882477
0 1524842312 1308.673096 327.558380
0 1568507651 984.402466 464.148254
0 1438999638 950.868713 572.221863
0 1478252233 433.336792 697.276062
0 1438993630 1010.608154 542.072815
0 1478237214 354.472717 893.772400
0 1524857332 1152.947266 306.614990
0 1478248228 358.112061 762.360291
0 1478225197 449.821014 865.265869
0 1524859335 1269.219727 335.857544
0 1524832298 1250.783813 344.161682
0 1478200166 420.016205 924.771667
0 1478250231 318.532471 717.948364
0 1478245225 314.192749 893.536499
0 1438995633 1010.468201 488.250183
0 1524804263 1180.097534 328.807678
0 1524839308 1247.483887 336.064056
0 1524849321 1144.739380 362.042572
0 1568512658 983.582947 488.394928
0 1568514661 876.437622 488.971771
0 1478231205 250.724777 717.884583
0 1773608077 953.960327 528.138000
0 1438977615 789.081360 515.249695
0 1524834301 1156.768433 321.350769
0 1607644171 776.940796 557.595520
0 1524800258 1287.181152 327.767212
0 1568504647 980.752808 572.129761
0 1568500642 871.810425 514.863281
0 1478256239 322.516296 762.282593
0 1524815277 1117.607544 337.297974
0 1568503646 769.921448 489.545197
0 1478220191 274.003387 893.301147
0 1478207174 233.848511 785.782959
0 1524841311 1173.459961 306.403076
0 1478213182 331.716858 864.669861
0 1524813274 1160.797363 336.887634
0 1568516663 921.033691 572.313843
0 1578517672 980.217468 587.966858
0 1578527685 747.938293 557.697083
0 1478240218 337.860413 739.636047
0 1478215185 410.366333 865.066711
0 1524838307 1116.146973 329.429047
0 1478197163 286.991333 762.205078
0 1478221192 352.533112 717.980408
0 1524819281 1290.981445 335.650818
0 2086284946 901.349670 501.557861
0 1524824288 1195.116089 379.501160
0 1524802260 1111.990723 307.038086
0 1478226199 289.620911 810.833435
0 1578518673 858.688049 588.288574
0 1438981616 1010.535767 514.215332
0 1478238215 463.619293 837.717285
0 1609135173 852.390137 476.822388
0 1524837305 1134.074707 314.096954
0 1524793249 1162.895020 344.977173
0 1568515662 829.162781 465.087402
0 1568516664 932.508301 464.462189
0 1438991628 906.616760 464.618835
0 1478249230 489.267609 786.510010
0 1438996634 954.918457 514.475098
0 1578519675 798.227173 588.448669
0 1524829295 1217.249390 313.254333
0 1524864341 1158.755859 329.015015
0 1478255238 337.067566 924.214966
0 1438993631 803.418213 465.243164
0 1524788244 1140.988647 345.180450
0 1772785076 949.758850 588.047485
0 1524828293 1235.024170 361.246582
0 1478203171 254.502090 923.660950
0 1524798255 1298.901733 352.081299
0 1478199165 310.128754 837.060913
0 1578528686 874.163879 501.694672
0 1478192156 253.412018 864.274780
0 1478228201 268.435669 739.528625
0 1772037075 957.601257 476.220337
0 1578515670 819.914246 501.967743
0 1524851323 1204.089355 336.476349
0 1478218188 172.317200 923.109375
0 1478202169 372.674164 739.689941
0 1478254236 131.366653 922.834534
0 1478246226 378.493805 924.492981
0 1524809269 1220.015503 320.722931
0 1524822285 1303.031006 360.647003
0 1524841310 1123.869385 371.032715
0 1478235210 74.405624 892.132202
0 1578515669 737.967590 588.608276
0 1524854328 1222.855957 328.392212
0 0 276.617462 337.823242
0 3 1120.934937 245.559036
0 4 668.203186 248.401886
0 6 1405.039062 689.034912
0 7 1284.401367 663.219360
0 9 341.453827 319.206451
0 10 1509.392090 643.487793
0 13 1469.271973 549.714966
0 14 626.033447 266.197968
0 19 207.064987 354.403137
0 20 1001.239807 245.664078
0 23 829.504700 386.117126
0 25 639.143494 388.843384
0 26 1030.302979 483.558929
0 27 702.753113 630.908325
0 28 378.125671 673.513245
0 29 1079.495483 569.275879
0 30 14.600525 878.964233
0 31 1069.972290 440.095367
0 33 646.726746 366.066559
0 35 298.345612 871.530762
0 43 166.094467 380.695618
0 59 1123.042358 261.773163
0 131 775.301514 195.564804
0 182 1278.329346 157.595642
0 185 1319.997314 370.833405
0 187 1219.208008 294.153992
0 192 1210.906128 201.705109
0 210 56.380447 615.568054
0 212 1156.675781 148.028320
0 227 572.511536 1067.428223
0 228 1530.696899 960.015991
0 230 1437.299805 82.094536
0 235 0.000000 0.000000
0 240 1386.068237 294.974457
0 241 1378.825195 272.914337
0 243 166.036850 293.362579
0 244 1523.790039 190.036438
0 245 1479.770996 174.237671
0 246 1497.569458 157.182220
0 247 1459.027222 141.582855
0 248 1450.688721 130.541351
