0 1578512666 902.591003 383.507599
0 1524823287 1641.066528 614.929443
0 1478234209 690.317017 138.655746
0 1707269176 913.984924 287.910431
0 1438989626 1047.937866 408.605560
0 1524801259 1392.687012 577.523987
0 1438992629 989.842651 374.096741
0 1478227200 575.627197 139.713150
0 1524854327 1371.583618 516.157288
0 1478249229 502.684753 143.818756
0 1524807266 1366.703247 719.917358
0 1524863340 1644.502563 685.312317
0 1524831297 1443.301514 724.706299
0 1478229202 570.016541 148.342499
0 1568509654 990.192932 359.500641
0 1524790246 1607.979126 683.011719
0 1578523681 1017.607483 282.631470
0 1478207175 537.349243 128.354202
0 1524861337 1605.627319 550.430969
0 1478210178 612.959045 116.531914
0 1524862338 1351.638428 666.865112
0 1478186149 602.958130 132.772583
0 1524797254 1519.794189 729.488525
0 1578518674 912.505310 300.324646
0 1438985621 991.787598 293.056396
0 1524857331 1595.124878 590.442932
0 1478203170 591.635132 115.092651
0 1438994632 875.861938 366.640991
0 1578520676 1018.413757 391.068115
0 1478237213 687.788818 194.675690
0 1568511657 878.053040 352.150604
0 1775370079 900.742432 399.017761
0 1478195160 719.457153 123.720100
0 1568510655 873.597656 381.614990
0 1478257240 668.836365 183.417847
0 1578521677 855.038818 322.740753
0 1524794250 1540.786987 546.269226
0 1524812272 1418.528687 558.405884
0 1769859072 907.784424 339.933868
0 1578525683 960.532471 387.289795
0 1770636073 857.449951 309.592804
0 1524846317 1620.872559 709.250916
0 1524833300 1426.478027 579.680420
0 1568511656 1043.124878 284.321991
0 1438985620 991.179199 318.407288
0 1478185148 698.173767 122.283585
0 1707993177 810.078796 281.037964
0 1478189152 664.190796 193.098343
0 1524791247 1595.620239 657.859985
0 1524830296 1571.431519 680.709656
0 2088218948 964.458984 316.646057
0 1524827292 1606.732788 612.744995
0 1606348170 965.865417 291.341888
0 1524855329 1331.294312 595.220886
0 1478183145 683.340881 204.641769
0 1438990627 880.174561 338.120728
0 1524840309 1583.961182 568.994202
0 1478222194 627.384094 170.911667
0 1709860179 782.705566 391.329224
0 1478188151 552.283142 175.616821
0 1438988624 937.725952 314.884033
0 1478243222 498.725281 182.038345
0 1524843313 1695.464233 713.932251
0 1524844315 1481.560913 727.098267
0 1524858333 1667.138916 662.380554
0 1524811271 1337.799683 618.130493
0 1524859334 1653.838257 638.173584
0 1478216186 673.359314 173.992844
0 1524851324 1531.033081 526.419067
0 1524814275 1352.217285 554.161621
0 1578514668 859.787903 296.843781
0 1478184146 645.545166 181.858932
0 1524829294 1559.826172 655.597473
0 1478176143 569.699097 186.782349
0 1524860336 1319.031860 552.037598
0 1478222193 541.530884 155.671677
0 1438997636 990.532166 345.367950
0 1478194158 616.964966 189.941696
0 1478201168 559.227417 129.827545
0 1478187150 672.738159 128.915009
0 1478205172 581.097046 131.300369
0 1524838306 1424.999512 671.486023
0 1568514660 889.845093 274.167236
0 1524865342 1307.675415 512.044250
0 2085418945 797.262756 332.675842
0 1524808268 1385.382935 556.284363
0 1478200167 619.898254 142.691101
0 1478194159 553.478516 138.223282
0 1568501643 886.152893 298.584656
0 1478239216 635.484192 201.447342
0 1524820283 1410.878296 537.931091
0 1438989625 830.665588 307.827362
0 1568505649 938.845337 302.063843
0 1478255237 715.841614 131.821075
0 1524804262 1313.246826 531.664734
0 1568506650 833.410522 295.102112
0 1478217187 704.437195 157.373627
0 1568505648 827.834656 320.950897
0 1568497640 940.985168 277.555267
0 1578511665 915.420959 275.861633
0 1478258241 646.654663 135.715332
0 1524796253 1452.305176 648.801208
0 1478206173 531.321106 136.732864
0 1524826291 1373.004150 620.363220
0 1578529688 793.799866 346.628357
0 1478233207 655.582703 119.408844
0 1708834178 910.980164 313.121124
0 1478189153 558.350403 166.285156
0 1568499641 931.569275 385.399200
0 1478245224 676.882263 120.846474
0 1524852325 1380.508423 644.263062
0 1478219190 491.667877 191.847610
0 1578525682 849.982788 350.310791
0 1478232206 528.943298 174.054657
0 1524818280 1460.248535 581.835571
0 1524850322 1396.492676 695.168945
0 1438996635 888.026550 286.193512
0 1524832299 1469.184448 603.993835
0 1478242220 629.601379 126.006653
0 1524789245 1710.565063 741.415466
0 1438999639 1046.745605 377.818909
0 1478196161 664.134155 145.666672
0 1478252234 700.437683 166.334808
0 1524803261 1561.436523 588.293091
0 1478211179 489.231445 161.652939
0 1578523680 844.589294 379.721436
0 1578530689 1018.192627 361.335846
0 1568508653 1045.096924 335.245361
0 1524826290 1405.015503 722.312622
0 1524847319 1498.263916 676.100891
0 1524810270 1403.510132 518.211975
0 1524835302 1434.743896 601.802673
0 1524821284 1681.002075 687.611328
0 1524799257 1478.483643 627.052673
0 1478233208 604.382385 169.370117
0 1608354172 803.868286 306.061066
0 1524835303 1345.809692 533.754761
0 1478251232 712.135376 140.125107
0 1524812273 1358.875488 575.366211
0 1706512175 1018.529907 406.690002
0 1438986622 812.238159 393.252899
0 1478211180 597.767090 141.202423
0 1524823286 1631.390991 660.121033
0 1478223195 677.764404 164.813354
0 1478244223 614.859375 151.355286
0 1438987623 824.913696 334.491730
0 1478193157 586.978943 158.721390
0 1478198164 651.173950 127.461113
0 1524862339 1538.001221 608.372131
0 1478236212 611.540527 199.849106
0 1478240217 640.582886 191.520340
0 1478214183 586.431396 123.096069
0 1578521678 1017.985352 333.461578
0 1524844314 1388.331177 669.176392
0 1524848320 1475.870728 542.102600
0 1524806265 1443.346191 624.824280
0 1524787243 1508.796021 702.217041
0 1478241219 575.613220 177.178314
0 1524799256 1400.282227 599.610107
0 1478190154 563.622253 196.650558
0 1478226198 581.371155 167.827972
0 1478208176 525.137756 145.327286
0 1478214184 692.117920 184.976089
0 2084722944 852.550964 336.306641
0 1578522679 962.179077 357.664520
0 1524825289 1672.463501 739.033386
0 1774531078 1018.087341 347.177521
0 1525674169 961.369263 372.234222
0 1478197162 521.613708 118.725975
0 1524815276 1365.799072 597.416199
0 1768901071 841.755188 395.175507
0 1578526684 906.109192 353.989502
0 1478182144 608.020569 124.551674
0 1524853326 1359.007690 692.816467
0 1478218189 659.417664 203.044891
0 1578513667 909.407288 326.317871
0 1438983618 884.221436 311.357391
0 1478224196 622.244202 180.299377
0 1478247227 570.302979 113.652832
0 1524792248 1562.868042 528.467896
0 1524795252 1658.180908 711.592346
0 1524808267 1493.998413 583.989380
0 1478191155 546.051147 185.201706
0 1524856330 1558.000977 731.877258
0 1478236211 708.335144 148.639923
0 1478258242 527.614258 110.771515
0 1478212181 593.337036 188.362350
0 1478185147 650.376465 172.452576
0 1568502645 991.487976 305.539764
0 1568508652 882.229675 324.529724
0 1438984619 836.073486 282.757324
0 1659977623 922.293213 333.972168
0 1478209177 634.274963 117.970657
0 1438982617 935.380676 341.746155
0 1524805264 1508.338379 544.186523
0 1771287074 1017.697693 294.770081
0 2087111947 847.330261 364.774689
0 1524817279 1344.575439 641.991699
0 1524795251 1461.643921 673.794250
0 1478230204 609.689148 160.245331
0 1478230203 543.227966 120.183250
0 1524847318 1572.377563 610.559265
0 1578516671 966.537659 279.248108
0 1568513659 934.151245 355.827484
0 1578529687 1017.790710 307.276489
0 1524819282 1416.418457 646.532837
0 1478253235 598.933594 178.739182
0 1524836304 1513.598999 629.279724
0 1478243221 564.833862 121.639946
0 1568501644 838.658020 270.776123
0 1438998637 1044.581055 321.927155
0 1524816278 1435.418335 520.265503
0 1705773174 959.667236 402.855927
0 1524845316 1634.335571 736.649597
0 1524842312 1596.181396 734.264221
0 1568507651 1047.331787 392.955780
0 1438999638 818.784058 362.907410
0 1478252233 696.332642 175.532471
0 1438993630 871.256592 397.097137
0 1478237214 505.593750 172.491837
0 1524857332 1616.988647 571.108093
0 1478248228 632.390076 161.768600
0 1478225197 515.662964 193.449280
0 1524859335 1534.859741 678.406067
0 1524832298 1488.168701 651.068115
0 1478200166 467.662506 190.245270
0 1478250231 686.239014 147.153580
0 1478245225 512.280579 163.197647
0 1438995633 989.106323 404.773468
0 1524804263 1527.727661 586.141846
0 1524839308 1524.008911 653.333496
0 1524849321 1378.353516 535.843506
0 1568512658 989.480652 389.179443
0 1568514661 990.860718 331.676971
0 1478231205 694.294067 130.368317
0 1773608077 904.378967 368.506348
0 1438977615 939.931213 289.626556
0 1524834301 1550.914185 566.879089
0 1607644171 862.056091 284.475830
0 1524800258 1583.538940 706.907837
0 1568504647 815.565796 377.826874
0 1568500642 936.571655 328.105072
0 1478256239 637.267273 152.860779
0 1524815277 1467.308350 522.317871
0 1568503646 992.078369 280.940186
0 1478220191 518.793030 154.145920
0 1478207174 624.810669 134.244232
0 1524841311 1628.792847 592.591553
0 1478213182 535.320312 164.741730
0 1524813274 1484.760986 562.644958
0 1568516663 821.898438 348.470032
0 1578517672 786.527161 375.931305
0 1578527685 864.257385 272.472076
0 1478240218 659.666260 154.365677
0 1478215185 522.393250 183.620361
0 1524838307 1499.179810 524.369080
0 1478197163 642.020569 144.179184
0 1478221192 682.056213 155.869965
0 1524819281 1546.180176 704.563232
0 2086284946 962.963196 343.557495
0 1524824288 1325.043213 573.207153
0 1524802260 1594.684692 530.515564
0 1478226199 592.442444 149.849182
0 1578518673 800.617188 319.160156
0 1438981616 930.212646 400.937347
0 1478238215 539.647766 195.050278
0 1609135173 1017.886597 320.167664
0 1524837305 1573.216675 548.350647
0 1524793249 1451.654785 560.526062
0 1568515662 1044.081055 309.012421
0 1568516664 1046.178345 363.170135
0 1438991628 1045.629028 348.986206
0 1478249230 587.586548 198.250168
0 1438996634 932.881409 370.370789
0 1578519675 807.020691 293.359619
0 1524829295 1618.811646 635.952271
0 1524864341 1517.847412 564.762634
0 1478255238 482.234406 170.928345
0 1438993631 1043.595825 296.483032
0 1524788244 1443.384033 540.017456
0 1772785076 790.223267 361.039185
0 1524828293 1408.186279 622.594421
0 1478203171 496.045807 152.619507
0 1524798255 1471.386841 699.869263
0 1478199165 564.259521 157.196838
0 1578528686 963.722778 329.891449
0 1478192156 547.581604 146.835190
0 1478228201 668.490112 137.185806
0 1772037075 1018.301331 375.958313
0 1578515670 965.172852 303.802216
0 1524851323 1503.603516 606.183716
0 1478218188 509.154907 135.241837
0 1478202169 655.081848 163.291290
0 1478254236 515.462524 126.880226
0 1478246226 475.047394 180.455704
0 1524809269 1583.762939 633.729492
0 1524822285 1433.952393 697.519958
0 1524841310 1339.638672 514.101379
0 1478235210 548.962646 112.212410
0 1578515669 813.046814 269.079376
0 1524854328 1548.692139 631.505249
0 0 795.566406 647.440369
0 1 1412.252930 327.817719
0 2 951.292542 106.115112
0 3 364.678802 182.250549
0 4 731.967285 185.474335
0 5 1533.921753 629.662354
0 6 414.675934 142.147400
0 7 624.999023 447.931946
0 8 614.150513 386.458191
0 9 1362.164795 173.497726
0 10 645.325989 339.746887
0 11 1450.609985 304.618439
0 12 638.869629 116.606277
0 13 1025.950439 145.382950
0 14 756.612671 134.107300
0 15 1292.577637 472.432709
0 16 1152.271729 657.548035
0 17 926.305481 144.333282
0 18 1331.126221 655.511353
0 19 1207.328247 124.889061
0 20 1309.676147 154.722351
0 21 633.717529 242.354843
0 22 1164.004883 155.460587
0 23 566.314087 114.405243
0 24 1523.351929 534.198792
0 25 1275.393188 169.248428
0 26 1243.117065 147.463791
0 27 1367.582153 195.431396
0 28 1498.038574 463.285461
0 29 1130.450317 103.911880
0 30 662.251526 298.191193
0 31 1439.112549 654.115417
0 32 869.716553 475.273926
0 33 1283.821533 237.697540
0 34 1231.850586 496.212189
0 35 1415.638184 259.018494
0 36 1364.753296 476.116760
0 37 722.037354 428.842896
0 38 1359.817993 308.378387
0 39 975.908752 469.612396
