0 1578512666 931.573608 696.751526
0 1524823287 1306.248291 1053.913696
0 1478234209 1019.755188 526.029724
0 1707269176 1034.460449 644.943237
0 1438989626 1011.358765 741.015625
0 1524801259 1107.573608 934.809021
0 1438992629 1003.269897 708.884521
0 1478227200 941.873047 513.215027
0 1524854327 1161.817871 891.192871
0 1478249229 892.711731 507.454010
0 1524807266 924.355408 1006.510620
0 1524831297 979.984497 1037.399536
0 1478229202 930.546265 517.306091
0 1568509654 1018.471558 700.614319
0 1578523681 1120.957031 660.969299
0 1478207175 927.692993 502.815674
0 1524861337 1356.401123 997.844971
0 1478210178 987.545715 504.517853
0 1524862338 970.692017 972.011230
0 1478186149 965.941772 512.460327
0 1524797254 1039.460449 1070.424438
0 1578518674 1020.800659 651.821533
0 1438985621 1089.009521 662.239258
0 1524857331 1289.713623 1018.848938
0 1478203170 974.667542 501.370361
0 1438994632 929.531433 682.381409
0 1578520676 1007.215027 724.555664
0 1478237213 965.102783 557.276611
0 1568511657 944.999512 674.780762
0 1775370079 915.366699 704.912476
0 1478195160 1054.951294 520.992188
0 1568510655 913.675598 690.172546
0 1478257240 962.904419 548.544312
0 1578521677 957.520020 654.291687
0 1524794250 1291.096680 969.325928
0 1524812272 1154.118652 932.263062
0 1769859072 977.820618 673.463928
0 1578525683 968.557678 710.346008
0 1770636073 971.965271 647.361145
0 1524833300 1135.625977 947.752441
0 1568511656 1140.189575 666.949707
0 1438985620 1061.834473 677.023376
0 1478185148 1041.052612 517.595276
0 1707993177 966.595825 623.425110
0 1478189152 950.867615 553.311218
0 1524791247 1200.469604 1060.460083
0 1524830296 1147.114624 1063.762085
0 2088218948 1043.113770 670.844421
0 1524827292 1271.968384 1037.637329
0 1606348170 1070.457520 656.356934
0 1524855329 1034.187012 924.736633
0 1478183145 952.865723 562.218506
0 1438990627 960.093933 667.363708
0 1524840309 1306.789185 1000.769470
0 1478222194 947.081055 536.431396
0 1709860179 845.830383 678.759399
0 1478188151 895.302551 530.035400
0 1438988624 1024.777954 664.792480
0 1478243222 857.508484 527.305054
0 1524844315 1009.217163 1053.631348
0 1524811271 1013.766846 939.940308
0 1524859334 1288.169922 1074.124634
0 1478216186 974.710571 543.868774
0 1524851324 1307.274902 953.057312
0 1524814275 1099.242310 907.638855
0 1578514668 986.076965 640.590515
0 1478184146 948.940674 544.721130
0 1524829294 1167.774414 1043.979736
0 1478176143 896.226685 538.090454
0 1524860336 1072.979370 895.854187
0 1478222193 906.181152 518.074951
0 1438997636 1033.290039 692.552551
0 1478194158 923.098511 545.575867
0 1478201168 940.250610 505.982178
0 1478187150 1016.773926 518.366455
0 1478205172 952.998718 509.196686
0 1524838306 1025.716797 1000.627625
0 1568514660 1030.407959 632.813232
0 1524865342 1109.262207 868.840271
0 2085418945 909.043030 649.795593
0 1524808268 1126.277222 919.770020
0 1478200167 968.023010 519.914978
0 1478194159 929.096069 509.941406
0 1568501643 1003.265869 646.150085
0 1478239216 924.559326 554.193787
0 1524820283 1171.976685 917.305359
0 1438989625 955.056396 641.780212
0 1568505649 1038.691650 657.608154
0 1478255237 1044.445068 525.235107
0 1524804262 1091.419067 882.125122
0 1568506650 969.223572 635.139465
0 1478217187 1011.730713 538.446411
0 1568505648 940.557739 648.576294
0 1568497640 1065.549194 643.740356
0 1578511665 1047.805908 638.223145
0 1478258241 992.430725 519.139709
0 1524796253 1075.981323 997.710205
0 1478206173 916.511719 506.717133
0 1524826291 1040.533813 953.029358
0 1578529688 893.801880 656.779053
0 1478233207 1013.891235 510.956848
0 1708834178 1006.815369 658.863770
0 1478189153 907.266785 525.714111
0 1568499641 949.863342 703.474365
0 1478245224 1027.367676 514.250549
0 1524852325 1019.540283 969.260437
0 1478219190 845.048035 531.652893
0 1578525682 927.580872 668.656128
0 1478232206 882.421082 526.508484
0 1524818280 1164.543091 961.094910
0 1524850322 975.175537 1003.560974
0 1438996635 1016.993286 639.404785
0 1524832299 1145.611694 977.642090
0 1478242220 989.947815 511.707642
0 1438999639 1042.636475 723.033813
0 1478196161 994.998901 526.826538
0 1478252234 1000.408508 543.018799
0 1524803261 1256.903687 1003.710327
0 1478211179 869.288208 515.490967
0 1578523680 896.156677 683.732971
0 1578530689 1037.851562 707.428589
0 1568508653 1086.571045 697.775513
0 1524826290 951.712891 1021.701172
0 1524847319 1084.398682 1031.145874
0 1524810270 1189.232178 902.852417
0 1524835302 1116.463867 963.802368
0 1524799257 1125.971436 994.808838
0 1478233208 933.597534 532.801880
0 1608354172 938.478271 636.308472
0 1524835303 1117.506592 893.517883
0 1478251232 1033.743164 529.556885
0 1524812273 1080.347900 922.247070
0 1706512175 991.280029 733.463867
0 1438986622 862.661011 685.089478
0 1478211180 954.847168 516.539185
0 1524823286 1234.304565 1077.515015
0 1478223195 986.292480 539.281982
0 1478244223 956.758606 524.131714
0 1438987623 925.715881 655.533203
0 1478193157 932.045837 524.921875
0 1478198164 1003.257629 515.011475
0 1524862339 1206.742065 1006.667297
0 1478236212 910.758118 550.281250
0 1478240217 936.868103 549.411499
0 1478214183 963.928528 505.249054
0 1578521678 1066.946899 691.163147
0 1524844314 997.768921 986.092957
0 1524848320 1229.737549 942.529968
0 1524806265 1096.595703 980.443909
0 1524787243 1062.375244 1050.395508
0 1478241219 908.390137 533.618652
0 1524799256 1088.203369 950.384094
0 1478190154 883.831055 542.647583
0 1478226198 920.327820 529.229919
0 1478208176 905.131348 510.688080
0 1478214184 977.101013 552.431274
0 2084722944 942.729431 661.388062
0 1578522679 999.509338 693.947021
0 1774531078 1052.584473 699.192261
0 1525674169 984.231384 702.041687
0 1478197162 926.334656 495.917419
0 1524815276 1060.790283 937.368103
0 1768901071 879.852722 691.555359
0 1578526684 962.785950 681.034668
0 1478182144 976.839539 508.453888
0 1524853326 947.954102 988.940430
0 1478218189 938.593201 558.172302
0 1578513667 992.492859 666.075867
0 1438983618 989.214722 653.054504
0 1478224196 935.203979 540.960144
0 1478247227 961.979919 498.269409
0 1524792248 1339.077393 966.583313
0 1524808267 1194.365967 974.855225
0 1478191155 883.113770 534.437683
0 1478236211 1022.840332 533.959900
0 1478258242 937.159668 492.203186
0 1478212181 909.553162 541.802673
0 1478185147 960.783569 540.119873
0 1568502645 1075.586914 669.541565
0 1568508652 974.828125 660.123718
0 1438984619 983.070618 628.648865
0 1659977623 994.187500 672.807312
0 1478209177 1000.618835 507.713013
0 1438982617 995.920837 679.692749
0 1524805264 1259.946655 955.722473
0 1771287074 1107.945312 668.243347
0 2087111947 912.061218 676.102173
0 1524817279 992.615234 955.688477
0 1524795251 1054.578247 1015.637268
0 1478230204 945.285400 528.426636
0 1478230203 938.680298 498.981903
0 1524847318 1238.817871 1021.897156
0 1578516671 1083.648315 649.368225
0 1568513659 980.951843 687.421936
0 1578529687 1094.614502 675.695801
0 1524819282 1047.315308 983.260864
0 1478253235 921.688904 537.259766
0 1524836304 1156.302124 1009.640686
0 1478243221 951.210205 502.092072
0 1568501644 996.608276 622.303223
0 1438998637 1100.480469 689.778809
0 1524816278 1217.448120 914.852966
0 1705773174 952.472656 718.868225
0 1568507651 1027.207153 731.904358
0 1438999638 894.952820 669.953064
0 1478252233 988.867371 547.679504
0 1438993630 897.417175 698.161560
0 1478237214 869.740967 523.036804
0 1524857332 1340.324829 1015.817627
0 1478248228 958.736206 531.987305
0 1478225197 857.768250 535.258972
0 1524859335 1115.226807 1047.178345
0 1524832298 1105.581665 1012.630676
0 1478200166 832.528748 528.103760
0 1478250231 1008.808838 530.364868
0 1478245225 881.751648 518.845947
0 1438995633 971.656494 726.083313
0 1524804263 1225.137451 989.053284
0 1524839308 1136.162842 1028.045532
0 1524849321 1144.348145 905.239746
0 1568512658 987.670105 717.371338
0 1568514661 1047.739868 684.691284
0 1478231205 1030.501343 521.773926
0 1773608077 947.375061 688.794739
0 1438977615 1052.278320 650.592773
0 1524834301 1274.317627 986.198853
0 1607644171 999.866638 633.974426
0 1568504647 879.005066 677.428406
0 1568500642 1010.525208 672.151794
0 1478256239 970.175659 527.625488
0 1524815277 1246.501587 927.209717
0 1568503646 1102.113770 655.110046
0 1478220191 893.546570 514.730347
0 1478207174 979.084290 515.774292
0 1524841311 1323.619751 1034.493286
0 1478213182 894.409668 522.253235
0 1524813274 1212.369995 958.401672
0 1568516663 910.518616 662.656799
0 1578517672 862.209290 671.254639
0 1578527685 1013.345276 627.507568
0 1478240218 983.806580 531.174988
0 1478215185 870.209351 530.843018
0 1524838307 1276.430420 939.938782
0 1478197163 981.405273 523.343689
0 1478221192 997.656555 534.781494
0 1524819281 1093.445923 1067.083374
0 2086284946 1014.406494 686.054138
0 1524824288 1053.912964 910.049866
0 1524802260 1371.883667 980.536133
0 1478226199 943.550415 520.692322
0 1578518673 923.931091 642.973938
0 1438981616 933.714050 711.812988
0 1478238215 870.694275 538.923401
0 1609135173 1080.952515 683.333435
0 1524837305 1323.232422 983.359863
0 1524793249 1182.803467 945.134460
0 1568515662 1114.045044 681.980408
0 1568516664 1057.663452 714.394653
0 1438991628 1072.303345 705.978088
0 1478249230 897.183899 546.433044
0 1438996634 965.604187 695.346680
0 1578519675 952.696167 629.793884
0 1524829295 1253.513184 1057.177368
0 1524864341 1242.860229 972.083252
0 1478255238 857.257507 519.618896
0 1438993631 1127.277466 674.372986
0 1524788244 1200.427490 929.730042
0 1772785076 878.195129 663.930054
0 1524828293 1068.130249 966.524231
0 1478203171 881.104370 511.436676
0 1524798255 1032.340088 1034.263794
0 1478199165 919.012695 521.471741
0 1578528686 1028.936768 678.355652
0 1478192156 917.741455 513.971680
0 1478228201 1005.986145 522.557800
0 1772037075 1022.733521 715.880188
0 1578515670 1056.949951 663.513611
0 1524851323 1175.689453 991.923218
0 1478218188 904.115723 503.541107
0 1478202169 972.403442 535.605347
0 1478254236 915.321655 499.696198
0 1478246226 845.006409 523.822449
0 1524809269 1220.020752 1040.799438
0 1524822285 1003.289307 1018.660767
0 1524841310 1135.171997 879.859985
0 1478235210 949.478638 495.214050
0 1578515669 980.187744 617.197327
0 1524854328 1187.635132 1024.962646
0 0 677.779968 857.896851
0 1 982.349182 507.907043
0 2 913.120422 565.817383
0 3 442.310944 652.478027
0 4 690.878479 658.788025
0 5 1023.255859 966.454651
0 6 401.073853 620.447021
0 7 1148.443848 839.631104
0 8 1199.246216 793.041260
0 9 1491.964355 616.873535
0 10 1023.937805 802.944397
0 11 1270.515259 880.823730
0 12 884.484253 486.389587
0 13 941.645081 924.185242
0 14 829.620972 485.615204
0 15 1390.571289 563.623840
0 16 657.114868 803.806580
0 17 1024.771606 501.467224
0 18 756.389893 880.724365
0 19 957.586853 541.535889
0 20 1346.832397 589.654724
0 21 848.256470 759.605713
0 22 1276.762695 576.092041
0 23 730.115723 515.109985
0 24 1202.861450 914.396362
0 25 1029.952637 518.506470
0 26 1291.703125 553.903442
0 27 1476.603760 697.874329
0 28 1131.971191 537.751221
0 29 645.418274 646.723877
0 30 759.767517 627.280273
0 31 851.618103 910.970703
0 32 1471.152100 645.480530
0 33 1435.676025 589.578491
0 34 1488.765381 596.956482
0 35 1333.816528 808.945862
0 36 990.174438 527.585327
0 37 1353.447144 732.058044
0 38 1087.778198 529.471313
0 39 1508.517090 635.666565
