0 1578512666 893.333008 495.909973
0 1524823287 1634.674194 756.945740
0 1478234209 692.506348 244.844528
0 1707269176 908.398560 400.070892
0 1438989626 1038.543457 526.032715
0 1524801259 1383.211914 710.320007
0 1438992629 981.282837 489.196442
0 1478227200 578.681885 242.084045
0 1524854327 1362.345337 646.265015
0 1478249229 505.989807 243.700089
0 1524807266 1355.681763 858.610474
0 1524863340 1638.868774 830.690247
0 1524831297 1433.936157 866.030151
0 1478229202 572.603271 250.378311
0 1568509654 982.115356 474.462769
0 1524790246 1601.708984 827.145935
0 1578523681 1011.971313 398.163696
0 1478207175 541.372498 229.665802
0 1524861337 1598.318115 688.954163
0 1478210178 617.031372 220.590424
0 1524862338 1340.792480 802.260071
0 1478186149 606.201172 236.176697
0 1524797254 1512.064819 873.437866
0 1578518674 906.452942 412.448303
0 1438985621 985.885254 407.747314
0 1524857331 1588.001465 730.054443
0 1478203170 595.985779 218.473221
0 1438994632 867.152039 477.985352
0 1578520676 1009.415710 507.294556
0 1478237213 687.110840 299.952789
0 1568511657 869.936340 463.426422
0 1775370079 890.870667 511.573975
0 1478195160 722.124512 231.163055
0 1568510655 864.269287 493.059601
0 1478257240 668.848450 288.204468
0 1578521677 848.073792 433.072937
0 1524794250 1532.915039 682.623291
0 1524812272 1409.464355 691.327759
0 1769859072 900.223572 452.075867
0 1578525683 951.408813 501.605652
0 1770636073 851.033264 419.950775
0 1524846317 1615.047363 855.167175
0 1524833300 1417.403442 713.614807
0 1568511656 1037.359985 400.682037
0 1438985620 984.450867 433.133301
0 1478185148 701.123962 229.050323
0 1707993177 804.891724 389.816711
0 1478189152 663.713318 297.616211
0 1524791247 1588.965332 800.374023
0 1524830296 1564.520874 823.598999
0 2088218948 957.796387 430.499634
0 1524827292 1599.904419 753.603210
0 1606348170 960.070068 405.189880
0 1524855329 1320.847900 726.776367
0 1478183145 682.166138 309.667328
0 1438990627 872.627014 449.356842
0 1524840309 1576.585693 707.469299
0 1478222194 628.313171 274.497192
0 1709860179 772.410767 499.975494
0 1478188151 553.343567 276.657898
0 1438988624 931.127441 427.864594
0 1478243222 499.617676 281.228821
0 1524843313 1691.060059 862.396301
0 1524844315 1473.016113 869.735474
0 1524858333 1661.611084 807.322021
0 1524811271 1327.205444 750.837463
0 1524859334 1647.849243 781.585022
0 1478216186 673.841675 279.052979
0 1524851324 1523.027466 661.851440
0 1524814275 1342.454956 684.855652
0 1578514668 853.898010 407.248596
0 1478184146 645.769226 285.897339
0 1524829294 1552.601685 796.896179
0 1478176143 570.011536 288.258698
0 1524860336 1308.915527 681.616211
0 1478222193 543.859680 256.645538
0 1438997636 982.919983 460.223785
0 1478194158 616.884766 292.939667
0 1478201168 562.991577 231.837051
0 1478187150 675.588562 234.706039
0 1478205172 584.601135 234.007339
0 1524838306 1415.483032 809.383972
0 1568514660 884.829102 385.552216
0 1524865342 1297.923706 640.016052
0 2085418945 789.743835 441.190552
0 1524808268 1375.971069 688.092773
0 1478200167 622.448792 246.475815
0 1478194159 556.783813 239.886703
0 1568501643 880.182495 409.849121
0 1478239216 634.682373 304.930298
0 1524820283 1401.844238 669.935913
0 1438989625 824.306030 417.309937
0 1568505649 932.709229 415.046082
0 1478255237 718.143860 238.983627
0 1524804262 1303.309082 660.397949
0 1568506650 827.599365 404.646606
0 1478217187 705.559448 263.707611
0 1568505648 820.903809 430.392090
0 1568497640 935.725586 390.600769
0 1578511665 910.283936 388.077148
0 1478258241 649.372742 240.512527
0 1524796253 1443.347412 786.446899
0 1478206173 534.875916 237.688385
0 1524826291 1362.937012 754.263855
0 1578529688 785.632935 455.132538
0 1478233207 659.095703 224.822220
0 1708834178 904.443970 425.228088
0 1478189153 559.941162 267.655579
0 1568499641 922.379517 498.758667
0 1478245224 680.114319 226.936707
0 1524852325 1370.374634 779.467651
0 1478219190 491.954773 290.691711
0 1578525682 841.851318 460.663422
0 1478232206 530.209900 274.345337
0 1524818280 1451.571045 716.907349
0 1524850322 1386.293457 833.411865
0 1438996635 882.542358 397.509369
0 1524832299 1460.576294 740.209045
0 1478242220 632.996338 230.424759
0 1524789245 1706.838989 891.905396
0 1438999639 1038.248535 494.792145
0 1478196161 666.176636 250.863647
0 1478252234 701.135925 272.398315
0 1524803261 1553.929688 726.771118
0 1478211179 491.473724 260.804413
0 1578523680 835.188232 490.207550
0 1578530689 1010.119995 477.217896
0 1568508653 1037.842651 451.797302
0 1524826290 1394.824707 862.321838
0 1524847319 1490.059082 816.496887
0 1524810270 1394.524292 649.386414
0 1524835302 1425.681763 736.854492
0 1524821284 1676.000000 834.231750
0 1524799257 1469.974731 764.528076
0 1478233208 605.533081 272.217682
0 1608354172 797.564270 414.667664
0 1524835303 1336.176392 663.579407
0 1478251232 714.058960 247.009094
0 1524812273 1348.996338 707.022827
0 1706512175 1009.044556 523.144470
0 1438986622 802.052612 502.877747
0 1478211180 600.570190 244.280426
0 1524823286 1625.301758 803.849365
0 1478223195 678.698730 270.151031
0 1478244223 616.962036 254.825424
0 1438987623 817.387146 443.914154
0 1478193157 588.847229 261.151459
0 1478198164 654.297119 232.565887
0 1524862339 1530.290283 746.910889
0 1478236212 610.923279 302.560089
0 1478240217 640.304626 295.278473
0 1478214183 590.367126 226.139740
0 1578521678 1010.777771 449.126862
0 1524844314 1378.152100 805.823364
0 1524848320 1467.423828 676.283875
0 1524806265 1434.321655 761.109192
0 1524787243 1500.804810 844.302307
0 1478241219 576.466309 278.969391
0 1524799256 1390.762207 733.497559
0 1478190154 563.370422 297.816193
0 1478226198 582.742432 269.937164
0 1478208176 528.204346 245.927185
0 1478214184 691.916870 290.510529
0 2084722944 845.014832 446.636261
0 1578522679 954.094727 471.706055
0 1524825289 1667.946533 888.217773
0 1774531078 1010.454468 462.936676
0 1525674169 952.775146 486.396118
0 1478197162 526.353699 219.705215
0 1524815276 1355.817627 730.138184
0 1768901071 831.676514 505.778229
0 1578526684 898.005249 466.187897
0 1478182144 611.686340 228.282730
0 1524853326 1348.062988 829.776062
0 1478218189 658.429993 307.299408
0 1578513667 902.368652 438.430176
0 1438983618 877.745850 422.590149
0 1478224196 622.679138 283.589111
0 1478247227 574.931030 216.355057
0 1524792248 1555.100220 664.962585
0 1524795252 1653.068481 858.783142
0 1524808267 1485.714600 720.197571
0 1478191155 546.558167 285.916504
0 1524856330 1551.082153 877.137329
0 1478236211 709.865601 255.247559
0 1478258242 532.794495 212.116028
0 1478212181 593.453735 290.599762
0 1478185147 651.082703 276.775574
0 1568502645 985.179504 420.237457
0 1568508652 875.228760 435.752319
0 1438984619 830.788940 392.382324
0 1659977623 914.982483 446.544769
0 1478209177 638.068054 222.706772
0 1438982617 927.804565 454.793365
0 1524805264 1500.180420 679.454651
0 1771287074 1011.687012 410.303406
0 2087111947 838.577759 475.178528
0 1524817279 1333.847168 775.974121
0 1524795251 1452.785400 812.941772
0 1478230204 611.325562 263.402924
0 1478230203 547.700867 221.850998
0 1524847318 1565.109741 750.258301
0 1578516671 961.154053 393.123047
0 1568513659 926.058044 468.947754
0 1578529687 1011.393555 422.831024
0 1524819282 1406.874756 782.958557
0 1478253235 599.578186 281.279785
0 1524836304 1505.601807 767.944458
0 1478243221 569.038574 223.995819
0 1568501644 833.879578 380.498413
0 1438998637 1037.716187 438.396240
0 1524816278 1426.681885 652.505737
0 1705773174 949.993286 517.362732
0 1524845316 1629.022949 884.527283
0 1524842312 1590.068237 880.833801
0 1568507651 1038.393433 510.136475
0 1438999638 809.986694 472.370026
0 1478252233 696.590149 281.329254
0 1438993630 861.282532 508.677002
0 1478237214 507.065399 272.031647
0 1524857332 1609.941040 710.690918
0 1478248228 633.793518 265.653290
0 1478225197 515.771545 293.067688
0 1524859335 1527.304077 820.049316
0 1524832298 1479.792847 789.932617
0 1478200166 468.126465 288.314575
0 1478250231 688.026001 253.056091
0 1478245225 514.306824 263.089172
0 1438995633 979.527832 520.254456
0 1524804263 1519.834106 723.485474
0 1524839308 1516.210938 793.415710
0 1524849321 1369.021362 666.758728
0 1568512658 980.420837 504.450928
0 1568514661 983.698059 446.454895
0 1478231205 696.870850 236.845322
0 1773608077 895.709717 480.790558
0 1438977615 934.241150 402.631042
0 1524834301 1543.207275 704.245422
0 1607644171 856.672485 394.946503
0 1524800258 1576.996460 851.548401
0 1568504647 806.089905 487.353790
0 1568500642 929.493469 441.106567
0 1478256239 639.126404 257.047455
0 1524815277 1458.818359 655.623108
0 1568503646 986.569275 395.644012
0 1478220191 521.350464 254.390976
0 1478207174 627.791687 238.345078
0 1524841311 1622.049438 733.335449
0 1478213182 537.129333 265.372894
0 1524813274 1476.381836 697.791016
0 1568516663 813.750183 457.898773
0 1578517672 776.974243 484.498322
0 1578527685 859.360962 383.025970
0 1478240218 661.280762 259.268524
0 1478215185 523.093506 283.573212
0 1524838307 1490.933472 658.738281
0 1478197163 644.317566 248.670212
0 1478221192 683.425171 261.488556
0 1524819281 1538.915527 847.926758
0 2086284946 955.370056 457.509338
0 1524824288 1314.756836 703.723328
0 1524802260 1587.151855 668.071594
0 1478226199 594.787659 252.602371
0 1578518673 793.718750 427.709747
0 1438981616 920.440918 514.469238
0 1478238215 539.576782 295.442505
0 1609135173 1011.090637 435.765472
0 1524837305 1565.627563 685.789734
0 1524793249 1442.934570 694.560486
0 1568515662 1037.593628 425.423248
0 1568516664 1038.108521 479.971466
0 1438991628 1037.973389 465.648071
0 1478249230 587.152588 300.188721
0 1438996634 924.250732 483.594177
0 1578519675 801.286621 402.043243
0 1524829295 1612.326294 778.178589
0 1524864341 1509.806030 701.019287
0 1478255238 483.909943 269.716888
0 1438993631 1037.474976 412.858185
0 1524788244 1434.645020 673.110962
0 1772785076 781.378967 469.559906
0 1524828293 1398.642456 757.687805
0 1478203171 498.830902 252.135406
0 1524798255 1462.664307 840.675049
0 1478199165 566.358582 258.898987
0 1578528686 956.603271 443.781494
0 1478192156 550.408813 248.153229
0 1478228201 670.944336 242.679016
0 1772037075 1009.774048 491.995117
0 1578515670 958.951355 417.642456
0 1524851323 1495.445679 743.561218
0 1478218188 512.958313 235.489075
0 1478202169 656.251282 267.902649
0 1478254236 519.743896 227.493591
0 1478246226 476.130615 278.883270
0 1524809269 1576.777466 774.769714
0 1524822285 1424.493774 837.044922
0 1524841310 1330.145142 643.141541
0 1478235210 553.867310 214.236008
0 1578515669 808.384888 377.969543
0 1524854328 1541.202637 771.358337
0 0 619.026184 213.520569
0 1 1345.614990 617.889587
0 2 922.564026 216.208542
0 3 1530.377563 616.442017
0 4 724.360229 289.875458
0 5 83.621239 586.214172
0 6 1498.832031 552.260620
0 7 623.819641 519.904053
0 8 644.511475 462.293182
0 9 1225.871826 783.107849
0 10 662.533203 410.932007
0 11 811.087280 748.877686
0 12 1362.786011 342.198608
0 13 325.991547 652.321960
0 14 1421.513062 352.945129
0 15 581.026306 560.427124
0 16 406.621735 252.120102
0 17 1416.709229 517.181458
0 18 336.025055 306.243561
0 19 1136.906494 245.469315
0 20 1337.357422 782.233337
0 21 857.137146 194.241882
0 22 1523.626953 738.759033
0 23 1353.059937 314.323029
0 24 178.789536 630.807495
0 25 1264.845459 300.188080
0 26 1252.765015 273.975006
0 27 1109.085449 792.719788
0 28 593.346741 240.205078
0 29 1333.257324 361.258453
0 30 704.559204 332.324890
0 31 273.146393 355.155487
0 32 588.822693 408.032227
0 33 1252.988281 323.610718
0 34 527.784485 521.035461
0 35 995.304077 782.654419
0 36 1281.135254 347.790009
0 37 653.628723 294.946472
0 38 1474.846558 634.191895
0 39 576.061279 442.938293
