0 1578512666 1011.177429 393.955597
0 1524823287 603.724182 947.670776
0 1478234209 1490.002686 224.684219
0 1707269176 1214.775757 382.652252
0 1438989626 987.484680 478.696228
0 1524801259 692.465027 717.132385
0 1438992629 1046.371216 440.317322
0 1478227200 1429.235596 177.069809
0 1524854327 808.181702 711.101501
0 1478249229 1387.649902 151.952469
0 1524807266 481.697449 676.127441
0 1524863340 478.884491 916.615173
0 1524831297 461.922241 729.147827
0 1478229202 1406.156860 178.400436
0 1568509654 1076.965454 438.635193
0 1524790246 490.097229 880.686890
0 1578523681 1267.056396 445.491211
0 1478207175 1438.624146 157.938080
0 1524861337 740.788513 940.872192
0 1478210178 1506.298828 182.303268
0 1524862338 555.145325 672.256897
0 1478186149 1459.454590 184.999130
0 1524797254 440.296967 787.128662
0 1578518674 1185.634033 384.270111
0 1438985621 1230.249268 430.207275
0 1524857331 656.478943 907.732483
0 1478203170 1498.542603 173.073853
0 1438994632 1038.287842 377.410980
0 1578520676 1017.448669 459.167450
0 1478237213 1347.752075 243.894058
0 1568511657 1066.854492 375.820251
0 1775370079 982.166870 395.566193
0 1478195160 1548.450317 232.460388
0 1568510655 1009.739258 379.000702
0 1478257240 1366.399048 231.741013
0 1578521677 1120.787354 358.253113
0 1524794250 750.052124 867.582214
0 1524812272 726.574829 743.217163
0 1769859072 1098.321411 389.117523
0 1578525683 1014.203918 425.426758
0 1770636073 1148.940918 356.680847
0 1524846317 446.917480 882.863647
0 1524833300 687.154480 745.259460
0 1568511656 1273.368530 463.089111
0 1438985620 1168.873291 433.581879
0 1478185148 1539.538696 221.856110
0 1707993177 1196.424805 326.253540
0 1478189152 1341.718872 233.150055
0 1524791247 533.318604 878.508057
0 1524830296 500.759186 846.523438
0 2088218948 1164.608887 417.129364
0 1524827292 612.014343 909.956421
0 1606348170 1224.911499 413.802643
0 1524855329 665.543091 666.439148
0 1478183145 1322.727295 245.319717
0 1438990627 1095.439331 374.228516
0 1524840309 700.987610 905.506348
0 1478222194 1378.153076 209.803238
0 1709860179 978.515625 338.489899
0 1478188151 1336.991089 182.388275
0 1438988624 1160.490601 401.240540
0 1478243222 1303.862183 165.735565
0 1524843313 421.620636 956.703247
0 1524844315 451.356689 757.475647
0 1524858333 512.579956 952.191589
0 1524811271 628.713684 668.380005
0 1524859334 558.128906 949.932312
0 1478216186 1391.092773 230.331177
0 1524851324 793.524597 865.390808
0 1524814275 735.239319 688.262146
0 1578514668 1177.112183 355.107605
0 1478184146 1360.187012 221.315765
0 1524829294 542.923523 844.382080
0 1478176143 1319.211792 193.069977
0 1524860336 739.292725 662.552734
0 1478222193 1377.063354 170.667587
0 1438997636 1107.580688 436.951904
0 1478194158 1330.153564 212.554901
0 1478201168 1445.385132 166.721329
0 1478187150 1506.453979 212.947678
0 1478205172 1452.326172 175.738495
0 1524838306 538.638245 725.149536
0 1568514660 1238.635498 366.254700
0 1524865342 813.163574 658.659851
0 2085418945 1087.338623 332.379120
0 1524808268 731.004150 715.123840
0 1478200167 1443.052124 195.875946
0 1478194159 1422.599731 168.037399
0 1568501643 1181.302490 369.447266
0 1478239216 1311.536011 224.099152
0 1524820283 766.029724 741.173157
0 1438989625 1145.338013 342.780151
0 1568505649 1190.114014 399.601044
0 1478255237 1523.314331 233.892365
0 1524804262 776.212952 660.607117
0 1568506650 1173.056396 341.227905
0 1478217187 1447.989990 238.183563
0 1568505648 1117.636597 344.331482
0 1568497640 1249.419067 396.318787
0 1578511665 1243.936279 381.033325
0 1478258241 1474.304810 204.291153
0 1524796253 569.100647 751.375610
0 1478206173 1416.135986 159.239304
0 1524826291 622.244507 694.184631
0 1578529688 1060.108276 333.908173
0 1478233207 1522.457275 201.530701
0 1708834178 1156.511108 385.886963
0 1478189153 1360.034546 181.059662
0 1568499641 1012.664795 409.422028
0 1478245224 1530.877808 211.550369
0 1524852325 584.642639 696.155518
0 1478219190 1281.440796 167.032898
0 1578525682 1064.532593 361.394714
0 1478232206 1331.572632 173.295135
0 1524818280 681.594910 774.705811
0 1524850322 509.533417 700.092285
0 1438996635 1209.959961 367.851501
0 1524832299 641.288330 776.780884
0 1478242220 1490.516602 193.149612
0 1524789245 376.210083 958.955688
0 1438999639 1050.858154 475.236511
0 1478196161 1457.645752 215.740051
0 1478252234 1422.909790 239.612366
0 1524803261 663.233154 871.958923
0 1478211179 1343.306885 154.522583
0 1578523680 1008.347961 364.532410
0 1578530689 1079.721313 455.755463
0 1568508653 1146.085449 470.037811
0 1524826290 472.025909 702.058228
0 1524847319 520.585449 782.995117
0 1524810270 805.519348 739.127258
0 1524835302 647.768738 747.299988
0 1524821284 467.077179 954.448608
0 1524799257 601.017944 778.854126
0 1478233208 1371.948364 199.960129
0 1608354172 1141.848633 329.318176
0 1524835303 772.967407 686.284607
0 1478251232 1498.192261 235.323563
0 1524812273 697.542725 690.237915
0 1706512175 986.344543 460.871643
0 1438986622 979.384583 352.073914
0 1478211180 1436.050659 186.345993
0 1524823286 523.217224 914.397766
0 1478223195 1415.799927 228.920609
0 1478244223 1419.338501 197.238052
0 1438987623 1089.952393 345.881897
0 1478193157 1389.278809 189.037689
0 1478198164 1498.374756 202.911285
0 1524862339 627.371338 840.093262
0 1478236212 1306.172852 213.929626
0 1478240217 1335.854980 222.707840
0 1478214183 1475.428467 174.406525
0 1578521678 1142.080078 452.338776
0 1524844314 547.072327 698.124695
0 1524848320 758.424988 801.339111
0 1524806265 608.417480 749.338684
0 1524787243 480.423218 785.062805
0 1478241219 1342.555542 191.726562
0 1524799256 653.958862 719.139282
0 1478190154 1295.880249 194.412689
0 1478226198 1365.911133 190.382477
0 1478208176 1393.658813 160.539856
0 1478214184 1372.790771 242.467606
0 2084722944 1092.651245 359.824402
0 1578522679 1074.305786 422.111115
0 1524825289 390.350403 921.043335
0 1774531078 1110.889893 454.047699
0 1525674169 1044.244751 423.769501
0 1478197162 1454.245850 148.092575
0 1524815276 659.877808 692.212097
0 1768901071 980.281799 366.099792
0 1578526684 1069.254639 390.731262
0 1478182144 1482.870728 183.651520
0 1524853326 518.406311 674.192932
0 1478218189 1317.052002 234.558304
0 1578513667 1127.406860 387.502777
0 1438983618 1152.663330 371.042053
0 1478224196 1354.146851 211.179428
0 1478247227 1490.990234 164.087189
0 1524792248 790.137268 901.047302
0 1524795252 434.595581 918.830383
0 1524808267 675.768250 805.566528
0 1478191155 1313.959229 183.716187
0 1524856330 428.707489 818.201965
0 1478236211 1473.084351 236.753937
0 1478258242 1476.466309 146.804672
0 1478212181 1324.607910 202.679337
0 1478185147 1384.531982 219.922974
0 1568502645 1199.550781 431.895172
0 1568508652 1124.042236 372.635803
0 1438984619 1200.791748 339.674652
0 1659977623 1114.463135 395.938751
0 1478209177 1514.267578 191.785370
0 1438982617 1101.302124 404.516357
0 1524805264 754.341675 833.644897
0 1771287074 1235.779907 447.204895
0 2087111947 1036.431519 362.964020
0 1524817279 591.914429 670.319275
0 1524795251 529.818298 753.410706
0 1478230204 1395.637207 198.599442
0 1478230203 1461.123535 156.636276
0 1524847318 619.886475 874.144043
0 1578516671 1255.093018 412.137604
0 1568513659 1071.737061 406.152649
0 1578529687 1204.525024 448.917358
0 1524819282 577.045532 723.147888
0 1478253235 1348.272095 201.320084
0 1524836304 593.263367 809.786011
0 1478243221 1468.182007 165.404602
0 1568501644 1228.544067 338.120453
0 1438998637 1177.872681 468.302460
0 1524816278 802.731934 768.469238
0 1705773174 984.182983 427.082947
0 1524845316 403.779358 885.038269
0 1524842312 416.549194 850.800110
0 1568507651 1019.160339 476.966980
0 1438999638 1034.634644 348.979797
0 1478252233 1397.843262 241.040405
0 1438993630 981.208740 380.589417
0 1478237214 1326.294678 164.437622
0 1524857332 695.053955 943.140686
0 1478248228 1402.171753 208.426315
0 1478225197 1286.127686 175.920029
0 1524859335 510.909912 813.997803
0 1524832298 560.783691 780.925598
0 1478200166 1276.873901 158.373032
0 1478250231 1465.254883 226.097107
0 1478245225 1348.738281 163.138992
0 1438995633 985.244629 443.678192
0 1524804263 669.654907 837.945862
0 1524839308 552.067749 811.892883
0 1524849321 769.576355 713.113525
0 1568512658 1015.797485 441.998322
0 1568514661 1138.216553 435.267456
0 1478231205 1514.763794 223.270569
0 1773608077 1040.206665 392.343933
0 1438977615 1219.756714 397.960449
0 1524834301 706.621704 869.771606
0 1607644171 1205.301025 353.533386
0 1524800258 458.634369 848.662842
0 1568504647 1007.001099 350.527313
0 1568500642 1130.886719 402.878998
0 1478256239 1426.203369 207.048645
0 1524815277 799.810425 799.222534
0 1568503646 1260.968506 428.518311
0 1478220191 1371.192993 161.839737
0 1478207174 1466.778198 194.513123
0 1524841311 649.365845 945.406860
0 1478213182 1354.312256 171.981674
0 1524813274 717.077637 803.453796
0 1568516663 1062.285034 347.431305
0 1578517672 1005.696716 336.963593
0 1578527685 1233.507446 351.958160
0 1478240218 1433.261353 217.135101
0 1478215185 1308.844360 174.607880
0 1524838307 796.744934 831.491455
0 1478197163 1450.247681 205.670258
0 1478221192 1440.520752 227.509262
0 1524819281 469.789856 816.100830
0 2086284946 1104.386841 420.451660
0 1524824288 702.402832 664.496704
0 1524802260 786.569702 938.601440
0 1478226199 1412.658691 187.692184
0 1578518673 1114.585449 330.849121
0 1438981616 983.157715 411.055115
0 1478238215 1290.939087 185.043442
0 1609135173 1173.291748 450.628662
0 1524837305 745.540283 903.277893
0 1524793249 721.937683 772.628845
0 1568515662 1209.682251 466.565887
0 1568516664 1082.578369 473.504822
0 1438991628 1114.320679 471.771942
0 1478249230 1300.956177 204.037888
0 1438996634 1042.191284 407.787903
0 1578519675 1169.128540 327.786346
0 1524829295 567.593811 912.178223
0 1524864341 711.978333 835.796387
0 1478255238 1321.151733 155.806702
0 1438993631 1241.514282 464.828125
0 1524788244 762.316589 770.549988
0 1772785076 1032.894287 335.436371
0 1524828293 615.485718 721.144470
0 1478203171 1365.473022 153.237854
0 1524798255 490.570404 755.444092
0 1478199165 1383.089844 179.730392
0 1578528686 1134.487671 418.791046
0 1478192156 1399.825684 169.352844
0 1478228201 1482.043335 214.344254
0 1772037075 1048.574219 457.462036
0 1578515670 1194.750122 415.466583
0 1524851323 634.496887 807.677246
0 1478218188 1409.837769 150.666458
0 1478202169 1408.890137 218.529388
0 1478254236 1432.036255 149.379852
0 1478246226 1299.007446 157.090164
0 1524809269 576.581665 876.327148
0 1524822285 500.263824 727.149536
0 1524841310 810.727295 684.305420
0 1478235210 1483.634033 155.333771
0 1578515669 1223.737427 324.719879
0 1524854328 585.127563 842.238647
0 0 1458.788818 186.467178
0 1 1672.427002 245.360306
0 2 1184.583618 229.797379
0 3 1621.954590 419.864166
0 4 999.602600 250.024139
0 5 1236.953857 109.233643
0 6 1317.261719 744.385437
0 7 787.891357 473.752991
0 8 817.522400 517.895569
0 9 517.680725 533.662720
0 10 833.124817 426.945709
0 11 1070.433960 109.030434
0 12 989.720337 709.193848
0 13 1398.078979 111.111160
0 14 1144.135864 769.600464
0 15 1273.959717 641.985779
0 16 889.239868 790.573181
0 17 796.533203 736.752136
0 18 564.098816 336.178772
0 19 1522.201904 224.142410
0 20 1415.438110 147.334686
0 21 989.299744 221.222794
0 22 1264.060181 168.621429
0 23 1664.130493 726.514648
0 24 588.887817 298.529877
0 25 1711.670776 340.204468
0 26 1658.724121 299.758392
0 27 785.991455 131.085510
0 28 613.865540 361.385773
0 29 1189.813477 201.277054
0 30 1076.584229 242.544205
0 31 1436.056641 165.061218
0 32 735.369019 454.225098
0 33 1858.011475 600.994507
0 34 894.484802 708.361328
0 35 1358.550537 99.656631
0 36 1598.506104 262.103790
0 37 760.734863 412.508606
0 38 536.824036 476.023651
0 39 745.335266 644.535950
