0 1578512666 905.176086 803.157593
0 1524823287 1805.366333 1016.005432
0 1478234209 636.082825 548.168884
0 1707269176 898.979004 691.615173
0 1438989626 1073.307617 819.479980
0 1524801259 1514.369507 995.124084
0 1438992629 1000.456665 783.897949
0 1478227200 512.464600 557.361389
0 1524854327 1465.595581 919.033447
0 1478249229 432.866882 566.909363
0 1478229202 506.859924 566.815247
0 1568509654 997.470154 766.768005
0 1578523681 1009.627441 677.271973
0 1478207175 470.203705 548.217834
0 1524861337 1734.153687 937.499878
0 1478210178 551.279602 530.737427
0 1478186149 541.649414 548.196716
0 1578518674 899.760437 705.679260
0 1438985621 984.249023 690.934326
0 1524857331 1742.855347 989.395447
0 1478203170 528.257141 530.723083
0 1438994632 871.859619 785.569641
0 1578520676 1036.144287 801.328552
0 1478237213 639.018799 607.363892
0 1568511657 871.587036 768.288025
0 1775370079 906.221985 821.982056
0 1478195160 665.561462 530.808594
0 1568510655 872.144226 803.618896
0 1478257240 617.263123 596.737915
0 1578521677 840.633179 736.154114
0 1524794250 1662.557617 939.085693
0 1524812272 1534.782715 967.551941
0 1769859072 902.299377 751.379333
0 1578525683 970.890747 802.239868
0 1770636073 841.001709 720.871948
0 1524833300 1552.856445 994.159180
0 1568511656 1037.270020 677.071350
0 1438985620 989.222351 719.460510
0 1478185148 642.815125 530.794434
0 1707993177 784.060669 692.532776
0 1478189152 613.111389 607.452576
0 1524791247 1778.315674 1078.297607
0 2088218948 959.766296 719.740967
0 1524827292 1766.880859 1017.031433
0 1606348170 955.912415 691.160583
0 1524855329 1452.885742 1025.402100
0 1478183145 635.179993 618.435974
0 1438990627 871.325867 751.725891
0 1524840309 1720.068604 963.184570
0 1478222194 571.002563 586.495361
0 1709860179 770.363525 824.016602
0 1478188151 488.902710 597.104858
0 1438988624 930.216614 720.022339
0 1478243222 429.754120 608.080261
0 1524858333 1859.649536 1075.847778
0 1524811271 1469.781006 1055.350220
0 1524859334 1831.751221 1045.092407
0 1478216186 621.277039 586.379089
0 1524851324 1642.818481 915.347168
0 1524814275 1459.586426 969.324463
0 1578514668 841.355774 706.189636
0 1478184146 591.729431 596.810913
0 1524829294 1737.367920 1079.531128
0 1478176143 508.768433 607.809753
0 1524860336 1421.752563 970.216248
0 1478222193 476.057800 576.624451
0 1438997636 994.607178 750.346558
0 1478194158 561.083191 607.630676
0 1478201168 494.078522 548.210754
0 1478187150 616.345398 539.344543
0 1478205172 517.893677 548.203735
0 1568514660 870.167664 678.284363
0 1524865342 1393.721069 920.528442
0 2085418945 777.785217 752.772522
0 1524808268 1497.262817 968.436340
0 1478200167 560.683960 557.323975
0 1478194159 488.263092 557.380188
0 1568501643 870.603699 705.934082
0 1478239216 582.375610 618.647583
0 1524820283 1517.626587 942.295837
0 1438989625 811.073303 721.156921
0 1568505649 928.826294 705.425293
0 1478255237 662.599243 539.352417
0 1524804262 1407.378906 944.737732
0 1568506650 812.016174 706.446045
0 1478217187 653.142029 566.629211
0 1568505648 810.091797 736.469849
0 1568497640 926.202393 677.877625
0 1578511665 898.227051 678.080688
0 1478258241 588.983643 548.182800
0 1478206173 463.999939 557.398987
0 1524826291 1510.727905 1054.189819
0 1578529688 776.048767 769.441650
0 1478233207 597.157776 530.765991
0 1708834178 900.572937 720.304626
0 1478189153 495.088470 586.670837
0 1568499641 938.091431 802.697937
0 1478245224 620.013977 530.780212
0 1478219190 422.179901 619.289551
0 1578525682 839.849121 768.671265
0 1478232206 463.021576 597.178833
0 1524818280 1591.179688 993.198242
0 1438996635 870.381470 691.843506
0 1524832299 1611.256104 1021.180176
0 1478242220 569.864685 539.336548
0 1438999639 1064.093994 783.070679
0 1478196161 608.659790 557.286804
0 1478252234 649.783997 576.314636
0 1524803261 1705.176880 990.340149
0 1478211179 418.565125 586.847778
0 1578523680 838.995239 804.081848
0 1578530689 1028.676514 766.391235
0 1568508653 1051.669189 733.972229
0 1524810270 1501.320068 918.290344
0 1524835302 1571.923706 1022.228699
0 1524799257 1632.464722 1050.739990
0 1478233208 545.765137 586.553650
0 1608354172 781.048950 721.442871
0 1524835303 1444.277466 943.920471
0 1478251232 659.544861 548.161926
0 1524812273 1475.717773 996.093201
0 1706512175 1040.130249 819.976807
0 1438986622 804.513245 823.505127
0 1478211180 536.604797 557.342651
0 1524823286 1819.075928 1077.069946
0 1478223195 625.159851 576.358521
0 1478244223 555.871399 566.752930
0 1438987623 809.069336 752.422485
0 1478193157 526.018616 576.535339
0 1478198164 593.133545 539.340576
0 1524862339 1689.407104 1019.096741
0 1478236212 555.862793 618.753845
0 1478240217 587.132874 607.541504
0 1478214183 523.155334 539.328613
0 1578521678 1021.812988 734.280945
0 1524848320 1590.384277 940.684326
0 1524806265 1592.068604 1051.884766
0 1478241219 514.713684 597.031067
0 1524799256 1532.418701 1023.281921
0 1478190154 502.614319 618.967224
0 1478226198 520.460510 586.612183
0 1478208176 457.594971 566.877869
0 1478214184 642.728149 596.665161
0 2084722944 840.249329 752.073608
0 1578522679 966.158630 767.146057
0 1774531078 1025.173828 750.004517
0 1525674169 968.473572 784.313721
0 1478197162 452.658997 539.316589
0 1524815276 1492.739624 1024.339722
0 1768901071 838.539185 822.995605
0 1578526684 903.217651 767.906128
0 1478182144 546.538696 539.332642
0 1478218189 608.814575 618.541626
0 1578513667 901.418579 735.525635
0 1438983618 870.834778 720.587891
0 1478224196 566.126831 596.884094
0 1478247227 505.178894 530.708679
0 1524792248 1677.847412 914.618530
0 1524808267 1629.340088 992.241577
0 1478191155 482.502991 607.899719
0 1478236211 656.394043 557.249695
0 1478258242 458.854034 530.679871
0 1478212181 534.961792 607.720093
0 1478185147 596.173096 586.437134
0 1568502645 986.687256 704.919678
0 1568508652 871.075317 735.839294
0 1438984619 812.922729 692.302307
0 1659977623 917.144409 743.206421
0 1478209177 574.246399 530.751709
0 1438982617 933.170471 751.033936
0 1524805264 1626.543457 939.883362
0 1771287074 1012.499512 690.708740
0 2087111947 839.431458 785.991272
0 1478230204 550.901123 576.491028
0 1478230203 476.215698 539.320618
0 1524847318 1728.228149 1018.061829
0 1578516671 954.093994 677.675171
0 1568513659 934.741272 767.525452
0 1578529687 1015.483276 704.668030
0 1478253235 540.455017 596.957520
0 1524836304 1672.679565 1049.600342
0 1478243221 499.714447 539.324585
0 1568501644 813.794922 678.693604
0 1438998637 1047.855713 718.902161
0 1524816278 1536.903687 917.550171
0 1705773174 973.417297 820.975769
0 1568507651 1068.599487 800.875305
0 1438999638 806.890564 786.414246
0 1478252233 646.314575 586.321228
0 1438993630 872.441833 822.487915
0 1478237214 437.070190 597.253052
0 1524857332 1756.669678 962.321838
0 1478248228 575.718628 576.446716
0 1478225197 449.066711 619.181763
0 1478200166 395.217346 619.397644
0 1478250231 632.556946 557.268250
0 1478245225 444.141052 586.788635
0 1438995633 1006.833679 820.475403
0 1524804263 1667.338867 991.288818
0 1524849321 1481.026367 943.106445
0 1568512658 1003.574890 801.783447
0 1568514661 991.860229 734.590637
0 1478231205 639.500610 539.348511
0 1773608077 904.175598 785.149658
0 1438977615 927.489197 691.387573
0 1524834301 1683.316772 964.050781
0 1607644171 841.696167 692.072571
0 1568504647 805.728455 804.546448
0 1568500642 931.663513 735.212952
0 1478256239 580.282715 566.721863
0 1524815277 1572.347412 916.812988
0 1568503646 981.902161 677.473267
0 1478220191 450.978882 576.669189
0 1478207174 565.346008 548.189758
0 1524841311 1780.375122 988.454773
0 1478213182 469.648773 586.729675
0 1524813274 1609.356934 965.794128
0 1568516663 808.003174 769.055786
0 1578517672 772.343201 805.012634
0 1578527685 842.023743 678.488708
0 1478240218 604.631470 566.690918
0 1478215185 456.164917 607.989807
0 1524838307 1607.652100 916.078613
0 1478197163 584.702148 557.305359
0 1478221192 628.917786 566.660034
0 2086284946 963.939514 750.689636
0 1524824288 1436.900146 997.066467
0 1524802260 1712.739624 913.892761
0 1478226199 531.397217 566.783997
0 1578518673 779.450562 736.786621
0 1438981616 939.880188 821.478027
0 1478238215 475.878052 619.074341
0 1609135173 1018.585388 719.180847
0 1524837305 1698.427368 938.291260
0 1524793249 1572.147095 966.671265
0 1568515662 1044.190186 704.417175
0 1568516664 1059.778076 766.015686
0 1438991628 1055.640137 749.663696
0 1478249230 529.275818 618.860352
0 1438996634 936.380066 784.730957
0 1578519675 782.584412 706.703247
0 1524829295 1792.249146 1046.211792
0 1524864341 1646.413086 964.920654
0 1478255238 411.048157 597.327393
0 1438993631 1040.664307 690.483826
0 1524788244 1554.078979 941.488464
0 1772785076 774.236450 786.838806
0 1524828293 1551.490234 1053.034668
0 1478203171 425.834015 576.714050
0 1478199165 501.070923 576.579834
0 1578528686 961.810547 734.901306
0 1478192156 482.259247 566.846497
0 1478228201 612.562439 548.175842
0 1772037075 1032.329956 783.483643
0 1578515670 957.801758 705.172058
0 1524851323 1650.416870 1020.136169
0 1478218188 439.675018 557.417847
0 1478202169 600.471436 576.402527
0 1478254236 446.269043 548.224915
0 1478246226 403.270172 608.170898
0 1524809269 1752.570557 1047.336304
0 1524841310 1429.729614 919.779480
0 1478235210 482.044617 530.694275
0 1578515669 785.480896 678.899109
0 1524854328 1712.714478 1048.465820
0 1 587.797363 331.586060
0 2 1314.641968 473.341461
0 3 1648.636230 655.242126
0 4 1785.863770 849.303894
0 7 512.701843 879.778992
0 8 22.769911 693.212036
0 12 38.374722 657.666809
0 17 97.874451 667.838318
0 20 1503.479126 552.802551
0 21 293.000549 611.105774
0 22 95.142509 460.325623
0 23 1183.507324 770.556030
0 24 494.567230 460.337433
0 25 1123.366089 561.704712
0 26 914.745300 535.398865
0 27 1116.304932 794.118958
0 28 1134.061035 843.802673
0 29 1156.758179 724.754639
0 30 461.051453 429.038269
0 31 1046.701782 551.561340
0 33 571.835754 628.722107
0 35 400.483948 567.434326
0 37 484.510864 442.840851
0 39 100.395912 474.697662
0 40 392.177490 541.993896
0 46 213.518570 417.826477
0 53 570.290405 357.799591
0 55 143.133316 431.786072
0 131 1027.661011 404.385742
0 138 1849.964844 493.329865
0 165 1828.425049 475.718048
0 170 638.000122 445.444061
0 187 287.899231 433.743866
0 192 320.995239 406.844910
0 193 300.175110 324.491089
0 195 36.741970 315.242615
0 201 1085.483032 402.204590
0 202 1279.641968 250.972565
