0 1578512666 915.737122 647.805664
0 1524823287 739.789856 512.492126
0 1478234209 787.386597 914.102173
0 1707269176 813.487122 692.628296
0 1438989626 849.871155 616.630615
0 1524801259 812.204651 539.737549
0 1438992629 853.488708 637.589844
0 1478227200 933.260132 961.161621
0 1524854327 775.766602 551.144836
0 1478249229 1035.931030 985.306213
0 1524807266 904.254211 525.398682
0 1524863340 785.671631 506.121155
0 1524831297 879.108826 518.792480
0 1478229202 953.720886 946.240356
0 1568509654 839.395386 643.321167
0 1524790246 797.268372 509.246460
0 1578523681 731.172424 674.729431
0 1478207175 966.967651 1004.242676
0 1524861337 703.422241 522.477844
0 1478210178 840.255981 995.298279
0 1524862338 882.954773 532.338928
0 1478186149 885.688904 963.444946
0 1524797254 854.630615 512.361633
0 1578518674 829.221436 685.730896
0 1438985621 763.574768 674.155212
0 1524857331 739.441772 519.044861
0 1478203170 866.960938 1009.511047
0 1438994632 919.007141 659.323486
0 1578520676 851.643677 626.900085
0 1478237213 886.833923 830.784790
0 1568511657 905.208801 665.532104
0 1775370079 928.965454 642.006897
0 1478195160 717.612061 930.025513
0 1568510655 932.473145 653.264526
0 1478257240 890.428589 851.611450
0 1578521677 893.943726 684.498779
0 1524794250 726.783508 529.312866
0 1524812272 787.703186 539.834412
0 1769859072 874.086365 666.063782
0 1578525683 883.135132 637.171753
0 1770636073 879.153503 691.333496
0 1524846317 808.285034 506.110107
0 1524833300 799.649292 536.166992
0 1568511656 715.399902 668.775146
0 1438985620 795.026733 661.364624
0 1478185148 740.789917 942.361084
0 1707993177 884.698059 718.984131
0 1478189152 909.030640 840.330078
0 1524791247 786.052368 512.439575
0 1524830296 809.019775 512.413452
0 2088218948 811.232666 667.137756
0 1524827292 751.316589 515.725220
0 1606348170 779.898132 680.196655
0 1524855329 849.460022 543.252991
0 1478183145 904.982422 820.141541
0 1438990627 891.065491 671.895813
0 1524840309 727.345642 522.426453
0 1478222194 917.853271 884.328125
0 1709860179 997.381653 663.957275
0 1478188151 1010.791077 904.621338
0 1438988624 827.739685 673.018066
0 1478243222 1080.664185 914.137817
0 1524843313 785.302429 499.995422
0 1524844315 866.787964 515.555542
0 1524858333 762.952515 506.132202
0 1524811271 860.838928 539.545227
0 1524859334 751.475525 509.283539
0 1478216186 871.202576 863.271179
0 1524851324 714.249207 532.881226
0 1524814275 813.068604 547.150146
0 1578514668 863.975403 698.347412
0 1478184146 913.313965 861.690552
0 1524829294 797.835327 515.656921
0 1478176143 1003.404236 880.913635
0 1524860336 826.028564 550.888000
0 1478222193 999.856567 944.093262
0 1438997636 824.962341 649.190674
0 1478194158 955.058960 860.123657
0 1478201168 939.093262 990.251221
0 1478187150 788.222778 940.220581
0 1478205172 912.011414 976.657471
0 1524838306 857.634705 525.515198
0 1568514660 814.692688 706.259644
0 1524865342 801.653687 558.830322
0 2085418945 943.936646 690.056091
0 1524808268 800.294861 543.466064
0 1478200167 881.720154 936.001221
0 1478194159 960.123718 974.275696
0 1568501643 846.431824 691.978699
0 1478239216 949.621216 838.897461
0 1524820283 775.524170 543.573364
0 1438989625 896.952759 697.674255
0 1568505649 812.334961 679.600769
0 1478255237 741.439087 916.052124
0 1524804262 813.962585 554.819580
0 1568506650 881.862000 704.840637
0 1478217187 808.021423 877.004578
0 1568505648 911.654358 690.692627
0 1568497640 780.317078 693.282349
0 1578511665 797.337341 699.707703
0 1478258241 835.197327 938.100708
0 1524796253 834.154846 525.573853
0 1478206173 987.758240 987.766113
0 1524826291 848.004395 535.993835
0 1578529688 957.806580 683.282959
0 1478233207 789.114624 968.080200
0 1708834178 844.556213 679.008728
0 1478189153 992.447876 917.998291
0 1568499641 899.293701 642.442261
0 1478245224 764.614990 955.041077
0 1524852325 859.210571 532.415222
0 1478219190 1097.305176 900.949829
0 1578525682 922.418823 671.340210
0 1478232206 1036.761353 916.059021
0 1524818280 787.270081 532.646484
0 1524850322 881.000854 525.456787
0 1438996635 830.770996 699.025208
0 1524832299 799.024902 529.106689
0 1478242220 837.642761 965.750977
0 1524789245 796.185913 497.007111
0 1438999639 822.408508 627.279968
0 1478196161 832.903992 912.170471
0 1478252234 828.720215 864.865784
0 1524803261 751.152527 522.375244
0 1478211179 1073.194214 954.445190
0 1578523680 949.509521 658.821350
0 1578530689 823.659180 638.010498
0 1568508653 778.746094 644.211121
0 1524826290 891.596375 522.073181
0 1524847319 832.998779 518.875793
0 1524810270 763.105347 547.385925
0 1524835302 811.369080 532.569031
0 1524821284 774.226379 503.036652
0 1524799257 810.560608 525.632812
0 1478233208 942.078552 895.262817
0 1608354172 915.098877 704.138428
0 1524835303 800.962585 551.016113
0 1478251232 764.420715 902.574463
0 1524812273 824.939819 543.359253
0 1706512175 865.157349 621.534912
0 1438986622 979.818542 658.322388
0 1478211180 907.135620 948.408386
0 1524823286 774.425781 509.264984
0 1478223195 851.320801 875.328674
0 1478244223 902.565796 921.931702
0 1438987623 925.981506 683.888794
0 1478193157 947.717957 919.955750
0 1478198164 812.589478 952.808411
0 1524862339 774.843872 522.324280
0 1478236212 972.749146 848.615112
0 1478240217 931.765686 850.106812
0 1478214183 889.928406 992.761780
0 1578521678 794.321289 649.658142
0 1524844314 870.207397 528.903503
0 1524848320 750.807922 536.341919
0 1524806265 822.868896 529.038635
0 1524787243 843.912781 515.589172
0 1478241219 985.485779 893.476379
0 1524799256 823.887207 536.080200
0 1478190154 1020.722107 868.771912
0 1478226198 966.935120 906.482483
0 1478208176 1007.756226 971.917664
0 1478214184 868.093994 841.774841
0 2084722944 908.360901 677.836487
0 1578522679 855.410828 648.726074
0 1524825289 807.572693 499.998596
0 1774531078 809.165527 643.764709
0 1525674169 869.437500 642.880371
0 1478197162 974.299988 1036.348267
0 1524815276 836.582825 539.641174
0 1768901071 962.566895 652.787476
0 1578526684 888.309570 659.828918
0 1478182144 863.412048 979.063416
0 1524853326 893.703674 528.836487
0 1478218189 927.038696 829.408936
0 1578513667 859.506409 672.455139
0 1438983618 861.691162 685.112732
0 1478224196 936.770630 872.021301
0 1478247227 894.467529 1024.150391
0 1524792248 702.463623 529.382263
0 1524795252 796.718872 503.032867
0 1524808267 775.063232 529.175049
0 1478191155 1028.501099 891.706055
0 1524856330 842.633545 509.209747
0 1478236211 786.601074 889.566650
0 1478258242 952.034424 1054.788208
0 1478212181 978.931152 870.389404
0 1478185147 894.235474 873.667603
0 1568502645 779.497437 667.679932
0 1568508652 876.564148 678.420654
0 1438984619 866.366211 712.199341
0 1659977623 858.449402 666.330994
0 1478209177 814.318115 981.493774
0 1438982617 857.414917 660.337524
0 1524805264 738.711060 532.802612
0 1771287074 747.553833 668.225708
0 2087111947 936.130859 665.003784
0 1524817279 872.001831 535.907898
0 1524795251 845.232971 522.172913
0 1478230204 922.672424 908.360901
0 1478230203 945.336426 1021.385620
0 1524847318 763.000183 519.002319
0 1578516671 763.622253 686.979736
0 1568513659 871.712952 654.227783
0 1578529687 763.529297 661.883179
0 1524819282 846.596130 528.970886
0 1478253235 960.820312 882.613220
0 1524836304 798.420532 522.273560
0 1478243221 917.224854 1006.863159
0 1568501644 850.449036 719.758240
0 1438998637 763.485779 650.128662
0 1524816278 750.626831 543.681213
0 1705773174 896.515015 631.595581
0 1524845316 819.107605 503.029053
0 1524842312 830.793579 506.099182
0 1568507651 836.296875 621.894409
0 1438999638 953.568542 670.788147
0 1478252233 848.733215 853.129028
0 1438993630 945.618469 647.349792
0 1478237214 1063.423096 927.801392
0 1524857332 715.769287 519.087646
0 1478248228 898.273926 897.065674
0 1478225197 1071.129639 889.951660
0 1524859335 820.928833 515.622925
0 1524832298 821.883240 522.223145
0 1478200166 1124.162109 912.234253
0 1478250231 809.450623 900.721191
0 1478245225 1045.548950 941.966797
0 1438995633 880.703003 626.522522
0 1524804263 763.025208 525.751648
0 1524839308 809.777893 518.917786
0 1524849321 788.151184 547.267700
0 1568512658 867.254150 631.991821
0 1568514661 810.177124 655.203369
0 1478231205 764.514709 927.973022
0 1773608077 902.189087 653.744629
0 1438977615 796.532593 686.353210
0 1524834301 739.082397 525.811462
0 1607644171 848.394043 705.547729
0 1524800258 820.004089 509.228058
0 1568504647 966.854431 664.478821
0 1568500642 842.761658 666.599060
0 1478256239 877.997253 910.256775
0 1524815277 738.327209 540.029602
0 1568503646 747.243713 680.796570
0 1478220191 1027.005981 956.662048
0 1478207174 860.094055 950.597595
0 1524841311 727.889771 515.759644
0 1478213182 1018.643188 929.822266
0 1524813274 763.051025 532.724365
0 1568516663 939.948486 677.256165
0 1578517672 984.516479 670.239685
0 1578527685 832.393127 712.941833
0 1478240218 854.066528 898.884949
0 1478215185 1054.245972 902.777161
0 1524838307 726.202576 536.429993
0 1478197163 856.985291 923.926331
0 1478221192 830.749023 887.804626
0 1524819281 831.878906 512.387512
0 2086284946 841.042969 654.713989
0 1524824288 837.858765 547.033203
0 1524802260 690.842285 525.932068
0 1478226199 927.797913 933.921875
0 1578518673 929.705566 697.005615
0 1438981616 912.600037 636.756226
0 1478238215 1045.610107 879.229065
0 1609135173 779.113770 655.695801
0 1524837305 715.021729 525.871582
0 1524793249 775.289856 536.254211
0 1568515662 747.850830 656.191467
0 1568516664 808.195007 632.791565
0 1438991628 793.644897 638.433655
0 1478249230 996.442444 858.570312
0 1438996634 885.668457 648.264465
0 1578519675 900.101685 711.462097
0 1524829295 762.976013 512.465820
0 1524864341 750.983032 529.243774
0 1478255238 1090.804443 939.860657
0 1438993631 731.827087 662.405090
0 1524788244 763.077698 539.931763
0 1772785076 971.328857 676.679626
0 1524828293 835.348938 532.491943
0 1478203171 1054.916016 969.583008
0 1524798255 856.108887 518.834045
0 1478199165 973.436829 931.862305
0 1578528686 826.321289 660.849365
0 1478192156 980.363525 958.900757
0 1478228201 810.970337 925.940002
0 1772037075 837.814697 632.390442
0 1578515670 795.763123 673.584778
0 1524851323 786.851013 525.692078
0 1478218188 1016.197388 1001.649292
0 1478202169 874.497925 886.058533
0 1478254236 995.669983 1018.649841
0 1478246226 1107.782593 925.799561
0 1524809269 774.631531 515.690979
0 1524822285 868.470398 522.122925
0 1524841310 788.614624 554.959229
0 1478235210 922.812378 1039.235962
0 1578515669 868.871277 726.712891
0 1524854328 786.445312 518.959961
0 0 1003.964111 526.624695
0 1 592.926575 562.856750
0 2 1016.382874 586.545532
0 3 1049.224243 539.253845
0 4 772.136719 530.483215
0 5 703.879700 524.838196
0 6 1322.989258 609.359985
0 7 403.612640 632.506042
0 8 315.260834 656.358337
0 9 977.199890 870.153931
0 10 457.418976 615.486877
0 11 369.375854 593.277039
0 12 1351.699341 752.076965
0 13 494.598419 690.992615
0 14 1411.968262 741.593323
0 15 1117.751465 647.324524
0 16 980.273315 510.582764
0 17 1187.843994 889.169312
0 18 343.287781 631.791077
0 19 1122.185059 628.168884
0 20 793.288025 497.783325
0 21 387.289948 765.603821
0 22 750.096558 504.217285
0 23 1357.454468 634.654602
0 24 416.631531 593.153687
0 25 881.673401 745.772583
0 26 985.782410 711.487793
0 27 386.678680 611.597107
0 28 687.050110 772.567993
0 29 336.732391 680.067261
0 30 963.766724 576.445251
0 31 861.970886 491.733307
0 32 896.736023 801.512573
0 33 723.228760 848.179138
0 34 1066.827515 714.931213
0 35 809.309265 485.998718
0 36 1165.767212 650.829346
0 37 831.151428 835.711487
0 38 759.578491 808.025757
0 39 1027.542725 738.787537
