0 1578512666 934.945068 715.741638
0 1524823287 753.149536 583.881409
0 1478234209 815.319031 994.841248
0 1707269176 833.584106 764.837708
0 1438989626 867.367859 686.014465
0 1524801259 826.646606 609.118896
0 1438992629 871.818542 707.274231
0 1478227200 965.986755 1039.627930
0 1524854327 790.520386 621.830872
0 1478249229 1072.074219 1061.846191
0 1524807266 918.389587 591.676208
0 1524863340 798.853577 575.984802
0 1524831297 892.916992 585.799866
0 1478229202 986.233032 1023.355835
0 1568509654 857.845093 713.570374
0 1524790246 810.574524 578.769531
0 1578523681 749.949341 749.088623
0 1524861337 717.076172 595.128113
0 1478210178 872.351196 1078.330811
0 1524862338 897.308105 599.376404
0 1478186149 917.491577 1043.479858
0 1524797254 868.138794 580.083740
0 1578518674 849.200806 757.273499
0 1438985621 782.582520 747.482056
0 1524857331 753.021118 590.511108
0 1438994632 938.719910 727.412537
0 1578520676 869.547546 696.426514
0 1478237213 913.219849 905.038513
0 1568511657 925.059143 734.198730
0 1775370079 948.036865 709.400391
0 1478195160 744.825134 1013.624939
0 1568510655 952.046143 720.792480
0 1478257240 917.723999 926.553528
0 1578521677 914.466248 753.975830
0 1524794250 740.688538 601.292847
0 1524812272 802.087402 609.997131
0 1769859072 893.691956 735.723328
0 1578525683 901.661133 705.911194
0 1770636073 899.811279 761.447021
0 1524846317 821.490723 575.251465
0 1524833300 813.930176 605.905029
0 1568511656 733.861511 743.491882
0 1438985620 813.820862 733.406738
0 1478185148 768.861633 1025.820923
0 1707993177 906.522400 789.658325
0 1478189152 936.162842 914.257690
0 1524791247 799.458923 582.351990
0 1524830296 822.456116 581.592407
0 2088218948 830.364380 738.801392
0 1524827292 764.796875 586.778870
0 1606348170 799.251160 753.154297
0 1524855329 864.138977 611.491699
0 1478183145 931.210083 893.437805
0 1438990627 911.051208 741.157410
0 1524840309 741.023621 594.313660
0 1478222194 946.986633 959.757263
0 1709860179 1017.996155 729.681519
0 1478188151 1042.588135 978.063049
0 1438988624 847.225769 744.299622
0 1478243222 1114.336914 985.853455
0 1524843313 798.266968 569.815002
0 1524844315 880.442871 582.922180
0 1524858333 776.114868 576.721436
0 1524811271 875.409607 607.375000
0 1524859334 764.736633 580.268860
0 1478216186 898.651184 939.272034
0 1524851324 728.252808 605.300720
0 1524814275 827.785034 616.597351
0 1578514668 884.765259 769.117737
0 1478184146 941.412537 936.325623
0 1524829294 811.372925 585.225586
0 1478176143 1033.963623 953.557007
0 1524860336 840.922791 619.971619
0 1478222193 1033.253662 1019.690186
0 1438997636 843.529663 720.020630
0 1478194158 983.811279 933.404236
0 1478201168 973.213379 1070.005859
0 1478187150 817.133057 1022.126465
0 1478205172 944.937378 1056.545410
0 1524838306 871.654846 593.281494
0 1568514660 835.308655 778.783997
0 1524865342 816.761047 628.796936
0 2085418945 965.176025 758.100586
0 1524808268 814.841309 613.272888
0 1478200167 912.313965 1014.841919
0 1478194159 994.016663 1052.572021
0 1568501643 866.806580 763.136841
0 1478239216 977.354492 911.511841
0 1524820283 790.011108 614.169983
0 1438989625 918.040283 767.391296
0 1568505649 831.937683 751.524170
0 1478255237 768.606689 998.289795
0 1524804262 828.963745 624.339783
0 1568506650 903.087646 775.219788
0 1478217187 834.938538 955.516907
0 1568505648 932.600464 759.768372
0 1568497640 800.141663 766.549866
0 1578511665 817.547729 772.605225
0 1478258241 864.948303 1018.466980
0 1524796253 848.123718 594.089722
0 1478206173 1022.890198 1065.905640
0 1524826291 862.401733 604.189087
0 1578529688 978.892700 750.720581
0 1478233207 819.072388 1051.297485
0 1708834178 864.414185 749.904541
0 1478189153 1024.493530 992.605774
0 1568499641 918.152832 710.782043
0 1478245224 793.600281 1038.373169
0 1524852325 873.500916 600.210632
0 1478219190 1130.663940 971.560791
0 1578525682 942.662170 739.601196
0 1478232206 1069.619751 989.214233
0 1524818280 801.397156 602.737427
0 1524850322 895.076599 592.476990
0 1438996635 851.268494 770.855652
0 1524832299 813.049377 598.782410
0 1478242220 868.522461 1047.369629
0 1524789245 809.051453 566.452698
0 1438999639 840.137390 697.737793
0 1478196161 861.604126 991.424194
0 1478252234 855.522400 942.243713
0 1524803261 764.859131 593.502991
0 1478211179 1108.696411 1028.292236
0 1578523680 969.464600 725.937012
0 1578530689 841.797913 708.645386
0 1568508653 796.807068 716.392456
0 1524826290 905.564636 588.717590
0 1524847319 846.713989 587.355835
0 1524810270 777.694397 618.425903
0 1524835302 825.546204 601.891174
0 1524821284 787.289856 573.237427
0 1524799257 824.482239 594.901794
0 1478233208 972.128235 970.412659
0 1608354172 936.637207 773.455505
0 1524835303 815.784363 620.898926
0 1478251232 791.522400 983.513000
0 1524812273 839.550293 612.380127
0 1706512175 882.940857 690.529114
0 1438986622 1000.020874 724.470520
0 1478211180 938.763977 1027.056396
0 1524823286 787.707336 579.517517
0 1478223195 878.911255 952.435425
0 1478244223 932.991516 999.482849
0 1438987623 946.783325 752.342957
0 1478193157 978.952698 996.028564
0 1478198164 842.454224 1034.564575
0 1524862339 788.583496 592.696167
0 1478236212 1001.297974 920.890137
0 1478240217 959.685913 923.709961
0 1478214183 923.036133 1074.147461
0 1578521678 812.685425 721.464355
0 1524844314 884.390564 596.307312
0 1524848320 764.989990 607.637512
0 1524806265 836.942017 597.953491
0 1524787243 857.524475 583.686462
0 1478241219 1016.279541 967.210083
0 1524799256 838.224121 605.044983
0 1478190154 1051.039795 940.373230
0 1478226198 997.954346 981.358154
0 1478208176 1042.616211 1048.637573
0 1478214184 894.629211 917.026306
0 2084722944 928.745117 746.696289
0 1578522679 874.186523 718.585632
0 1524825289 820.555298 569.106506
0 1774531078 827.418213 714.977112
0 1525674169 888.089478 712.171997
0 1524815276 851.086975 608.244873
0 1768901071 982.375122 719.354980
0 1578526684 907.784912 728.897156
0 1478182144 895.371216 1060.558105
0 1524853326 907.948120 595.490051
0 1478218189 953.999023 902.363831
0 1578513667 879.239746 742.723572
0 1438983618 881.939392 755.619263
0 1478224196 965.718140 946.352295
0 1524792248 716.337830 602.137634
0 1524795252 809.801086 572.515015
0 1524808267 789.043457 599.615295
0 1478191155 1060.041382 964.035828
0 1524856330 856.001282 577.283691
0 1478236211 813.618652 969.264648
0 1478212181 1008.562195 943.349915
0 1478185147 922.502808 949.380737
0 1568502645 798.400208 740.354980
0 1568508652 896.682678 748.295288
0 1438984619 887.726318 783.262146
0 1659977623 877.934570 736.489258
0 1478209177 845.310974 1064.610840
0 1438982617 876.657959 730.391052
0 1524805264 752.751282 604.442139
0 1771287074 766.233215 741.918457
0 2087111947 956.231018 732.683655
0 1524817279 886.463928 603.337341
0 1524795251 859.097229 590.297913
0 1478230204 952.916138 984.683105
0 1524847318 776.607056 589.716797
0 1578516671 783.079956 760.614319
0 1568513659 890.830322 723.693665
0 1578529687 782.107056 734.928772
0 1524819282 860.722168 597.128479
0 1478253235 990.665222 956.643616
0 1524836304 812.197449 591.893005
0 1568501644 871.939514 791.527344
0 1438998637 781.652100 722.916931
0 1524816278 765.058838 615.071533
0 1705773174 914.913269 699.797852
0 1524845316 832.212830 571.795837
0 1524842312 844.027039 574.521301
0 1568507651 853.910583 691.808105
0 1438999638 974.074402 738.054749
0 1478252233 875.407593 929.421082
0 1438993630 965.050049 714.332520
0 1478237214 1097.404419 1000.676147
0 1524857332 729.325439 591.309082
0 1478248228 927.582214 973.643799
0 1478225197 1103.418945 960.889404
0 1524859335 834.501404 584.454285
0 1524832298 835.701782 591.093628
0 1478200166 1158.650879 982.522888
0 1478250231 837.284790 980.193604
0 1478245225 1079.831909 1016.059082
0 1438995633 898.786926 695.122803
0 1524804263 776.865356 596.537415
0 1524839308 823.452698 588.139160
0 1524849321 802.801636 617.509338
0 1568512658 885.461914 701.126831
0 1568514661 828.859375 726.630737
0 1478231205 792.527161 1010.039795
0 1773608077 921.531738 722.238647
0 1438977615 816.248352 758.938416
0 1524834301 752.888428 597.360962
0 1607644171 869.312195 776.995911
0 1524800258 833.339050 578.024963
0 1568504647 987.209473 731.177917
0 1568500642 862.127686 737.257507
0 1478256239 907.467957 988.038330
0 1524815277 752.609375 611.766663
0 1568503646 766.352417 754.795044
0 1478220191 1061.582397 1032.034546
0 1478207174 890.839844 1030.792603
0 1524841311 741.347778 587.560852
0 1478213182 1051.775391 1004.168274
0 1524813274 777.132385 603.587769
0 1568516663 960.603455 745.107483
0 1578517672 1005.289856 736.517944
0 1578527685 853.435486 785.090027
0 1478240218 882.636169 976.904053
0 1478215185 1086.822876 974.797424
0 1524838307 740.342041 608.510010
0 1478197163 886.604248 1002.969177
0 1478221192 858.468506 966.067505
0 1524819281 845.349121 580.836365
0 2086284946 859.940063 725.157715
0 1524824288 852.645630 615.689819
0 1524802260 704.593445 599.019897
0 1478226199 959.236206 1011.250732
0 1578518673 951.095825 765.676270
0 1438981616 931.327271 704.556274
0 1478238215 1076.886719 950.497131
0 1609135173 797.586304 728.112915
0 1524837305 728.798035 598.188416
0 1524793249 789.519104 606.769165
0 1568515662 766.119202 729.604248
0 1568516664 826.037048 703.808289
0 1438991628 811.597778 710.024719
0 1478249230 1025.851807 930.507507
0 1438996634 904.657715 717.159302
0 1578519675 921.784851 781.446594
0 1524829295 776.356995 583.114929
0 1524864341 764.923462 600.452026
0 1478255238 1125.974243 1012.461914
0 1438993631 750.193970 736.460388
0 1524788244 777.408569 610.879761
0 1772785076 992.259521 743.528748
0 1524828293 849.580566 601.048950
0 1478203171 1090.743164 1044.741333
0 1524798255 869.868469 586.576050
0 1478199165 1005.721313 1007.692993
0 1578528686 845.337158 731.894226
0 1478192156 1014.014832 1035.812866
0 1478228201 839.784790 1006.488037
0 1772037075 855.837097 702.463562
0 1578515670 815.007385 745.885742
0 1524851323 800.729736 595.717651
0 1478218188 1052.645874 1079.646729
0 1478202169 902.922791 962.898438
0 1478246226 1142.614136 997.216064
0 1524809269 788.138367 586.000427
0 1524822285 882.384644 589.505920
0 1524841310 803.541138 625.287415
0 1578515669 890.832581 798.099976
0 1524854328 800.083984 588.926208
0 0 591.515442 800.539490
0 1 609.280396 651.635498
0 2 779.939087 604.549194
0 3 349.898956 706.609985
0 4 463.363922 706.041443
0 5 931.225464 933.185364
0 6 430.339935 673.688416
0 7 467.138153 839.483154
0 8 525.902710 852.902466
0 9 1148.931519 788.715942
0 10 370.459351 783.965637
0 11 1111.844116 981.812622
0 12 663.930725 887.221863
0 13 783.326233 878.947021
0 14 839.289124 557.205750
0 15 1044.575806 644.470154
0 16 537.409546 784.853027
0 17 1033.533447 593.522705
0 18 631.568420 826.110901
0 19 821.298218 592.736084
0 20 1290.465088 659.226929
0 21 390.744720 854.580322
0 22 1344.254639 673.598206
0 23 521.948303 814.396606
0 24 994.966187 982.069519
0 25 922.908691 626.604553
0 26 1103.031128 672.851807
0 27 1391.374634 829.560608
0 28 1191.111816 632.924988
0 29 280.487274 793.093140
0 30 532.092590 690.753113
0 31 705.510071 853.483154
0 32 1145.919434 708.128967
0 33 1182.969971 724.466309
0 34 1141.166748 663.687622
0 35 1292.877075 912.829163
0 36 888.307495 614.374023
0 37 1048.388550 790.029053
0 38 1099.296753 605.008789
0 39 1163.976685 685.643738
