0 1578512666 954.934082 431.266235
0 1524823287 1721.114014 610.464600
0 1478234209 710.607788 203.432175
0 1707269176 952.468689 335.543884
0 1438989626 1102.475586 446.111084
0 1524801259 1469.359619 590.547363
0 1438992629 1039.936890 415.827545
0 1478227200 597.516174 212.326065
0 1524854327 1438.940063 530.683350
0 1478249229 525.989258 221.375031
0 1524807266 1465.794922 735.400391
0 1524863340 1735.895020 680.803467
0 1524831297 1542.638672 734.756592
0 1478229202 593.140503 221.223145
0 1568509654 1038.157471 401.295471
0 1524790246 1699.340210 681.086975
0 1578523681 1054.049561 323.154816
0 1478207175 558.171143 203.745621
0 1524861337 1675.712158 548.468140
0 1478210178 631.233704 186.923294
0 1524862338 1442.564941 683.078491
0 1478186149 623.567993 203.611160
0 1524797254 1619.342651 734.113953
0 1578518674 952.788208 347.950714
0 1438985621 1030.071777 335.263123
0 1524857331 1671.740845 589.199158
0 1478203170 609.989868 186.962799
0 1438994632 926.044800 416.347839
0 1578520676 1070.685059 430.716919
0 1478237213 715.837158 258.886536
0 1568511657 926.139465 401.787994
0 1775370079 955.335083 446.836304
0 1478195160 737.294373 186.725952
0 1568510655 925.946960 431.403778
0 1478257240 695.560364 249.067749
0 1578521677 899.164124 374.172241
0 1524794250 1610.973389 548.868103
0 1524812272 1491.961914 569.597839
0 1769859072 953.808960 387.583466
0 1578525683 1012.849060 430.991425
0 1770636073 899.676453 360.956146
0 1524846317 1716.353149 706.542603
0 1524833300 1503.157349 590.322205
0 1568511656 1079.484131 323.066437
0 1438985620 1033.153809 360.433594
0 1478185148 716.103333 186.765366
0 1707993177 848.776855 335.919067
0 1478189152 692.301758 258.950287
0 1524791247 1683.049561 656.711975
0 1524830296 1662.753784 681.370728
0 2088218948 1006.491943 360.537964
0 1524827292 1686.800049 610.701965
0 1606348170 1004.219727 335.356659
0 1524855329 1411.277222 612.608215
0 1478183145 712.817505 269.041779
0 1438990627 926.231079 387.700134
0 1524840309 1657.270386 568.537292
0 1478222194 652.890503 239.564194
0 1709860179 837.254395 447.418335
0 1478188151 579.298279 249.369080
0 1438988624 979.813293 360.642426
0 1478243222 527.188782 259.397369
0 1524843313 1791.034180 705.940613
0 1524844315 1581.008179 734.435120
0 1524858333 1754.591309 656.177917
0 1524811271 1421.271729 635.119080
0 1524859334 1737.505127 632.846619
0 1478216186 698.731445 239.450546
0 1524851324 1598.186523 529.735779
0 1524814275 1425.656494 570.023132
0 1578514668 900.173035 348.148743
0 1478184146 672.333313 249.127960
0 1524829294 1647.232910 656.979370
0 1478176143 598.029846 259.205536
0 1524860336 1392.464844 570.236084
0 1478222193 565.978821 230.409943
0 1438997636 1036.435547 387.233856
0 1478194158 645.191833 259.077850
0 1478201168 579.981262 203.700760
0 1478187150 691.921143 195.035950
0 1478205172 601.780212 203.655960
0 1524838306 1516.088989 682.508301
0 1568514660 926.647766 323.597748
0 1524865342 1375.072754 531.063354
0 2085418945 843.389526 388.050659
0 1524808268 1458.822266 569.810364
0 1478200167 641.645386 212.230820
0 1478194159 575.434387 212.373703
0 1568501643 926.488770 348.049683
0 1478239216 665.073181 269.176758
0 1524820283 1481.196655 549.669922
0 1438989625 872.930603 361.060852
0 1568505649 979.071350 347.851746
0 1478255237 734.848328 194.951935
0 1524804262 1383.601440 550.272888
0 1568506650 873.841003 348.247833
0 1478217187 727.126648 220.920059
0 1568505648 871.991211 374.282837
0 1568497640 977.654358 323.420410
0 1578511665 952.158752 323.509033
0 1478258241 667.110107 203.521622
0 1524796253 1539.599976 657.782776
0 1478206173 553.341187 212.421356
0 1524826291 1456.526123 634.865662
0 1578529688 841.931641 402.158234
0 1478233207 673.689697 186.844284
0 1708834178 953.117798 360.746918
0 1478189153 584.036377 239.734863
0 1568499641 983.901428 431.128784
0 1478245224 694.901794 186.804825
0 1524852325 1467.691772 658.319519
0 1478219190 521.518494 269.582550
0 1578525682 898.088745 401.911316
0 1478232206 556.007690 249.429428
0 1524818280 1536.927979 590.097229
0 1524850322 1491.512085 708.354797
0 1438996635 926.569458 335.637634
0 1524832299 1549.263672 611.653564
0 1478242220 648.950623 195.120071
0 1524789245 1810.493530 732.512512
0 1438999639 1096.768433 415.567932
0 1478196161 685.728943 212.135712
0 1478252234 724.416382 230.034592
0 1524803261 1638.078003 589.423340
0 1478211179 515.070984 239.905823
0 1578523680 896.940002 431.541443
0 1578530689 1066.115845 401.172546
0 1568508653 1088.889160 373.399963
0 1524826290 1504.234375 735.078308
0 1524847319 1589.485107 681.939026
0 1524810270 1470.837524 530.493530
0 1524835302 1514.809448 611.891907
0 1524821284 1772.417969 680.520264
0 1524799257 1562.112915 634.106995
0 1478233208 629.951477 239.621048
0 1608354172 846.167908 361.165619
0 1524835303 1416.158325 550.071716
0 1478251232 732.339966 203.387482
0 1524812273 1435.534790 590.772644
0 1706512175 1073.088379 446.255920
0 1438986622 866.805298 447.272675
0 1478211180 619.586487 212.278427
0 1524823286 1718.835693 656.444885
0 1478223195 701.818481 230.088120
0 1478244223 637.849426 221.122025
0 1438987623 871.021301 387.933716
0 1478193157 611.306824 230.302567
0 1478198164 670.441284 195.078003
0 1524862339 1618.088013 611.177368
0 1478236212 641.180969 269.244293
0 1478240217 668.753296 259.014038
0 1478214183 605.936768 195.204239
0 1578521678 1061.837524 373.510071
0 1524844314 1479.343018 682.793274
0 1524848320 1546.135010 549.268677
0 1524806265 1526.946655 634.359619
0 1524787243 1604.082520 707.447449
0 1478241219 602.576050 249.308762
0 1524799256 1480.326904 612.130493
0 1478190154 593.356323 269.379486
0 1478226198 607.000122 239.677963
0 1478208176 548.384766 221.324371
0 1478214184 718.774719 249.007599
0 2084722944 898.635132 387.816864
0 1578522679 1010.180603 401.418488
0 1524825289 1772.332764 732.832214
0 1774531078 1063.942017 387.117462
0 1525674169 1011.492432 415.957489
0 1478197162 541.334351 195.330673
0 1524815276 1445.816284 612.369263
0 1768901071 896.335754 447.127106
0 1578526684 954.171692 401.664734
0 1478182144 627.449097 195.162155
0 1524853326 1453.921631 708.657776
0 1478218189 688.952087 269.109283
0 1578513667 953.457886 373.951263
0 1438983618 926.405579 360.851501
0 1478224196 649.093567 249.188187
0 1478247227 588.735474 187.002335
0 1524792248 1629.963745 529.546692
0 1524795252 1753.710083 706.241516
0 1524808267 1570.671631 589.872437
0 1478191155 574.429199 259.269440
0 1524856330 1657.642334 733.793091
0 1478236211 729.766968 212.040680
0 1478258242 546.194824 187.081512
0 1478212181 621.617371 259.141663
0 1478185147 675.817139 239.507355
0 1568502645 1031.588989 347.654083
0 1568508652 926.319702 374.061676
0 1438984619 874.723633 335.825165
0 1659977623 967.303589 380.655823
0 1478209177 652.466980 186.883759
0 1438982617 981.369080 387.466858
0 1524805264 1578.566650 549.068359
0 1771287074 1055.907837 335.169678
0 2087111947 897.523987 416.478119
0 1524817279 1431.691650 658.588318
0 1524795251 1552.803101 682.223572
0 1478230204 633.952759 230.248917
0 1478230203 562.879395 195.288513
0 1524847318 1652.458130 610.939575
0 1578516671 1003.134705 323.331848
0 1568513659 982.185425 401.541565
0 1578529687 1057.823364 347.555328
0 1524819282 1503.661133 658.051086
0 1478253235 625.841187 249.248459
0 1524836304 1597.249878 633.854492
0 1478243221 584.413513 195.246368
0 1568501644 875.579712 323.775269
0 1438998637 1086.427490 360.225037
0 1524816278 1502.710815 530.303894
0 1705773174 1014.252563 446.545929
0 1524845316 1734.137329 733.152222
0 1524842312 1695.907227 733.472534
0 1568507651 1099.573486 430.579834
0 1438999638 868.984009 416.608490
0 1478252233 721.633423 239.393784
0 1438993630 925.845703 446.981659
0 1478237214 532.704529 249.489822
0 1524857332 1690.254517 568.325684
0 1478248228 656.586670 230.195282
0 1478225197 545.477905 269.514832
0 1524859335 1626.135376 681.654724
0 1524832298 1575.508179 657.514771
0 1478200166 497.545685 269.650299
0 1478250231 707.753601 212.088165
0 1478245225 538.071838 239.848801
0 1438995633 1043.680664 446.400848
0 1524804263 1604.388306 589.647827
0 1524839308 1611.385742 657.246948
0 1524849321 1448.689941 549.870789
0 1568512658 1041.776978 430.854095
0 1568514661 1034.768555 373.620270
0 1478231205 713.390137 194.993927
0 1773608077 954.546509 416.217651
0 1438977615 978.352112 335.450256
0 1524834301 1624.260620 568.749023
0 1607644171 900.654419 335.731384
0 1524800258 1678.962891 706.843994
0 1568504647 867.913208 431.679199
0 1568500642 980.578735 373.840820
0 1478256239 660.186279 221.071472
0 1524815277 1534.560181 530.114380
0 1568503646 1028.599731 323.243317
0 1478220191 543.296692 230.463669
0 1478207174 645.344604 203.566360
0 1524841311 1705.376587 588.975037
0 1478213182 561.060303 239.791840
0 1524813274 1558.163086 569.173096
0 1568516663 870.019470 402.034760
0 1578517672 838.866638 431.817017
0 1578527685 901.121399 323.686493
0 1478240218 682.511414 221.020966
0 1478215185 550.815552 259.333374
0 1524838307 1566.385376 529.924988
0 1478197163 663.692871 212.183258
0 1478221192 704.824829 220.970520
0 1524819281 1641.539429 707.145569
0 2086284946 1008.911255 387.350342
0 1524824288 1401.682739 590.998230
0 1524802260 1661.717041 529.357727
0 1478226199 615.500854 221.172562
0 1578518673 844.800903 374.393524
0 1438981616 984.804016 446.691040
0 1478238215 569.423767 269.447144
0 1609135173 1059.798950 360.329285
0 1524837305 1643.355225 548.668030
0 1524793249 1525.075439 569.385376
0 1568515662 1084.041626 347.456635
0 1568516664 1094.055664 401.049683
0 1438991628 1091.430542 387.001190
0 1478249230 617.275330 269.311890
0 1438996634 983.029053 416.087524
0 1578519675 847.492554 348.347046
0 1524829295 1702.484985 633.098267
0 1524864341 1591.224731 568.960999
0 1478255238 509.388550 249.550247
0 1438993631 1081.728271 335.076263
0 1524788244 1513.678345 549.469177
0 1772785076 840.424866 416.738953
0 1524828293 1491.751099 634.612549
0 1478203171 520.602539 230.517456
0 1524798255 1566.592529 707.749634
0 1478199165 588.648804 230.356247
0 1578528686 1007.682251 373.730530
0 1478192156 570.768555 221.273743
0 1478228201 688.864502 203.476898
0 1772037075 1068.362183 415.697693
0 1578515670 1005.338257 347.752869
0 1524851323 1583.689941 611.415344
0 1478218188 531.236572 212.469086
0 1478202169 679.208618 230.141693
0 1478254236 536.349976 203.790497
0 1478246226 503.548950 259.461334
0 1524809269 1667.435913 633.350159
0 1524822285 1529.068848 708.052063
0 1524841310 1407.018433 530.873291
0 1478235210 567.470459 187.041916
0 1578515669 850.022705 323.864075
0 1524854328 1632.357422 633.602173
0 1 705.489746 772.647949
0 3 1510.752808 176.919220
0 4 1156.417847 53.320652
0 6 526.036865 550.409058
0 7 702.341370 700.281799
0 8 955.828979 5.863663
0 9 989.550842 1.951213
0 10 579.312622 597.930420
0 12 1070.055542 35.356308
0 13 618.701843 543.064087
0 14 1768.999146 455.585968
0 17 1030.755737 26.480764
0 20 1419.375122 156.307007
0 21 600.291748 25.604155
0 22 408.640472 41.767380
0 23 762.420044 439.354523
0 24 499.918213 201.066772
0 25 937.102356 436.605499
0 26 1169.314209 265.447327
0 27 1156.606079 223.607208
0 28 649.562439 447.941315
0 29 813.809082 207.046219
0 30 545.745239 92.458488
0 31 710.751343 298.466370
0 33 674.929199 191.548950
0 35 548.940979 107.715485
0 37 497.384674 127.345284
0 39 366.459320 54.436539
0 40 528.633057 141.474884
0 43 1533.496826 223.582642
0 46 16.745415 224.874435
0 53 830.145325 813.473877
0 59 984.525391 757.318420
0 187 1417.691040 662.112549
0 192 1334.103516 605.092773
0 210 1319.302368 113.008896
0 213 1264.357666 114.765350
0 218 956.326599 107.889198
0 227 622.047668 106.568268
0 228 355.983490 263.954010
0 229 601.768799 870.095276
0 244 1720.342529 711.937744
0 245 1875.301514 757.607178
