0 1578512666 1001.077637 748.282043
0 1707269176 1295.280518 806.830872
0 1438989626 903.609375 911.134155
0 1438992629 1014.373657 856.338318
0 1568509654 1058.260498 865.708130
0 1578523681 1330.859497 964.387817
0 1578518674 1251.800415 798.177979
0 1438985621 1285.884766 914.305664
0 1438994632 1050.005493 725.960938
0 1578520676 960.007324 883.233704
0 1568511657 1090.221924 733.788025
0 1775370079 960.908752 740.288086
0 1568510655 1010.226868 718.219116
0 1578521677 1177.422241 719.610046
0 1769859072 1124.311401 772.806580
0 1578525683 981.499756 812.612244
0 1770636073 1218.114868 727.359314
0 1568511656 1328.480347 1006.495972
0 1438985620 1193.156738 894.508301
0 1707993177 1305.948486 684.804382
0 2088218948 1198.627686 857.868225
0 1606348170 1289.168945 876.739685
0 1438990627 1130.883179 741.701660
0 1709860179 998.354614 628.637939
0 1438988624 1203.842285 822.946106
0 1578514668 1259.255249 735.193848
0 1438997636 1102.680176 875.191650
0 1568514660 1341.129517 782.620422
0 2085418945 1148.960449 656.138428
0 1568501643 1255.611816 765.976685
0 1438989625 1222.464478 698.228943
0 1568505649 1247.809204 831.898010
0 1568506650 1262.741821 705.737854
0 1568505648 1182.616333 690.799988
0 1568497640 1337.315552 850.122009
0 1578511665 1339.267090 815.584534
0 1578529688 1110.726074 649.156860
0 1708834178 1208.817749 789.624084
0 1568499641 991.511780 779.714478
0 1578525682 1097.351196 704.361694
0 1438996635 1298.128784 774.251465
0 1438999639 993.861938 931.391235
0 1578523680 1018.985840 689.438232
0 1578530689 1049.281250 902.769714
0 1568508653 1133.586670 962.752258
0 1608354172 1226.631714 670.321167
0 1706512175 916.183167 873.643616
0 1438986622 989.576477 654.811401
0 1438987623 1143.190308 683.449768
0 1578521678 1140.790527 922.794800
0 2084722944 1137.170044 711.944641
0 1578522679 1066.816162 830.394714
0 1774531078 1094.751343 912.719971
0 1525674169 1023.908142 821.451416
0 1768901071 980.425903 682.095093
0 1578526684 1082.771362 764.539795
0 1578513667 1166.324219 781.167480
0 1438983618 1213.570435 757.794434
0 1568502645 1239.234131 904.345825
0 1568508652 1171.996826 749.703247
0 1438984619 1303.454956 713.328064
0 1659977623 1142.090332 793.156067
0 1438982617 1117.435181 805.353149
0 1771287074 1282.432983 953.790588
0 2087111947 1057.958740 696.860046
0 1578516671 1335.268799 886.348267
0 1568513659 1074.977539 796.708557
0 1578529687 1234.620239 943.327637
0 1568501644 1344.611084 721.000854
0 1438998637 1181.365601 973.476257
0 1705773174 939.582397 803.875427
0 1568507651 948.453125 921.199280
0 1438999638 1065.578125 668.980469
0 1438993630 970.878784 710.561157
0 1438995633 928.160339 837.931885
0 1568512658 971.010010 847.080261
0 1568514661 1147.642090 884.791016
0 2079485312 1142.098267 793.101440
0 1773608077 1041.696045 756.365417
0 1438977615 1292.297241 840.955994
0 1607644171 1300.850830 743.115173
0 1568504647 1027.379150 661.858948
0 1568500642 1160.387207 814.098450
0 1568503646 1333.119385 924.390137
0 1568516663 1104.179810 676.177002
0 1578517672 1035.429199 635.407715
0 1578527685 1342.909180 751.124512
0 2086284946 1110.232666 839.444031
0 1578518673 1187.593628 663.192810
0 1438981616 950.487122 771.361633
0 1609135173 1187.409912 932.996582
0 1568515662 1229.765991 984.339661
0 1568516664 1039.846313 941.712402
0 1438991628 1086.417480 952.165222
0 1438996634 1033.005859 788.162964
0 1578519675 1266.081055 677.524658
0 1438993631 1278.800049 995.345215
0 1772785076 1072.884399 642.247009
0 1578528686 1154.166748 848.601196
0 1772037075 1004.369995 892.941650
0 1578515670 1243.625244 867.247009
0 1578515669 1346.240601 692.161743
0 0 972.456116 635.102844
0 1 971.564575 717.383728
0 2 954.441956 955.058289
0 3 979.934326 502.652802
0 4 1309.028809 531.084351
0 5 1492.220337 506.314941
0 6 1447.032227 728.768005
0 7 1492.431763 623.215515
0 8 1628.391724 611.489380
0 9 1325.531372 969.999146
