0 1578512666 1023.183716 736.675781
0 1524823287 1859.437866 939.118286
0 1478234209 794.799988 510.139099
0 1707269176 1024.444336 638.152222
0 1438989626 1174.795776 752.395691
0 1524801259 1572.518188 913.224670
0 1438992629 1110.729736 720.504944
0 1478227200 686.359619 519.982971
0 1524854327 1535.770020 845.541321
0 1478249229 617.949341 529.427368
0 1524863340 1884.441650 1022.427246
0 1478229202 681.400330 528.541565
0 1568509654 1109.268921 705.350830
0 1524790246 1841.788452 1022.110779
0 1578523681 1127.310913 625.008911
0 1478207175 649.996948 512.267273
0 1524861337 1801.193359 867.288208
0 1478210178 720.531677 495.385162
0 1524862338 1547.428833 1019.927124
0 1478186149 711.829529 511.358521
0 1578518674 1024.283203 650.744812
0 1438985621 1102.722900 637.448364
0 1524857331 1800.618530 913.882690
0 1478203170 700.433533 495.694550
0 1438994632 994.416016 721.132507
0 1578520676 1142.089844 736.115295
0 1478237213 795.708740 563.693726
0 1568511657 995.155212 706.041382
0 1775370079 1022.974792 753.003662
0 1478195160 821.558533 493.829865
0 1568510655 993.647949 736.815002
0 1478257240 776.895935 554.329102
0 1578521677 969.227844 677.703369
0 1524794250 1728.138916 867.220459
0 1524812272 1596.478638 889.658325
0 1769859072 1023.764099 691.322266
0 1578525683 1082.483765 736.396301
0 1770636073 970.375549 664.210754
0 1524846317 1864.447510 1052.992432
0 1524833300 1610.230835 913.333496
0 1568511656 1153.131836 624.763062
0 1438985620 1105.200439 663.148560
0 1478185148 801.281372 494.142059
0 1707993177 920.894226 639.083313
0 1478189152 772.988159 563.974304
0 1524791247 1820.332397 992.868896
0 1524830296 1799.287231 1021.795471
0 2088218948 1078.109131 663.362000
0 1524827292 1819.986816 938.963074
0 1606348170 1076.571045 637.683533
0 1524855329 1509.012939 937.739380
0 1478183145 792.027588 573.642822
0 1438990627 995.867065 691.508728
0 1524840309 1782.181396 890.008057
0 1478222194 736.703735 545.548523
0 1709860179 902.942627 753.484375
0 1478188151 665.634583 555.749817
0 1438988624 1051.081177 663.574951
0 1478243222 615.202881 565.922546
0 1524858333 1903.439941 993.383972
0 1524811271 1521.163574 963.734802
0 1524859334 1880.867920 965.547058
0 1478216186 780.688354 544.968872
0 1524851324 1712.233765 845.543762
0 1524814275 1523.006836 889.519958
0 1578514668 971.483093 651.190735
0 1478184146 754.556396 554.614319
0 1524829294 1778.994995 992.612671
0 1478176143 682.556641 565.090942
0 1524860336 1486.442139 889.451111
0 1478222193 654.805664 537.639954
0 1438997636 1107.862305 690.760254
0 1478194158 727.682495 564.533691
0 1478201168 670.570374 511.964935
0 1478187150 777.568787 502.339294
0 1478205172 691.181213 511.661987
0 1524838306 1630.787354 1020.545471
0 1568514660 999.064636 626.229797
0 1524865342 1465.917603 845.540344
0 2085418945 912.580383 692.065308
0 1524808268 1559.685425 889.589050
0 1478200167 728.268066 519.382263
0 1478194159 665.463318 520.282471
0 1568501643 997.852905 650.968079
0 1478239216 745.938049 574.191895
0 1524820283 1583.366943 867.086182
0 1438989625 943.599182 664.421692
0 1568505649 1050.774292 650.521118
0 1478255237 818.638733 501.721191
0 1524804262 1475.941895 866.986572
0 1568506650 945.173828 651.412964
0 1478217187 809.376099 526.755066
0 1568505648 941.967468 677.902100
0 1568497640 1050.192139 625.743042
0 1578511665 1024.599976 625.986694
0 1478258241 753.239136 510.749939
0 1524796253 1655.838867 991.849365
0 1478206173 644.605469 520.581482
0 1524826291 1560.594849 963.933472
0 1578529688 910.306702 706.554810
0 1478233207 760.834900 494.764709
0 1708834178 1024.116333 663.787354
0 1478189153 671.044312 546.413757
0 1568499641 1052.795532 736.536255
0 1478245224 781.040222 494.453644
0 1524852325 1574.440918 991.344910
0 1478219190 608.780884 575.825928
0 1578525682 966.802734 706.212952
0 1478232206 643.512573 556.032288
0 1524818280 1648.064331 913.442627
0 1524850322 1604.437134 1050.729004
0 1438996635 998.469177 638.385803
0 1524832299 1663.478394 938.347168
0 1478242220 736.646362 502.955231
0 1438999639 1169.328979 720.188843
0 1478196161 770.331604 518.779358
0 1478252234 806.108643 535.586060
0 1524803261 1762.295776 913.772095
0 1478211179 605.762939 547.274048
0 1578523680 964.187622 736.953857
0 1578530689 1137.974487 705.177124
0 1568508653 1161.879272 676.298584
0 1524847319 1714.738037 1021.168274
0 1524810270 1570.852295 845.541748
0 1524835302 1624.671997 938.194458
0 1524799257 1679.685669 964.533447
0 1478233208 714.775024 545.837463
0 1608354172 916.885132 664.632202
0 1524835303 1511.641357 867.019714
0 1478251232 815.637390 509.832855
0 1524812273 1534.925781 913.116211
0 1706512175 1144.271606 752.517944
0 1438986622 932.833191 753.364624
0 1478211180 707.294556 519.682861
0 1524823286 1861.813721 993.125977
0 1478223195 784.370300 535.881165
0 1478244223 723.899109 527.948303
0 1438987623 940.275513 691.880188
0 1478193157 697.829895 537.055908
0 1478198164 757.089172 502.647552
0 1524862339 1741.474731 938.654114
0 1478236212 722.963074 574.465637
0 1478240217 750.312683 564.254272
0 1478214183 695.870789 503.568970
0 1578521678 1134.160034 676.500732
0 1524844314 1589.034424 1020.235779
0 1524848320 1655.531372 867.153137
0 1524806265 1639.855103 964.332825
0 1524787243 1733.730469 1051.854492
0 1478241219 687.799805 555.466797
0 1524799256 1585.992676 938.042297
0 1478190154 677.152039 575.011414
0 1478226198 692.888611 546.125854
0 1478208176 639.060242 529.132629
0 1478214184 799.279480 554.043274
0 2084722944 968.037659 691.694702
0 1578522679 1080.634521 705.524048
0 1774531078 1136.031738 690.571960
0 1525674169 1081.541260 720.662476
0 1478197162 634.980713 504.485382
0 1524815276 1547.439941 937.890564
0 1768901071 962.801880 753.244629
0 1578526684 1023.577881 705.869385
0 1478182144 716.240295 503.262360
0 1524853326 1561.651978 1050.356445
0 1478218189 768.959473 573.917603
0 1578513667 1023.943420 677.304443
0 1438983618 997.214600 663.999390
0 1478224196 732.260559 554.899048
0 1478247227 680.370972 496.003418
0 1524792248 1747.844482 845.544250
0 1524795252 1908.340454 1053.374512
0 1524808267 1686.019409 913.552124
0 1478191155 660.060913 565.368713
0 1478236211 812.551147 518.174194
0 1478258242 640.351868 496.619476
0 1478212181 705.097107 564.812561
0 1478185147 758.674805 545.258972
0 1568502645 1103.939941 650.072144
0 1568508652 996.553101 677.504089
0 1438984619 946.694336 638.851318
0 1659977623 1037.700073 684.152222
0 1478209177 740.665466 495.075195
0 1438982617 1051.728760 691.135376
0 1524805264 1691.779541 867.186707
0 1771287074 1128.934082 637.212708
0 2087111947 965.520264 721.288452
0 1524817279 1533.951782 991.093994
0 1524795251 1672.688232 1020.856323
0 1478230204 719.403320 536.763062
0 1478230203 655.241089 504.180481
0 1524847318 1780.665894 938.808350
0 1578516671 1075.841064 625.498901
0 1568513659 1052.070923 705.696899
0 1578529687 1130.614746 649.846863
0 1524819282 1615.069824 991.596741
0 1478253235 710.008423 555.183228
0 1524836304 1719.650513 964.734863
0 1478243221 675.537720 503.875000
0 1568501644 948.163452 626.714355
0 1438998637 1159.574585 662.720154
0 1524816278 1606.039307 845.542297
0 1705773174 1083.463867 752.761475
0 1568507651 1172.008423 735.974304
0 1438999638 936.697021 721.443909
0 1478252233 802.744507 544.678223
0 1438993630 992.848999 753.124329
0 1478237214 621.433716 556.314270
0 1524857332 1819.673340 890.078674
0 1478248228 741.017761 536.469666
0 1478225197 631.525452 575.554932
0 1524859335 1756.937500 1021.481323
0 1524832298 1696.749023 992.102966
0 1478200166 586.081970 576.096313
0 1478250231 791.421753 518.477051
0 1478245225 627.481628 546.987793
0 1438995633 1113.827759 752.639832
0 1524804263 1724.096313 913.661926
0 1524839308 1737.800659 992.357361
0 1524849321 1547.449463 867.052917
0 1568512658 1112.248291 736.255981
0 1568514661 1106.507202 676.702332
0 1478231205 798.085266 502.030548
0 1773608077 1023.384583 720.976257
0 1438977615 1050.478149 637.918152
0 1524834301 1744.807373 889.937683
0 1607644171 972.552551 638.618835
0 1524800258 1820.715576 1052.611694
0 1568504647 934.802856 737.092407
0 1568500642 1051.399048 677.104248
0 1478256239 745.208252 527.650818
0 1524815277 1641.331665 845.542786
0 1568503646 1101.547363 625.254150
0 1478220191 633.354675 537.931091
0 1478207174 732.515503 511.054504
0 1524841311 1839.065063 913.993591
0 1478213182 649.242065 546.701050
0 1524813274 1670.410645 889.797546
0 1568516663 938.519897 706.384094
0 1578517672 905.493164 737.230530
0 1578527685 973.585876 626.472351
0 1478240218 766.557373 527.352844
0 1478215185 637.609680 565.645874
0 1524838307 1676.729736 845.543213
0 1478197163 749.280396 519.081116
0 1478221192 787.946655 527.054260
0 1524819281 1777.143433 1052.232422
0 2086284946 1079.761353 690.947998
0 1524824288 1497.453125 913.008118
0 1524802260 1783.562256 845.544739
0 1478226199 702.629822 528.245239
0 1578518673 914.771729 678.100464
0 1438981616 1053.179688 752.882751
0 1478238215 654.315796 575.283447
0 1609135173 1132.355591 662.934570
0 1524837305 1764.609985 867.254272
0 1524793249 1633.386841 889.727844
0 1568515662 1157.351196 649.621094
0 1568516664 1166.751465 705.002991
0 1438991628 1164.269897 690.383301
0 1478249230 700.034485 574.738770
0 1438996634 1052.426270 720.819580
0 1578519675 918.924683 651.634583
0 1524829295 1840.358398 965.342896
0 1524864341 1707.550781 889.867493
0 1478255238 599.397827 556.595642
0 1438993631 1155.204956 636.976440
0 1524788244 1619.394043 867.119568
0 1772785076 907.946045 721.599060
0 1524828293 1600.158447 964.132812
0 1478203171 611.944214 538.221741
0 1524798255 1690.475708 1051.477905
0 1478199165 676.297363 537.348206
0 1578528686 1078.920166 676.903503
0 1478192156 660.210510 528.837402
0 1478228201 774.000610 510.444763
0 1772037075 1139.992310 720.347046
0 1578515670 1077.326416 650.296936
0 1524851323 1702.412354 938.500366
0 1478218188 623.785889 520.879883
0 1478202169 762.673401 536.175720
0 1478254236 629.460815 512.569153
0 1478246226 592.840393 566.198730
0 1524809269 1799.986328 965.139526
0 1524822285 1647.378174 1051.102783
0 1524841310 1500.791992 845.540771
0 1478235210 660.343750 496.311707
0 1578515669 922.797180 626.955872
0 1524854328 1759.750488 964.936829
0 0 1272.531616 993.179749
0 1 1377.307739 468.517731
0 2 825.668274 585.677673
0 3 711.230225 1019.442749
0 4 775.572571 791.592407
0 5 1509.519287 565.511902
0 6 450.832031 966.137390
0 7 746.346252 747.357910
0 8 1018.715881 793.212769
0 9 358.500977 691.334473
0 10 1264.317261 833.155273
0 11 734.816589 507.352539
0 12 220.193329 885.578125
0 13 1098.713745 486.197998
0 14 430.442078 641.991394
0 15 1546.675903 679.475891
0 16 1530.242310 609.740234
0 17 317.729218 775.573975
0 18 1486.551880 536.699707
0 19 828.640137 557.653442
0 20 484.779846 608.779175
0 21 766.442627 577.478271
0 22 510.891663 563.537720
0 23 679.086853 950.779419
0 24 1252.994629 481.132935
0 25 832.053345 531.353027
0 26 849.630859 503.551300
0 27 643.001465 503.330566
0 28 1710.566650 922.183105
0 29 796.168701 500.134216
0 30 1503.945068 772.540039
0 31 1018.982422 490.216370
0 32 750.484863 837.079956
0 33 973.532776 456.257477
0 34 1438.998657 858.728699
0 35 1323.594482 1057.732300
0 36 1185.729248 462.191284
0 37 1021.810425 838.083618
0 38 1672.132324 817.936584
0 39 939.046692 862.362000
