0 1578512666 1001.200073 579.077209
0 1524823287 1430.012207 484.659119
0 1478234209 543.472595 554.891418
0 1707269176 890.965576 544.275269
0 1438989626 1086.759766 549.210754
0 1524801259 1346.041504 521.579590
0 1438992629 1026.696899 552.959534
0 1478227200 459.903748 594.339600
0 1524854327 1290.392212 508.683807
0 1478249229 408.840973 622.869751
0 1524807266 1448.553467 563.890625
0 1524863340 1479.420776 502.314911
0 1524831297 1467.582153 549.744568
0 1478229202 471.082703 599.769226
0 1568509654 1010.418457 548.154907
0 1524790246 1470.878174 508.275940
0 1578523681 932.739136 515.271179
0 1478207175 408.272247 603.704224
0 1524861337 1375.292236 473.472626
0 1478210178 447.217072 571.821960
0 1524862338 1405.891602 553.624573
0 1478186149 468.646576 581.906616
0 1524797254 1485.803833 536.198608
0 1578518674 905.795166 548.957092
0 1438985621 933.586548 525.478210
0 1524857331 1402.640137 486.344147
0 1478203170 427.682709 578.689392
0 1438994632 969.801514 581.051941
0 1578520676 1056.746094 551.083984
0 1478237213 632.805664 577.543396
0 1568511657 953.399414 575.752197
0 1775370079 1018.261414 584.463623
0 1478195160 539.155640 539.500122
0 1568510655 986.545959 586.462402
0 1478257240 602.253906 579.450256
0 1578521677 906.508789 572.490479
0 1524794250 1357.143677 484.200653
0 1524812272 1337.143188 511.131805
0 1769859072 952.065247 563.564941
0 1578525683 1029.567505 564.781128
0 1770636073 891.059814 567.379578
0 1524846317 1491.108643 512.558289
0 1524833300 1355.951294 515.410278
0 1568511656 946.142334 509.461731
0 1438985620 963.441895 534.289917
0 1478185148 521.494629 545.709045
0 1707993177 829.908447 571.203369
0 1478189152 614.720947 584.658936
0 1524791247 1451.029297 504.074310
0 1524830296 1462.161743 514.358398
0 2088218948 949.555298 540.638184
0 1524827292 1421.307739 490.227112
0 1606348170 919.663513 531.618652
0 1524855329 1345.076660 538.990173
0 1478183145 645.572754 582.729797
0 1438990627 937.329163 570.559692
0 1524840309 1384.308472 482.531067
0 1478222194 552.905823 588.524170
0 1709860179 957.761719 615.599915
0 1478188151 506.032379 616.744690
0 1438988624 935.382935 547.117126
0 1478243222 476.442017 639.065369
0 1524843313 1507.780396 500.557465
0 1524844315 1476.790527 542.898987
0 1524858333 1468.177612 492.461395
0 1524811271 1364.941528 543.770386
0 1524859334 1448.920166 488.524536
0 1478216186 590.033203 574.344421
0 1524851324 1339.371582 480.438721
0 1524814275 1316.927979 523.390076
0 1578514668 875.917480 562.370056
0 1478184146 583.831970 586.590332
0 1524829294 1442.195435 510.056519
0 1478176143 538.348083 614.708130
0 1524860336 1306.507568 529.708923
0 1478222193 462.113251 612.982544
0 1438997636 994.455750 543.443542
0 1478194158 577.367676 599.355713
0 1478201168 428.828278 596.282654
0 1478187150 514.305115 556.695862
0 1478205172 448.948517 589.018433
0 1524838306 1425.444946 539.979919
0 1568514660 861.620239 546.096985
0 1524865342 1269.412231 520.782410
0 2085418945 891.162231 592.473511
0 1524808268 1327.137817 517.198975
0 1478200167 499.046967 580.012695
0 1478194159 439.696625 601.735596
0 1568501643 891.011780 555.593872
0 1478239216 608.915222 597.375488
0 1524820283 1318.686890 506.933380
0 1438989625 875.651123 574.423645
0 1568505649 920.277283 542.455688
0 1478255237 550.098328 543.945374
0 1524804262 1287.781006 525.202637
0 1568506650 860.502441 569.290283
0 1478217187 584.184998 557.792297
0 1568505648 891.109924 579.662170
0 1568497640 890.921143 533.396729
0 1578511665 876.418701 539.682739
0 1478258241 506.828369 568.121399
0 1524796253 1414.591431 528.749878
0 1478206173 419.047211 609.293518
0 1524826291 1375.057617 537.115417
0 1578529688 907.284424 598.071899
0 1478233207 485.104523 558.502258
0 1708834178 920.915833 553.730835
0 1478189153 494.139648 610.968262
0 1568499641 1015.537170 571.851807
0 1478245224 503.481171 552.041809
0 1524852325 1395.211304 541.874023
0 1478219190 488.679199 645.413086
0 1578525682 938.364380 583.029175
0 1478232206 485.484924 624.708618
0 1524818280 1365.662720 509.364441
0 1524850322 1436.755737 551.683411
0 1438996635 876.173096 550.799194
0 1524832299 1384.732056 513.623657
0 1478242220 477.039978 569.970581
0 1524789245 1528.146240 504.720917
0 1438999639 1053.392090 539.778503
0 1478196161 536.582397 566.274414
0 1478252234 595.987183 562.586670
0 1524803261 1393.665161 491.931549
0 1478211179 431.346161 634.950500
0 1578523680 971.564270 594.012634
0 1578530689 1023.940979 541.610046
0 1568508653 1005.696716 526.296265
0 1524826290 1458.172119 556.740112
0 1524847319 1444.185059 526.902832
0 1524810270 1300.572998 502.812805
0 1524835302 1375.121582 519.771179
0 1524821284 1487.794434 496.471680
0 1524799257 1404.168335 517.964844
0 1478233208 533.740417 595.843872
0 1608354172 859.908142 581.620605
0 1524835303 1298.291382 518.989624
0 1478251232 561.246765 548.474182
0 1524812273 1335.927368 527.876099
0 1706512175 1073.639893 555.962952
0 1438986622 973.405151 607.549011
0 1478211180 479.682709 587.100281
0 1524823286 1459.688232 498.210419
0 1478223195 578.051575 569.338440
0 1478244223 510.380341 585.184326
0 1438987623 906.888367 585.008850
0 1478193157 502.430603 597.805359
0 1478198164 495.862152 563.265686
0 1524862339 1403.381958 501.693787
0 1478236212 589.980347 604.940491
0 1478240217 596.245850 591.928040
0 1478214183 438.210297 583.802795
0 1578521678 992.383789 532.496399
0 1524844314 1415.773071 546.729065
0 1524848320 1338.289307 495.345978
0 1524806265 1394.664673 524.216858
0 1524787243 1464.788208 531.504639
0 1478241219 526.126221 608.956482
0 1524799256 1365.313110 526.045471
0 1478190154 550.830017 620.582092
0 1478226198 514.156311 603.323486
0 1478208176 430.047058 614.999329
0 1478214184 620.290527 572.459412
0 2084722944 922.273682 577.705994
0 1578522679 996.612183 554.837158
0 1524825289 1520.022461 510.760254
0 1774531078 1008.010925 537.009460
0 1525674169 1012.925171 559.759399
0 1478197162 376.809509 605.675354
0 1524815276 1355.300171 532.450378
0 1768901071 988.695129 599.680054
0 1578526684 968.112366 568.631104
0 1478182144 457.826813 576.814880
0 1524853326 1427.001831 558.704468
0 1478218189 627.441650 589.973633
0 1578513667 936.336182 558.599182
0 1438983618 906.144653 560.483521
0 1478224196 565.012146 593.884705
0 1478247227 407.737976 585.701172
0 1524792248 1348.617065 475.107086
0 1524795252 1499.528564 506.497406
0 1524808267 1375.181763 503.438354
0 1478191155 518.178223 622.644104
0 1524856330 1494.627808 529.638794
0 1478236211 572.606995 553.089050
0 1478258242 366.564758 600.175964
0 1478212181 558.073059 606.947205
0 1478185147 571.665833 581.359253
0 1568502645 948.373474 529.842529
0 1568508652 921.580750 565.471130
0 1438984619 845.654480 564.258850
0 1659977623 951.418518 557.657837
0 1478209177 466.353668 565.094360
0 1438982617 966.492004 556.717041
0 1524805264 1347.807251 489.719696
0 1771287074 947.236694 519.458008
0 2087111947 954.791016 588.463623
0 1524817279 1385.208984 548.647522
0 1524795251 1434.913452 533.372681
0 1478230204 521.942505 590.460266
0 1478230203 397.715332 598.228149
0 1524847318 1412.432739 495.904266
0 1578516671 905.136536 527.235291
0 1568513659 982.513306 561.661072
0 1578529687 962.004761 523.723022
0 1524819282 1405.003296 535.242981
0 1478253235 545.781433 601.338318
0 1524836304 1413.479980 511.839050
0 1478243221 418.177582 590.938965
0 1568501644 831.098389 559.326294
0 1438998637 990.391479 521.969849
0 1524816278 1310.555786 497.056030
0 1705773174 1046.549316 569.905212
0 1524845316 1511.731567 516.923767
0 1524842312 1503.268433 523.215271
0 1568507651 1069.912720 544.448486
0 1438999638 939.444580 596.040955
0 1478252233 608.020081 567.474792
0 1438993630 1003.643433 591.986816
0 1478237214 464.468414 632.854431
0 1524857332 1393.207153 477.135010
0 1478248228 541.041382 583.270691
0 1478225197 509.873932 636.945190
0 1524859335 1453.265869 520.566101
0 1524832298 1423.982300 522.390381
0 1478200166 466.984131 654.080811
0 1478250231 554.777771 559.614746
0 1478245225 452.750061 626.775879
0 1438995633 1060.239502 562.859497
0 1524804263 1384.514160 497.628510
0 1524839308 1433.181641 516.160583
0 1524849321 1308.591309 512.901123
0 1568512658 1043.300659 557.860046
0 1568514661 978.799927 538.822754
0 1478231205 532.380188 550.257019
0 1773608077 984.487244 573.800842
0 1438977615 905.459412 537.883118
0 1524834301 1375.238525 488.030975
0 1607644171 861.072632 557.458984
0 1524800258 1482.515625 518.743896
0 1568504647 956.243713 601.733582
0 1568500642 950.784912 551.869995
0 1478256239 529.411499 578.121033
0 1524815277 1320.346069 491.410187
0 1568503646 919.073120 521.194580
0 1478220191 441.278870 620.825500
0 1478207174 487.935669 574.942505
0 1524841311 1411.444214 480.863251
0 1478213182 473.675934 618.783813
0 1524813274 1356.564697 499.354706
0 1568516663 922.996460 590.467285
0 1578517672 940.572815 609.631226
0 1578527685 846.516663 552.643433
0 1478240218 548.047974 571.204285
0 1478215185 497.548157 630.761047
0 1524838307 1329.949585 485.872070
0 1478197163 518.009399 573.072266
0 1478221192 566.301941 564.429504
0 1524819281 1473.744019 525.057983
0 2086284946 980.619141 550.011414
0 1524824288 1325.602295 534.303894
0 1524802260 1357.691040 469.874359
0 1478226199 490.941803 592.398743
0 1578518673 875.373535 586.990967
0 1438981616 1032.560059 577.104858
0 1478238215 530.585388 628.670349
0 1609135173 977.051270 528.068420
0 1524837305 1366.303711 478.785950
0 1524793249 1346.950195 505.184875
0 1568515662 975.369202 517.723389
0 1568516664 1037.188477 535.198181
0 1438991628 1021.292969 530.704895
0 1478249230 570.623352 612.674133
0 1438996634 998.858398 566.704956
0 1578519675 844.756287 576.359253
0 1524829295 1440.320557 494.181854
0 1524864341 1365.992310 493.637817
0 1478255238 442.966614 641.188354
0 1438993631 960.621887 513.554749
0 1524788244 1328.584351 501.082764
0 1772785076 923.750977 603.789856
0 1524828293 1384.963135 530.598999
0 1478203171 419.973602 628.845703
0 1524798255 1455.642334 538.088135
0 1478199165 482.492310 605.310974
0 1578528686 964.936523 545.279297
0 1478192156 450.789276 607.301025
0 1478228201 525.336792 561.439148
0 1772037075 1040.182861 546.300659
0 1578515670 934.467163 536.085449
0 1524851323 1394.150146 507.599091
0 1478218188 397.940826 617.018555
0 1478202169 559.740173 576.231628
0 1478254236 387.266022 611.288330
0 1478246226 454.843048 647.563599
0 1524809269 1431.550781 499.951141
0 1524822285 1446.300293 544.812866
0 1524841310 1280.007324 514.672485
0 1478235210 387.369873 592.861755
0 1578515669 815.355530 566.149902
0 1524854328 1422.605713 505.835693
0 0 1061.699707 401.316345
0 1 672.234009 574.051208
0 2 1038.097046 620.967407
0 3 833.476685 450.037781
0 4 1288.212158 488.855927
0 5 587.956177 519.768982
0 6 752.247925 468.130096
0 7 977.722534 415.556702
0 8 1020.419861 426.301666
0 9 596.442261 779.945129
0 10 1121.084839 450.012329
0 11 463.658508 673.986816
0 12 1387.959106 574.775757
0 13 1392.018921 538.019592
0 14 538.044861 518.292236
0 15 596.162964 486.709534
0 16 890.031616 413.684845
0 17 1147.003418 706.956604
0 18 802.707642 442.897888
0 19 864.640747 612.677856
0 20 680.196960 828.454895
0 21 1150.345581 438.364441
0 22 827.201660 839.459412
0 23 1429.307495 556.963501
0 24 489.390442 552.426208
0 25 722.851135 556.192017
0 26 772.925476 573.099304
0 27 538.183350 750.295959
0 28 392.676636 594.038696
0 29 1125.421509 609.623657
0 30 1166.517944 458.093292
0 31 757.535706 453.079987
0 32 737.702576 433.108368
0 33 639.161865 523.909424
0 34 658.762268 455.032654
0 35 494.081146 722.647583
0 36 553.359863 500.734406
0 37 902.673035 382.853455
0 38 1032.360474 807.910400
0 39 705.192017 445.545532
