0 1578512666 838.643799 397.392426
0 1707269176 1120.387817 455.400726
0 1438989626 739.570190 550.141174
0 1438992629 848.608398 499.791077
0 1568509654 890.805847 508.639740
0 1578523681 1141.731445 597.704956
0 1578518674 1079.770264 447.037994
0 1438985621 1103.835938 553.311523
0 1438994632 887.808350 376.386993
0 1578520676 795.034607 524.529602
0 1568511657 927.131714 384.436951
0 1775370079 798.880493 389.205566
0 1568510655 848.601807 368.360992
0 1578521677 1013.108276 371.849121
0 1769859072 958.657959 422.102142
0 1578525683 817.635986 458.638000
0 1770636073 1052.114746 379.789795
0 1568511656 1136.406860 634.463318
0 1438985620 1018.212769 535.356567
0 1707993177 1139.887573 340.050873
0 2088218948 1025.492676 501.951263
0 1606348170 1109.557129 519.468689
0 1438990627 966.572327 392.510864
0 1709860179 839.306946 279.510498
0 1438988624 1032.509155 469.754150
0 1578514668 1091.236328 387.753845
0 1438997636 933.138672 517.516785
0 1568514660 1165.553955 433.244568
0 2085418945 988.745056 309.609039
0 1568501643 1085.603516 416.877838
0 1438989625 1058.209229 351.824432
0 1568505649 1073.725830 478.290619
0 1568506650 1096.678833 359.613556
0 1568505648 1019.850647 344.057831
0 1568497640 1156.544434 495.443329
0 1578511665 1161.129517 463.789032
0 1578529688 951.226807 302.052460
0 1708834178 1039.276489 438.700714
0 1568499641 828.328369 427.465729
0 1578525682 935.437744 356.037506
0 1438996635 1125.518799 425.048920
0 1438999639 826.731323 568.661682
0 1578523680 858.220703 340.318207
0 1578530689 880.860474 542.644409
0 1568508653 958.563721 596.674194
0 1608354172 1064.101440 324.786652
0 1706512175 752.330627 515.516357
0 1438986622 829.707214 305.558838
0 1438987623 981.602661 336.313660
0 1578521678 967.248230 560.877808
0 2084722944 974.215942 363.931732
0 1578522679 900.386719 475.881653
0 1774531078 923.983765 551.746216
0 1525674169 858.946411 467.246307
0 1768901071 819.781067 332.492981
0 1578526684 918.531921 413.840607
0 1578513667 998.906006 430.388824
0 1438983618 1045.807739 408.731232
0 1568502645 1060.955444 544.319580
0 1568508652 1006.130798 400.608917
0 1438984619 1135.260010 367.425201
0 1659977623 974.880066 441.483154
0 1438982617 950.458191 452.760345
0 1771287074 1097.895508 588.452759
0 2087111947 896.772766 348.166382
0 1578516671 1151.789429 528.269043
0 1568513659 909.622620 444.302795
0 1578529687 1054.203247 579.230896
0 1568501644 1173.953247 375.259583
0 1438998637 1002.801575 606.074158
0 1705773174 776.454773 450.056641
0 1568507651 783.078491 559.386047
0 1438999638 905.436646 320.892059
0 1438993630 809.511597 360.358795
0 1438995633 764.616821 482.178314
0 1568512658 806.545654 490.970642
0 1568514661 975.607422 526.422363
0 2079485312 974.887634 441.429626
0 1773608077 878.527405 405.604065
0 1438977615 1115.070679 486.853638
0 1607644171 1130.473145 395.741425
0 1568504647 867.517578 313.214447
0 1568500642 991.420227 461.244080
0 1568503646 1146.855225 562.332458
0 1568516663 943.464844 328.591766
0 1578517672 876.508240 287.003265
0 1578527685 1169.825928 403.752594
0 2086284946 941.957397 484.544159
0 1578518673 1026.369629 317.187073
0 1438981616 787.868530 419.085999
0 1609135173 1010.654541 570.039307
0 1568515662 1047.187622 615.505554
0 1568516664 870.529297 577.968201
0 1438991628 914.473145 587.305603
0 1438996634 868.912842 435.871277
0 1578519675 1101.940674 332.407867
0 1438993631 1091.722412 624.968567
0 1772785076 913.814697 294.517212
0 1578528686 983.659180 493.234009
0 1772037075 837.877625 533.572266
0 1578515670 1067.458374 510.696106
0 1578515669 1177.943115 347.715637
0 0 818.169983 387.268158
0 1 667.587463 752.756958
0 2 810.987671 697.373718
0 3 790.426392 287.759766
0 4 1443.939697 500.980438
0 5 1303.021484 153.438690
0 6 1378.879761 735.907532
0 7 1421.842163 403.423004
0 8 992.616089 663.829041
0 9 1346.562134 214.351593
