0 1578512666 944.219055 296.678375
0 1524823287 1797.842407 559.942322
0 1478234209 711.208008 18.135086
0 1707269176 957.309326 184.290573
0 1438989626 1107.883789 322.922913
0 1524801259 1505.463745 518.527893
0 1438992629 1042.247559 283.502960
0 1478227200 585.954041 22.910442
0 1524854327 1479.693237 444.609436
0 1478249229 506.631104 29.846338
0 1524807266 1478.116211 692.938599
0 1524863340 1804.376953 646.576294
0 1524831297 1567.989136 697.872253
0 1478229202 579.679504 32.943527
0 1568509654 1042.635376 266.292511
0 1524790246 1761.004150 644.250916
0 1578523681 1073.368774 175.319824
0 1478207175 544.574829 11.139380
0 1524861337 1753.862427 481.662689
0 1524862338 1459.485596 628.085449
0 1478186149 615.850098 14.131721
0 1524797254 1658.187256 702.823792
0 1578518674 955.615112 198.836090
0 1438985621 1044.394897 188.222260
0 1524857331 1742.795654 530.718079
0 1438994632 914.373596 277.482513
0 1578520676 1074.474731 302.857971
0 1478237213 707.650696 82.549911
0 1568511657 916.897461 260.416595
0 1775370079 942.085571 314.995026
0 1478195160 743.344238 0.110090
0 1568510655 911.762451 295.138550
0 1478257240 687.021362 70.160324
0 1578521677 891.375793 226.543625
0 1524794250 1677.595459 477.821014
0 1524812272 1535.115479 494.850037
0 1769859072 950.198242 245.343399
0 1578525683 1009.260742 299.764099
0 1770636073 894.143494 211.112427
0 1524846317 1777.166626 676.500793
0 1524833300 1544.862549 520.551514
0 1568511656 1102.056030 176.606720
0 1438985620 1043.724854 217.955887
0 1478185148 720.038452 -0.859142
0 1707993177 841.672302 179.069916
0 1478189152 681.782166 81.429810
0 1524791247 1745.559448 613.433167
0 1524830296 1717.706421 641.929565
0 2088218948 1013.735840 216.583862
0 1524827292 1757.208252 557.833862
0 1606348170 1015.332153 186.910156
0 1524855329 1434.493530 541.087952
0 1478183145 702.624878 94.157814
0 1438990627 919.338379 243.911713
0 1524840309 1728.971313 504.709045
0 1478222194 641.844116 57.040836
0 1709860179 810.246399 308.690979
0 1478188151 559.830200 64.682724
0 1438988624 983.783203 215.213531
0 1478243222 501.464661 73.621971
0 1524843313 1866.036865 681.321106
0 1524844315 1613.047363 700.345825
0 1524858333 1830.422974 617.932190
0 1524811271 1442.464478 568.834595
0 1524859334 1813.778320 588.306396
0 1478216186 692.119385 59.194508
0 1524851324 1665.600708 453.887054
0 1524814275 1457.993408 490.927765
0 1578514668 896.824463 196.164413
0 1478184146 661.530212 69.062508
0 1524829294 1703.235229 611.189392
0 1478176143 578.580750 76.961113
0 1524860336 1419.521729 488.971191
0 1478222193 548.545044 42.190342
0 1438997636 1043.010498 249.649323
0 1478194158 630.126953 79.193100
0 1478201168 568.310181 12.135842
0 1478187150 692.103699 7.533035
0 1478205172 592.068542 13.133304
0 1524838306 1545.262451 632.684265
0 1568514660 930.430664 168.907745
0 1524865342 1405.717285 440.917694
0 2085418945 826.990540 239.627335
0 1524808268 1496.524536 492.887390
0 1478200167 634.149536 24.943697
0 1478194159 561.891907 21.895334
0 1568501643 926.202271 197.499451
0 1478239216 650.194885 91.874916
0 1524820283 1525.756958 470.172668
0 1438989625 864.335999 209.748734
0 1568505649 985.063232 200.174332
0 1478255237 739.276917 9.504046
0 1524804262 1412.482300 464.466827
0 1568506650 867.481812 194.830948
0 1478217187 726.434509 39.165703
0 1568505648 861.088623 225.148392
0 1568497640 987.506470 171.468109
0 1578511665 958.952026 170.187195
0 1478258241 663.482605 16.131433
0 1524796253 1576.691650 604.480835
0 1478206173 537.853455 20.881178
0 1524826291 1483.449585 570.983887
0 1578529688 823.013916 256.029266
0 1708834178 953.867004 213.844833
0 1478189153 566.624451 53.818626
0 1568499641 976.718445 298.220215
0 1524852325 1492.684692 600.027344
0 1478219190 493.576080 85.055435
0 1578525682 885.563110 258.952301
0 1478232206 534.471252 63.590633
0 1524818280 1584.323730 522.578369
0 1524850322 1512.435669 662.141663
0 1438996635 928.349060 182.983093
0 1524832299 1595.328979 549.433777
0 1478242220 645.021179 5.565814
0 1524789245 1885.116943 715.281555
0 1438999639 1106.434082 286.524872
0 1478196161 682.440125 26.980995
0 1478252234 721.925903 49.578968
0 1524803261 1703.083374 528.678284
0 1478211179 491.635712 50.606304
0 1578523680 879.348694 293.600769
0 1578530689 1074.170410 267.766205
0 1568508653 1104.435913 236.358673
0 1524826290 1523.012085 695.403198
0 1524847319 1631.335449 637.298889
0 1524810270 1516.764038 446.459412
0 1524835302 1555.022583 547.342346
0 1524821284 1847.824829 648.905701
0 1524799257 1606.811035 577.453003
0 1478233208 616.745178 55.965675
0 1608354172 834.564636 208.386673
0 1524835303 1450.183228 466.365906
0 1478251232 735.105652 19.138359
0 1524812273 1466.127197 516.507385
0 1706512175 1074.634766 321.333069
0 1438986622 843.139954 310.263794
0 1478211180 610.039917 23.926592
0 1524823286 1787.955200 615.680786
0 1478223195 697.081909 48.520267
0 1478244223 628.500061 35.013428
0 1438987623 857.734619 241.053680
0 1478193157 597.957031 44.296036
0 1478198164 668.551147 6.548985
0 1524862339 1676.137451 553.627014
0 1478236212 624.021912 90.735283
0 1478240217 655.940979 80.310860
0 1478214183 598.029053 3.602371
0 1578521678 1073.885742 234.951324
0 1524844314 1502.337158 630.382874
0 1524848320 1601.560669 473.990997
0 1524806265 1565.622559 575.293091
0 1524787243 1644.450195 669.302124
0 1478241219 585.215576 65.775986
0 1524799256 1514.781372 545.254150
0 1478190154 571.759949 88.459717
0 1478226198 591.671936 54.891609
0 1478208176 530.956238 30.877701
0 1478214184 712.539124 71.259247
0 2084722944 888.517151 242.481781
0 1578522679 1011.140686 264.820709
0 1524825289 1839.566162 712.780945
0 1774531078 1074.025757 251.088226
0 1525674169 1010.216797 281.994873
0 1478197162 527.709961 0.664294
0 1524815276 1474.605103 543.169434
0 1768901071 876.077637 311.838806
0 1578526684 948.271790 261.882751
0 1478182144 621.513794 4.583610
0 1524853326 1468.585815 659.763245
0 1478218189 676.395813 93.015762
0 1578513667 952.062317 229.339264
0 1438983618 923.987122 212.477798
0 1478224196 636.065491 67.965843
0 1524792248 1702.948975 455.750916
0 1524795252 1821.562256 678.908813
0 1524808267 1623.847656 524.608459
0 1478191155 552.848267 75.846901
0 1524856330 1703.408813 705.306335
0 1478236211 730.826233 29.022308
0 1478212181 604.340271 78.076530
0 1478185147 666.968872 58.117126
0 1568502645 1044.065063 202.855652
0 1568508652 921.700317 227.940582
0 1438984619 870.530579 180.372772
0 1659977623 966.456665 237.984238
0 1438982617 981.096863 246.776901
0 1524805264 1639.549194 475.904572
0 1771287074 1073.491943 189.535904
0 2087111947 882.508667 275.982269
0 1524817279 1450.787231 597.806152
0 1524795251 1588.261841 634.989624
0 1478230204 622.700684 45.350506
0 1478230203 551.127136 1.642692
0 1524847318 1716.640137 555.728699
0 1578516671 1016.093994 172.750519
0 1568513659 979.686218 263.350800
0 1578529687 1073.619141 204.198685
0 1524819282 1534.652832 602.252197
0 1478253235 610.627319 66.870346
0 1524836304 1648.067505 579.616516
0 1478243221 574.566833 2.622051
0 1568501644 873.486938 166.353302
0 1438998637 1103.812378 220.704926
0 1524816278 1553.890015 448.312164
0 1705773174 1008.271057 318.159790
0 1524845316 1794.097900 710.284912
0 1524842312 1748.712280 707.793396
0 1568507651 1107.146240 304.408020
0 1438999638 850.684998 274.484009
0 1478252233 717.295837 60.272991
0 1438993630 909.059509 313.415863
0 1478237214 509.138550 62.499672
0 1524857332 1767.923584 506.690063
0 1478248228 647.469299 46.406017
0 1478225197 519.609558 86.188980
0 1524859335 1674.483765 639.612305
0 1524832298 1618.801636 606.713257
0 1478200166 467.570374 83.923096
0 1478250231 706.621277 28.001148
0 1478245225 516.606384 51.675995
0 1438995633 1041.430664 319.745361
0 1524804263 1663.433960 526.641785
0 1524839308 1660.982788 608.949402
0 1524849321 1487.941406 468.267822
0 1568512658 1041.846191 301.310028
0 1568514661 1043.373413 233.545700
0 1478231205 715.679016 8.518099
0 1773608077 946.279907 278.984711
0 1438977615 986.303650 185.599594
0 1524834301 1690.079468 502.731110
0 1607644171 899.422852 181.677170
0 1524800258 1732.849487 674.096985
0 1568504647 846.977661 292.065002
0 1568500642 982.461792 230.739685
0 1478256239 652.946960 36.049938
0 1524815277 1591.071289 450.167694
0 1568503646 1044.714722 174.034424
0 1478220191 523.876343 41.139072
0 1478207174 639.654724 15.131098
0 1524841311 1782.571045 532.761047
0 1478213182 541.602661 52.746765
0 1524813274 1612.477173 498.784424
0 1568516663 854.268616 257.489838
0 1578517672 814.649109 290.531281
0 1578527685 901.942322 167.629761
0 1478240218 677.418335 37.087494
0 1478215185 527.142944 74.733856
0 1524838307 1628.308228 452.026001
0 1478197163 658.282959 25.961845
0 1478221192 701.914185 38.126095
0 1524819281 1688.610718 671.697449
0 2086284946 1012.034241 248.212219
0 1524824288 1426.852661 514.490112
0 1524802260 1740.353149 457.617523
0 1478226199 604.077576 33.977959
0 1578518673 830.838745 223.754883
0 1438981616 975.156128 316.576355
0 1478238215 545.670837 87.323753
0 1609135173 1073.750366 219.329575
0 1524837305 1715.699951 479.740387
0 1524793249 1573.766479 496.815674
0 1568515662 1103.208618 205.543365
0 1568516664 1105.745605 269.241791
0 1438991628 1105.079956 252.528961
0 1478249230 597.876953 89.596886
0 1438996634 978.227600 280.488800
0 1578519675 838.174011 193.499084
0 1524829295 1772.247559 586.128540
0 1524864341 1651.248169 500.756256
0 1478255238 483.832153 61.409805
0 1438993631 1102.623413 190.851105
0 1524788244 1563.630005 472.080383
0 1772785076 818.902466 272.987640
0 1524828293 1524.502197 573.136719
0 1478203171 499.232727 40.088882
0 1524798255 1600.367676 666.911133
0 1478199165 573.238525 43.242645
0 1578528686 1012.898804 232.141830
0 1478192156 555.305725 31.910097
0 1478228201 687.333679 17.132778
0 1772037075 1074.319824 285.012939
0 1578515670 1014.546570 201.514191
0 1524851323 1635.700439 551.528687
0 1478218188 513.838623 19.868057
0 1478202169 672.263062 47.462578
0 1478254236 520.862549 10.143873
0 1478246226 475.813354 72.511238
0 1524809269 1730.785645 583.954224
0 1524822285 1556.362793 664.524231
0 1524841310 1442.677856 442.762177
0 1578515669 845.064514 165.078278
0 1524854328 1689.392334 581.783569
0 0 1919.730835 366.473450
0 1 114.846558 140.641510
0 3 284.811584 658.798645
0 4 1502.745117 609.315613
0 6 577.370850 546.741943
0 7 637.719482 641.296204
0 10 480.551208 492.940033
0 11 1658.499634 69.518654
0 13 494.965607 627.943115
0 19 1874.660889 310.009338
0 20 531.028015 736.778137
0 23 630.897644 205.332993
0 25 620.917236 290.162689
0 26 883.450073 9.346962
0 27 1220.914551 93.180725
0 28 1322.994751 271.472900
0 29 957.819153 33.549385
0 31 734.316833 53.507401
0 33 556.073975 318.571930
0 40 473.347107 13.417906
0 53 244.697205 112.500198
0 182 954.672729 526.871460
0 210 184.889297 114.222305
0 212 1675.481445 910.628967
0 213 237.447357 144.474930
0 228 38.292385 130.710220
