0 1578512666 952.702454 489.033478
0 1524823287 467.527924 1008.623779
0 1478234209 1436.283447 371.733704
0 1707269176 1153.468262 497.612732
0 1438989626 918.813599 569.987671
0 1524801259 591.797241 780.494568
0 1438992629 981.654297 537.854797
0 1478227200 1382.856567 320.334015
0 1524854327 709.461670 785.124023
0 1478249229 1345.583740 292.320435
0 1524807266 383.871918 719.241943
0 1524863340 343.806458 965.216370
0 1524831297 355.547852 771.199341
0 1478229202 1360.602173 319.336670
0 1568509654 1011.960327 539.133850
0 1524790246 360.954742 929.092468
0 1578523681 1197.415649 563.973999
0 1478207175 1393.781982 303.037598
0 1524861337 608.936523 1013.824219
0 1478210178 1456.055664 332.870575
0 1524862338 459.145599 722.247620
0 1478186149 1410.992676 330.855713
0 1524797254 324.385712 828.362976
0 1578518674 1124.842041 496.389435
0 1438985621 1163.184937 545.516296
0 1524857331 527.559082 972.052612
0 1478203170 1449.553345 323.323090
0 1438994632 981.370911 475.487091
0 1578520676 950.835388 553.613647
0 1478237213 1297.623291 376.287750
0 1568511657 1009.595154 476.697784
0 1775370079 923.948486 487.804718
0 1478195160 1491.453125 384.845551
0 1568510655 953.129089 474.275604
0 1478257240 1316.867920 366.447174
0 1578521677 1064.497803 464.793610
0 1524794250 628.825684 939.166687
0 1524812272 622.611633 810.099854
0 1769859072 1038.854492 492.714966
0 1578525683 951.802734 520.153503
0 1770636073 1092.194336 465.986084
0 1524846317 316.155426 927.407654
0 1524833300 582.395630 808.530151
0 1568511656 1201.616943 581.814392
0 1438985620 1102.755981 542.965881
0 1478185148 1483.960815 373.844360
0 1707993177 1141.991455 441.032532
0 1478189152 1292.946777 365.388153
0 1524791247 405.709900 930.775635
0 1524830296 377.199432 894.872070
0 2088218948 1100.490845 526.455933
0 1524827292 481.690643 970.346191
0 1606348170 1159.828979 528.971130
0 1524855329 571.822449 726.746765
0 1478183145 1273.335571 375.215424
0 1438990627 1037.801636 477.907745
0 1524840309 573.381104 973.757385
0 1478222194 1330.469238 346.585480
0 1709860179 927.452026 431.731018
0 1478188151 1293.772949 316.341644
0 1438988624 1098.306152 510.532715
0 1478243222 1263.682495 297.181244
0 1524843313 278.294769 1001.664551
0 1524844315 340.347565 799.082642
0 1524858333 373.009918 1005.147827
0 1524811271 534.294617 725.248291
0 1524859334 420.293518 1006.886658
0 1478216186 1340.776489 367.505585
0 1524851324 673.317261 940.839966
0 1524814275 639.101624 755.282043
0 1578514668 1119.873901 467.177795
0 1478184146 1311.983032 355.848999
0 1524829294 420.768250 896.527283
0 1478176143 1275.531982 324.798859
0 1524860336 646.785034 729.739929
0 1478222193 1333.493896 309.102844
0 1438997636 1042.245850 540.412048
0 1478194158 1283.992065 344.517334
0 1478201168 1399.364990 312.061554
0 1478187150 1453.192017 362.116669
0 1478205172 1405.099731 321.330872
0 1524838306 434.434448 774.303162
0 1568514660 1178.569946 483.946228
0 1524865342 721.623596 732.728210
0 2085418945 1034.849365 436.387329
0 1524808268 631.052673 782.039062
0 1478200167 1394.188110 339.626923
0 1478194159 1377.418701 311.075806
0 1568501643 1122.315308 481.533112
0 1478239216 1264.814575 353.755402
0 1524820283 662.791870 811.668091
0 1438989625 1090.292236 452.122467
0 1568505649 1127.458496 511.773529
0 1478255237 1467.270020 383.777832
0 1524804262 684.219788 731.234741
0 1568506650 1117.513428 453.298615
0 1478217187 1394.642700 380.571289
0 1568505648 1063.054810 450.945587
0 1568497640 1185.706787 514.252747
0 1578511665 1182.076172 498.835205
0 1478258241 1423.279663 350.715332
0 1524796253 461.533051 803.812744
0 1478206173 1372.124878 302.062714
0 1524826291 523.984924 750.718384
0 1578529688 1008.023987 435.224304
0 1478233207 1469.612793 352.777069
0 1708834178 1096.197754 495.165375
0 1478189153 1316.060547 317.340454
0 1568499641 952.260620 504.316559
0 1478245224 1476.683716 363.159363
0 1524852325 485.547577 749.194519
0 1478219190 1241.962646 296.203552
0 1578525682 1009.053711 462.406464
0 1478232206 1289.526245 307.127960
0 1524818280 572.524292 837.966553
0 1524850322 408.575104 746.143066
0 1438996635 1150.451416 482.740051
0 1524832299 531.261963 836.369568
0 1478242220 1439.900757 341.666016
0 1524789245 230.863068 999.920166
0 1438999639 981.812317 572.622253
0 1478196161 1406.171753 360.029663
0 1478252234 1370.407471 379.501282
0 1524803261 539.711182 935.815186
0 1478211179 1302.781982 290.389679
0 1578523680 953.541321 460.016418
0 1578530689 1012.607117 556.209045
0 1568508653 1076.145630 576.567200
0 1524826290 370.039825 744.615356
0 1524847319 407.249420 831.570007
0 1524810270 702.936584 813.234985
0 1524835302 542.143860 806.959106
0 1524821284 325.677063 1003.407043
0 1524799257 489.962128 834.771179
0 1478233208 1325.531982 336.564392
0 1608354172 1088.452271 438.711304
0 1524835303 677.408875 756.800659
0 1478251232 1443.073975 382.709564
0 1524812273 600.761902 753.762085
0 1706512175 919.917786 552.314636
0 1438986622 926.619812 445.050568
0 1478211180 1388.444214 329.847504
0 1524823286 389.814392 966.928040
0 1478223195 1364.672241 368.563446
0 1478244223 1371.314453 338.606598
0 1438987623 1035.800903 449.768036
0 1478193157 1343.313354 327.829559
0 1478198164 1446.452148 351.746460
0 1524862339 507.780487 899.833130
0 1478236212 1260.735474 343.482483
0 1478240217 1288.404907 354.802490
0 1478214183 1427.332031 322.327209
0 1578521678 1074.294189 558.800903
0 1524844314 447.077667 747.669495
0 1524848320 646.678284 872.153625
0 1524806265 501.856384 805.386597
0 1524787243 365.836456 829.967224
0 1478241219 1298.137085 325.809570
0 1524799256 552.507751 778.948730
0 1478190154 1252.915283 323.787567
0 1478226198 1320.730957 326.819794
0 1478208176 1350.457275 301.087341
0 1478214184 1321.897827 377.359497
0 2084722944 1036.784424 463.600433
0 1578522679 1011.336792 522.676941
0 1524825289 251.650574 961.787781
0 1774531078 1043.461182 557.505493
0 1525674169 981.579529 521.415649
0 1478197162 1409.709961 295.213135
0 1524815276 562.389648 752.240845
0 1768901071 925.759460 458.820282
0 1578526684 1010.155334 491.488556
0 1478182144 1433.529907 331.863403
0 1524853326 421.524384 720.745422
0 1478218189 1269.012817 364.328613
0 1578513667 1067.535156 493.940552
0 1438983618 1094.161743 480.325409
0 1478224196 1307.236694 345.551666
0 1478247227 1443.225342 314.031586
0 1524792248 664.886353 977.161743
0 1524795252 297.751892 963.502930
0 1524808267 562.147095 868.911377
0 1478191155 1271.474487 315.342285
0 1524856330 307.603546 859.148010
0 1478236211 1418.864990 381.640717
0 1478258242 1431.065186 296.176453
0 1478212181 1279.702881 334.520111
0 1478185147 1335.548706 356.895020
0 1568502645 1132.980713 544.241516
0 1568508652 1065.990479 479.116974
0 1438984619 1144.717896 454.474060
0 1659977623 1053.863770 500.931335
0 1478209177 1462.739502 342.684784
0 1438982617 1039.944702 508.048676
0 1524805264 637.986511 904.779907
0 1771287074 1166.666870 562.682007
0 2087111947 981.306030 461.211792
0 1524817279 496.735718 723.748596
0 1524795251 421.173828 802.237427
0 1478230204 1348.429077 337.585785
0 1478230203 1415.428589 304.011963
0 1524847318 495.088074 934.136963
0 1578516671 1189.468750 530.227478
0 1568513659 1010.735535 506.805450
0 1578529687 1135.897095 561.389221
0 1524819282 473.826385 775.853027
0 1478253235 1302.623169 335.542511
0 1524836304 477.457825 865.663025
0 1478243221 1421.300415 313.046814
0 1568501644 1171.906128 455.648804
0 1438998637 1107.546265 577.880432
0 1524816278 696.085938 842.748596
0 1705773174 922.006165 518.890503
0 1524845316 271.311890 925.721130
0 1524842312 289.936279 891.556702
0 1568507651 950.323914 571.305420
0 1438999638 981.243347 447.410706
0 1478252233 1346.159180 378.430695
0 1438993630 924.869568 473.063385
0 1478237214 1285.391968 298.158508
0 1524857332 561.849365 1012.092529
0 1478248228 1353.689819 347.618774
0 1478225197 1245.515381 305.151184
0 1524859335 392.610168 862.408508
0 1524832298 448.624634 833.171326
0 1478200166 1238.502686 287.490082
0 1478250231 1412.425659 370.677490
0 1478245225 1307.090820 299.135254
0 1438995633 920.981262 535.294067
0 1524804263 551.224060 901.483643
0 1524839308 435.053802 864.036499
0 1524849321 670.274170 783.582214
0 1568512658 951.328003 536.574829
0 1568514661 1072.511108 541.689392
0 1478231205 1460.128418 372.789307
0 1773608077 981.438110 490.261414
0 1438977615 1156.592041 513.013550
0 1524834301 584.290283 937.491760
0 1607644171 1147.536377 468.368805
0 1524800258 333.588806 893.215210
0 1568504647 953.939819 446.231018
0 1568500642 1069.134888 509.291077
0 1478256239 1376.898438 348.651459
0 1524815277 688.884766 873.772522
0 1568503646 1193.369019 546.790222
0 1478220191 1328.779297 300.111542
0 1478207174 1417.050293 340.646759
0 1524841311 514.713135 1010.359070
0 1478213182 1311.515503 308.115662
0 1524813274 604.432434 870.533203
0 1568516663 1008.530396 448.589752
0 1578517672 954.325317 432.896149
0 1578527685 1175.181885 469.559082
0 1478240218 1382.643066 358.985291
0 1478215185 1267.526245 306.139801
0 1524838307 681.305420 906.425720
0 1478197163 1400.094971 349.683655
0 1478221192 1388.555420 369.620758
0 1524819281 350.126740 860.779053
0 2086284946 1041.074463 523.937439
0 1524824288 609.319275 728.243958
0 1524802260 655.974792 1015.554138
0 1478226199 1365.884521 328.838776
0 1578518673 1061.658813 437.549683
0 1438981616 922.994629 503.070892
0 1478238215 1249.164917 314.342468
0 1609135173 1105.106201 560.095520
0 1524837305 619.156860 975.460388
0 1524793249 613.748962 839.562012
0 1568515662 1138.924927 579.192688
0 1568516664 1013.278687 573.938171
0 1438991628 1044.723145 575.253174
0 1478249230 1256.770752 333.497192
0 1438996634 981.507568 505.561401
0 1578519675 1115.229858 439.872284
0 1524829295 435.775787 968.637939
0 1524864341 594.626038 903.132568
0 1478255238 1281.365723 289.423584
0 1438993631 1170.281860 580.504028
0 1524788244 654.936218 841.156006
0 1772785076 981.182678 434.060547
0 1524828293 513.184143 777.401550
0 1478203171 1324.187988 291.355286
0 1524798255 380.778656 800.660767
0 1478199165 1338.336914 318.338837
0 1578528686 1070.792480 525.197144
0 1478192156 1355.461670 310.089539
0 1478228201 1429.687988 361.073425
0 1772037075 981.731750 554.911804
0 1578515670 1130.169678 527.713989
0 1524851323 519.822205 867.287903
0 1478218188 1366.969360 293.285126
0 1478202169 1359.102051 357.940430
0 1478254236 1388.344849 294.249359
0 1478246226 1259.939331 288.457062
0 1524809269 450.420990 932.457153
0 1524822285 395.008270 772.751892
0 1524841310 715.683716 758.318054
0 1478235210 1437.064819 304.985931
0 1578515669 1168.737305 442.192108
0 1524854328 464.295227 898.180969
0 0 1335.518188 294.180023
0 1 1655.121826 814.251709
0 2 1347.162598 347.353210
0 3 856.999939 204.978943
0 4 1000.571472 332.068848
0 5 1026.702881 831.922058
0 6 921.929504 212.313629
0 7 1210.777954 351.246918
0 8 739.746948 456.386688
0 9 1470.542358 430.265350
0 10 947.282288 347.003937
0 11 1602.802979 619.820679
0 12 1289.714966 240.606934
0 13 1717.114136 916.719910
0 14 1321.901489 254.681458
0 15 652.983093 773.511169
0 16 466.367493 816.050354
0 17 1374.270142 283.707428
0 18 792.172363 879.217590
0 19 1512.360352 372.348633
0 20 1444.362183 373.258606
0 21 1038.633423 311.936432
0 22 1404.135986 335.411926
0 23 1004.849976 216.494095
0 24 1587.379150 753.773254
0 25 1707.417725 591.891174
0 26 1711.912964 648.818359
0 27 1465.361084 465.509491
0 28 1511.946411 513.842041
0 29 1563.155762 423.369110
0 30 796.520325 413.925079
0 31 1638.172974 699.305054
0 32 745.250732 372.436707
0 33 1780.966187 722.562073
0 34 701.770264 602.373657
0 35 1548.650513 562.176758
0 36 1388.372925 774.537354
0 37 682.600830 441.362701
0 38 1417.850952 399.165833
0 39 714.793274 404.566956
