0 1578512666 1023.029480 340.022095
0 1707269176 1184.332397 256.632965
0 1438989626 1112.284180 430.132355
0 1438992629 1114.721191 370.279449
0 1568509654 1138.994019 356.909882
0 1578523681 1298.698853 295.150970
0 1578518674 1162.636475 267.849091
0 1438985621 1253.046265 294.089966
0 1438994632 1026.294434 313.852173
0 1578520676 1113.533936 399.437653
0 1568511657 1050.148438 301.765320
0 1775370079 998.057983 352.931671
0 1568510655 1001.953491 326.185852
0 1578521677 1075.512451 265.984192
0 1769859072 1094.935303 302.848755
0 1578525683 1066.988403 368.880890
0 1770636073 1097.901367 254.859512
0 1568511656 1323.565552 308.379486
0 1438985620 1208.828003 318.445404
0 1707993177 1100.612183 210.995819
0 2088218948 1185.438599 305.038086
0 1606348170 1229.532349 281.272217
0 1438990627 1073.529785 289.917877
0 1709860179 917.608276 298.559052
0 1438988624 1162.675537 291.989685
0 1578514668 1119.864868 243.946152
0 1438997636 1162.759033 343.820099
0 1568514660 1183.815918 234.035477
0 2085418945 1012.596802 253.109177
0 1568501643 1140.974609 255.743301
0 1438989625 1077.407227 243.111786
0 1568505649 1184.872803 280.275757
0 1568506650 1099.286499 232.445953
0 1568505648 1055.109619 253.981476
0 1568497640 1227.977417 257.528503
0 1578511665 1205.613281 245.631271
0 1578529688 989.534912 264.143799
0 1708834178 1140.513672 279.286011
0 1568499641 1044.699341 354.248230
0 1578525682 1029.408569 288.892487
0 1438996635 1162.599365 244.785980
0 1438999639 1162.851318 400.992523
0 1578523680 981.447266 312.723663
0 1578530689 1162.804077 371.688263
0 1568508653 1234.662964 359.610352
0 1608354172 1057.427368 231.658829
0 1706512175 1088.079834 413.773651
0 1438986622 936.908020 311.602905
0 1438987623 1032.381714 265.060944
0 1578521678 1210.004883 345.104309
0 2084722944 1052.685791 277.326355
0 1578522679 1115.850342 342.545074
0 1774531078 1186.654907 358.255249
0 1525674169 1091.676758 355.574280
0 1768901071 956.734741 325.002930
0 1578526684 1071.452881 314.988525
0 1578513667 1117.951172 290.950256
0 1438983618 1118.929688 266.913544
0 1568502645 1231.161377 306.144165
0 1568508652 1096.452393 278.302887
0 1438984619 1120.759277 221.978333
0 1659977623 1117.444458 303.393250
0 1438982617 1116.925781 316.132782
0 1771287074 1277.202515 307.257935
0 2087111947 1005.666992 300.689270
0 1578516671 1250.930420 269.739044
0 1568513659 1093.345337 328.576691
0 1578529687 1255.264038 319.613922
0 1568501644 1141.836792 211.703400
0 1438998637 1257.591309 346.397736
0 1705773174 1041.768677 382.473907
0 1568507651 1137.849121 415.400360
0 1438999638 985.584290 287.873962
0 1438993630 977.110291 338.773987
0 1438995633 1064.584961 397.894440
0 1568512658 1089.923828 383.937805
0 1568514661 1186.031982 331.001373
0 2079485312 1117.446777 303.339691
0 1773608077 1047.489258 327.377075
0 1438977615 1206.635864 268.790924
0 1607644171 1141.415161 233.238159
0 1568504647 961.487976 299.620544
0 1568500642 1140.031128 303.939636
0 1568503646 1274.495972 282.275452
0 1568516663 1009.210938 276.356323
0 1578517672 942.054077 286.862305
0 1578527685 1162.563721 222.729752
0 2086284946 1139.525024 329.784760
0 1578518673 1035.223633 242.282791
0 1438981616 1019.602173 367.492493
0 1609135173 1232.869629 332.226685
0 1568515662 1280.041382 333.460693
0 1568516664 1187.309570 386.898285
0 1438991628 1211.241211 373.107452
0 1438996634 1069.274902 341.279114
0 1578519675 1079.219727 221.231644
0 1438993631 1302.027954 320.790649
0 1772785076 966.024963 275.392761
0 1578528686 1162.716309 317.285065
0 1772037075 1138.436035 385.412537
0 1578515670 1207.706177 293.036224
0 1578515669 1121.615601 200.946167
0 0 945.724976 176.989868
0 1 923.027222 217.594315
0 2 808.045166 202.602066
0 3 995.665649 280.005829
0 4 1322.261475 140.468246
0 5 1079.995605 66.201019
0 6 1311.569580 211.940628
0 7 1559.280518 281.009491
0 8 1231.861938 191.262955
0 9 1242.087524 74.435631
