0 1578512666 908.294739 537.304077
0 1707269176 631.048218 523.074524
0 1438989626 955.706360 415.658691
0 1438992629 878.212952 458.387268
0 1568509654 840.937866 456.478821
0 1578523681 625.354065 421.654297
0 1578518674 670.639648 525.106506
0 1438985621 654.629883 446.939941
0 1438994632 865.220581 563.091492
0 1578520676 917.706299 436.611267
0 1568511657 824.756470 561.012878
0 1775370079 947.921692 539.337891
0 1568510655 905.690063 565.170410
0 1578521677 737.588440 585.751831
0 1769859072 789.444336 531.204102
0 1578525683 913.189697 484.933075
0 1770636073 696.256531 583.626709
0 1568511656 633.024048 399.161926
0 1438985620 729.139587 450.754791
0 1707993177 594.575989 640.826782
0 2088218948 723.091736 475.192566
0 1606348170 647.085266 471.298035
0 1438990627 784.297668 558.934509
0 1709860179 940.412231 658.643738
0 1438988624 716.795776 500.632904
0 1578514668 654.930115 581.501770
0 1438997636 803.667297 454.570557
0 1568514660 582.082825 548.546753
0 2085418945 767.445740 649.732727
0 1568501643 662.952881 552.701050
0 1438989625 688.798157 613.764099
0 1568505649 678.011047 498.643982
0 1568506650 646.548767 611.589661
0 1568505648 731.053223 615.938782
0 1568497640 600.456238 494.666840
0 1578511665 591.461914 521.042725
0 1578529688 810.678284 651.960083
0 1708834178 710.236145 527.138733
0 1568499641 910.792480 510.581268
0 1578525682 820.268982 590.003052
0 1438996635 622.515198 550.623718
0 1438999639 883.970032 411.991241
0 1578523680 902.971558 594.255371
0 1578530689 844.592285 432.870728
0 1568508653 776.396851 406.491669
0 1608354172 680.998779 645.279175
0 1706512175 954.269775 438.481934
0 1438986622 942.415527 626.816956
0 1438987623 773.314148 618.113831
0 1578521678 771.495544 429.131042
0 2084722944 778.925903 587.877319
0 1578522679 837.136536 481.036163
0 1774531078 808.041748 431.000732
0 1525674169 875.160767 482.984497
0 1768901071 944.331177 596.382019
0 1578526684 829.056030 533.237183
0 1578513667 749.837646 529.171326
0 1438983618 703.395813 554.778564
0 1568502645 691.882507 448.847260
0 1568508652 743.844116 556.856384
0 1438984619 604.305298 609.415466
0 1659977623 772.338867 516.764526
0 1438982617 794.379822 504.611481
0 1771287074 661.882874 423.523132
0 2087111947 861.617493 592.129089
0 1578516671 609.089050 469.351135
0 1568513659 833.179138 506.601166
0 1578529687 698.416138 425.392212
0 1568501644 562.067444 607.241699
0 1438998637 740.547424 404.658905
0 1705773174 951.223328 486.881897
0 1568507651 919.836121 413.824860
0 1438999638 857.853271 622.464783
0 1438993630 946.164856 567.249634
0 1438995633 952.776611 462.204895
0 1568512658 915.492554 460.295959
0 1568514661 766.401245 452.662598
0 2079485312 772.334229 516.706848
0 1773608077 868.672852 535.270508
0 1438977615 639.231201 496.655304
0 1607644171 613.609192 579.377197
0 1568504647 900.131470 624.640686
0 1568500642 755.585327 502.622070
0 1568503646 617.381714 445.032867
0 1568516663 815.580811 620.289185
0 1578517672 897.161560 656.415527
0 1578527685 572.293823 577.252869
0 2086284946 799.116882 479.088074
0 1578518673 724.219238 647.505859
0 1438981616 949.606445 512.571716
0 1609135173 734.953735 427.261505
0 1568515662 704.702087 402.826385
0 1568516664 848.108154 410.157867
0 1438991628 812.250366 408.324646
0 1438996634 871.983398 508.591095
0 1578519675 637.784363 643.052856
0 1438993631 668.860962 400.994049
0 1772785076 853.916870 654.187622
0 1578528686 761.101990 477.140198
0 1772037075 881.147095 434.740875
0 1578515670 685.086182 473.245178
0 1578515669 551.373718 638.601135
0 0 963.520203 356.710297
0 1 907.993713 243.826050
0 2 875.371338 291.541077
0 3 913.363770 628.102661
0 4 235.707565 777.835083
0 5 329.780121 811.672791
0 6 273.949341 575.182983
0 7 79.619606 791.963684
0 8 427.893677 341.083588
0 9 678.991943 697.561340
