0 1578512666 1023.502808 542.216614
0 1524823287 1830.287354 724.327087
0 1478234209 790.214966 320.499847
0 1707269176 1023.534973 446.036224
0 1438989626 1172.665039 555.714294
0 1524801259 1555.902954 703.536987
0 1438992629 1109.626099 525.610535
0 1478227200 681.146606 331.601349
0 1524854327 1523.088623 640.507202
0 1478249229 612.594177 341.864258
0 1524807266 1552.913086 858.438110
0 1524863340 1848.359009 800.500854
0 1524831297 1636.429199 858.212097
0 1478229202 676.560425 340.303436
0 1568509654 1108.131958 510.915863
0 1524790246 1807.809814 800.702698
0 1578523681 1125.802368 431.957275
0 1478207175 644.026428 324.170258
0 1524861337 1779.006958 658.016907
0 1478210178 714.530884 306.297760
0 1524862338 1527.584595 802.097107
0 1478186149 706.460938 322.602661
0 1524797254 1720.508057 857.984680
0 1578518674 1023.530823 458.438965
0 1438985621 1101.378906 444.502014
0 1524857331 1775.466064 701.575562
0 1478203170 694.206177 306.821686
0 1438994632 994.936523 527.489258
0 1578520676 1140.538574 540.372498
0 1478237213 793.107361 374.459167
0 1568511657 995.436523 512.829834
0 1775370079 1023.497437 557.968201
0 1478195160 816.672913 303.664825
0 1568510655 994.418579 542.674866
0 1478257240 773.853149 365.264435
0 1578521677 969.310669 485.474854
0 1524794250 1708.388062 658.770264
0 1524812272 1580.026367 681.277405
0 1769859072 1023.517456 498.185028
0 1578525683 1081.880249 541.296814
0 1770636073 970.207092 472.246338
0 1524846317 1827.257324 828.465454
0 1524833300 1592.229492 703.212524
0 1568511656 1151.502563 431.438080
0 1438985620 1103.946045 469.749084
0 1478185148 796.175110 304.193207
0 1707993177 920.511841 448.066681
0 1478189152 770.301819 374.980621
0 1524791247 1789.281616 774.252075
0 1524830296 1767.391235 800.903748
0 2088218948 1077.080566 470.250732
0 1524827292 1792.453613 724.630127
0 1606348170 1075.375732 445.014526
0 1524855329 1493.833984 727.021790
0 1478183145 789.779175 384.457489
0 1438990627 995.919434 498.669800
0 1524840309 1759.212891 679.518005
0 1478222194 733.066040 356.863220
0 1709860179 905.465515 559.751648
0 1478188151 662.034241 367.865997
0 1438988624 1050.274048 470.751282
0 1478243222 611.863220 378.603455
0 1524843313 1910.572632 828.143127
0 1524844315 1678.397827 858.098572
0 1524858333 1868.526611 773.773926
0 1524811271 1504.570312 750.903687
0 1524859334 1848.964233 748.478027
0 1478216186 777.306335 355.816742
0 1524851324 1694.218628 638.542175
0 1524814275 1509.066650 681.974121
0 1578514668 971.074463 459.446075
0 1478184146 751.406006 365.786682
0 1524829294 1749.845825 774.490051
0 1478176143 679.509521 377.056641
0 1524860336 1473.738403 682.321045
0 1478222193 650.204407 349.761871
0 1438997636 1106.688965 496.724030
0 1478194158 724.819946 376.020599
0 1478201168 664.801819 323.648590
0 1478187150 772.508789 312.768524
0 1478205172 685.613281 323.126129
0 1524838306 1607.009155 801.701843
0 1568514660 998.106628 434.537018
0 1524865342 1455.290649 641.285645
0 2085418945 913.499451 500.117615
0 1524808268 1544.495850 681.626282
0 1478200167 723.422485 330.554626
0 1478194159 660.064453 332.123322
0 1568501643 997.274292 458.943085
0 1478239216 743.561462 385.495270
0 1524820283 1568.336060 660.264282
0 1438989625 943.634888 472.742523
0 1568505649 1049.843994 457.933777
0 1478255237 813.994019 311.712891
0 1524804262 1464.321411 661.373962
0 1568506650 944.930908 459.947998
0 1478217187 805.524414 337.156677
0 1568505648 942.295532 485.964600
0 1568497640 1049.024536 433.508362
0 1578511665 1023.538940 434.023224
0 1478258241 748.265076 321.553101
0 1524796253 1632.278198 775.199341
0 1478206173 639.019287 332.644379
0 1524826291 1542.369995 750.637451
0 1578529688 911.595032 514.253784
0 1478233207 755.283813 305.247284
0 1708834178 1023.526489 471.250732
0 1478189153 667.009521 358.425781
0 1568499641 1052.656494 541.757263
0 1478245224 775.712097 304.720673
0 1524852325 1554.510742 775.668579
0 1478219190 605.965454 388.584900
0 1578525682 967.424927 513.305603
0 1478232206 639.794922 368.383392
0 1524818280 1628.662354 702.887024
0 1524850322 1580.581299 829.419617
0 1438996635 997.697205 446.545441
0 1524832299 1642.250610 725.833130
0 1478242220 731.166138 313.820587
0 1438999639 1167.377686 524.664429
0 1478196161 765.847473 329.504272
0 1478252234 802.547119 346.100647
0 1524803261 1738.603394 701.904907
0 1478211179 601.314819 359.979767
0 1578523680 965.403931 543.132080
0 1578530689 1136.469238 510.434570
0 1568508653 1160.115234 482.015839
0 1524826290 1594.601196 858.325317
0 1524847319 1686.942993 801.304077
0 1524810270 1557.127075 640.116333
0 1524835302 1604.980225 726.131592
0 1524821284 1889.039185 800.298462
0 1524799257 1656.463379 749.833862
0 1478233208 711.006836 357.385010
0 1608354172 917.120789 473.237610
0 1524835303 1498.896240 661.005127
0 1478251232 811.244751 319.971863
0 1524812273 1519.682129 703.860535
0 1706512175 1142.685425 556.167297
0 1438986622 934.866028 559.307373
0 1478211180 702.265930 331.078461
0 1524823286 1828.841797 774.013428
0 1478223195 780.665405 346.626556
0 1478244223 719.394897 339.258270
0 1438987623 940.910645 499.636078
0 1478193157 693.534180 348.720551
0 1478198164 751.819702 313.295013
0 1524862339 1717.126831 725.233398
0 1478236212 720.518921 386.012695
0 1478240217 747.539429 375.501099
0 1478214183 689.965027 314.868988
0 1578521678 1132.674194 482.513306
0 1524844314 1567.233521 801.899841
0 1524848320 1638.165527 659.519409
0 1524806265 1618.316162 750.102600
0 1524787243 1703.311279 828.944824
0 1478241219 684.314941 367.347626
0 1524799256 1567.821045 726.429199
0 1478190154 674.566162 387.044525
0 1478226198 688.987976 357.905853
0 1478208176 633.878357 341.344940
0 1478214184 796.342224 364.741211
0 2084722944 968.383850 499.153473
0 1578522679 1079.860229 511.395996
0 1524825289 1890.377075 857.525024
0 1774531078 1134.539185 496.234802
0 1525674169 1080.852417 526.081848
0 1478197162 628.427490 316.434906
0 1524815276 1530.772339 726.725952
0 1768901071 964.338013 558.862061
0 1578526684 1023.512756 512.353027
0 1478182144 710.547852 314.345215
0 1524853326 1539.938354 829.576843
0 1478218189 766.648132 384.976868
0 1578513667 1023.522034 484.492096
0 1438983618 996.837646 471.749084
0 1478224196 729.000671 366.307953
0 1478247227 673.915771 307.344727
0 1524792248 1728.727905 638.145874
0 1524795252 1868.846069 828.304565
0 1524808267 1665.202026 702.560608
0 1478191155 656.918335 377.573242
0 1524856330 1762.760254 857.870361
0 1478236211 808.422546 328.450195
0 1478258242 633.437744 308.388153
0 1478212181 702.143372 376.539124
0 1478185147 755.165894 356.340424
0 1568502645 1102.641602 456.920135
0 1568508652 996.386169 484.984009
0 1438984619 946.185791 447.560669
0 1659977623 1037.225464 491.036011
0 1478209177 734.890076 305.772949
0 1438982617 1051.178223 497.699127
0 1524805264 1673.227539 659.145386
0 1771287074 1127.437744 443.988464
0 2087111947 966.432251 527.956177
0 1524817279 1515.808472 775.902100
0 1524795251 1646.911987 801.503357
0 1478230204 715.257874 348.198486
0 1478230203 648.904907 315.913818
0 1524847318 1754.733643 724.932190
0 1578516671 1074.563477 432.992401
0 1568513659 1051.653931 511.875031
0 1578529687 1129.126221 456.411652
0 1524819282 1593.333740 775.434326
0 1478253235 706.637024 366.828278
0 1524836304 1694.727539 749.564331
0 1478243221 669.417419 315.391846
0 1568501644 947.401245 435.561371
0 1438998637 1157.855103 468.742493
0 1524816278 1591.258789 639.724426
0 1705773174 1082.945923 557.069946
0 1524845316 1847.694092 857.640564
0 1524842312 1805.155273 857.755615
0 1568507651 1169.973633 539.908691
0 1438999638 937.994690 528.422058
0 1478252233 799.487549 355.292023
0 1438993630 993.881714 558.415649
0 1478237214 617.596863 368.899872
0 1524857332 1795.360229 679.163086
0 1478248228 737.020935 347.675446
0 1478225197 628.788696 388.072418
0 1524859335 1727.102539 801.104309
0 1524832298 1671.344727 774.963684
0 1478200166 583.185669 389.096375
0 1478250231 787.116211 328.977692
0 1478245225 623.172974 359.462708
0 1438995633 1112.779175 556.619202
0 1524804263 1701.848877 702.233215
0 1524839308 1710.533691 774.727173
0 1524849321 1533.567749 660.635254
0 1568512658 1111.174316 540.835205
0 1568514661 1105.294434 483.009674
0 1478231205 793.233521 312.241150
0 1773608077 1023.507812 527.021179
0 1438977615 1049.427734 445.525909
0 1524834301 1723.169556 679.871887
0 1607644171 971.914124 447.053589
0 1524800258 1785.805664 828.625732
0 1568504647 936.458374 543.588135
0 1568500642 1050.718628 483.999054
0 1478256239 740.869568 338.734283
0 1524815277 1625.484497 639.331421
0 1568503646 1100.156006 432.475403
0 1478220191 628.598145 350.281128
0 1478207174 727.344849 322.078339
0 1524841311 1812.437378 701.245239
0 1478213182 645.071167 358.944702
0 1524813274 1651.392700 680.576660
0 1568516663 939.477844 513.780212
0 1578517672 907.581787 544.043213
0 1578527685 972.727539 435.049713
0 1478240218 762.382629 338.209351
0 1478215185 634.369568 378.088837
0 1524838307 1659.804321 638.937317
0 1478197163 744.616272 330.029938
0 1478221192 783.934204 337.683472
0 1524819281 1744.490601 828.785583
0 2086284946 1078.902100 497.212128
0 1524824288 1483.566772 704.183167
0 1524802260 1763.332520 637.748474
0 1478226199 697.958557 339.781311
0 1578518673 915.340332 486.453278
0 1438981616 1053.185425 557.519653
0 1478238215 651.655579 387.558960
0 1609135173 1130.870850 469.246338
0 1524837305 1743.647827 658.394165
0 1524793249 1615.658447 680.927551
0 1568515662 1155.668457 455.902069
0 1568516664 1164.872437 509.952148
0 1438991628 1162.453125 495.744476
0 1478249230 697.520569 386.529083
0 1438996634 1052.146362 526.552063
0 1578519675 918.843689 460.448853
0 1524829295 1810.227051 748.750854
0 1524864341 1687.229614 680.224792
0 1478255238 595.439819 369.415375
0 1438993631 1153.552124 443.473755
0 1524788244 1603.201904 659.892334
0 1772785076 909.623657 528.886780
0 1524828293 1580.285156 750.370422
0 1478203171 607.030762 350.799469
0 1524798255 1662.267090 829.103638
0 1478199165 671.849731 349.241699
0 1578528686 1077.975952 483.504913
0 1478192156 655.200378 340.824677
0 1478228201 769.221741 321.026947
0 1772037075 1138.467896 525.138062
0 1578515670 1076.214355 457.427521
0 1524851323 1679.632690 725.533691
0 1478218188 618.010986 333.164520
0 1478202169 758.823364 347.151489
0 1478254236 623.286926 324.690918
0 1478246226 589.399170 379.117126
0 1524809269 1771.608765 749.022827
0 1524822285 1621.357178 829.261902
0 1524841310 1489.143311 640.896973
0 1478235210 653.659668 307.866852
0 1578515669 922.127808 436.071960
0 1524854328 1733.109253 749.294006
0 0 743.361023 303.066498
0 1 1329.971069 304.705719
0 2 1118.305542 614.943481
0 3 1157.448120 286.564453
0 4 1460.482178 511.136841
0 5 510.640289 403.777710
0 6 1272.081787 289.969452
0 7 1373.117188 290.142120
0 8 1340.233032 271.137848
0 9 694.569885 304.282104
0 10 1398.393066 353.156555
0 11 395.221619 516.343140
0 12 1186.566040 307.028198
0 13 534.671814 349.114990
0 14 1541.450195 435.892456
0 15 1467.620728 622.905640
0 16 795.887573 297.939423
0 17 1709.747192 696.178223
0 18 641.332581 299.818054
0 19 1042.773315 629.264038
0 20 1255.630005 820.872925
0 21 789.733337 265.410431
0 22 1136.449219 797.113525
0 23 1430.731934 303.288361
0 24 446.095459 428.346497
0 25 750.864258 589.087463
0 26 754.645813 510.316437
0 27 150.749695 738.942810
0 28 1453.603271 804.057617
0 29 927.656982 257.672546
0 30 1480.212646 556.194458
0 31 568.793823 320.016632
0 32 995.409607 658.862854
0 33 833.019897 358.054077
0 34 1317.734985 632.609375
0 35 223.328354 643.839905
0 36 828.340820 605.512756
0 37 668.929321 613.469482
0 38 1704.028076 783.756042
0 39 1068.726440 584.621460
