0 1578512666 992.574707 468.308105
0 1524823287 466.926422 550.264465
0 1478234209 1497.497803 509.118225
0 1707269176 1103.498535 505.164978
0 1438989626 901.277954 492.045807
0 1524801259 621.559509 509.625031
0 1438992629 962.228760 490.711517
0 1478227200 1528.149048 472.658813
0 1524854327 657.402222 526.969849
0 1478249229 1536.698975 450.909698
0 1524807266 592.834045 467.091248
0 1524863340 457.686157 525.071899
0 1524831297 556.335632 478.062286
0 1478229202 1507.379395 467.567719
0 1568509654 977.384033 496.092468
0 1524790246 478.605286 518.609192
0 1578523681 1059.827271 537.914307
0 1478207175 1568.685181 466.210999
0 1524861337 499.667297 570.169922
0 1478210178 1583.448120 494.839172
0 1524862338 614.026550 476.772339
0 1478186149 1539.406860 483.858124
0 1524797254 518.440369 489.453217
0 1578518674 1086.628906 499.559723
0 1438985621 1058.263794 524.809021
0 1524857331 499.468292 549.586609
0 1478203170 1593.169922 488.596802
0 1438994632 1021.951782 467.651245
0 1578520676 931.733337 491.379089
0 1478237213 1362.351562 481.952240
0 1568511657 1037.136719 472.590271
0 1775370079 977.997314 463.464417
0 1478195160 1531.670898 528.085693
0 1568510655 1007.071045 462.811096
0 1478257240 1393.416382 481.272186
0 1578521677 1082.677246 476.966492
0 1524794250 543.482483 555.384644
0 1524812272 613.836792 521.732849
0 1769859072 1038.130859 483.445129
0 1578525683 962.741760 479.620728
0 1770636073 1098.822998 482.109161
0 1524846317 468.596252 512.935608
0 1524833300 602.237549 515.949280
0 1568511656 1043.771484 545.036682
0 1438985620 1024.846436 512.944092
0 1478185148 1542.471558 521.150574
0 1707993177 1159.673950 480.769714
0 1478189152 1373.911743 476.053894
0 1524791247 488.831512 524.405884
0 1524830296 499.107574 512.275269
0 2088218948 1040.244629 506.525879
0 1524827292 488.671600 543.251892
0 1606348170 1073.656006 518.124634
0 1524855329 647.458557 492.044647
0 1478183145 1343.185791 476.730255
0 1438990627 1052.635254 477.631348
0 1524840309 510.512573 556.066589
0 1478222194 1435.484985 474.698517
0 1709860179 1034.377319 442.460297
0 1478188151 1447.590210 452.912109
0 1438988624 1055.332153 500.237061
0 1478243222 1448.870361 437.807648
0 1524843313 426.583130 525.736938
0 1524844315 537.567566 483.703766
0 1524858333 446.307922 537.729065
0 1524811271 636.086426 486.849670
0 1524859334 456.501709 543.926575
0 1478216186 1413.339478 486.602417
0 1524851324 555.173767 562.011841
0 1524814275 652.274658 508.960297
0 1578514668 1115.309570 487.360352
0 1478184146 1404.677979 475.376678
0 1524829294 509.451019 517.945557
0 1478176143 1417.962402 453.577881
0 1524860336 670.922974 502.763611
0 1478222193 1497.093750 457.027130
0 1438997636 992.865051 501.589020
0 1478194158 1396.362305 464.598877
0 1478201168 1559.118530 471.977112
0 1478187150 1530.421265 508.418640
0 1478205172 1549.360962 477.858307
0 1524838306 577.188232 488.153137
0 1568514660 1135.190063 504.483185
0 1524865342 695.399658 513.945007
0 2085418945 1094.511230 460.846191
0 1524808268 633.249695 515.282104
0 1478200167 1507.826416 484.545593
0 1478194159 1538.012207 466.889801
0 1568501643 1101.112549 493.399078
0 1478239216 1366.214844 465.269562
0 1524820283 625.691101 527.643677
0 1438989625 1112.758057 476.300812
0 1568505649 1071.849976 505.845886
0 1478255237 1508.808594 521.856567
0 1524804262 683.030701 508.294647
0 1568506650 1129.228760 481.439880
0 1478217187 1443.260498 503.997040
0 1568505648 1096.624390 471.266907
0 1568497640 1105.987183 517.437622
0 1578511665 1120.739136 510.893616
0 1478258241 1518.883545 496.228241
0 1524796253 568.891174 499.322235
0 1478206173 1547.684326 461.232544
0 1524826291 617.678711 492.700165
0 1578529688 1079.029663 456.112762
0 1478233207 1563.390991 507.718018
0 1708834178 1070.118652 494.073792
0 1478189153 1467.112793 457.697510
0 1568499641 977.800964 473.910278
0 1478245224 1553.042603 514.362854
0 1524852325 606.618469 487.501801
0 1478219190 1430.261230 433.396118
0 1578525682 1051.366089 466.993530
0 1478232206 1457.814575 447.559601
0 1524818280 582.521667 522.402527
0 1524850322 585.163025 477.417725
0 1438996635 1117.967773 498.881439
0 1524832299 571.267090 516.615662
0 1478242220 1551.143677 495.534210
0 1524789245 417.037872 519.933777
0 1438999639 930.565491 502.937347
0 1478196161 1486.667725 496.921356
0 1478252234 1422.368530 498.304688
0 1524803261 520.886536 542.576233
0 1478211179 1496.974487 441.645874
0 1578523680 1021.297668 457.416351
0 1578530689 961.694275 502.263641
0 1568508653 976.931396 520.179993
0 1524826290 574.754578 472.525757
0 1524847319 538.910522 499.978546
0 1524810270 637.809204 533.685913
0 1524835302 590.885376 510.288910
0 1524821284 436.337463 531.667358
0 1524799257 560.252014 510.951904
0 1478233208 1446.233398 468.920898
0 1608354172 1126.425415 470.603943
0 1524835303 664.303711 514.614014
0 1478251232 1486.464355 515.768494
0 1524812273 640.499329 503.425903
0 1706512175 917.220154 486.106628
0 1438986622 1020.668213 447.567566
0 1478211180 1518.089111 478.542908
0 1524823286 467.788208 530.999023
0 1478223195 1433.694702 492.048279
0 1478244223 1486.858643 479.226593
0 1438987623 1080.817627 466.334991
0 1478193157 1476.786499 468.244751
0 1478198164 1540.890259 501.909393
0 1524862339 530.819275 529.659607
0 1478236212 1377.399292 459.703491
0 1478240217 1385.246460 470.270569
0 1478214183 1571.029663 483.169769
0 1578521678 992.969971 513.625732
0 1524844314 595.782166 482.408752
0 1524848320 585.452393 541.222046
0 1524806265 579.772400 504.747833
0 1524787243 528.569946 494.661621
0 1478241219 1437.170166 458.367035
0 1524799256 610.115845 504.087280
0 1478190154 1399.138916 448.884521
0 1478226198 1456.774048 463.254974
0 1478208176 1527.113159 456.355927
0 1478214184 1381.928345 487.286194
0 2084722944 1066.861450 471.929016
0 1578522679 992.764343 490.043030
0 1524825289 438.125427 513.595032
0 1774531078 977.162476 507.883057
0 1525674169 977.596802 484.777618
0 1478197162 1599.398071 465.531311
0 1524815276 628.969910 498.007050
0 1768901071 1006.706543 452.768890
0 1578526684 1022.632019 478.295319
0 1478182144 1561.187988 489.288971
0 1524853326 603.325134 471.883728
0 1478218189 1354.812622 470.944061
0 1578513667 1053.956177 488.703461
0 1438983618 1084.612671 488.032349
0 1478224196 1415.720093 469.596161
0 1478247227 1602.695190 482.480469
0 1524792248 533.378723 569.482788
0 1524795252 447.800934 519.271912
0 1524808267 562.399780 528.988586
0 1478191155 1428.458374 448.222504
0 1524856330 498.943512 495.313751
0 1478236211 1464.620483 509.816833
0 1478258242 1621.180298 470.610992
0 1478212181 1407.265625 459.035675
0 1478185147 1424.522461 480.591248
0 1568502645 1041.369629 518.810730
0 1568508652 1068.457153 482.777557
0 1438984619 1146.047119 486.687469
0 1659977623 1038.643066 489.038696
0 1478209177 1573.523926 501.211548
0 1438982617 1023.340088 489.373688
0 1524805264 564.690735 548.228027
0 1771287074 1042.544189 531.635498
0 2087111947 1036.181274 462.156952
0 1524817279 624.944763 481.759949
0 1524795251 558.234497 494.008636
0 1478230204 1466.332275 474.019531
0 1478230203 1590.129028 471.294495
0 1524847318 509.964539 536.385071
0 1578516671 1090.924561 524.119446
0 1568513659 1007.844116 484.111786
0 1578529687 1025.648804 525.497620
0 1524819282 587.937439 493.354828
0 1478253235 1426.548706 463.927338
0 1524836304 540.338257 517.281006
0 1478243221 1580.674805 477.172852
0 1568501644 1163.224365 492.047028
0 1438998637 993.079590 526.185242
0 1524816278 617.803345 540.543579
0 1705773174 948.189880 474.569000
0 1524845316 458.797546 507.381226
0 1524842312 479.066376 501.288635
0 1568507651 915.766296 497.433746
0 1438999638 1050.145752 456.764954
0 1478252233 1401.929443 492.735748
0 1438993630 992.485413 458.066956
0 1478237214 1467.848877 442.306671
0 1524857332 488.500732 563.380981
0 1478248228 1455.669800 479.909363
0 1478225197 1420.078003 438.463898
0 1524859335 519.205322 506.066254
0 1524832298 549.468872 505.407440
0 1478200166 1440.260254 428.419983
0 1478250231 1475.758667 503.302094
0 1478245225 1487.207520 446.895905
0 1438995633 932.854492 480.282104
0 1524804263 541.859070 535.711670
0 1524839308 529.659485 511.614014
0 1524849321 645.194519 521.062317
0 1568512658 947.388794 485.442535
0 1568514661 1008.682129 507.204895
0 1478231205 1519.729858 515.066223
0 1773608077 1007.449829 473.250671
0 1438977615 1088.730957 511.578064
0 1524834301 532.056396 548.907837
0 1607644171 1132.147705 492.723511
0 1524800258 488.981567 506.724182
0 1568504647 1035.262085 452.121033
0 1568500642 1039.165894 494.747559
0 1478256239 1476.288452 485.232147
0 1524815277 597.371460 547.547302
0 1568503646 1075.541382 530.943481
0 1478220191 1506.958374 451.578033
0 1478207174 1529.249756 489.980194
0 1524841311 477.589996 556.747620
0 1478213182 1477.255615 452.245483
0 1524813274 573.798096 535.037415
0 1568516663 1065.327881 461.502014
0 1578517672 1048.971558 446.922455
0 1578527685 1149.348755 498.202271
0 1478240218 1465.503052 491.359833
0 1478215185 1438.759277 442.966644
0 1524838307 576.499695 554.701721
0 1478197163 1497.354736 490.670502
0 1478221192 1454.496094 497.613495
0 1524819281 508.968933 500.634033
0 2086284946 1008.254456 495.420471
0 1524824288 659.068176 497.348145
0 1524802260 511.098877 577.119934
0 1478226199 1497.220337 473.339630
0 1578518673 1110.306641 465.675629
0 1438981616 963.234802 468.964111
0 1478238215 1409.705811 443.625793
0 1609135173 1009.128113 519.495850
0 1524837305 521.813110 562.696899
0 1524793249 594.023743 528.316589
0 1568515662 1009.593750 532.326599
0 1568516664 945.685608 508.560242
0 1438991628 961.137207 514.306458
0 1478249230 1388.371948 454.242828
0 1438996634 992.667603 478.958435
0 1578519675 1142.877686 475.634247
0 1524829295 478.114166 537.057556
0 1524864341 553.146790 541.899658
0 1478255238 1477.698120 437.150574
0 1438993631 1026.486694 538.608765
0 1524788244 605.781372 534.362122
0 1772785076 1063.852783 451.472382
0 1524828293 598.910950 498.665070
0 1478203171 1516.637573 446.231354
0 1524798255 547.795471 488.803589
0 1478199165 1487.038330 462.581696
0 1578528686 1024.077637 500.913483
0 1478192156 1517.341675 461.907562
0 1478228201 1508.301880 502.606232
0 1772037075 946.554749 496.763580
0 1578515670 1056.766724 512.261536
0 1524851323 551.249146 523.071228
0 1478218188 1557.170898 455.683838
0 1478202169 1444.792725 485.917755
0 1478254236 1578.066162 460.556671
0 1478246226 1458.796875 432.742798
0 1524809269 499.282104 530.329773
0 1524822285 566.656433 483.056671
0 1524841310 676.594971 520.390869
0 1478235210 1612.030273 476.486389
0 1578515669 1176.825195 486.013672
0 1524854328 520.019104 523.739014
0 0 543.958069 499.201965
0 1 693.212219 457.584656
0 2 877.108948 641.100037
0 3 726.981567 399.787872
0 4 1198.246826 683.901123
0 5 757.134338 622.866882
0 6 1474.140503 431.572327
0 7 1445.897095 595.667542
0 8 1475.463013 547.617065
0 9 540.867432 450.103058
0 10 1458.057617 570.124878
0 11 848.506653 695.375488
0 12 882.301086 357.329437
0 13 713.935669 573.524475
0 14 1107.855347 316.646545
0 15 1299.367798 431.342194
0 16 1420.536255 512.936890
0 17 1239.508545 341.453674
0 18 984.054016 693.307312
0 19 729.083618 504.642548
0 20 1434.895874 460.078644
0 21 965.369446 635.556824
0 22 1386.937012 490.756378
0 23 884.624268 346.493347
0 24 913.757996 693.263733
0 25 726.256836 473.318512
0 26 673.041077 469.699707
0 27 1096.517212 664.707703
0 28 1496.990723 455.157013
0 29 894.046936 613.791504
0 30 1114.925049 705.122498
0 31 643.544800 556.955322
0 32 1398.960327 555.037048
0 33 934.882507 393.740631
0 34 1397.494751 440.565826
0 35 808.308777 664.612244
0 36 671.765015 498.686890
0 37 1385.728149 584.045776
0 38 1499.953369 395.338684
0 39 1458.308228 483.194916
