0 1578512666 894.856079 395.759308
0 1524823287 1634.168701 633.775085
0 1478234209 684.151001 147.942856
0 1707269176 907.157166 299.575562
0 1438989626 1040.597656 422.014404
0 1524801259 1385.437256 594.565857
0 1438992629 982.557007 386.858459
0 1478227200 568.953186 148.132172
0 1524854327 1364.552612 532.504883
0 1478249229 495.588623 151.702026
0 1524807266 1358.731079 738.416443
0 1524863340 1637.477539 704.899536
0 1524831297 1435.614502 743.673035
0 1478229202 563.209717 156.757751
0 1568509654 983.028381 372.158997
0 1524790246 1600.889771 702.374390
0 1578523681 1011.150879 294.994598
0 1478207175 530.629761 136.431442
0 1524861337 1598.830200 568.487610
0 1478210178 606.732483 125.141319
0 1524862338 1343.851440 684.634460
0 1478186149 596.494629 141.370148
0 1524797254 1512.353271 748.919739
0 1578518674 905.561157 312.055420
0 1438985621 985.172852 305.297180
0 1524857331 1588.225830 608.792542
0 1478203170 585.333313 123.532333
0 1438994632 868.158447 378.582581
0 1578520676 1011.099731 404.147125
0 1478237213 680.989868 204.195831
0 1568511657 870.494507 363.997772
0 1775370079 892.858032 411.382294
0 1478195160 713.561951 133.173706
0 1568510655 865.743652 393.658661
0 1478257240 662.079285 192.741470
0 1578521677 847.654907 334.220490
0 1524794250 1533.936768 563.902283
0 1524812272 1411.422974 575.417603
0 1769859072 900.465942 351.895050
0 1578525683 953.019043 399.956177
0 1770636073 850.201477 321.000244
0 1524846317 1613.753418 728.979126
0 1524833300 1419.305420 596.941833
0 1568511656 1036.722168 296.873779
0 1438985620 984.354980 330.797150
0 1478185148 692.218201 131.568893
0 1707993177 802.905212 291.929749
0 1478189152 657.302917 202.435944
0 1524791247 1588.563965 676.882324
0 1524830296 1564.269043 699.846924
0 2088218948 957.559326 328.840302
0 1524827292 1599.797485 631.372925
0 1606348170 959.184082 303.391174
0 1524855329 1323.778931 612.082581
0 1478183145 676.410706 214.180481
0 1438990627 872.755676 349.880646
0 1524840309 1577.100586 587.083313
0 1478222194 620.581482 179.865250
0 1709860179 774.282349 402.848969
0 1478188151 545.048706 184.032211
0 1438988624 930.746155 326.882233
0 1478243222 491.112030 190.088562
0 1524843313 1688.479248 734.112854
0 1524844315 1474.001953 746.297607
0 1524858333 1660.189209 681.847351
0 1524811271 1330.194824 635.272705
0 1524859334 1646.912720 657.319214
0 1478216186 666.728577 183.304916
0 1524851324 1524.229492 543.825562
0 1524814275 1344.962891 570.737976
0 1578514668 852.670105 308.184509
0 1478184146 638.699768 191.001572
0 1524829294 1552.704224 674.396545
0 1478176143 562.418762 195.386398
0 1524860336 1311.692383 568.395325
0 1478222193 534.489258 163.906158
0 1438997636 983.484741 357.930237
0 1478194158 609.888184 198.913223
0 1478201168 552.596375 138.078537
0 1478187150 666.612610 138.030212
0 1478205172 574.551392 139.724792
0 1524838306 1417.456543 689.714355
0 1568514660 883.054688 285.580994
0 1524865342 1300.506470 527.964172
0 2085418945 789.512512 343.829163
0 1524808268 1378.206421 573.078735
0 1478200167 613.392822 151.459641
0 1478194159 546.715393 146.467117
0 1568501643 879.124146 310.120575
0 1478239216 628.363647 210.616776
0 1524820283 1403.839355 554.709656
0 1438989625 823.318054 319.036957
0 1568505649 931.981140 313.988983
0 1478255237 709.845886 141.276459
0 1524804262 1305.993286 547.795898
0 1568506650 826.198975 306.247192
0 1478217187 698.119934 166.844437
0 1568505648 820.346191 332.230652
0 1568497640 934.341125 289.349976
0 1578511665 908.705933 287.466064
0 1478258241 640.346069 144.658234
0 1524796253 1444.934814 666.926086
0 1478206173 524.465637 144.801163
0 1524826291 1365.507446 637.730774
0 1578529688 785.891235 357.862152
0 1478233207 649.497559 128.356796
0 1708834178 903.915466 324.922821
0 1478189153 551.263672 174.698486
0 1568499641 923.947876 397.858490
0 1478245224 670.863403 129.963242
0 1524852325 1372.930054 661.934814
0 1478219190 483.885620 199.900696
0 1578525682 842.312805 361.953949
0 1478232206 521.602661 182.287399
0 1524818280 1453.145630 599.315918
0 1524850322 1388.749878 713.521240
0 1438996635 881.119019 297.665955
0 1524832299 1462.021851 621.744080
0 1478242220 623.333862 134.780502
0 1524789245 1703.570312 761.993286
0 1438999639 1039.636841 390.987793
0 1478196161 657.784607 154.783493
0 1478252234 694.005981 175.814545
0 1524803261 1554.497681 606.426331
0 1478211179 481.829163 169.523026
0 1578523680 836.610596 391.556488
0 1578530689 1011.113647 374.195801
0 1568508653 1038.308960 348.112427
0 1524826290 1397.190918 741.046021
0 1524847319 1490.928955 694.785217
0 1524810270 1396.537964 534.772583
0 1524835302 1427.505005 619.331787
0 1524821284 1674.032349 707.422424
0 1524799257 1471.262207 645.092285
0 1478233208 597.488403 178.143936
0 1608354172 796.417114 317.072449
0 1524835303 1338.634644 550.102356
0 1478251232 706.035950 149.583847
0 1524812273 1351.540894 592.187866
0 1706512175 1011.092285 419.891052
0 1438986622 803.958374 404.984619
0 1478211180 591.179016 149.796356
0 1524823286 1624.392334 679.365967
0 1478223195 671.255737 174.116196
0 1478244223 608.228943 160.123672
0 1438987623 817.278931 345.847656
0 1478193157 580.128540 167.313278
0 1478198164 644.978943 136.405777
0 1524862339 1530.967896 626.562561
0 1478236212 604.319153 208.833389
0 1478240217 633.602356 200.675095
0 1478214183 580.009644 131.527420
0 1578521678 1011.126831 346.131836
0 1524844314 1380.670532 687.175598
0 1524848320 1468.939941 559.309631
0 1524806265 1436.041016 642.640564
0 1524787243 1501.407104 721.260803
0 1478241219 568.481445 185.776047
0 1524799256 1392.958984 616.917480
0 1478190154 556.187927 205.263443
0 1478226198 574.382507 176.421707
0 1478208176 518.141357 153.388199
0 1478214184 685.445618 194.480362
0 2084722944 845.026733 347.864838
0 1578522679 954.923828 370.120789
0 1524825289 1665.398804 759.383484
0 1774531078 1011.120422 359.939240
0 1525674169 953.987244 384.791656
0 1478197162 514.937866 126.641388
0 1524815276 1358.383545 614.501038
0 1768901071 833.612915 407.118744
0 1578526684 898.656921 366.040161
0 1478182144 601.677490 133.154404
0 1524853326 1351.128296 710.936646
0 1478218189 652.394226 212.399139
0 1578513667 902.217896 338.196228
0 1438983618 877.067261 322.962158
0 1478224196 615.306946 189.260742
0 1478247227 563.923035 121.922531
0 1524792248 1556.089844 546.084412
0 1524795252 1651.133545 731.547180
0 1524808267 1486.957642 601.687988
0 1478191155 538.663574 193.621460
0 1524856330 1550.668701 751.539307
0 1478236211 702.128540 158.103760
0 1478258242 521.069092 118.700401
0 1478212181 586.160339 197.150314
0 1478185147 643.661438 181.585571
0 1568502645 984.770142 317.852386
0 1568508652 874.945496 336.208984
0 1438984619 828.993042 293.843048
0 1659977623 915.086792 345.991058
0 1478209177 628.120605 126.749489
0 1438982617 928.157532 353.908142
0 1524805264 1501.451294 561.606873
0 1771287074 1011.145142 307.201965
0 2087111947 839.508911 376.509979
0 1524817279 1336.879883 659.435791
0 1524795251 1454.209229 692.250916
0 1478230204 602.929199 169.015396
0 1478230203 536.639832 128.270905
0 1524847318 1565.397217 628.968811
0 1578516671 959.960327 291.232666
0 1568513659 926.799988 368.081177
0 1578529687 1011.139160 319.782227
0 1524819282 1408.948242 664.431580
0 1478253235 591.900818 187.518906
0 1524836304 1506.453003 647.541931
0 1478243221 558.330444 129.899612
0 1568501644 831.704041 281.807343
0 1438998637 1037.893799 334.706970
0 1524816278 1428.498291 537.038513
0 1705773174 952.017761 415.639740
0 1524845316 1627.191406 756.771240
0 1524842312 1588.947998 754.156555
0 1568507651 1040.109131 406.240356
0 1438999638 810.839478 374.435944
0 1478252233 689.782715 185.023315
0 1438993630 863.246155 409.251282
0 1478237214 498.143250 180.541595
0 1524857332 1610.155273 589.410767
0 1478248228 625.717346 170.716614
0 1478225197 508.000427 201.689301
0 1524859335 1527.615479 697.317200
0 1524832298 1480.889648 669.418457
0 1478200166 459.756592 198.111023
0 1478250231 679.962585 156.444046
0 1478245225 504.987030 171.249176
0 1438995633 981.565674 417.766174
0 1524804263 1520.741699 604.058167
0 1524839308 1516.812744 671.908630
0 1524849321 1371.250000 552.406921
0 1568512658 982.069580 402.052399
0 1568514661 983.926758 344.149902
0 1478231205 688.234924 139.653732
0 1773608077 896.787964 380.653717
0 1438977615 933.178894 301.483978
0 1524834301 1544.018921 584.753967
0 1607644171 855.064270 295.755096
0 1524800258 1576.339111 726.408752
0 1568504647 807.456909 389.452850
0 1568500642 929.472229 340.182098
0 1478256239 630.720093 161.805237
0 1524815277 1460.433716 539.302612
0 1568503646 985.563599 293.114227
0 1478220191 511.650696 162.201187
0 1478207174 618.426208 143.014633
0 1524841311 1621.925903 611.156799
0 1478213182 528.131836 172.974289
0 1524813274 1477.774780 580.089600
0 1568516663 814.111694 359.908722
0 1578517672 778.282471 387.347687
0 1578527685 857.387390 283.694794
0 1478240218 653.198975 163.485886
0 1478215185 514.894653 191.855515
0 1524838307 1492.344116 541.565002
0 1478197163 635.594666 153.121979
0 1478221192 675.665527 165.165604
0 1524819281 1538.890259 723.835999
0 2086284946 955.830444 355.919861
0 1524824288 1317.616455 589.807861
0 1524802260 1587.925415 548.341431
0 1478226199 585.725464 158.441162
0 1578518673 793.019348 330.239502
0 1438981616 922.448547 413.511780
0 1478238215 532.101257 203.476898
0 1609135173 1011.133118 332.752716
0 1524837305 1566.396362 566.195862
0 1524793249 1444.612305 577.754517
0 1568515662 1037.491211 321.710846
0 1568516664 1039.179810 376.231201
0 1438991628 1038.737427 361.946869
0 1478249230 580.260559 207.048920
0 1438996634 925.397522 382.723389
0 1578519675 799.710815 304.308624
0 1524829295 1611.843140 654.878113
0 1524864341 1510.910278 582.422729
0 1478255238 474.670502 178.794785
0 1438993631 1037.100952 309.105560
0 1524788244 1436.402710 557.010559
0 1772785076 782.149963 372.360474
0 1524828293 1400.789551 640.186768
0 1478203171 488.799469 160.495285
0 1524798255 1463.889160 718.683350
0 1478199165 557.315186 165.610168
0 1578528686 956.708496 342.166656
0 1478192156 540.681702 155.073456
0 1478228201 662.254395 146.300995
0 1772037075 1011.106812 388.923859
0 1578515670 958.384155 315.921295
0 1524851323 1496.509399 624.154358
0 1478218188 502.203766 143.134277
0 1478202169 648.492798 172.416870
0 1478254236 508.651428 134.783447
0 1478246226 467.315735 188.320602
0 1524809269 1576.743408 652.434814
0 1524822285 1426.336914 716.103455
0 1524841310 1332.542114 530.235413
0 1478235210 542.501587 120.311874
0 1578515669 806.004700 279.918762
0 1524854328 1541.613403 649.989380
0 0 1507.485352 683.660156
0 1 1042.592285 110.309792
0 2 740.435730 138.635178
0 3 949.858765 688.567383
0 4 690.874268 264.347504
0 5 1274.508789 179.006256
0 6 764.558472 657.418945
0 7 693.126038 230.846909
0 8 597.041626 436.950073
0 10 796.936401 489.405365
0 11 367.634399 192.918549
0 12 193.679337 567.217407
0 13 702.556030 117.113571
0 14 88.287827 456.754974
0 15 1322.039551 205.726364
0 16 1327.612305 175.968246
0 17 64.709114 514.081604
0 18 1224.991089 164.088593
0 19 796.881287 105.419174
0 20 146.120819 409.885590
0 21 613.815857 351.529327
0 22 144.683350 362.751648
0 23 594.585388 618.744385
0 24 831.789368 142.396301
0 25 880.898315 113.359528
0 26 964.120911 124.193657
0 27 328.538269 254.099045
0 28 1157.171631 672.609497
0 29 617.433716 275.066742
0 30 1020.273315 466.365692
0 31 640.584961 125.806305
0 32 887.800476 462.184418
0 33 1177.789795 131.971725
0 34 1397.216553 376.959930
0 35 819.558044 611.668396
0 36 1260.158325 203.197647
0 37 1196.587524 483.166107
0 38 1276.006470 667.968384
0 39 1128.595581 531.511963
