0 1578512666 957.193970 411.237671
0 1524823287 1387.953857 325.134003
0 1478234209 498.568268 378.965973
0 1707269176 848.513062 374.671814
0 1438989626 1043.571533 383.133728
0 1524801259 1302.089111 360.378815
0 1438992629 983.666138 385.780609
0 1478227200 414.331421 416.930664
0 1524854327 1248.004150 346.503265
0 1478249229 363.140015 444.431885
0 1524807266 1399.511230 404.069885
0 1524863340 1435.151123 343.680450
0 1524831297 1419.368652 390.467102
0 1478229202 425.696350 422.536499
0 1568509654 967.663513 380.707092
0 1524790246 1426.218262 349.452911
0 1578523681 891.311951 346.406525
0 1478207175 362.229218 425.364288
0 1524861337 1334.731689 312.881439
0 1478210178 401.189148 394.199066
0 1524862338 1358.516113 393.201904
0 1478186149 423.029175 404.673126
0 1524797254 1438.423096 377.414429
0 1578518674 863.202087 379.613953
0 1438985621 891.802246 356.655914
0 1524857331 1360.765503 326.298553
0 1478203170 381.480011 400.726440
0 1438994632 925.901611 412.643982
0 1578520676 1013.646790 384.455933
0 1478237213 588.747559 403.229706
0 1568511657 909.778381 407.106934
0 1775370079 973.910400 416.861908
0 1478195160 494.129395 363.418915
0 1568510655 942.334229 418.287262
0 1478257240 557.965820 404.589752
0 1578521677 863.157227 403.045410
0 1524794250 1315.916748 323.286774
0 1524812272 1294.083374 349.814514
0 1769859072 908.896545 394.987915
0 1578525683 985.999268 397.572144
0 1770636073 847.897217 397.694336
0 1524846317 1445.736816 354.083160
0 1524833300 1312.341553 354.424011
0 1568511656 904.955383 340.825439
0 1438985620 921.345703 366.022400
0 1478185148 476.252991 369.339294
0 1707993177 786.665955 400.411011
0 1478189152 570.510254 410.001343
0 1524791247 1407.037964 344.902893
0 1524830296 1417.111328 355.337769
0 2088218948 907.231689 372.108551
0 1524827292 1378.891113 330.533997
0 1606348170 877.650391 362.545563
0 1524855329 1299.827026 377.643219
0 1478183145 601.566833 408.623474
0 1438990627 893.955872 401.673157
0 1524840309 1342.940796 322.133423
0 1478222194 508.218445 412.765106
0 1709860179 912.646606 446.524323
0 1478188151 461.119263 440.009125
0 1438988624 892.838440 378.315094
0 1478243222 431.529785 461.606049
0 1524843313 1463.214478 342.460144
0 1524844315 1428.993286 383.874084
0 1524858333 1424.944092 333.649719
0 1524811271 1319.030029 382.733978
0 1524859334 1406.292969 329.355988
0 1478216186 545.651123 399.277283
0 1524851324 1298.593384 319.177246
0 1524814275 1273.202759 361.644836
0 1578514668 832.916992 392.441315
0 1478184146 539.394226 411.381897
0 1524829294 1397.825806 350.692322
0 1478176143 493.648621 438.540802
0 1524860336 1262.453003 367.735229
0 1478222193 416.792236 435.523804
0 1438997636 951.947632 375.724518
0 1478194158 532.886658 423.971344
0 1478201168 382.915222 418.324524
0 1478187150 469.037720 380.245117
0 1478205172 403.177521 411.428925
0 1524838306 1378.839111 380.069153
0 1568514660 819.073181 375.956970
0 1524865342 1226.394287 358.175934
0 2085418945 847.231628 422.580170
0 1524808268 1283.744141 355.672394
0 1478200167 453.771332 403.320343
0 1478194159 393.993622 423.949005
0 1568501643 848.210999 385.963470
0 1478239216 564.631592 422.550873
0 1524820283 1276.139893 345.284546
0 1438989625 832.299500 404.420288
0 1568505649 877.899170 373.388977
0 1478255237 505.238586 368.093140
0 1524804262 1244.263672 362.913147
0 1568506650 817.310669 399.051392
0 1478217187 539.753357 382.615326
0 1568505648 847.570984 409.890442
0 1568497640 848.804016 363.795135
0 1578511665 834.083252 369.816864
0 1478258241 461.549133 391.564148
0 1524796253 1369.090576 368.750977
0 1478206173 373.226562 431.115479
0 1524826291 1329.505127 376.326447
0 1578529688 863.108643 428.391693
0 1478233207 439.453583 381.526611
0 1708834178 878.157471 384.645721
0 1478189153 449.083862 434.072601
0 1568499641 971.745850 404.334137
0 1478245224 458.031067 375.374023
0 1524852325 1348.962646 381.400330
0 1478219190 443.900879 468.075714
0 1578525682 894.548157 414.053040
0 1478232206 440.488525 447.554352
0 1524818280 1322.397583 348.583313
0 1524850322 1388.971680 391.833160
0 1438996635 833.511108 380.915222
0 1524832299 1340.887573 353.177887
0 1478242220 431.397095 392.880402
0 1524789245 1482.850586 346.980682
0 1438999639 1010.839905 373.143433
0 1478196161 491.645508 390.250336
0 1478252234 551.671753 387.630005
0 1524803261 1351.441528 331.714081
0 1478211179 386.051819 456.784424
0 1578523680 927.156738 425.487610
0 1578530689 981.420837 374.432800
0 1568508653 963.880249 358.810425
0 1524826290 1409.543457 397.197601
0 1524847319 1398.355225 367.457947
0 1524810270 1258.503418 340.831970
0 1524835302 1330.922974 359.115143
0 1524821284 1443.915161 338.017151
0 1524799257 1359.704590 357.853729
0 1478233208 488.917419 419.719696
0 1608354172 816.376953 411.286285
0 1524835303 1255.095093 356.923035
0 1478251232 516.542236 372.849182
0 1524812273 1291.634277 366.451141
0 1706512175 1030.204346 389.605774
0 1438986622 928.464050 438.865906
0 1478211180 434.253113 410.055878
0 1524823286 1416.075806 339.223053
0 1478223195 533.559998 394.061218
0 1478244223 465.269501 408.685455
0 1438987623 863.133423 415.464844
0 1478193157 457.337555 421.126740
0 1478198164 450.402679 386.500580
0 1524862339 1360.249634 341.641205
0 1478236212 545.576538 429.736115
0 1478240217 551.893982 416.913727
0 1478214183 392.228973 406.028442
0 1578521678 950.328186 364.762146
0 1524844314 1368.781616 386.568329
0 1524848320 1296.399536 334.080414
0 1524806265 1349.836304 363.890015
0 1524787243 1418.207153 372.390961
0 1478241219 481.311676 432.624237
0 1524799256 1320.761963 365.169434
0 1478190154 506.227966 444.573578
0 1478226198 469.210236 426.820618
0 1478208176 384.436523 436.977905
0 1478214184 576.162842 397.934631
0 2084722944 878.704773 408.497345
0 1578522679 953.629272 387.107758
0 1524825289 1474.310425 352.830872
0 1774531078 965.736572 369.554565
0 1525674169 969.665100 392.291748
0 1478197162 330.403046 426.782318
0 1524815276 1310.398804 371.344238
0 1768901071 943.939941 431.372864
0 1578526684 924.695679 400.303558
0 1478182144 412.009674 399.388397
0 1524853326 1378.819702 398.584442
0 1478218189 583.290955 415.514893
0 1578513667 893.386414 389.769501
0 1438983618 863.180115 391.104156
0 1478224196 520.436218 418.315369
0 1478247227 361.370544 407.386353
0 1524792248 1308.164795 314.007233
0 1524795252 1454.559692 348.215698
0 1524808267 1332.262695 342.853516
0 1478191155 473.391388 446.062439
0 1524856330 1447.664429 371.083984
0 1478236211 528.045349 377.689148
0 1478258242 319.901001 421.120331
0 1478212181 513.475830 431.178741
0 1478185147 527.125732 405.952393
0 1568502645 906.445068 361.298309
0 1568508652 878.425842 396.339844
0 1438984619 802.596863 393.780975
0 1659977623 908.468323 389.103149
0 1478209177 420.509918 387.800385
0 1438982617 923.536072 388.437378
0 1524805264 1306.248291 328.633667
0 1771287074 905.686829 350.877472
0 2087111947 910.695801 419.715424
0 1524817279 1338.589722 387.919342
0 1524795251 1388.694946 373.700348
0 1478230204 476.982849 414.150940
0 1478230203 351.438446 419.721069
0 1524847318 1369.657837 336.035461
0 1578516671 863.243774 357.888275
0 1568513659 939.309570 393.638550
0 1578529687 920.310120 355.425720
0 1524819282 1359.127686 375.012177
0 1478253235 501.079559 425.394592
0 1524836304 1369.382202 351.934021
0 1478243221 372.042725 412.804596
0 1568501644 788.150513 388.606354
0 1438998637 948.767517 354.197754
0 1524816278 1268.806763 335.266632
0 1705773174 1002.640015 402.951752
0 1524845316 1465.602783 358.795837
0 1524842312 1456.722412 364.879059
0 1568507651 1027.057983 378.093536
0 1438999638 895.164612 426.938232
0 1478252233 563.806274 392.735626
0 1438993630 959.085205 424.039886
0 1478237214 419.404938 455.265198
0 1524857332 1352.180664 316.898438
0 1478248228 496.226990 407.317627
0 1478225197 465.136627 460.068176
0 1524859335 1407.825439 361.338287
0 1524832298 1378.857422 362.612976
0 1478200166 422.184204 476.264557
0 1478250231 510.024261 383.908020
0 1478245225 407.519073 449.049286
0 1438995633 1016.563477 396.210388
0 1524804263 1341.942261 337.231445
0 1524839308 1388.433960 356.594604
0 1524849321 1265.718506 351.047943
0 1568512658 999.963318 390.947510
0 1568514661 936.510803 370.830383
0 1478231205 487.312958 374.110474
0 1773608077 940.791992 405.719208
0 1438977615 863.223328 368.549774
0 1524834301 1333.530396 327.465118
0 1607644171 818.208740 387.283722
0 1524800258 1436.740479 360.065887
0 1568504647 911.651123 432.843628
0 1568500642 908.048279 383.330414
0 1478256239 484.455627 401.970123
0 1524815277 1278.919434 329.804260
0 1568503646 877.410522 352.093140
0 1478220191 395.865143 442.954681
0 1478207174 442.482422 398.052856
0 1524841311 1369.918945 320.982086
0 1478213182 428.524811 441.480438
0 1524813274 1314.178101 338.429504
0 1568516663 878.994995 421.146362
0 1578517672 895.806641 440.360321
0 1578527685 803.765259 382.218903
0 1478240218 503.257416 395.389313
0 1478215185 452.690033 453.749084
0 1524838307 1288.846558 324.442017
0 1478197163 472.898224 396.719818
0 1478221192 521.686279 388.938965
0 1524819281 1427.565796 366.167297
0 2086284946 937.883606 382.017548
0 1524824288 1280.971191 372.644440
0 1524802260 1317.565308 308.929443
0 1478226199 445.687225 415.539459
0 1578518673 831.657227 416.879395
0 1438981616 988.425415 409.834106
0 1478238215 485.907257 452.236053
0 1609135173 935.188354 360.053253
0 1524837305 1325.409668 318.036896
0 1524793249 1304.226196 344.067932
0 1568515662 933.913452 349.664032
0 1568516664 994.909302 368.281097
0 1438991628 979.258484 363.504150
0 1478249230 526.113037 437.075348
0 1438996634 955.376770 398.936584
0 1578519675 801.382507 405.797760
0 1524829295 1397.325073 334.841553
0 1524864341 1323.944458 332.896210
0 1478255238 397.853546 463.147125
0 1438993631 919.311584 345.207214
0 1524788244 1286.365112 339.629700
0 1772785076 879.297241 434.317291
0 1524828293 1339.771851 370.046387
0 1478203171 374.482910 450.547211
0 1524798255 1408.659180 378.740540
0 1478199165 437.278412 428.249451
0 1578528686 922.420227 377.018585
0 1478192156 405.283905 429.681061
0 1478228201 480.240784 385.203094
0 1772037075 997.388306 379.399078
0 1578515670 892.310791 367.284943
0 1524851323 1350.661255 347.354309
0 1478218188 352.016541 438.434875
0 1478202169 515.082153 400.622406
0 1478254236 341.106262 432.552765
0 1478246226 409.895203 469.639160
0 1524809269 1388.187378 340.431061
0 1524822285 1398.916016 385.219940
0 1524841310 1237.303101 352.283508
0 1478235210 340.848511 414.182861
0 1578515669 772.219604 395.123138
0 1524854328 1378.874756 346.127533
0 0 686.469360 505.110931
0 1 1213.806274 292.395447
0 2 814.093811 453.058411
0 3 323.817017 433.291382
0 4 1046.556396 433.739624
0 5 1373.680176 363.160339
0 6 356.905121 405.023193
0 7 994.594482 467.878632
0 8 1252.424194 317.231842
0 9 883.049622 229.511292
0 10 1142.209717 371.488525
0 11 1030.678589 230.127014
0 12 675.232056 307.463257
0 13 1263.379761 287.726593
0 14 743.048035 295.989258
0 15 1108.421875 436.429810
0 16 1256.538574 472.161804
0 17 735.377319 269.572906
0 18 1376.634766 394.328156
0 19 765.877563 419.954712
0 20 837.310730 243.123001
0 21 470.650024 328.392944
0 22 781.541931 267.534698
0 23 399.952606 385.022217
0 24 743.811462 281.229370
0 25 552.315002 345.431580
0 26 531.498413 332.932465
0 27 918.195435 220.876709
0 28 959.637573 218.170044
0 29 792.852234 229.653336
0 30 1203.239014 309.893402
0 31 1071.302734 242.853317
0 32 687.716187 423.576233
0 33 536.840515 314.699036
0 34 933.487610 460.911133
0 35 989.692871 226.096115
0 36 778.889282 243.169662
0 37 761.830322 468.828949
0 38 881.244995 242.437866
0 39 727.565430 443.848511
