0 1578512666 880.686523 693.557495
0 1478234209 1363.001953 575.255005
0 1707269176 1084.701538 702.641113
0 1438989626 843.972412 778.909424
0 1524801259 486.915314 1012.382629
0 1438992629 909.450195 744.766296
0 1478227200 1309.171997 523.895142
0 1524854327 614.132446 1016.396729
0 1478249229 1272.087769 496.024994
0 1524807266 265.132965 945.028259
0 1524831297 228.680695 1004.234375
0 1478229202 1287.446045 522.764526
0 1568509654 940.525146 746.089111
0 1578523681 1129.661011 772.017578
0 1478207175 1319.271240 506.912628
0 1478210178 1380.799316 536.747070
0 1524862338 347.108795 947.804077
0 1478186149 1336.910400 534.479004
0 1524797254 187.927673 1070.425781
0 1578518674 1055.756348 701.352356
0 1438985621 1094.770996 752.654907
0 1478203170 1374.124634 527.275330
0 1438994632 910.211914 679.488831
0 1578520676 877.437073 761.459412
0 1478237213 1227.051147 579.154602
0 1568511657 938.936951 680.785156
0 1775370079 851.273010 692.247864
0 1478195160 1417.346436 588.608154
0 1568510655 881.421997 678.189636
0 1478257240 1245.791870 569.382446
0 1578521677 994.774475 668.541870
0 1524812272 518.416870 1045.761597
0 1769859072 968.522522 697.468384
0 1578525683 879.127075 726.144897
0 1770636073 1022.780457 669.821960
0 1524833300 474.646851 1044.435181
0 1568511656 1134.106445 790.840637
0 1438985620 1033.297241 750.038147
0 1478185148 1409.581055 577.588684
0 1707993177 1072.947632 644.260010
0 1478189152 1222.218140 568.201294
0 2088218948 1031.025879 732.713867
0 1606348170 1091.280762 735.319641
0 1524855329 469.113556 951.935303
0 1478183145 1203.060425 577.962830
0 1438990627 967.597534 682.078491
0 1478222194 1258.681152 549.622009
0 1709860179 856.170410 634.113281
0 1478188151 1222.042358 519.360840
0 1438988624 1028.843506 716.067749
0 1478243222 1192.218506 500.212067
0 1524844315 208.888000 1036.381836
0 1524811271 428.572388 950.562561
0 1478216186 1269.321411 570.561279
0 1524814275 539.911621 983.405334
0 1578514668 1050.724854 671.099243
0 1478184146 1240.748169 558.759521
0 1478176143 1204.315063 527.626953
0 1524860336 549.817627 954.668030
0 1478222193 1260.723877 512.471985
0 1438997636 971.524414 747.408630
0 1478194158 1212.993774 547.295898
0 1478201168 1324.983032 515.838867
0 1478187150 1379.136963 565.750183
0 1478205172 1330.860229 525.023865
0 1524838306 315.328491 1006.968384
0 1568514660 1109.938110 688.501953
0 1524865342 630.021362 957.383911
0 2085418945 965.020508 639.208191
0 1524808268 529.460144 1013.725098
0 1478200167 1320.815674 543.071167
0 1478194159 1303.599854 514.718506
0 1568501643 1053.193237 685.941223
0 1478239216 1194.278076 556.412048
0 1524820283 562.039551 1047.083496
0 1438989625 1020.906128 655.525879
0 1568505649 1058.419678 717.366089
0 1478255237 1393.716919 587.434204
0 1524804262 589.981812 956.028076
0 1568506650 1048.345947 656.795410
0 1478217187 1322.559570 583.899292
0 1568505648 993.407043 654.253540
0 1568497640 1117.365601 719.953674
0 1578511665 1113.580811 703.927002
0 1478258241 1349.560791 554.249084
0 1524796253 342.444519 1040.428955
0 1478206173 1298.184692 505.800568
0 1524826291 415.354370 979.327576
0 1578529688 937.895020 637.938599
0 1478233207 1394.754883 556.550110
0 1708834178 1026.744873 700.060669
0 1478189153 1243.881348 520.497375
0 1568499641 879.922119 709.530457
0 1478245224 1402.054077 566.907837
0 1524852325 373.568359 977.959534
0 1478219190 1170.917969 499.088684
0 1578525682 938.576782 665.973145
0 1478232206 1217.701416 510.217865
0 1524818280 461.662170 1078.358887
0 1524850322 289.592194 975.210388
0 1438996635 1081.597534 687.223022
0 1524832299 416.437195 1077.048218
0 1478242220 1365.427002 545.359741
0 1438999639 909.020569 781.584412
0 1478196161 1333.176758 563.428467
0 1478252234 1298.750366 582.716492
0 1478211179 1230.319214 493.808197
0 1578523680 882.130127 663.393066
0 1578530689 940.963562 764.118652
0 1568508653 1005.974792 785.571472
0 1524826290 247.400726 973.829163
0 1524847319 279.811737 1073.088623
0 1524810270 605.515503 1048.401001
0 1524835302 430.728607 1043.104370
0 1524799257 371.054321 1075.732910
0 1478233208 1253.600098 539.622925
0 1608354172 1019.098755 641.739502
0 1524835303 581.166016 984.755920
0 1478251232 1370.042603 586.258118
0 1524812273 498.525299 982.050476
0 1706512175 845.554871 760.124817
0 1438986622 855.013184 647.850342
0 1478211180 1314.908081 533.342041
0 1478223195 1292.807251 571.738037
0 1478244223 1298.450439 541.923767
0 1438987623 965.848267 652.978455
0 1478193157 1270.787598 531.062012
0 1478198164 1372.178223 555.400574
0 1478236212 1190.087769 546.129639
0 1478240217 1217.534546 557.586853
0 1478214183 1352.511108 526.150574
0 1578521678 1004.174866 766.764709
0 1524844314 331.647827 976.587219
0 1524806265 386.661377 1041.769043
0 1524787243 233.950317 1071.759521
0 1478241219 1226.511475 528.773987
0 1524799256 444.230438 1011.035767
0 1478190154 1182.079468 526.477844
0 1478226198 1248.668945 529.919006
0 1478208176 1277.062744 504.686646
0 1478214184 1250.996338 580.344177
0 2084722944 966.706665 667.258972
0 1578522679 940.104248 728.781921
0 1774531078 972.608521 765.443298
0 1525674169 909.652039 727.464966
0 1478197162 1334.481812 499.336395
0 1524815276 457.006439 980.691162
0 1768901071 853.812866 662.098755
0 1578526684 939.311096 696.167725
0 1478182144 1358.874146 535.614014
0 1524853326 306.185242 946.418335
0 1478218189 1198.600098 567.017944
0 1578513667 997.667114 698.765991
0 1438983618 1024.725342 684.656555
0 1478224196 1235.858276 548.460022
0 1478247227 1367.640259 518.073853
0 1478191155 1200.165405 518.222351
0 1478236211 1346.323608 585.079834
0 1478258242 1355.211060 500.436523
0 1478212181 1208.589233 537.313782
0 1478185147 1263.919189 559.929932
0 1568502645 1064.071411 751.348083
0 1568508652 996.193542 683.368958
0 1438984619 1075.726440 658.062256
0 1659977623 983.720398 706.038391
0 1478209177 1387.673096 546.501038
0 1438982617 969.483948 713.461975
0 1771287074 1098.405884 770.709229
0 2087111947 910.384644 664.684570
0 1524817279 387.904327 949.185486
0 1524795251 298.077179 1039.084473
0 1478230204 1276.045166 540.774414
0 1478230203 1340.322388 508.022827
0 1578516671 1121.301147 736.617920
0 1568513659 939.699829 712.154541
0 1578529687 1067.073364 769.397644
0 1524819282 358.437683 1008.328674
0 1478253235 1231.114746 538.469421
0 1478243221 1346.329712 516.957336
0 1568501644 1103.047974 659.326355
0 1438998637 1038.129272 786.893738
0 1705773174 848.528870 724.821716
0 1568507651 876.537903 780.248596
0 1438999638 910.551086 650.419983
0 1478252233 1274.896118 581.531494
0 1438993630 852.567017 676.887451
0 1478237214 1213.483154 501.333557
0 1478248228 1281.462769 550.781921
0 1478225197 1174.531372 507.955994
0 1524832298 325.512787 1074.413086
0 1478200166 1167.405273 490.469208
0 1478250231 1339.647339 574.084778
0 1478245225 1234.712158 502.453125
0 1438995633 847.072388 742.111084
0 1524849321 571.865662 1015.063049
0 1568512658 878.299377 743.440308
0 1568514661 1002.448425 748.724976
0 1478231205 1386.313110 576.422974
0 1773608077 910.032532 694.864075
0 1438977615 1087.927002 718.661377
0 1607644171 1078.607788 672.373718
0 1568504647 882.812378 649.136597
0 1568500642 999.198425 714.766357
0 1478256239 1304.203125 551.939697
0 1568503646 1125.396362 753.958496
0 1478220191 1255.905273 503.570801
0 1478207174 1343.141235 544.216492
0 1478213182 1239.231079 511.345886
0 1568516663 938.229675 651.700623
0 1578517672 883.470154 635.391113
0 1578527685 1106.429565 673.645386
0 1478240218 1310.133301 562.264526
0 1478215185 1196.134888 509.087891
0 1478197163 1326.902466 553.095459
0 1478221192 1316.249023 572.912537
0 2086284946 970.483704 730.095703
0 1524824288 509.528442 953.303833
0 1478226199 1292.867188 532.203003
0 1578518673 992.088440 640.475220
0 1438981616 849.927979 708.213745
0 1478238215 1178.250366 517.081909
0 1609135173 1035.663086 768.082825
0 1524793249 506.730133 1079.665039
0 1568515662 1070.202515 788.212708
0 1568516664 941.420776 782.916809
0 1438991628 973.738770 784.245850
0 1478249230 1186.023438 536.156128
0 1438996634 909.846069 710.844055
0 1578519675 1046.051758 643.001099
0 1478255238 1209.382812 492.697052
0 1438993631 1102.194824 789.528320
0 1772785076 910.711609 636.666199
0 1524828293 401.404846 1009.684387
0 1478203171 1251.220947 494.917511
0 1524798255 253.558563 1037.735474
0 1478199165 1265.682617 521.631958
0 1578528686 1000.790894 731.406311
0 1478192156 1282.180176 513.596191
0 1478228201 1356.177979 564.590454
0 1772037075 909.239929 762.790710
0 1578515670 1061.189209 734.018311
0 1478218188 1292.920288 497.130585
0 1478202169 1287.047363 561.098328
0 1478254236 1313.718262 498.234406
0 1478246226 1188.411499 491.584045
0 1524822285 272.076385 1005.603638
0 1524841310 622.289001 986.102234
0 1478235210 1361.338257 509.131165
0 1578515669 1099.786499 645.516235
0 0 909.993774 420.706024
0 1 635.174988 858.656860
0 2 574.560364 895.162231
0 3 969.770874 434.491333
0 4 1010.017334 971.873657
0 5 598.515076 443.660248
0 6 1327.041260 536.426208
0 7 1413.735474 978.860352
0 8 1611.658569 815.505981
0 10 1287.963257 954.757263
0 11 386.357391 656.141663
0 12 1404.878052 694.432678
0 13 522.916138 508.191620
0 14 1473.187500 750.715881
0 15 1388.255371 536.107300
0 16 849.765381 416.405090
0 17 1710.078735 1075.495483
0 18 335.006470 810.630249
0 19 920.713013 543.067322
0 21 1582.638916 1052.748535
0 23 1345.901733 601.346313
0 24 438.320892 615.589844
0 25 1092.233765 553.408081
0 26 996.005188 540.240906
0 27 465.263092 564.404602
0 29 1050.544922 1052.876099
0 30 754.635254 928.121826
0 31 669.887146 409.216553
0 32 1588.670532 708.608459
0 33 1301.085938 560.052979
0 34 1453.058594 550.357666
0 35 651.500488 433.459290
0 36 545.223267 835.433350
0 37 1630.109131 757.195862
0 39 1470.602051 595.173279
