0 1578512666 999.853271 385.041809
0 1524823287 811.213989 259.922211
0 1478234209 900.761108 640.400146
0 1707269176 903.638672 433.523163
0 1438989626 931.776001 357.834381
0 1524801259 886.471680 283.361511
0 1438992629 937.403931 378.208801
0 1478227200 1042.799316 676.909729
0 1524854327 851.441772 296.796844
0 1478249229 1141.933838 694.561340
0 1524807266 977.298889 263.761688
0 1524863340 856.293762 250.887772
0 1524831297 951.363586 258.472931
0 1478229202 1061.065186 662.783020
0 1568509654 924.078735 384.520905
0 1524790246 868.246887 253.402969
0 1578523681 821.544312 420.314911
0 1478207175 1077.905518 713.878662
0 1524861337 776.264160 272.016296
0 1478210178 958.082886 710.607849
0 1524862338 956.538818 271.981415
0 1478186149 998.016907 680.741394
0 1524797254 926.113708 253.323944
0 1578518674 918.312744 426.129089
0 1438985621 853.021301 418.180695
0 1524857331 811.641235 266.556580
0 1478203170 984.329102 722.130188
0 1438994632 1004.097046 396.119141
0 1578520676 934.537842 367.832764
0 1478237213 987.720825 560.368347
0 1568511657 991.023560 402.850433
0 1775370079 1012.449890 378.694519
0 1478195160 836.811951 657.368774
0 1568510655 1016.892151 389.531158
0 1478257240 992.982544 579.417236
0 1578521677 981.635864 421.784821
0 1524794250 800.277832 277.594604
0 1524812272 862.059814 284.807251
0 1769859072 960.416016 404.913757
0 1578525683 966.641907 376.291443
0 1770636073 967.741211 429.098907
0 1524846317 878.941223 249.596649
0 1524833300 873.563843 280.462769
0 1568511656 805.527893 415.355225
0 1438985620 882.369019 404.278748
0 1478185148 859.823242 667.470947
0 1707993177 975.696716 455.364471
0 1478189152 1009.884888 568.240234
0 1524791247 857.378906 257.271149
0 1524830296 880.358521 255.951508
0 2088218948 898.832947 409.065277
0 1524827292 823.079102 262.542969
0 1606348170 869.585327 423.201385
0 1524855329 924.049133 284.845306
0 1478183145 1004.277283 549.726196
0 1438990627 977.662720 409.729736
0 1524840309 800.012695 270.637085
0 1478222194 1021.997314 608.230591
0 1709860179 1082.119751 396.709381
0 1478188151 1112.575928 622.944946
0 1438988624 915.593811 413.938171
0 1478243222 1180.386230 628.796265
0 1524843313 855.239746 244.687454
0 1524844315 938.654663 255.881287
0 1524858333 833.579834 252.182693
0 1524811271 935.065186 280.483673
0 1524859334 822.487305 256.021179
0 1478216186 975.595642 590.914551
0 1524851324 788.272461 281.867554
0 1524814275 888.121521 290.759186
0 1578514668 953.527710 436.580872
0 1478184146 1015.783875 587.716064
0 1524829294 869.516907 259.866364
0 1478176143 1103.828247 601.605591
0 1524860336 901.434143 293.799469
0 1478222193 1104.837280 659.073914
0 1438997636 910.470642 390.967041
0 1478194158 1055.762329 584.534302
0 1478201168 1050.561157 702.536377
0 1478187150 904.113037 663.753235
0 1478205172 1023.941101 691.494507
0 1524838306 930.453857 266.492615
0 1568514660 906.193909 446.527771
0 1524865342 878.006958 303.075195
0 2085418945 1031.313477 424.711243
0 1524808268 874.998108 287.762054
0 1478200167 991.936584 656.381470
0 1478194159 1069.238037 687.580566
0 1568501643 935.756653 431.306458
0 1478239216 1048.868896 565.188354
0 1524820283 850.355347 289.227417
0 1438989625 985.774414 434.341675
0 1568505649 901.187012 421.046173
0 1478255237 857.688843 643.949585
0 1524804262 889.824768 298.396057
0 1568506650 971.635193 441.955231
0 1478217187 916.666870 606.040039
0 1568505648 999.593262 426.900543
0 1568497640 871.386414 435.749176
0 1578511665 888.626282 441.087738
0 1478258241 948.150146 660.056824
0 1524796253 906.924072 267.864319
0 1478206173 1096.384399 698.536926
0 1524826291 921.858887 277.614044
0 1578529688 1044.440918 417.476074
0 1478233207 907.661133 688.472168
0 1708834178 932.659851 418.899750
0 1478189153 1095.928467 635.820007
0 1568499641 983.105591 380.629211
0 1478245224 883.431763 677.835327
0 1524852325 932.724121 273.380615
0 1478219190 1195.683228 616.096313
0 1578525682 1008.510132 407.638245
0 1478232206 1138.274658 632.298340
0 1524818280 860.835327 277.604279
0 1524850322 953.912109 265.125061
0 1438996635 921.145325 438.829559
0 1524832299 872.173584 273.386993
0 1478242220 952.971741 684.595459
0 1524789245 865.815308 241.027863
0 1438999639 905.728027 369.702271
0 1478196161 943.594238 636.870300
0 1478252234 935.196167 594.129883
0 1524803261 823.688782 269.262146
0 1478211179 1175.590698 665.548096
0 1578523680 1034.229980 394.099304
0 1578530689 908.054443 380.133484
0 1568508653 864.596191 388.442657
0 1524826290 964.243835 261.099457
0 1524847319 905.069702 261.151245
0 1524810270 838.445251 293.725281
0 1524835302 884.872681 276.192017
0 1524821284 844.495911 248.405273
0 1524799257 883.322266 269.240234
0 1478233208 1046.042969 617.203857
0 1608354172 1004.148193 439.683441
0 1524835303 876.478394 295.295746
0 1478251232 877.938721 630.933533
0 1524812273 899.562622 286.301361
0 1706512175 947.378296 361.868713
0 1438986622 1064.244751 392.087341
0 1478211180 1017.040771 666.513550
0 1524823286 845.400879 254.710144
0 1478223195 957.703186 602.746216
0 1478244223 1010.524292 642.922424
0 1438987623 1013.102783 419.626038
0 1478193157 1053.345703 639.361267
0 1478198164 928.226257 674.039490
0 1524862339 847.292847 267.891357
0 1478236212 1071.932739 573.185791
0 1478240217 1032.559570 576.293457
0 1478214183 1004.461426 706.559937
0 1578521678 880.444519 392.957489
0 1524844314 943.406921 269.218201
0 1524848320 824.965271 283.329407
0 1524806265 895.991150 271.993103
0 1524787243 915.677551 257.205688
0 1478241219 1087.499268 613.817932
0 1524799256 897.749146 279.036163
0 1478190154 1119.687256 589.744690
0 1478226198 1070.679199 626.397522
0 1478208176 1114.267700 683.689636
0 1478214184 970.701721 571.307739
0 2084722944 995.222046 414.633026
0 1578522679 940.380371 388.984314
0 1524825289 877.564514 243.423752
0 1774531078 894.394714 386.478027
0 1525674169 953.648743 382.571350
0 1478197162 1087.113770 741.817810
0 1524815276 910.806641 281.920319
0 1768901071 1046.680054 387.545593
0 1578526684 973.845154 398.146973
0 1478182144 978.374634 695.431824
0 1524853326 967.005859 267.837128
0 1478218189 1026.322754 557.370483
0 1578513667 946.690796 411.829712
0 1438983618 950.039429 423.952484
0 1478224196 1039.124023 596.211060
0 1478247227 1011.303772 733.972290
0 1524792248 776.163818 279.005829
0 1524795252 867.013550 247.126129
0 1524808267 848.282349 274.785187
0 1478191155 1128.731445 610.450317
0 1524856330 913.737366 250.800171
0 1478236211 897.589294 618.302612
0 1478258242 1067.563354 758.670898
0 1478212181 1079.511963 592.969360
0 1478185147 998.521606 599.469971
0 1568502645 867.856079 411.153503
0 1568508652 964.004639 416.762054
0 1438984619 957.164612 449.747284
0 1659977623 945.066345 405.948547
0 1478209177 932.536133 699.392517
0 1438982617 943.473633 400.182800
0 1524805264 812.535522 280.442047
0 1771287074 836.754639 413.250153
0 2087111947 1021.509583 400.795288
0 1524817279 945.893433 276.196320
0 1524795251 917.676025 263.803864
0 1478230204 1028.551392 629.869263
0 1478230203 1058.800659 729.739990
0 1524847318 835.104248 265.199127
0 1578516671 854.465210 430.509308
0 1568513659 956.966675 393.525635
0 1578529687 851.634399 406.338928
0 1524819282 919.735535 270.603485
0 1478253235 1063.022461 604.909241
0 1524836304 870.825195 266.524719
0 1478243221 1031.260254 717.991760
0 1568501644 942.350708 457.724213
0 1438998637 850.301208 394.955719
0 1524816278 825.633911 290.697479
0 1705773174 979.368225 370.140503
0 1524845316 889.465881 245.850693
0 1524842312 901.522461 248.309280
0 1568507651 918.883789 363.708313
0 1438999638 1039.233887 405.555084
0 1478252233 953.200439 582.557129
0 1438993630 1029.417725 383.082001
0 1478237214 1164.618896 641.886719
0 1524857332 788.107117 267.918152
0 1478248228 1004.360474 620.608215
0 1478225197 1169.741333 607.100952
0 1524859335 892.631714 258.534027
0 1524832298 894.286133 265.162231
0 1478200166 1222.264893 625.313538
0 1478250231 920.310303 627.472900
0 1478245225 1148.359253 655.385925
0 1438995633 963.240173 365.970184
0 1524804263 835.901367 272.004761
0 1524839308 881.818176 262.496460
0 1524849321 863.323303 292.239838
0 1568512658 950.454956 372.026520
0 1568514661 896.570618 397.551483
0 1478231205 880.608154 653.726501
0 1773608077 986.987915 391.524506
0 1438977615 886.454956 428.314697
0 1524834301 812.081543 273.393372
0 1607644171 938.984070 444.236633
0 1524800258 891.025635 252.099655
0 1568504647 1051.874756 398.748291
0 1568500642 929.685974 406.985382
0 1478256239 986.190369 633.360107
0 1524815277 813.003845 287.712524
0 1568503646 837.854004 425.365448
0 1478220191 1131.583740 669.313354
0 1478207174 972.761902 670.265686
0 1524841311 799.755493 263.887360
0 1478213182 1121.813599 645.479736
0 1524813274 836.723083 279.020935
0 1568516663 1026.312988 412.512665
0 1578517672 1069.834717 403.480286
0 1578527685 924.098816 452.072266
0 1478240218 962.450317 624.031189
0 1478215185 1154.243164 619.511230
0 1524838307 800.551270 284.769501
0 1478197163 967.462219 646.503540
0 1478221192 939.282654 614.927185
0 1524819281 903.270020 254.635773
0 2086284946 926.827820 395.534637
0 1524824288 912.840515 289.283264
0 1524802260 764.221802 276.183472
0 1478226199 1035.474609 652.726929
0 1578518673 1017.886169 432.111755
0 1438981616 995.769104 374.381317
0 1478238215 1144.416626 598.319580
0 1609135173 866.194336 399.576294
0 1524837305 788.188538 274.786285
0 1524793249 849.302734 281.893860
0 1568515662 835.698303 401.609070
0 1568516664 892.300598 375.820068
0 1438991628 878.592896 382.065491
0 1478249230 1095.532593 581.369080
0 1438996634 970.174377 387.009247
0 1578519675 990.088806 447.432251
0 1524829295 834.330750 258.594696
0 1524864341 824.317261 276.187714
0 1478255238 1191.633179 651.718994
0 1438993631 820.777344 408.407318
0 1524788244 837.570679 286.257568
0 1772785076 1057.278076 410.400879
0 1524828293 908.835449 274.784149
0 1478203171 1159.032715 679.821655
0 1524798255 928.251465 259.810059
0 1478199165 1078.766357 649.093079
0 1578528686 912.981812 402.226715
0 1478192156 1087.320801 673.100464
0 1478228201 924.157593 650.104919
0 1772037075 921.432617 373.919708
0 1578515670 884.370911 416.055145
0 1524851323 859.648132 270.620392
0 1478218188 1124.267212 709.790466
0 1478202169 980.751343 611.569885
0 1478254236 1106.004028 725.533813
0 1478246226 1207.183838 638.313904
0 1524809269 846.332764 261.202667
0 1524822285 940.995117 262.449615
0 1524841310 864.627686 299.913147
0 1478235210 1039.037720 746.147827
0 1578515669 960.959839 463.486755
0 1524854328 858.496521 263.845764
0 0 680.498962 311.415314
0 1 1192.255127 415.774597
0 2 914.430481 279.271057
0 3 584.744141 326.469910
0 4 688.637329 333.872192
0 5 1361.092773 552.773682
0 6 632.464111 308.275726
0 7 404.863983 442.586884
0 8 462.749725 444.575500
0 9 1248.907227 298.471436
0 10 445.188080 418.913879
0 11 1515.915039 372.980560
0 12 836.250916 246.292053
0 13 1476.271240 471.481903
0 14 884.712769 234.874664
0 15 808.210083 610.342224
0 16 1178.452881 642.671814
0 17 975.277649 239.487549
0 18 1255.878296 611.624878
0 19 1102.102539 327.810547
0 20 1215.308350 285.806000
0 21 474.446472 388.622314
0 22 1040.742920 251.882019
0 23 761.683899 270.171539
0 24 1193.120605 269.451447
0 25 1204.444214 342.782013
0 26 1149.072021 337.646606
0 27 1298.046509 309.056854
0 28 1622.899536 388.402161
0 29 1041.677002 299.961151
0 30 495.180756 402.273010
0 31 1406.915894 526.004456
0 32 500.761871 506.854279
0 33 1202.156494 366.850159
0 34 739.578491 591.517090
0 35 1452.365967 345.028625
0 36 900.062744 538.524780
0 37 679.791687 568.471069
0 38 960.831421 577.490295
0 39 620.140259 542.467896
