0 1578512666 1008.845703 363.422272
0 1524823287 596.592529 907.500854
0 1478234209 1491.349121 199.813675
0 1707269176 1212.622314 354.724640
0 1438989626 983.897766 447.807861
0 1524801259 686.797668 681.164001
0 1438992629 1043.312622 410.233490
0 1478227200 1431.565186 151.077423
0 1524854327 802.065491 676.604553
0 1478249229 1390.423340 125.204285
0 1524807266 477.091797 637.939209
0 1524863340 472.894348 875.495850
0 1524831297 457.079102 690.250488
0 1478229202 1408.398560 152.112167
0 1568509654 1073.910400 408.942657
0 1524790246 484.243073 840.259644
0 1578523681 1263.647339 418.211060
0 1478207175 1441.413330 131.918579
0 1524861337 732.606323 902.432739
0 1478210178 1508.683960 157.371017
0 1524862338 550.351257 635.002625
0 1478186149 1461.674072 159.466080
0 1524797254 435.234680 747.349670
0 1578518674 1183.459229 355.969391
0 1438985621 1227.187012 402.476349
0 1524857331 649.276001 868.857056
0 1478203170 1501.131348 147.970215
0 1438994632 1036.219360 347.208008
0 1578520676 1014.122070 428.693756
0 1478237213 1348.451416 217.261688
0 1568511657 1064.821533 345.982788
0 1775370079 979.804138 364.661804
0 1478195160 1549.682739 208.402008
0 1568510655 1007.633972 348.432495
0 1478257240 1367.388916 205.285431
0 1578521677 1119.066650 329.082520
0 1524794250 742.557312 830.444275
0 1524812272 720.496521 707.397278
0 1769859072 1096.074341 359.699158
0 1578525683 1011.393555 394.940979
0 1770636073 1147.258789 327.870667
0 1524846317 441.324005 841.890442
0 1524833300 681.245178 708.938721
0 1568511656 1269.602417 435.857513
0 1438985620 1165.818726 405.065308
0 1478185148 1541.021240 197.621109
0 1707993177 1195.316650 297.986328
0 1478189152 1342.634521 206.378113
0 1524791247 527.200134 838.627380
0 1524830296 495.047028 806.714722
0 2088218948 1161.852173 388.567841
0 1524827292 605.120483 870.519043
0 1606348170 1222.165649 386.013123
0 1524855329 660.448059 630.589172
0 1478183145 1323.355469 218.366577
0 1438990627 1093.440430 344.756866
0 1524840309 693.471680 867.193604
0 1478222194 1379.639526 183.366928
0 1709860179 976.986450 307.433563
0 1478188151 1338.963867 155.213486
0 1438988624 1158.019409 372.626465
0 1478243222 1306.083008 137.989014
0 1524843313 415.831482 914.236267
0 1524844315 446.401245 718.161377
0 1524858333 506.127838 910.871704
0 1524811271 623.721375 632.061462
0 1524859334 551.339111 909.187012
0 1478216186 1392.155884 204.192184
0 1524851324 785.743530 828.803345
0 1524814275 729.681763 653.085083
0 1578514668 1175.467041 326.658112
0 1478184146 1361.388794 194.715958
0 1524829294 536.977356 805.107178
0 1478176143 1320.914551 165.739227
0 1524860336 733.984802 627.641418
0 1478222193 1379.397217 143.933228
0 1438997636 1104.527222 407.651001
0 1478194158 1331.477783 185.503342
0 1478201168 1447.991699 140.862808
0 1478187150 1508.104858 188.223480
0 1478205172 1454.742920 150.042160
0 1524838306 533.531250 687.226440
0 1568514660 1236.787231 338.616425
0 1524865342 807.632935 624.689148
0 2085418945 1086.029419 302.715240
0 1524808268 725.189880 679.645325
0 1478200167 1444.985596 170.203018
0 1478194159 1425.116211 141.886734
0 1568501643 1179.397949 341.074768
0 1478239216 1312.581055 196.875763
0 1524820283 759.779480 705.854553
0 1438989625 1143.898438 313.894165
0 1568505649 1187.657471 371.366150
0 1478255237 1524.483521 209.511444
0 1524804262 770.794922 626.165833
0 1568506650 1171.660278 312.696777
0 1478217187 1448.963745 212.836395
0 1568505648 1116.152222 315.090851
0 1568497640 1246.987549 368.843292
0 1578511665 1241.802856 353.479156
0 1478258241 1476.105591 179.087708
0 1524796253 563.681213 713.555664
0 1478206173 1418.832275 132.931488
0 1524826291 617.058655 657.570496
0 1578529688 1058.745850 303.895813
0 1478233207 1524.409912 176.944962
0 1708834178 1154.313599 357.213409
0 1478189153 1362.097778 154.180191
0 1568499641 1010.098206 378.916443
0 1478245224 1532.600220 187.139542
0 1524852325 579.575623 659.063293
0 1478219190 1283.564453 138.999146
0 1578525682 1062.731323 331.504150
0 1478232206 1333.720947 145.977798
0 1524818280 675.438049 737.987793
0 1524850322 504.696167 662.045471
0 1438996635 1208.084229 339.845947
0 1524832299 635.321533 739.551270
0 1478242220 1492.610840 168.085403
0 1524789245 370.746307 915.916138
0 1438999639 1047.243408 445.158264
0 1478196161 1459.150635 190.389801
0 1478252234 1423.816162 213.943558
0 1524803261 656.299866 833.721924
0 1478211179 1345.885986 127.206200
0 1578523680 1006.460938 333.922943
0 1578530689 1076.384033 426.078094
0 1568508653 1142.416016 441.177429
0 1524826290 467.299683 663.534851
0 1524847319 515.170410 744.234192
0 1524810270 799.094238 704.310669
0 1524835302 642.025574 710.478943
0 1524821284 460.958618 912.554749
0 1524799257 595.238098 741.113525
0 1478233208 1373.634521 173.375565
0 1608354172 1140.642456 300.352112
0 1524835303 767.280884 651.587646
0 1478251232 1499.297363 210.620316
0 1524812273 692.111694 654.581421
0 1706512175 983.021057 430.000336
0 1438986622 977.657532 321.064148
0 1478211180 1438.186157 160.512863
0 1524823286 516.929688 873.838440
0 1478223195 1416.935425 203.098373
0 1478244223 1421.190430 171.261047
0 1438987623 1088.421875 316.286865
0 1478193157 1391.243652 162.604889
0 1478198164 1500.251709 178.016602
0 1524862339 620.946777 801.887817
0 1478236212 1307.414551 186.570770
0 1478240217 1336.978760 195.796127
0 1478214183 1477.931641 149.006439
0 1578521678 1138.725342 423.459106
0 1524844314 542.121460 660.554932
0 1524848320 751.573059 765.221924
0 1524806265 602.837646 712.017944
0 1524787243 475.186096 745.792603
0 1478241219 1344.346436 164.694946
0 1524799256 648.435608 682.681396
0 1478190154 1297.493896 166.782974
0 1478226198 1367.789429 163.650162
0 1478208176 1396.261719 133.943909
0 1478214184 1373.560181 216.156204
0 2084722944 1090.890869 330.293671
0 1578522679 1071.521362 392.394104
0 1524825289 384.943420 878.806274
0 1774531078 1107.544800 424.769012
0 1525674169 1041.448242 393.667908
0 1478197162 1457.305664 122.198029
0 1524815276 654.570740 656.076538
0 1768901071 978.350159 335.131287
0 1578526684 1066.980835 360.940918
0 1478182144 1485.173340 158.418808
0 1524853326 513.707703 636.471436
0 1478218189 1317.892578 207.470245
0 1578513667 1125.185425 358.456635
0 1438983618 1150.728760 342.302856
0 1478224196 1355.552734 184.435364
0 1478247227 1493.774780 138.813431
0 1524792248 781.983765 863.862122
0 1524795252 428.898956 877.151794
0 1524808267 669.358154 768.400757
0 1478191155 1315.840820 156.246277
0 1524856330 423.545166 777.905029
0 1478236211 1474.124023 211.728653
0 1478258242 1479.619995 121.195023
0 1478212181 1326.124878 175.488068
0 1478185147 1385.810913 193.635208
0 1568502645 1196.493286 403.771210
0 1568508652 1122.076172 343.530212
0 1438984619 1199.437988 311.498749
0 1659977623 1112.099365 366.732269
0 1478209177 1516.440674 167.025803
0 1438982617 1098.797119 375.144714
0 1524805264 747.173645 797.048401
0 1771287074 1232.386841 419.524323
0 2087111947 1034.588135 332.713867
0 1524817279 587.022461 633.532593
0 1524795251 524.556396 715.092163
0 1478230204 1397.406738 172.318573
0 1478230203 1464.004761 130.905182
0 1524847318 613.228516 835.358459
0 1578516671 1252.350342 384.734558
0 1568513659 1069.212891 376.402740
0 1578529687 1201.146484 420.836761
0 1524819282 571.802490 685.712646
0 1478253235 1349.874023 174.432083
0 1524836304 587.282104 771.574219
0 1478243221 1470.877930 139.838379
0 1568501644 1227.231567 310.299988
0 1438998637 1174.181641 439.848755
0 1524816278 795.986511 733.289368
0 1705773174 981.357544 396.213226
0 1524845316 398.442963 843.519775
0 1524842312 411.295013 809.925720
0 1568507651 1015.560242 446.483521
0 1438999638 1033.008301 318.676880
0 1478252233 1398.681763 215.050171
0 1438993630 979.065308 349.656311
0 1478237214 1328.612183 136.978439
0 1524857332 687.226074 904.123718
0 1478248228 1403.738281 182.297897
0 1478225197 1288.087280 148.020477
0 1524859335 505.344543 774.742249
0 1524832298 555.187744 742.674500
0 1478200166 1279.155640 130.205597
0 1478250231 1466.531982 200.909134
0 1478245225 1351.151611 135.967392
0 1438995633 982.174744 412.812714
0 1524804263 662.985962 800.276123
0 1524839308 546.296021 773.158875
0 1524849321 763.612549 678.125549
0 1568512658 1012.734131 411.523529
0 1568514661 1135.163330 406.358551
0 1478231205 1516.178833 198.717667
0 1773608077 1037.904663 362.181976
0 1438977615 1217.313477 370.105103
0 1524834301 699.409424 832.083801
0 1607644171 1203.691772 325.444855
0 1524800258 453.152924 808.320984
0 1568504647 1005.325012 319.870850
0 1568500642 1128.399292 373.885986
0 1478256239 1427.848755 181.228348
0 1524815277 792.732666 763.630493
0 1568503646 1257.900269 401.180634
0 1478220191 1373.701416 134.955902
0 1478207174 1468.792480 169.144455
0 1524841311 641.888184 905.813049
0 1478213182 1356.553711 144.955780
0 1524813274 710.448242 766.812012
0 1568516663 1060.707153 317.482208
0 1578517672 1004.224304 306.254944
0 1578527685 1231.932617 324.230927
0 1478240218 1434.691895 191.472137
0 1478215185 1310.898682 146.999390
0 1524838307 789.322266 795.432434
0 1478197163 1451.971191 180.158310
0 1478221192 1441.727417 202.004059
0 1524819281 464.427582 776.324280
0 2086284946 1101.613037 391.119476
0 1524824288 697.202515 629.115906
0 1524802260 778.028931 900.740295
0 1478226199 1414.709229 161.559113
0 1578518673 1113.328247 301.533997
0 1438981616 980.567688 380.172150
0 1478238215 1292.728882 157.278610
0 1609135173 1169.925903 422.148346
0 1524837305 737.707642 865.528625
0 1524793249 715.587646 736.422913
0 1568515662 1205.967896 438.519226
0 1568516664 1078.946899 443.832184
0 1438991628 1110.671143 442.505219
0 1478249230 1302.387451 176.543549
0 1438996634 1039.646606 377.659973
0 1578519675 1167.971924 299.169556
0 1524829295 561.005066 872.179504
0 1524864341 705.061646 798.662964
0 1478255238 1323.632324 128.206451
0 1438993631 1237.774780 437.188782
0 1524788244 755.770447 734.856812
0 1772785076 1031.477539 305.075684
0 1524828293 610.104004 684.197632
0 1478203171 1368.149536 126.205482
0 1524798255 485.463074 716.627380
0 1478199165 1385.242676 153.146454
0 1578528686 1131.723267 389.844055
0 1478192156 1402.251343 142.910233
0 1478228201 1483.621582 189.306931
0 1772037075 1045.243164 427.386353
0 1578515670 1191.999634 387.290894
0 1524851323 628.302795 769.988098
0 1478218188 1412.707275 124.202675
0 1478202169 1410.245361 192.553955
0 1478254236 1435.001343 123.200569
0 1478246226 1301.389038 129.206268
0 1524809269 570.195251 836.993652
0 1524822285 495.290100 688.739075
0 1524841310 804.908997 650.089111
0 1478235210 1486.606689 129.891342
0 1578515669 1222.676758 296.802460
0 1524854328 578.943909 803.498169
0 0 1622.542603 695.350037
0 1 778.773987 234.737259
0 2 1553.462158 188.381821
0 3 1186.222778 742.899475
0 4 1227.167603 200.969742
0 5 1587.215210 320.452606
0 6 834.845642 774.507324
0 7 843.080505 255.191299
0 8 797.318665 330.889404
0 9 1067.918823 79.079895
0 10 931.746704 199.805328
0 11 1477.011597 193.143265
0 12 623.291931 220.698883
0 13 1491.852539 239.401993
0 14 515.457214 347.227875
0 15 1352.508423 166.722900
0 16 1792.302612 634.945374
0 17 678.519653 173.095871
0 18 1800.323242 574.837585
0 19 1661.723877 229.403946
0 20 1004.309448 83.755547
0 21 1693.674561 635.636414
0 22 833.770996 77.004524
0 23 554.761108 396.494324
0 24 1519.015625 214.934891
0 25 1723.076904 341.359863
0 26 1851.599365 520.669189
0 27 1240.635498 81.302223
0 28 665.013123 234.923782
0 29 717.731140 620.039429
0 30 1055.585693 210.679764
0 31 1690.155518 446.486053
0 32 1601.316772 175.055695
0 33 1678.668457 567.106567
0 34 1451.971313 146.334518
0 35 1446.407715 167.346085
0 36 1702.667358 297.702301
0 37 1802.925781 349.429779
0 38 721.995117 126.263046
0 39 1537.354614 153.714172
