0 1578512666 914.867065 704.712280
0 1524823287 1272.137329 1074.866821
0 1478234209 1010.788086 538.136902
0 1707269176 1019.941406 657.077393
0 1438989626 992.435974 751.874146
0 1524801259 1079.462524 948.664490
0 1438992629 985.856812 719.555603
0 1478227200 933.698425 522.348511
0 1524854327 1135.589111 907.242188
0 1478249229 884.912903 514.696533
0 1524807266 893.199097 1013.272461
0 1524831297 947.327942 1046.181519
0 1478229202 922.206848 525.978882
0 1568509654 1001.408630 711.902222
0 1578523681 1105.458740 676.369080
0 1478207175 920.035217 511.444702
0 1524861337 1324.686890 1020.859985
0 1478210178 979.663025 515.473999
0 1524862338 941.093506 980.598938
0 1478186149 957.744690 522.535828
0 1578518674 1005.996460 663.399292
0 1438985621 1073.544800 676.402283
0 1524857331 1257.257935 1039.292725
0 1478203170 966.964294 511.839294
0 1438994632 913.498718 690.317932
0 1578520676 989.065613 735.317627
0 1478237213 954.823303 567.111450
0 1568511657 929.292358 683.342468
0 1775370079 898.307373 712.219482
0 1478195160 1046.117188 534.494629
0 1568510655 897.307068 697.469116
0 1478257240 953.036316 558.333435
0 1578521677 942.742310 663.417542
0 1524794250 1260.903564 989.985901
0 1524812272 1126.016235 947.884033
0 1769859072 962.108582 683.295532
0 1578525683 951.148438 719.677551
0 1770636073 957.479797 657.072693
0 1524833300 1106.853271 962.626465
0 1568511656 1124.357300 683.063599
0 1438985620 1045.759277 690.076233
0 1478185148 1032.416504 530.573181
0 1707993177 953.235596 633.028809
0 1478189152 940.805481 562.610779
0 1524791247 1166.347778 1077.440063
0 1524830296 1112.961304 1078.738647
0 2088218948 1027.372559 683.202271
0 1524827292 1238.704712 1057.357910
0 1606348170 1055.316040 669.830505
0 1524855329 1006.689148 935.849609
0 1478183145 942.384399 571.555603
0 1438990627 944.702454 676.536438
0 1524840309 1275.107422 1021.912842
0 1478222194 937.813416 545.660339
0 1709860179 830.098145 683.484314
0 1478188151 886.444153 537.276917
0 1438988624 1009.362366 676.469116
0 1478243222 848.849243 533.086060
0 1524844315 975.768372 1063.472778
0 1524811271 985.597778 950.238098
0 1478216186 965.031616 554.138489
0 1524851324 1277.773193 974.383240
0 1524814275 1072.406006 921.264709
0 1578514668 971.875305 650.875061
0 1478184146 939.282776 553.984497
0 1524829294 1134.488525 1059.781494
0 1478176143 886.990356 545.332153
0 1524860336 1046.745361 908.523315
0 1478222193 897.858765 525.794373
0 1438997636 1016.566528 704.442688
0 1478194158 913.457764 553.830078
0 1478201168 932.416504 515.086304
0 1478187150 1008.170227 530.394714
0 1478205172 944.984924 518.782898
0 1524838306 994.708557 1011.214111
0 1568514660 1016.461487 644.843323
0 1524865342 1084.196533 882.973999
0 2085418945 894.567444 657.068054
0 1524808268 1098.818604 934.379395
0 1478200167 959.474182 530.036255
0 1478194159 921.103149 518.591858
0 1568501643 988.766663 657.075073
0 1478239216 914.513611 562.466492
0 1524820283 1144.518066 933.650146
0 1438989625 940.866272 650.861755
0 1568505649 1023.574890 669.851501
0 1478255237 1035.445190 538.307434
0 1524804262 1065.780396 895.537598
0 1568506650 955.312683 644.795715
0 1478217187 1002.209351 550.181702
0 1568505648 926.080200 657.070374
0 1568497640 1051.004639 657.079712
0 1578511665 1033.564087 650.901611
0 1478258241 983.856262 530.215759
0 1524796253 1045.022949 1010.193787
0 1478206173 908.697021 514.891663
0 1524826291 1011.711304 964.300903
0 1578529688 879.026367 663.435974
0 1478233207 1005.639282 522.908936
0 1708834178 991.717407 669.872559
0 1478189153 898.585632 533.441223
0 1568499641 932.809998 712.113342
0 1478245224 1018.925415 526.711731
0 1524852325 989.999207 979.696045
0 1478219190 836.207092 536.929443
0 1578525682 912.191833 676.570312
0 1478232206 873.752747 533.263916
0 1524818280 1135.085693 977.017517
0 1524850322 944.101440 1012.240234
0 1438996635 1002.774353 650.888367
0 1524832299 1115.436401 992.801331
0 1478242220 981.724915 522.722656
0 1438999639 1024.477661 735.161072
0 1478196161 986.060852 537.965881
0 1478252234 990.704590 554.292053
0 1524803261 1225.239136 1022.971741
0 1478211179 861.159912 521.783447
0 1578523680 880.117920 690.378906
0 1578530689 1020.427429 719.434143
0 1568508653 1069.470459 711.692749
0 1524826290 919.819885 1029.457275
0 1524847319 1051.875977 1043.857788
0 1524810270 1162.392456 919.899109
0 1524835302 1086.993042 977.905334
0 1524799257 1095.047241 1009.179443
0 1478233208 924.529297 541.522400
0 1608354172 924.576599 644.771790
0 1524835303 1091.281250 907.881104
0 1478251232 1024.573730 542.191528
0 1524812273 1052.876099 935.112549
0 1706512175 972.750122 743.580750
0 1438986622 846.609314 690.440125
0 1478211180 946.487305 526.162842
0 1478223195 976.798096 550.023682
0 1478244223 948.040894 533.794373
0 1438987623 910.942383 663.426758
0 1478193157 923.348267 533.618042
0 1478198164 994.846313 526.529297
0 1524862339 1175.079468 1024.036865
0 1478236212 900.923523 558.034546
0 1478240217 927.018799 558.184204
0 1478214183 956.071777 515.280396
0 1578521678 1050.203979 704.353455
0 1524844314 967.478027 995.664917
0 1524848320 1200.959473 960.970276
0 1524806265 1066.396851 993.750488
0 1524787243 1028.998535 1062.234863
0 1478241219 899.337830 541.353882
0 1524799256 1059.412720 963.461426
0 1478190154 874.405945 549.386719
0 1478226198 911.455017 537.449890
0 1478208176 897.155884 518.400330
0 1478214184 967.018311 562.754578
0 2084722944 927.650635 669.914917
0 1578522679 982.798462 704.532166
0 1774531078 1035.506226 711.797302
0 1525674169 967.176819 712.007568
0 1478197162 919.001404 504.525909
0 1524815276 1032.656982 949.449219
0 1768901071 863.473572 697.544739
0 1578526684 946.752563 690.257202
0 1478182144 968.801514 518.973450
0 1524853326 917.593872 996.630432
0 1478218189 928.331970 566.972900
0 1578513667 977.092407 676.502747
0 1438983618 974.426758 663.408386
0 1478224196 925.752075 549.706116
0 1478247227 954.452576 508.258179
0 1524792248 1308.849854 989.058044
0 1524808267 1164.199097 991.857544
0 1478191155 874.073669 541.184998
0 1478236211 1013.497131 546.148926
0 1478258242 929.974487 501.251984
0 1478212181 900.116699 549.546631
0 1478185147 951.312439 549.865112
0 1568502645 1059.821533 683.155884
0 1568508652 959.742920 669.893677
0 1438984619 969.430969 638.867493
0 1659977623 978.470520 683.272217
0 1478209177 992.553284 519.163391
0 1438982617 979.880127 690.196594
0 1524805264 1230.473511 975.256470
0 1771287074 1092.149658 683.109619
0 2087111947 896.352295 683.389587
0 1524817279 963.746460 965.145020
0 1524795251 1022.826477 1027.270020
0 1478230204 936.394531 537.622375
0 1478230203 931.175903 508.057831
0 1524847318 1206.369751 1040.423950
0 1578516671 1068.793579 663.381104
0 1568513659 964.583923 697.318787
0 1578529687 1078.512329 690.016357
0 1524819282 1017.078186 994.704956
0 1478253235 912.438843 545.496460
0 1524836304 1124.625854 1025.108276
0 1478243221 943.531250 511.642273
0 1568501644 983.232056 633.072388
0 1438998637 1083.711304 704.264587
0 1524816278 1189.976807 932.924805
0 1705773174 934.697266 727.549866
0 1568507651 1008.672546 743.405090
0 1438999638 879.559814 676.604248
0 1478252233 978.976501 558.482178
0 1438993630 880.702209 704.802856
0 1478237214 861.259033 529.313354
0 1524857332 1307.845581 1038.168335
0 1478248228 949.648254 541.690430
0 1478225197 848.736450 541.015503
0 1524859335 1081.904175 1061.004395
0 1524832298 1073.875854 1026.185913
0 1478200166 823.874939 532.907776
0 1478250231 999.670166 542.024963
0 1478245225 873.442688 525.609436
0 1438995633 953.508789 735.474854
0 1524804263 1194.235352 1007.168030
0 1524839308 1103.681641 1042.706299
0 1524849321 1117.516357 920.580139
0 1568512658 969.895691 727.410461
0 1568514661 1031.345459 697.169617
0 1478231205 1021.701599 534.320312
0 1773608077 931.010315 697.393799
0 1438977615 1037.451782 663.390198
0 1524834301 1243.404175 1006.171021
0 1607644171 985.940796 644.819519
0 1568504647 863.287842 683.436829
0 1568500642 994.801697 683.248840
0 1478256239 961.263062 537.794373
0 1524815277 1218.376953 946.335632
0 1568503646 1086.941284 669.809631
0 1478220191 885.406311 521.972290
0 1478207174 970.700317 526.346313
0 1524841311 1290.342285 1056.156982
0 1478213182 885.916382 529.494873
0 1524813274 1182.911743 976.134583
0 1568516663 895.440063 669.936157
0 1578517672 846.805786 676.638367
0 1578527685 999.687317 638.901367
0 1478240218 974.695129 541.857910
0 1478215185 861.361572 537.103455
0 1524838307 1247.629395 960.148987
0 1478197163 972.663818 533.970154
0 1478221192 988.342224 545.986511
0 2086284946 998.028687 697.244080
0 1524824288 1027.059570 921.952942
0 1524802260 1340.903198 1004.194031
0 1478226199 935.023682 529.856323
0 1578518673 909.746643 650.848328
0 1438981616 916.301392 719.800049
0 1478238215 861.467773 545.167358
0 1609135173 1064.534790 697.095459
0 1524837305 1292.292603 1005.179688
0 1524793249 1154.034790 961.796143
0 1568515662 1097.597412 697.021545
0 1568516664 1039.868408 727.133179
0 1438991628 1054.860840 719.313110
0 1478249230 887.556152 553.675232
0 1438996634 948.898865 704.622009
0 1578519675 939.069092 638.833496
0 1524829295 1219.405396 1076.149414
0 1524864341 1212.687378 990.919128
0 1478255238 848.958374 525.423889
0 1438993631 1111.141968 689.956726
0 1524788244 1172.320435 947.107788
0 1772785076 863.110352 669.957520
0 1524828293 1038.631714 978.798218
0 1478203171 873.142822 518.208191
0 1524798255 999.759033 1045.016235
0 1478199165 910.504517 529.675842
0 1578528686 1012.882141 690.136292
0 1478192156 909.585693 522.160645
0 1478228201 997.217224 534.145447
0 1772037075 1004.952393 727.271545
0 1578515670 1041.512939 676.435669
0 1524851323 1144.783813 1008.170837
0 1478218188 896.475769 511.246643
0 1478202169 963.114380 545.823608
0 1478254236 907.836853 507.856934
0 1478246226 836.532104 529.131348
0 1524809269 1186.754395 1058.566040
0 1524822285 971.475464 1028.360474
0 1524841310 1109.534058 894.938721
0 1478235210 942.124023 504.729431
0 1578515669 967.086853 627.353210
0 1524854328 1155.178589 1041.561646
0 0 1025.506714 527.517029
0 1 973.518188 811.365601
0 2 1123.289673 523.912964
0 3 1311.710938 873.300110
0 4 886.156311 580.940613
0 5 426.139404 576.075256
0 6 1376.066284 809.889038
0 7 734.834229 677.666870
0 8 691.784790 658.954102
0 9 702.030701 841.901123
0 10 729.944153 636.268433
0 11 538.942017 730.852966
0 12 1448.479370 743.375732
0 13 469.981323 697.965576
0 14 1534.614502 702.677307
0 15 662.934998 629.097656
0 16 847.507935 486.232117
0 17 1237.244629 867.985962
0 18 780.832825 500.993042
0 19 1270.315552 571.019836
0 20 756.639221 880.269287
0 21 1232.564819 542.011780
0 22 975.411621 963.732117
0 23 1488.012817 718.383545
0 24 423.646118 606.058044
0 25 1463.294312 628.013794
0 26 1420.564087 610.794800
0 27 638.827942 812.714905
0 28 863.649292 535.577820
0 29 1348.872437 737.051941
0 30 827.753601 603.297668
0 31 726.216309 516.511719
0 32 830.400940 572.091980
0 33 1430.770874 643.717712
0 34 725.261841 614.464600
0 35 599.857300 779.260742
0 36 1436.752686 665.766968
0 37 971.242676 525.451111
0 38 1116.222900 987.238525
0 39 795.001343 587.851379
