0 1578512666 956.041138 569.469604
0 1524823287 1365.119751 484.256409
0 1478234209 486.625732 536.794739
0 1707269176 842.774841 532.612549
0 1438989626 1038.219482 541.193542
0 1524801259 1287.817383 518.748474
0 1438992629 979.169983 543.836182
0 1478227200 402.479279 575.857239
0 1524854327 1233.391724 504.970825
0 1478249229 351.172943 604.448059
0 1524807266 1388.462280 561.970825
0 1524863340 1413.162842 502.519531
0 1524831297 1405.411499 548.517090
0 1478229202 414.830078 581.633606
0 1568509654 962.611206 538.738831
0 1524790246 1405.529053 508.163330
0 1578523681 882.265320 504.260590
0 1478207175 348.645020 584.656311
0 1524861337 1312.184326 472.114746
0 1478210178 386.814667 552.421997
0 1524862338 1347.280029 551.227539
0 1478186149 410.494720 563.202454
0 1524797254 1421.617432 535.653076
0 1578518674 858.105774 537.601196
0 1438985621 883.991699 514.537109
0 1524857331 1339.222412 485.329315
0 1478203170 366.772644 559.157410
0 1438994632 924.948486 570.919250
0 1578520676 1008.761353 542.511902
0 1478237213 581.931274 561.614075
0 1568511657 908.123962 565.338440
0 1775370079 973.429443 575.127686
0 1478195160 480.608887 520.900818
0 1568510655 942.087524 576.604492
0 1478257240 550.375122 563.026306
0 1578521677 860.857056 561.263367
0 1524794250 1295.634644 482.261902
0 1524812272 1278.506592 508.313324
0 1769859072 905.752625 553.105591
0 1578525683 982.999084 555.685059
0 1770636073 844.876587 555.857666
0 1524846317 1424.919067 512.733459
0 1524833300 1296.835693 512.885559
0 1568511656 895.205750 498.698761
0 1438985620 914.633057 523.969543
0 1478185148 462.659332 526.933105
0 1707993177 783.435852 558.635193
0 1478189152 563.830688 568.562927
0 1524791247 1386.458496 503.668518
0 1524830296 1397.734131 513.926147
0 2088218948 901.287170 530.070374
0 1524827292 1357.262451 489.523376
0 1606348170 870.545776 520.433716
0 1524855329 1288.203125 535.815979
0 1478183145 595.645569 567.124756
0 1438990627 891.605469 559.859070
0 1524840309 1321.467529 481.201508
0 1478222194 499.748718 571.459900
0 1709860179 915.866150 605.276733
0 1478188151 453.319611 599.634949
0 1438988624 887.648560 536.305115
0 1478243222 424.350952 622.110046
0 1524843313 1439.755127 501.375366
0 1524844315 1413.604370 542.013855
0 1524858333 1401.834717 492.677643
0 1524811271 1307.548584 540.862671
0 1524859334 1383.330078 488.433319
0 1478216186 537.163330 557.589905
0 1524851324 1278.325806 478.182312
0 1524814275 1260.040039 519.967163
0 1578514668 829.182251 550.548706
0 1478184146 531.865417 570.008057
0 1524829294 1378.529175 509.336334
0 1478176143 487.031830 598.046509
0 1524860336 1250.508423 525.982422
0 1478222193 406.657654 595.085266
0 1438997636 946.340271 533.730103
0 1478194158 526.341797 582.955139
0 1478201168 369.746033 577.337036
0 1478187150 456.167755 538.092712
0 1478205172 390.356903 570.187683
0 1524838306 1364.838623 538.246216
0 1568514660 813.323547 533.892029
0 1524865342 1214.085449 516.480713
0 2085418945 847.156982 581.077576
0 1524808268 1269.370605 514.078796
0 1478200167 442.383301 561.789490
0 1478194159 381.817444 583.141357
0 1568501643 843.804749 544.002991
0 1478239216 558.999573 581.448242
0 1524820283 1260.479614 503.816437
0 1438989625 829.965088 562.674194
0 1568505649 872.095764 531.338623
0 1478255237 492.514221 525.684631
0 1524804262 1232.141968 521.191162
0 1568506650 814.227356 557.243225
0 1478217187 529.487244 540.541077
0 1568505648 845.993103 568.205383
0 1568497640 841.784485 521.659424
0 1578511665 827.707703 527.709656
0 1478258241 449.414429 549.702271
0 1524796253 1353.714111 527.074036
0 1478206173 360.659698 590.600281
0 1524826291 1316.705566 534.527466
0 1578529688 863.844421 586.954834
0 1478233207 425.573090 539.396545
0 1708834178 873.707458 542.678040
0 1478189153 440.243378 593.519287
0 1568499641 969.674744 562.498230
0 1478245224 444.318420 533.096863
0 1524852325 1336.257935 539.551514
0 1478219190 437.864227 628.795349
0 1578525682 893.708252 572.375916
0 1478232206 432.473114 607.498108
0 1524818280 1305.666138 507.144714
0 1524850322 1376.412109 549.869202
0 1438996635 828.430420 538.903137
0 1524832299 1324.183228 511.697449
0 1478242220 418.186188 551.059021
0 1524789245 1459.186035 505.832153
0 1438999639 1004.512451 531.177917
0 1478196161 480.500397 548.351746
0 1478252234 542.249084 545.669006
0 1524803261 1331.087524 490.617950
0 1478211179 376.271423 617.234436
0 1578523680 927.802429 583.908936
0 1578530689 975.490845 532.451172
0 1568508653 956.085449 516.788391
0 1524826290 1397.032959 555.167786
0 1524847319 1381.640747 525.824219
0 1524810270 1242.747559 499.393127
0 1524835302 1315.474609 517.535095
0 1524821284 1420.640625 496.991089
0 1524799257 1343.012695 516.326904
0 1478233208 480.380676 578.639893
0 1608354172 814.707520 569.648987
0 1524835303 1241.787476 515.277161
0 1478251232 504.625458 530.551147
0 1524812273 1278.605103 524.737488
0 1706512175 1025.841309 547.676697
0 1438986622 930.780884 597.465088
0 1478211180 422.662415 568.741882
0 1524823286 1394.225342 498.116791
0 1478223195 524.188721 552.251160
0 1478244223 454.815918 567.302917
0 1438987623 862.319397 573.839478
0 1478193157 447.684143 580.133179
0 1478198164 437.388184 544.503784
0 1524862339 1341.063110 500.382324
0 1478236212 540.018677 588.867188
0 1478240217 545.305908 575.674744
0 1478214183 378.456726 564.622009
0 1578521678 943.355469 522.733704
0 1524844314 1356.157104 544.664612
0 1524848320 1278.413696 492.820587
0 1524806265 1334.431396 522.263916
0 1524787243 1401.456177 530.696106
0 1478241219 473.664673 591.960999
0 1524799256 1306.579224 523.497986
0 1478190154 500.660187 604.250854
0 1478226198 460.551147 585.990967
0 1478208176 372.906219 596.658997
0 1478214184 568.464844 556.203003
0 2084722944 877.131531 566.768494
0 1578522679 949.444458 545.166504
0 1524825289 1451.987793 511.545868
0 1774531078 959.284973 527.550659
0 1525674169 966.071655 550.378723
0 1478197162 315.311707 586.178711
0 1524815276 1297.490845 529.590210
0 1768901071 945.338013 589.840759
0 1578526684 922.211304 558.461304
0 1478182144 398.547424 557.763428
0 1524853326 1367.684937 556.550598
0 1478218189 577.536743 574.202759
0 1578513667 889.587280 547.845337
0 1438983618 859.453674 549.193970
0 1478224196 512.920898 577.153809
0 1478247227 346.268341 566.048218
0 1524792248 1286.786133 473.138489
0 1524795252 1432.414307 506.995270
0 1524808267 1314.314575 501.522247
0 1478191155 466.651917 605.870483
0 1524856330 1429.457031 529.430298
0 1478236211 516.947937 535.502563
0 1478258242 303.807526 580.317932
0 1478212181 506.922668 590.410339
0 1478185147 518.671265 564.445129
0 1568502645 899.182556 519.213379
0 1568508652 875.384705 554.478455
0 1438984619 798.771973 551.909668
0 1659977623 904.602661 547.173340
0 1478209177 406.409912 545.836609
0 1438982617 919.583862 546.502869
0 1524805264 1287.110596 487.488251
0 1771287074 897.156860 508.763641
0 2087111947 910.595642 578.088440
0 1524817279 1327.237793 545.999023
0 1524795251 1373.331177 531.967590
0 1478230204 467.479553 572.918762
0 1478230203 336.855774 578.823853
0 1524847318 1349.245117 494.897583
0 1578516671 855.563477 515.737183
0 1568513659 935.981262 551.739014
0 1578529687 912.298096 513.342224
0 1524819282 1345.081177 533.244690
0 1478253235 493.526062 584.469421
0 1524836304 1351.414185 510.514343
0 1478243221 357.898346 571.640320
0 1568501644 783.591492 546.670959
0 1438998637 940.483337 512.152466
0 1524816278 1251.913208 493.928772
0 1705773174 1000.235046 561.088074
0 1524845316 1444.636963 517.380859
0 1524842312 1437.128296 523.340942
0 1568507651 1021.218811 536.141968
0 1438999638 895.900940 585.428223
0 1478252233 555.239563 550.888794
0 1438993630 959.550110 582.397034
0 1478237214 411.106323 615.557556
0 1524857332 1329.553467 476.098663
0 1478248228 486.818512 565.870667
0 1478225197 459.322479 620.408203
0 1524859335 1389.773193 519.811768
0 1524832298 1362.162476 521.035156
0 1478200166 415.852570 637.398865
0 1478250231 498.925903 541.856018
0 1478245225 398.122345 609.134033
0 1438995633 1013.182983 554.306519
0 1524804263 1322.786621 496.014465
0 1524839308 1370.432251 515.123962
0 1524849321 1251.231323 509.486877
0 1568512658 996.024658 549.024658
0 1568514661 930.349976 528.807739
0 1478231205 474.538696 531.821167
0 1773608077 938.971375 563.915039
0 1438977615 856.809998 526.457520
0 1524834301 1313.219604 486.406555
0 1607644171 813.766357 545.333923
0 1524800258 1417.264526 518.593628
0 1568504647 913.173950 591.389038
0 1568500642 903.475525 541.359070
0 1478256239 474.123596 560.383118
0 1524815277 1260.894531 488.574371
0 1568503646 869.054077 509.938843
0 1478220191 385.391418 602.835754
0 1478207174 430.175415 556.375793
0 1524841311 1347.196289 480.145386
0 1478213182 419.439911 601.231384
0 1524813274 1296.217896 497.136017
0 1568516663 878.952454 579.579407
0 1578517672 898.189514 599.051086
0 1578527685 798.621643 540.210938
0 1478240218 492.995056 553.619629
0 1478215185 445.764709 613.889160
0 1524838307 1269.696899 483.326599
0 1478197163 461.657654 554.994507
0 1478221192 511.444977 547.007324
0 1524819281 1409.445312 524.579834
0 2086284946 933.109741 540.046021
0 1524824288 1269.192749 530.856628
0 1524802260 1295.082764 468.192230
0 1478226199 435.056793 574.384521
0 1578518673 830.780884 575.309937
0 1438981616 986.987366 568.026672
0 1478238215 480.247925 612.229248
0 1609135173 927.695435 517.998291
0 1524837305 1303.990967 477.138397
0 1524793249 1287.453735 502.666931
0 1568515662 925.140320 507.593475
0 1568516664 988.092957 526.299072
0 1438991628 971.953003 521.503296
0 1478249230 520.577759 596.465820
0 1438996634 952.675476 557.069946
0 1578519675 798.928528 564.091675
0 1524829295 1375.594360 493.785339
0 1524864341 1304.804932 491.716980
0 1478255238 389.199585 623.820618
0 1438993631 910.049866 503.109497
0 1524788244 1269.538574 498.262207
0 1772785076 880.852173 592.944946
0 1524828293 1325.664307 528.329346
0 1478203171 363.598389 610.778198
0 1524798255 1393.291626 536.946777
0 1478199165 427.415863 587.519958
0 1578528686 917.059814 535.014709
0 1478192156 394.119110 589.056335
0 1478228201 468.226562 543.176880
0 1772037075 991.980530 537.437500
0 1578515670 885.784851 525.210754
0 1524851323 1332.710815 505.981079
0 1478218188 338.987915 598.240479
0 1478202169 505.716583 558.983276
0 1478254236 327.036346 592.151794
0 1478246226 402.390564 630.540771
0 1524809269 1367.699829 499.247223
0 1524822285 1384.945679 543.336182
0 1524841310 1223.839722 510.665436
0 1478235210 325.285675 573.099854
0 1578515669 768.221924 553.276855
0 1524854328 1359.641357 504.822357
0 0 109.006363 383.892029
0 1 80.717865 399.126099
0 2 399.832062 352.187347
0 3 231.497604 360.613129
0 4 65.677513 430.674255
0 5 1156.845581 302.412323
0 6 1188.417358 677.337708
0 7 1076.880859 740.376038
0 8 1005.359009 365.187958
0 9 823.310425 357.657898
0 10 1153.806641 746.969299
0 11 250.227692 367.155212
0 12 1346.855103 431.939728
0 13 1157.110352 699.909607
0 14 1208.696289 725.205078
0 16 419.424896 361.503662
0 17 1243.552734 694.812500
0 19 315.404633 362.373779
0 20 525.068604 353.221558
0 21 1368.932861 453.759979
0 23 947.162781 458.470642
0 24 281.284363 569.554565
0 25 866.499695 436.966461
0 26 892.855042 623.916138
0 27 1056.446411 521.245300
0 28 1009.095947 459.396301
0 29 1074.295898 496.546204
0 30 293.661591 536.136108
0 31 912.467468 442.830597
0 33 957.468628 617.672363
0 35 181.671570 546.923401
0 36 1132.811279 332.836426
0 37 221.385239 560.199097
0 38 1232.051392 603.042664
0 40 202.011154 523.461670
0 44 1331.101807 489.684631
0 53 1361.709961 534.443237
0 59 401.641418 912.811035
0 73 846.695007 344.088806
0 77 457.737518 447.616608
0 81 276.509949 497.029327
0 84 1647.999512 435.911560
0 85 1636.880371 449.632538
0 100 832.122803 1040.194092
0 103 1815.197266 474.652252
0 104 5.508426 618.239868
0 107 1679.813354 498.066650
0 108 97.858788 493.824860
0 109 428.895264 405.796570
0 110 598.431091 364.699646
