0 1578512666 1007.260681 508.734436
0 1478234209 1481.116089 333.699829
0 1707269176 1211.761230 495.050873
0 1438989626 984.467468 595.526245
0 1524801259 683.983704 847.778198
0 1438992629 1043.422974 555.566956
0 1478227200 1418.739258 287.266876
0 1524854327 803.032043 840.069275
0 1478249229 1376.561768 262.990845
0 1524807266 468.054626 806.750000
0 1524863340 459.498383 1064.964233
0 1524831297 446.463867 863.158569
0 1478229202 1395.917480 288.823853
0 1568509654 1074.267090 553.513367
0 1524790246 472.028198 1025.712036
0 1578523681 1266.274170 558.434875
0 1478207175 1427.249023 268.333313
0 1478210178 1495.357422 291.607819
0 1524862338 543.491699 801.836914
0 1478186149 1449.031128 294.765381
0 1524797254 422.670807 925.320862
0 1578518674 1182.512085 497.007996
0 1438985621 1228.681641 543.232727
0 1524857331 644.891479 1053.215088
0 1478203170 1487.247070 282.592957
0 1438994632 1034.276001 491.660706
0 1578520676 1014.505249 575.166992
0 1478237213 1340.367798 354.301605
0 1568511657 1062.954956 489.738770
0 1775370079 978.092651 510.686127
0 1478195160 1539.606689 340.791931
0 1568510655 1005.608276 493.581909
0 1478257240 1358.481567 342.024414
0 1578521677 1116.771484 471.383545
0 1524794250 742.614075 1008.492981
0 1524812272 718.927673 875.129639
0 1769859072 1094.834229 502.874695
0 1578525683 1010.748962 540.721619
0 1770636073 1144.988159 469.489746
0 1524846317 427.027222 1028.575684
0 1524833300 678.279785 877.753601
0 1568511656 1273.206543 576.373047
0 1438985620 1166.877075 547.347595
0 1478185148 1530.226929 330.366119
0 1707993177 1191.833862 438.306854
0 1478189152 1333.979004 343.687683
0 1524791247 517.056702 1022.846558
0 1524830296 483.884186 988.570496
0 2088218948 1162.175049 530.622437
0 1524827292 598.499390 1056.155151
0 1606348170 1222.832397 526.576965
0 1524855329 656.792725 794.457703
0 1478183145 1315.500732 355.987762
0 1438990627 1091.645020 487.816071
0 1524840309 691.312927 1050.273071
0 1478222194 1369.343628 320.147186
0 1709860179 973.756958 452.984680
0 1478188151 1327.494385 293.491974
0 1438988624 1157.643799 514.505554
0 1478243222 1294.098877 277.433868
0 1524844315 434.863159 893.466797
0 1524811271 619.006287 796.918762
0 1478216186 1382.992188 340.360596
0 1524851324 787.808716 1005.616943
0 1524814275 728.138611 816.710327
0 1578514668 1173.215576 467.595245
0 1478184146 1351.918945 331.745972
0 1524829294 527.705200 985.771057
0 1478176143 1310.225952 304.226288
0 1524860336 732.423828 789.531982
0 1478222193 1366.787842 281.512939
0 1438997636 1105.124146 551.458984
0 1478194158 1321.757690 323.384186
0 1478201168 1434.310181 276.902039
0 1478187150 1496.928101 321.892029
0 1478205172 1441.568237 285.709351
0 1524838306 525.551880 858.037292
0 1568514660 1235.262939 478.191437
0 1524865342 808.132812 784.601196
0 2085418945 1082.714722 445.651184
0 1524808268 723.645142 845.209900
0 1478200167 1433.222656 305.679993
0 1478194159 1411.795898 278.439484
0 1568501643 1177.782227 482.043518
0 1478239216 1303.645752 335.026337
0 1524820283 759.598083 872.504272
0 1438989625 1141.055664 455.501923
0 1568505649 1187.414062 512.516785
0 1478255237 1514.672363 342.482635
0 1524804262 770.268555 787.067200
0 1568506650 1168.803589 453.636902
0 1478217187 1439.920166 347.551331
0 1568505648 1113.317871 457.366211
0 1568497640 1246.990234 508.536774
0 1578511665 1241.021851 493.092957
0 1478258241 1464.607422 313.666931
0 1524796253 556.470703 885.616699
0 1478206173 1405.040527 269.851196
0 1524826291 612.035034 824.250793
0 1578529688 1055.460205 447.485565
0 1478233207 1512.285400 310.423645
0 1708834178 1153.274536 498.964325
0 1478189153 1350.295044 291.936401
0 1568499641 1008.973145 524.437439
0 1478245224 1521.123901 320.247833
0 1524852325 573.374512 826.761597
0 1478219190 1271.930420 278.949036
0 1578525682 1060.370605 475.168945
0 1478232206 1321.807129 284.584534
0 1524818280 672.284424 909.260376
0 1524850322 496.114532 831.779297
0 1438996635 1206.516968 480.117859
0 1524832299 630.623230 911.940918
0 1478242220 1480.200195 302.481140
0 1438999639 1048.534058 591.276428
0 1478196161 1448.560059 325.178802
0 1478252234 1415.019531 349.239746
0 1524803261 652.308105 1014.239685
0 1478211179 1332.772949 265.986328
0 1578523680 1004.012817 478.951385
0 1578530689 1077.366943 570.989319
0 1568508653 1144.738525 584.894836
0 1524826290 457.514954 834.286194
0 1524847319 505.781128 919.973389
0 1524810270 800.291016 869.877380
0 1524835302 637.654297 880.376038
0 1524799257 588.985657 914.619934
0 1478233208 1362.812378 310.474426
0 1608354172 1137.254150 441.980377
0 1524835303 766.880615 814.194153
0 1478251232 1489.746582 344.172760
0 1524812273 689.417114 819.225098
0 1706512175 983.094543 577.254456
0 1438986622 974.785767 466.677307
0 1478211180 1425.878784 296.343475
0 1524823286 505.802887 1062.029663
0 1478223195 1407.510864 338.696259
0 1478244223 1409.745117 307.278625
0 1438987623 1085.590698 459.229828
0 1478193157 1379.595947 299.498077
0 1478198164 1488.442627 312.045563
0 1524862339 615.425781 980.167114
0 1478236212 1297.976318 325.001923
0 1478240217 1327.778320 333.386414
0 1478214183 1464.404053 284.151428
0 1578521678 1140.282227 566.808105
0 1524844314 534.734375 829.271118
0 1524848320 751.551514 936.931885
0 1524806265 597.051331 882.997131
0 1524787243 464.214233 922.647888
0 1478241219 1333.342041 302.650696
0 1524799256 644.343750 850.345032
0 1478190154 1287.117065 305.801361
0 1478226198 1356.465332 301.074615
0 1478208176 1382.838989 271.368652
0 1478214184 1365.243408 352.614868
0 2084722944 1088.565674 473.276611
0 1578522679 1071.281982 536.684448
0 1524825289 366.977020 1070.827637
0 1774531078 1108.817993 568.899109
0 1525674169 1041.009277 538.703430
0 1478197162 1442.293457 258.494263
0 1524815276 650.715881 821.738586
0 1768901071 975.850098 480.841583
0 1578526684 1065.631592 504.828705
0 1478182144 1472.190674 293.186859
0 1524853326 505.763519 804.294128
0 1478218189 1309.484619 345.350372
0 1578513667 1124.048706 500.919891
0 1438983618 1149.058716 483.968475
0 1478224196 1345.546875 321.765961
0 1478247227 1479.359497 273.825745
0 1524792248 784.243835 1044.383667
0 1524795252 413.223145 1067.896851
0 1524808267 665.974731 942.418884
0 1478191155 1304.700684 295.047028
0 1524856330 409.840393 958.841919
0 1478236211 1464.829224 345.862305
0 1478258242 1464.217041 256.994537
0 1478212181 1315.909302 313.668182
0 1478185147 1376.067383 330.104980
0 1568502645 1197.772827 545.290649
0 1568508652 1120.346313 485.892639
0 1438984619 1196.562256 451.771179
0 1659977623 1111.209473 509.622131
0 1478209177 1503.700195 300.880951
0 1438982617 1098.139526 518.480713
0 1524805264 747.203186 971.748657
0 1771287074 1234.755981 560.529541
0 2087111947 1032.186401 477.060547
0 1524817279 581.239319 799.378479
0 1524795251 515.912476 888.234863
0 1478230204 1386.275024 308.876801
0 1478230203 1449.463989 266.814941
0 1524847318 607.196594 1017.110413
0 1578516671 1253.180054 524.552979
0 1568513659 1068.405396 520.467102
0 1578529687 1203.251221 562.623230
0 1524819282 565.127869 855.474609
0 1478253235 1339.357056 312.071564
0 1524836304 580.497375 947.899597
0 1478243221 1456.831543 275.364136
0 1568501644 1224.331177 449.904785
0 1438998637 1176.834473 582.765808
0 1524816278 797.409729 901.209656
0 1705773174 980.501038 542.738953
0 1524845316 382.053894 1031.437622
0 1524842312 396.320435 994.164429
0 1568507651 1016.493774 593.401794
0 1438999638 1030.167358 462.954956
0 1478252233 1390.127197 350.927612
0 1438993630 976.951660 495.502350
0 1478237214 1316.273804 275.918274
0 1478248228 1393.147949 318.527924
0 1478225197 1276.853882 287.654266
0 1524859335 495.119354 953.373901
0 1524832298 547.371582 917.297485
0 1478200166 1267.138428 270.476257
0 1478250231 1456.572876 335.365845
0 1478245225 1338.455566 274.402191
0 1438995633 981.773315 559.671448
0 1524804263 659.325317 977.362610
0 1524839308 537.795898 950.637573
0 1524849321 763.327881 842.640259
0 1568512658 1012.591675 557.619629
0 1568514661 1135.994141 549.403748
0 1478231205 1505.667358 332.033264
0 1773608077 1036.440308 506.781952
0 1438977615 1217.196167 510.527161
0 1524834301 697.447266 1011.367188
0 1607644171 1201.453735 465.700043
0 1524800258 440.089233 991.368347
0 1568504647 1002.471436 464.816467
0 1568500642 1127.885742 516.493530
0 1478256239 1416.960205 316.908112
0 1524815277 794.377319 934.185913
0 1568503646 1259.603516 541.174011
0 1478220191 1360.643921 272.885651
0 1478207174 1456.707642 304.080841
0 1478213182 1344.294067 283.048981
0 1524813274 708.750671 939.676147
0 1568516663 1057.873779 461.092743
0 1578517672 1000.981323 451.152313
0 1578527685 1229.702759 463.804077
0 1478240218 1424.387817 326.821411
0 1478215185 1299.327026 286.119659
0 1524838307 791.181519 968.939148
0 1478197163 1440.779907 315.287781
0 1478221192 1432.037720 337.031342
0 1524819281 452.467499 956.108704
0 2086284946 1101.567139 534.664612
0 1524824288 694.598511 791.995483
0 1478226199 1402.733643 297.921021
0 1578518673 1109.979370 443.816132
0 1438981616 979.274963 526.421448
0 1478238215 1281.914062 296.601624
0 1609135173 1171.760132 564.716064
0 1524837305 737.763672 1047.329346
0 1524793249 713.969177 906.578308
0 1568515662 1208.944580 580.635864
0 1568516664 1080.588257 589.150146
0 1438991628 1112.656372 587.022949
0 1478249230 1292.469116 315.264313
0 1438996634 1038.683228 522.452698
0 1578519675 1164.538818 440.143951
0 1524829295 552.136536 1059.093262
0 1524864341 703.251099 974.556458
0 1478255238 1310.888306 267.483429
0 1438993631 1241.068604 578.504883
0 1524788244 755.677612 903.894714
0 1772785076 1028.215698 449.319275
0 1524828293 604.725159 852.910461
0 1478203171 1354.664062 264.488831
0 1524798255 475.376617 890.851624
0 1478199165 1373.102783 290.380371
0 1578528686 1131.864868 532.643921
0 1478192156 1389.288452 279.976440
0 1478228201 1472.740112 323.535736
0 1772037075 1045.929443 573.078613
0 1578515670 1192.497437 528.600098
0 1524851323 623.223694 945.160034
0 1478218188 1398.465820 261.492432
0 1478202169 1400.223633 328.463470
0 1478254236 1420.376343 259.993561
0 1478246226 1289.010254 268.980072
0 1524809269 562.112854 1019.979370
0 1524822285 485.997223 860.598633
0 1524841310 805.642944 811.676697
0 1478235210 1471.685669 265.296143
0 1578515669 1219.138794 436.469086
0 1524854328 571.552368 982.969910
0 0 973.755798 228.840591
0 1 996.424622 331.877747
0 2 1717.072388 507.204407
0 3 1293.223145 216.161011
0 4 1613.831543 372.455841
0 5 689.076172 309.354340
0 6 738.373657 903.180481
0 7 1144.273315 335.506256
0 8 1075.758789 351.766846
0 9 1241.118164 873.960205
0 10 1294.105225 340.343933
0 11 1357.239258 264.439758
0 12 1666.862915 620.467834
0 13 986.458069 285.991638
0 14 1684.425781 562.443970
0 15 1798.503784 510.416901
0 16 463.328949 590.589050
0 17 1871.740234 845.530762
0 18 536.642212 573.849731
0 19 1758.200806 699.051453
0 20 1586.730713 533.588440
0 21 738.402649 680.214600
0 22 1568.967041 441.250275
0 23 1480.218262 381.620056
0 24 582.573242 491.543152
0 25 1293.168335 724.342468
0 26 1444.782715 744.797363
0 27 547.521301 533.489929
0 28 883.512512 865.487671
0 29 749.224426 552.331848
0 30 1683.063232 463.008575
0 31 912.386230 227.346817
0 32 1482.150391 818.619568
0 33 793.395752 750.036865
0 34 1914.560059 763.035461
0 35 742.280823 229.052811
0 36 1668.980347 726.820435
0 37 1351.377930 818.704956
0 38 1108.281494 876.647217
0 39 1800.553955 778.086182
