0 1578512666 957.233215 563.780701
0 1524823287 1334.541138 901.345825
0 1478234209 1039.388306 392.533752
0 1707269176 1057.902954 511.031311
0 1438989626 1037.956055 605.912537
0 1524801259 1138.296875 791.456970
0 1438992629 1028.884399 574.570129
0 1478227200 960.571960 380.953918
0 1524854327 1190.515381 749.010864
0 1478249229 910.885376 375.987518
0 1524807266 961.672119 861.909119
0 1524863340 1245.805420 944.453003
0 1524831297 1016.816711 890.203003
0 1478229202 949.335266 385.269745
0 1568509654 1043.724243 566.209229
0 1524790246 1212.305664 928.309631
0 1578523681 1144.691162 525.499573
0 1478207175 945.900024 370.707794
0 1524861337 1382.942993 847.833801
0 1478210178 1006.235168 371.397583
0 1524862338 1005.589111 828.693909
0 1478186149 984.764648 379.781189
0 1524797254 1075.563477 920.345032
0 1578518674 1044.488525 518.060242
0 1438985621 1112.842773 527.267334
0 1524857331 1317.990601 868.580750
0 1478203170 993.150879 368.440918
0 1438994632 954.659180 549.678711
0 1578520676 1033.313721 589.873474
0 1478237213 985.547363 424.840942
0 1568511657 969.759888 541.945618
0 1775370079 941.452759 572.049377
0 1478195160 1074.660522 386.859619
0 1568510655 939.199341 557.595703
0 1478257240 983.024048 416.123016
0 1578521677 981.477783 521.520203
0 1524794250 1318.712402 821.709045
0 1524812272 1183.847778 788.374512
0 1769859072 1002.378723 540.125122
0 1578525683 994.459167 576.547791
0 1770636073 995.630615 514.432861
0 1524846317 1192.174194 948.477905
0 1524833300 1166.079224 803.380981
0 1568511656 1164.032715 531.103210
0 1438985620 1086.164185 542.298218
0 1478185148 1060.559570 383.673248
0 1707993177 989.421631 490.793518
0 1478189152 971.118042 421.105865
0 1524791247 1231.688843 908.891357
0 1524830296 1179.895020 912.691040
0 2088218948 1067.327026 536.500366
0 1524827292 1300.930176 886.512634
0 1606348170 1094.168457 521.748596
0 1524855329 1066.143066 782.895996
0 1478183145 973.453003 429.995728
0 1438990627 984.513794 534.390076
0 1524840309 1334.451660 851.278992
0 1478222194 966.685303 404.229248
0 1709860179 871.319580 547.439575
0 1478188151 914.423096 398.678894
0 1438988624 1048.866089 530.818237
0 1478243222 876.353333 396.575623
0 1524843313 1260.978516 982.675354
0 1524844315 1045.718018 905.031799
0 1524858333 1299.173218 940.447937
0 1524811271 1046.621338 797.660583
0 1524859334 1317.190552 920.528259
0 1478216186 994.711304 411.231750
0 1524851324 1334.370605 806.022461
0 1524814275 1129.442017 765.650208
0 1578514668 1009.472229 507.501312
0 1478184146 968.863586 412.522247
0 1524829294 1199.561646 893.868347
0 1478176143 915.682434 406.756134
0 1524860336 1103.353149 754.753418
0 1478222193 924.866089 386.460022
0 1438997636 1058.209351 558.048218
0 1478194158 942.954895 413.815735
0 1478201168 958.663513 373.687592
0 1478187150 1036.137451 384.865509
0 1478205172 971.617004 376.711731
0 1524838306 1060.144287 854.983826
0 1568514660 1053.478149 499.073334
0 1524865342 1138.304565 728.319092
0 2085418945 933.003296 517.853821
0 1524808268 1156.263184 776.852905
0 1478200167 987.129395 387.257965
0 1478194159 947.590149 377.872314
0 1568501643 1026.810913 512.729675
0 1478239216 944.757507 422.432343
0 1524820283 1201.045776 773.849976
0 1438989625 978.566772 509.180817
0 1568505649 1062.515137 523.496033
0 1478255237 1064.211670 391.313080
0 1524804262 1121.098145 741.332581
0 1568506650 992.462891 502.372253
0 1478217187 1031.724854 405.159424
0 1568505648 964.361450 516.140930
0 1568497640 1088.906982 509.337738
0 1578511665 1071.023193 504.156494
0 1478258241 1011.660706 386.060394
0 1524796253 1109.050659 851.544373
0 1478206173 934.800354 374.836273
0 1524826291 1073.189819 809.725586
0 1578529688 918.103821 525.000183
0 1478233207 1032.990845 377.443542
0 1708834178 1030.770142 525.248474
0 1478189153 926.266113 394.130188
0 1568499641 975.649109 570.096619
0 1478245224 1046.671387 380.534943
0 1524852325 1053.168335 825.413025
0 1478219190 864.037354 401.156586
0 1578525682 952.195862 536.183838
0 1478232206 901.338013 395.351532
0 1524818280 1194.677246 815.655151
0 1524850322 1011.018555 858.438721
0 1438996635 1040.290894 505.826569
0 1524832299 1176.524536 831.609741
0 1478242220 1008.904297 378.611084
0 1524789245 1240.712769 1005.080627
0 1438999639 1068.428589 587.831299
0 1478196161 1014.508667 393.757233
0 1478252234 1020.498291 409.944336
0 1524803261 1285.741943 854.739746
0 1478211179 887.673401 384.487488
0 1578523680 921.535583 551.537720
0 1578530689 1063.201904 572.598694
0 1568508653 1111.379517 562.345764
0 1524826290 988.815063 875.835754
0 1524847319 1118.134521 882.929016
0 1524810270 1217.700073 759.784546
0 1524835302 1147.711182 818.893799
0 1524821284 1280.450073 961.148010
0 1524799257 1157.739258 848.120178
0 1478233208 953.001343 400.810211
0 1608354172 961.827637 504.028656
0 1524835303 1147.021240 751.876404
0 1478251232 1053.576172 395.846069
0 1524812273 1111.296021 779.868286
0 1706512175 1017.800232 598.839844
0 1438986622 888.312195 553.402344
0 1478211180 973.750183 384.082092
0 1524823286 1264.874878 924.409607
0 1478223195 1006.185608 406.429565
0 1478244223 975.953857 391.695740
0 1438987623 949.836365 523.257690
0 1478193157 951.138062 392.911591
0 1478198164 1022.418152 381.714691
0 1524862339 1236.812500 858.216125
0 1478236212 930.758728 418.742645
0 1478240217 956.922424 417.431305
0 1478214183 982.475037 372.541321
0 1578521678 1091.662476 556.149048
0 1524844314 1032.456665 841.641296
0 1524848320 1258.183838 797.089966
0 1524806265 1128.712524 834.938904
0 1524787243 1097.240234 901.293152
0 1478241219 927.713318 402.058380
0 1524799256 1119.733154 806.546509
0 1478190154 903.431396 411.539856
0 1478226198 939.529968 397.444244
0 1478208176 923.510803 379.035431
0 1478214184 997.415527 419.782562
0 2084722944 967.003235 528.768738
0 1578522679 1024.653687 559.953186
0 1524825289 1205.374512 986.949036
0 1774531078 1077.604126 564.274475
0 1525674169 1009.739441 568.149841
0 1478197162 944.262207 363.765320
0 1524815276 1092.555176 794.552307
0 1768901071 905.657776 559.488953
0 1578526684 987.683350 547.825317
0 1478182144 995.591492 375.553650
0 1524853326 984.009949 845.014648
0 1478218189 958.986938 426.182861
0 1578513667 1016.737183 532.601562
0 1438983618 1013.028381 519.787720
0 1478224196 954.928467 408.978729
0 1478247227 980.256714 365.527222
0 1524792248 1365.697021 818.437500
0 1524795252 1225.987061 965.283752
0 1524808267 1224.127563 828.295105
0 1478191155 902.367065 403.309418
0 1524856330 1106.399902 936.166748
0 1478236211 1042.749023 400.460754
0 1478258242 955.022461 359.825043
0 1478212181 929.209961 410.257782
0 1478185147 980.586914 407.702667
0 1568502645 1099.657349 534.695984
0 1568508652 998.932922 527.006042
0 1438984619 1006.059509 495.710388
0 1659977623 1018.651855 539.216919
0 1478209177 1019.513611 374.398102
0 1438982617 1020.608582 545.977417
0 1524805264 1288.005737 809.219604
0 1771287074 1131.892578 532.896973
0 2087111947 937.044006 543.771484
0 1524817279 1026.447876 812.918152
0 1524795251 1088.690063 868.739868
0 1478230204 964.579712 396.212433
0 1478230203 956.814575 366.648102
0 1524847318 1268.370117 872.143188
0 1578516671 1107.139160 514.619995
0 1568513659 1005.977417 553.826538
0 1578529687 1118.795288 540.466919
0 1524819282 1080.690430 838.282715
0 1478253235 941.213379 405.491241
0 1524836304 1187.661621 861.708130
0 1478243221 969.550781 369.573120
0 1568501644 1019.366455 489.190460
0 1438998637 1125.013672 554.255737
0 1524816278 1245.644897 770.859375
0 1705773174 978.799194 585.154297
0 1524845316 1171.249878 969.440308
0 1524842312 1138.277588 952.522644
0 1568507651 1053.385376 596.757324
0 1438999638 919.782715 537.982910
0 1478252233 1009.063782 414.817871
0 1438993630 923.367432 565.703247
0 1478237214 888.453125 392.075134
0 1524857332 1367.384766 865.034607
0 1478248228 978.231445 399.564911
0 1478225197 876.962463 404.563324
0 1524859335 1148.520874 897.572021
0 1524832298 1138.288086 865.216003
0 1478200166 851.312134 397.802551
0 1478250231 1028.518799 397.082855
0 1478245225 900.342407 387.652924
0 1438995633 998.086182 591.922119
0 1524804263 1254.468750 841.317383
0 1524839308 1168.443726 879.317200
0 1524849321 1173.660522 762.711426
0 1568512658 1013.676208 583.138550
0 1568514661 1072.351929 550.080200
0 1478231205 1050.066895 388.064575
0 1773608077 972.639099 555.708313
0 1438977615 1075.858765 516.337646
0 1524834301 1302.512451 837.938599
0 1607644171 1023.012878 500.720520
0 1524800258 1159.481445 932.228638
0 1568504647 904.230774 545.602844
0 1568500642 1034.901001 538.310059
0 1478256239 989.572571 394.983429
0 1524815277 1274.381714 782.248169
0 1568503646 1125.730469 520.006226
0 1478220191 912.026550 383.307037
0 1478207174 998.111084 382.897064
0 1524841311 1351.261230 882.860413
0 1478213182 913.205139 390.866760
0 1524813274 1241.441650 812.430481
0 1568516663 934.980591 530.536499
0 1578517672 887.273987 539.787292
0 1578527685 1036.262329 494.085571
0 1478240218 1003.403870 398.322449
0 1478215185 889.258972 399.916321
0 1524838307 1303.944946 793.964355
0 1478197163 1000.713867 390.482635
0 1478221192 1017.452881 401.714050
0 1524819281 1127.853760 916.508911
0 2086284946 1039.214844 551.950500
0 1524824288 1085.043823 768.600952
0 1524802260 1397.965088 831.225708
0 1478226199 962.542969 388.458221
0 1578518673 947.574280 510.865021
0 1438981616 959.925781 578.531616
0 1478238215 890.092163 408.023987
0 1609135173 1105.388916 548.215393
0 1524837305 1350.344116 834.574707
0 1524793249 1212.228882 800.228821
0 1568515662 1138.326416 546.356323
0 1568516664 1083.099487 579.125977
0 1438991628 1097.412231 570.633362
0 1478249230 916.985229 415.112305
0 1438996634 990.995178 561.863953
0 1578519675 975.773376 497.339722
0 1524829295 1283.236938 905.109680
0 1524864341 1271.523071 824.994934
0 1478255238 875.764099 388.848511
0 1438993631 1151.329346 538.640930
0 1524788244 1229.208984 785.304993
0 1772785076 902.864624 532.309448
0 1524828293 1100.541870 822.146362
0 1478203171 899.378784 380.201111
0 1524798255 1067.592773 886.557556
0 1478199165 937.901733 389.661163
0 1578528686 1053.435425 544.135071
0 1478192156 936.325989 382.129181
0 1478228201 1025.418213 389.272247
0 1772037075 1048.442871 581.129089
0 1578515670 1080.901123 529.040161
0 1524851323 1206.211548 844.711243
0 1478218188 922.198303 371.844879
0 1478202169 992.098511 402.970184
0 1478254236 933.322327 367.771393
0 1478246226 863.645569 393.286163
0 1524809269 1250.364136 890.181885
0 1524822285 1038.866211 872.279724
0 1524841310 1164.059692 738.526184
0 1478235210 967.548645 362.655548
0 1578515669 1002.781677 484.385559
0 1524854328 1218.521729 875.721924
0 0 1020.740906 361.566864
0 1 1205.285400 375.921600
0 2 956.380310 626.851562
0 3 524.123413 620.771240
0 4 1274.494629 636.512207
0 5 1297.965332 746.873230
0 6 420.310608 550.243591
0 7 1457.175659 466.699341
0 8 1465.583496 485.667480
0 9 1390.203369 462.757050
0 10 1376.214844 532.779236
0 11 1597.019165 513.862305
0 12 811.015747 368.240997
0 13 1305.930542 711.607605
0 14 901.241272 833.568542
0 15 1518.655518 498.400635
0 16 881.401428 759.104919
0 17 960.696045 364.558838
0 18 952.154785 790.591980
0 19 764.819763 542.349426
0 20 1327.145020 442.035065
0 21 880.894226 633.090698
0 22 1153.379150 398.265411
0 23 665.459106 407.231018
0 24 1430.535156 651.787476
0 25 760.862427 485.073883
0 26 803.992859 495.959839
0 27 1525.121094 472.279663
0 28 1355.141357 629.501160
0 29 906.404846 417.774414
0 30 1356.029175 557.713196
0 31 1036.676147 814.611023
0 32 1440.440674 553.224121
0 33 931.766602 438.826019
0 34 1484.232300 509.266357
0 35 1557.502808 491.042969
0 36 686.603333 524.496704
0 37 1330.013062 678.585815
0 38 995.913513 372.469208
0 39 1467.181152 528.340515
