0 1578512666 961.797607 509.866119
0 1524823287 1208.397217 856.113464
0 1478234209 1096.310547 353.004883
0 1707269176 1074.560059 468.719971
0 1438989626 1024.493896 556.359192
0 1524801259 1059.200195 736.248169
0 1438992629 1026.022339 526.247681
0 1478227200 1023.807312 335.765900
0 1524854327 1122.405640 703.064697
0 1478249229 977.719482 327.251373
0 1524807266 874.662109 780.634644
0 1524863340 1110.324219 884.263123
0 1524831297 916.214966 811.316467
0 1478229202 1011.579651 339.119385
0 1568509654 1042.846191 519.707397
0 1524790246 1084.283203 866.258606
0 1578523681 1153.626099 489.964020
0 1478207175 1013.035156 324.704346
0 1524861337 1273.284790 813.396301
0 1478210178 1071.163696 329.855896
0 1524862338 924.601135 755.856384
0 1478186149 1047.551636 336.434540
0 1524797254 960.597412 844.087646
0 1578518674 1059.357910 474.267151
0 1438985621 1122.122437 488.888916
0 1524857331 1203.730713 824.917603
0 1478203170 1059.447266 325.991425
0 1438994632 963.828247 496.436981
0 1578520676 1025.275024 540.969666
0 1478237213 1033.435547 380.196411
0 1568511657 980.518677 490.469116
0 1775370079 944.394775 516.216309
0 1478195160 1132.712891 350.156647
0 1568510655 946.809753 502.522156
0 1478257240 1033.873047 371.578613
0 1578521677 998.142822 472.208496
0 1524794250 1220.416260 782.686829
0 1524812272 1103.092163 738.181580
0 1769859072 1011.990417 491.551147
0 1578525683 992.806885 525.060425
0 1770636073 1013.875916 466.693817
0 1524846317 1059.112427 881.710815
0 1524833300 1081.437012 749.890503
0 1568511656 1170.542358 497.002502
0 1438985620 1091.342651 500.854492
0 1478185148 1119.990967 345.960571
0 1707993177 1015.618164 443.725525
0 1478189152 1020.795715 375.468842
0 1524791247 1108.691040 851.274719
0 1524830296 1059.132324 848.869568
0 2088218948 1075.171631 493.723450
0 1524827292 1181.426758 839.088318
0 1606348170 1105.928101 482.021667
0 1524855329 994.575317 721.137390
0 1478183145 1020.131714 384.221954
0 1438990627 996.890259 484.615234
0 1524840309 1225.386719 811.158447
0 1478222194 1022.059021 358.814636
0 1709860179 886.575256 487.239136
0 1478188151 973.799194 349.480988
0 1438988624 1059.350342 486.746735
0 1478243222 938.244324 344.592926
0 1524843313 1112.070068 919.527954
0 1524844315 938.034729 827.427795
0 1524858333 1161.744995 886.825745
0 1524811271 971.873352 732.401367
0 1524859334 1185.431396 871.232361
0 1478216186 1046.747681 367.748718
0 1524851324 1240.899048 770.112549
0 1524814275 1059.214722 711.998657
0 1578514668 1029.319946 461.280457
0 1478184146 1021.437744 367.004395
0 1524829294 1083.503906 834.396973
0 1478176143 972.407776 357.370758
0 1524860336 1038.230835 699.476868
0 1478222193 987.718628 338.443939
0 1438997636 1059.334351 513.297668
0 1478194158 996.178772 366.261597
0 1478201168 1024.354614 328.551208
0 1478187150 1095.734009 345.270264
0 1478205172 1035.858643 332.460754
0 1524838306 966.575439 784.876892
0 1568514660 1074.272095 456.946320
0 1524865342 1079.700684 678.900757
0 2085418945 953.483826 464.677399
0 1524808268 1080.825684 724.894531
0 1478200167 1047.360229 343.893646
0 1478194159 1012.318604 331.801270
0 1568501643 1044.181396 467.705658
0 1478239216 995.114258 374.704926
0 1524820283 1124.173706 726.782898
0 1438989625 999.346497 460.286743
0 1568505649 1074.859619 480.969238
0 1478255237 1120.956787 353.713837
0 1524804262 1059.228516 689.058411
0 1568506650 1014.763855 454.987244
0 1478217187 1084.602783 364.713989
0 1568505648 983.643494 465.684387
0 1568497640 1105.012329 469.736755
0 1578511665 1089.482178 463.274994
0 1478258241 1071.523804 344.581299
0 1524796253 1012.786438 787.009705
0 1478206173 1001.015259 327.900696
0 1524826291 992.694153 745.936707
0 1578529688 937.225159 470.159851
0 1478233207 1095.175293 337.775665
0 1708834178 1043.867798 479.919373
0 1478189153 986.579712 345.975800
0 1568499641 977.126099 517.376953
0 1478245224 1107.480103 341.834137
0 1524852325 969.302002 757.871094
0 1478219190 925.127747 348.080963
0 1578525682 965.776428 483.553436
0 1478232206 962.388733 345.283691
0 1524818280 1104.368408 763.958801
0 1524850322 920.534241 782.751831
0 1438996635 1059.365112 462.276550
0 1524832299 1082.084839 776.378235
0 1478242220 1071.340942 337.104492
0 1524789245 1086.005737 936.686829
0 1438999639 1059.317017 542.206421
0 1478196161 1071.712524 352.297333
0 1478252234 1072.108765 368.494507
0 1524803261 1177.669434 808.929016
0 1478211179 952.842834 333.767487
0 1578523680 932.151245 495.339569
0 1578530689 1059.325928 527.438110
0 1568508653 1108.911987 522.050110
0 1524826290 895.102051 795.727112
0 1524847319 1011.324219 815.815674
0 1524810270 1144.704224 715.682068
0 1524835302 1059.184692 761.922302
0 1524821284 1137.303589 902.916199
0 1524799257 1059.168213 789.150452
0 1478233208 1010.030701 354.462006
0 1608354172 985.115295 454.011169
0 1524835303 1080.247803 701.267822
0 1478251232 1109.022583 357.324951
0 1524812273 1037.626465 723.012756
0 1706512175 1007.712341 547.948853
0 1438986622 900.554321 494.244934
0 1478211180 1035.486206 339.796143
0 1524823286 1134.755859 868.740479
0 1478223195 1059.424316 363.977722
0 1478244223 1035.102173 347.364014
0 1438987623 967.646973 471.182922
0 1478193157 1010.817505 346.669220
0 1478198164 1083.436401 341.153534
0 1524862339 1130.131592 806.707947
0 1478236212 982.936035 370.072144
0 1478240217 1008.378784 370.824615
0 1478214183 1047.737427 329.202942
0 1578521678 1092.015747 514.447510
0 1524844314 945.257812 770.138184
0 1524848320 1170.810303 753.872375
0 1524806265 1036.309937 774.290588
0 1524787243 986.337219 829.741882
0 1478241219 985.404175 353.749756
0 1524799256 1036.987305 747.910095
0 1478190154 959.212158 361.047241
0 1478226198 998.205994 350.182983
0 1478208176 988.822510 331.143005
0 1478214184 1046.529785 376.234314
0 2084722944 982.112488 477.827393
0 1578522679 1026.737793 512.150879
0 1524825289 1059.091309 916.813782
0 1774531078 1075.835693 520.877197
0 1525674169 1009.943176 518.540649
0 1478197162 1013.730225 317.818756
0 1524815276 1015.460815 734.321411
0 1768901071 914.843506 501.406219
0 1578526684 995.585632 497.537140
0 1478182144 1059.442871 333.121490
0 1524853326 899.978882 768.073181
0 1478218189 1007.510864 379.420776
0 1578513667 1028.081421 485.679657
0 1438983618 1028.713135 473.236542
0 1478224196 1009.218201 362.509521
0 1478247227 1047.917358 322.188599
0 1524792248 1266.865356 784.805176
0 1524795252 1085.115234 900.279480
0 1524808267 1128.026978 778.473389
0 1478191155 960.825928 353.038940
0 1524856330 983.941528 861.324524
0 1478236211 1096.906006 360.991272
0 1478258242 1025.400635 314.761871
0 1478212181 984.190308 361.777679
0 1478185147 1034.296143 363.242889
0 1568502645 1106.881714 494.813721
0 1568508652 1012.952148 478.872101
0 1438984619 1029.903442 449.783234
0 1659977623 1027.755859 492.093201
0 1478209177 1083.071533 333.783447
0 1438982617 1027.423706 498.640106
0 1524805264 1195.224609 768.053894
0 1771287074 1138.671753 495.906738
0 2087111947 949.125732 489.389771
0 1524817279 948.557129 743.970154
0 1524795251 988.586060 800.094788
0 1478230204 1022.660400 350.886414
0 1478230203 1024.885498 321.553070
0 1524847318 1155.352905 822.629089
0 1578516671 1120.872437 476.335846
0 1568513659 1010.988220 504.762604
0 1578529687 1123.424438 501.965881
0 1524819282 990.701172 772.210571
0 1478253235 997.208740 358.091980
0 1524836304 1082.772583 804.495361
0 1478243221 1036.219727 325.347321
0 1568501644 1044.772705 444.672180
0 1438998637 1124.782104 515.600281
0 1524816278 1167.671387 728.677673
0 1705773174 975.318481 531.714172
0 1524845316 1033.142578 897.653687
0 1524842312 1008.108582 879.169006
0 1568507651 1042.088867 549.208313
0 1438999638 934.739685 482.494263
0 1478252233 1059.419312 372.334137
0 1438993630 929.453369 508.728180
0 1478237214 951.167969 341.156250
0 1524857332 1252.294189 827.214905
0 1478248228 1034.705688 355.175598
0 1478225197 936.295837 352.329529
0 1524859335 1034.826660 832.064941
0 1524832298 1035.591064 802.290955
0 1478200166 914.146484 343.903503
0 1478250231 1084.201416 356.607117
0 1478245225 963.902771 337.769745
0 1438995633 991.325134 539.736145
0 1524804263 1152.448242 793.455811
0 1524839308 1059.150757 818.078186
0 1524849321 1101.886963 713.837219
0 1568512658 1008.852173 532.922546
0 1568514661 1075.496704 507.014587
0 1478231205 1108.239136 349.456451
0 1773608077 978.857910 503.640930
0 1438977615 1090.077637 475.300262
0 1524834301 1199.348267 795.620483
0 1607644171 1044.482788 455.965637
0 1524800258 1034.012207 863.786682
0 1568504647 917.811340 488.313110
0 1568500642 1043.541260 492.635956
0 1478256239 1047.162598 351.591187
0 1524815277 1191.337646 742.068909
0 1568503646 1137.073364 483.076752
0 1478220191 976.453064 334.432373
0 1478207174 1059.438477 340.474152
0 1524841311 1230.674683 841.447632
0 1478213182 975.146973 341.838654
0 1524813274 1149.714600 766.002625
0 1568516663 951.348572 476.785248
0 1578517672 903.779785 481.437714
0 1578527685 1059.372070 450.746704
0 1478240218 1059.429199 355.890656
0 1478215185 949.439819 348.780273
0 1524838307 1215.735352 755.874023
0 1478197163 1059.433960 348.060150
0 1478221192 1071.907471 360.264282
0 1524819281 1009.768066 846.473877
0 2086284946 1043.201050 505.887177
0 1524824288 1016.686829 710.166260
0 1524802260 1293.673218 799.974060
0 1478226199 1023.242920 343.207336
0 1578518673 969.444458 459.295380
0 1438981616 959.679138 523.876282
0 1478238215 947.655701 356.650940
0 1609135173 1107.875488 508.144958
0 1524837305 1246.422974 797.793213
0 1524793249 1126.044434 751.877930
0 1568515662 1140.337769 509.278198
0 1568516664 1076.189697 535.349060
0 1438991628 1092.717896 528.631714
0 1478249230 970.970520 365.520294
0 1438996634 994.225708 511.007019
0 1578519675 1000.503967 448.822052
0 1524829295 1158.445679 853.689331
0 1524864341 1174.137207 780.576233
0 1478255238 940.132263 337.096893
0 1438993631 1155.588135 503.080139
0 1524788244 1147.137695 740.121887
0 1772785076 920.660095 475.745667
0 1524828293 1014.162842 759.893066
0 1478203171 965.370605 330.486023
0 1524798255 963.679260 813.561829
0 1478199165 999.171875 342.522339
0 1578528686 1059.342529 499.745880
0 1478192156 1000.107910 335.098511
0 1478228201 1083.812866 348.757629
0 1772037075 1042.475830 534.134155
0 1578515670 1090.697266 487.816498
0 1524851323 1105.721802 791.299194
0 1478218188 989.893250 324.062592
0 1478202169 1046.958496 359.538757
0 1478254236 1001.895691 320.918701
0 1478246226 927.234802 340.475189
0 1524809269 1132.370361 836.738037
0 1524822285 941.756714 797.906799
0 1524841310 1100.746826 690.809448
0 1478235210 1036.570068 318.445862
0 1578515669 1030.465210 438.719055
0 1524854328 1107.160034 820.349243
0 0 502.076904 383.469635
0 1 615.623657 266.397308
0 2 711.398682 292.751495
0 3 648.897278 272.810791
0 4 594.105347 285.777374
0 6 505.418945 509.246246
0 7 566.842651 520.134155
0 8 1661.139282 630.171753
0 9 1506.168945 782.130737
0 10 645.496338 452.294434
0 11 440.052643 528.084961
0 12 1687.300659 484.330444
0 13 502.584473 537.796814
0 14 1468.774292 247.673233
0 16 738.403870 697.247559
0 17 1602.866333 358.236694
0 19 437.616364 464.522858
0 20 680.567322 301.683472
0 21 1640.423828 403.979340
0 22 949.751831 222.732925
0 23 859.174561 409.648041
0 24 959.046570 296.311615
0 25 797.796204 428.275421
0 26 1029.392456 337.201385
0 27 1023.582092 357.349426
0 28 828.273376 474.883026
0 29 895.384033 396.622864
0 30 1134.911865 264.571808
0 31 967.820557 511.303406
0 33 992.128357 346.930878
0 35 994.961670 278.922638
0 37 1083.735596 265.555389
0 39 869.590942 238.077164
0 40 995.501953 290.267212
0 43 1548.120239 261.617676
0 46 1144.880493 202.020691
0 53 636.507751 607.761475
0 55 1116.479370 198.544662
0 59 1539.590576 654.941040
0 104 821.087585 583.299683
0 105 751.674866 594.532166
0 108 1390.224731 945.104553
0 114 1715.867676 457.827454
0 131 798.103577 314.569916
0 132 454.216797 397.445770
0 138 382.772980 489.335297
0 143 320.938416 387.981049
0 145 980.364502 900.422119
0 146 1052.472412 225.142456
0 148 1260.421509 275.184784
0 149 1854.707275 399.636658
0 150 1812.969238 306.667664
