0 1578512666 981.339905 710.139709
0 1524823287 1416.876221 627.866821
0 1478234209 518.085876 668.869141
0 1707269176 871.296143 670.172791
0 1438989626 1069.286377 682.188049
0 1524801259 1331.901733 662.811829
0 1438992629 1008.334473 683.947876
0 1478227200 429.619263 706.896484
0 1524854327 1276.067383 647.585571
0 1478249229 374.840363 734.896606
0 1524807266 1434.855713 710.137329
0 1524863340 1466.399170 647.704041
0 1524831297 1454.182373 696.158264
0 1478229202 440.534332 712.954346
0 1568509654 992.061218 678.402100
0 1524790246 1457.771240 653.524963
0 1578523681 915.057190 641.737793
0 1478207175 376.073853 714.837341
0 1524861337 1362.058472 614.498840
0 1478210178 418.730377 683.019470
0 1524862338 1391.846924 698.001465
0 1478186149 439.644684 694.259949
0 1524797254 1472.645386 682.803711
0 1578518674 886.068481 675.537964
0 1438985621 915.401489 652.277588
0 1524857331 1389.359619 628.627441
0 1478203170 398.208374 689.463806
0 1438994632 949.374573 711.084900
0 1578520676 1038.835938 683.067200
0 1478237213 607.109619 695.531799
0 1568511657 932.979797 704.997437
0 1775370079 998.420349 716.343140
0 1478195160 514.975464 652.796570
0 1568510655 966.124329 717.304077
0 1478257240 575.879639 696.433472
0 1578521677 885.551331 699.954224
0 1524794250 1343.672119 624.829895
0 1524812272 1323.111206 651.749268
0 1769859072 932.222900 692.300842
0 1578525683 1010.738403 696.297180
0 1770636073 870.145691 694.103577
0 1524846317 1478.104370 658.638489
0 1524833300 1341.986938 656.811584
0 1568511656 928.880798 636.237122
0 1438985620 945.161011 662.419250
0 1478185148 496.530762 658.588623
0 1707993177 807.856934 695.912415
0 1478189152 588.164001 702.292358
0 1524791247 1437.832764 648.510498
0 1524830296 1448.958618 659.470459
0 2088218948 930.803101 668.483582
0 1524827292 1408.075439 633.261902
0 1606348170 901.009583 658.116943
0 1524855329 1330.640747 680.730652
0 1478183145 619.709961 701.376282
0 1438990627 916.928711 699.037598
0 1524840309 1370.989746 624.078674
0 1478222194 524.909485 704.129333
0 1709860179 935.464966 746.685608
0 1478188151 474.716217 731.924988
0 1438988624 916.133118 674.679810
0 1478243222 442.500549 754.271179
0 1524843313 1494.920410 646.898865
0 1524844315 1463.518066 689.405518
0 1524858333 1455.156982 637.202087
0 1524811271 1350.620117 686.368347
0 1524859334 1435.836548 632.490479
0 1478216186 563.847046 690.694580
0 1524851324 1325.875488 620.354248
0 1524814275 1302.518311 663.650574
0 1578514668 855.056702 688.373169
0 1478184146 556.563904 703.210083
0 1524829294 1428.895020 654.344604
0 1478176143 507.888611 730.938049
0 1524860336 1291.886108 669.795227
0 1478222193 430.193481 726.436462
0 1438997636 976.114319 672.967590
0 1478194158 548.956116 716.283386
0 1478201168 397.746399 707.822144
0 1478187150 488.297302 669.705566
0 1478205172 418.931213 700.964783
0 1524838306 1411.736084 684.583008
0 1568514660 841.469849 671.019409
0 1524865342 1254.658203 659.290527
0 2085418945 868.891296 720.197083
0 1524808268 1312.924194 657.636597
0 1478200167 470.773682 693.366394
0 1478194159 408.332153 713.895020
0 1568501643 870.733093 681.885010
0 1478239216 581.266541 715.333801
0 1524820283 1304.599121 646.784485
0 1438989625 854.119873 700.872437
0 1568505649 901.073853 669.327515
0 1478255237 525.714539 657.777710
0 1524804262 1273.087036 664.490662
0 1568506650 839.027832 695.007263
0 1478217187 559.211914 673.315063
0 1568505648 869.532349 706.862061
0 1568497640 871.836304 658.936096
0 1578511665 856.815002 664.913330
0 1478258241 479.718964 681.288208
0 1524796253 1400.907227 672.613708
0 1478206173 386.549713 721.056335
0 1524826291 1360.928101 679.851135
0 1578529688 884.986877 726.601196
0 1478233207 458.460602 670.543396
0 1708834178 901.140808 681.012146
0 1478189153 463.074982 725.464172
0 1568499641 996.207275 703.139221
0 1478245224 477.696594 664.502869
0 1524852325 1381.203979 685.474915
0 1478219190 454.462433 761.372314
0 1578525682 917.353149 712.031677
0 1478232206 453.025513 739.534790
0 1524818280 1351.860107 650.937622
0 1524850322 1423.041626 697.079041
0 1438996635 855.954285 676.397583
0 1524832299 1371.002930 655.987915
0 1478242220 449.249847 682.153137
0 1524789245 1515.385376 651.889526
0 1438999639 1035.898560 671.261169
0 1478196161 510.137970 680.424744
0 1478252234 570.825867 678.702026
0 1524803261 1380.271606 634.034363
0 1478211179 396.726227 748.356628
0 1578523680 950.548035 724.638245
0 1578530689 1006.031006 672.113708
0 1568508653 988.250671 655.667236
0 1524826290 1444.630737 703.067017
0 1524847319 1430.754761 671.751953
0 1524810270 1286.440430 641.914368
0 1524835302 1361.237305 661.974426
0 1524821284 1474.848022 642.004028
0 1524799257 1390.525269 661.138428
0 1478233208 504.770844 711.077820
0 1608354172 837.725830 707.796814
0 1524835303 1283.814697 658.462891
0 1478251232 536.662781 662.855957
0 1524812273 1321.597412 668.942383
0 1706512175 1055.746826 688.713684
0 1438986622 951.776245 738.824036
0 1478211180 450.427795 700.055420
0 1524823286 1446.584839 642.797607
0 1478223195 552.058594 685.072205
0 1478244223 481.870758 699.147583
0 1438987623 885.275391 712.980225
0 1478193157 472.680511 712.015259
0 1478198164 468.983948 675.862305
0 1524862339 1389.924805 644.388550
0 1478236212 561.369751 722.557739
0 1478240217 568.784546 709.207764
0 1478214183 408.463165 695.155090
0 1578521678 974.514893 661.590515
0 1524844314 1401.904053 691.216248
0 1524848320 1324.534668 635.583008
0 1524806265 1380.873413 667.240723
0 1524787243 1451.485962 677.221313
0 1478241219 495.898071 724.493652
0 1524799256 1351.259766 668.090820
0 1478190154 520.144775 737.525146
0 1478226198 484.164795 718.187561
0 1478208176 397.253387 727.410522
0 1478214184 594.767334 689.806946
0 2084722944 901.283630 705.928894
0 1578522679 977.781860 684.829895
0 1524825289 1507.202759 657.807922
0 1774531078 990.116638 666.799927
0 1525674169 994.089539 690.504211
0 1478197162 343.759277 715.781311
0 1524815276 1341.063354 674.341492
0 1768901071 967.696838 731.150879
0 1578526684 948.252319 698.122559
0 1478182144 429.081085 688.582520
0 1524853326 1413.121460 704.004456
0 1478218189 600.708130 708.275269
0 1578513667 916.522400 686.598511
0 1438983618 885.815430 687.485168
0 1478224196 536.805420 710.142029
0 1478247227 377.229004 696.051697
0 1524792248 1335.250244 615.228821
0 1524795252 1486.601318 652.706543
0 1524808267 1361.527710 645.185974
0 1478191155 486.615662 738.529114
0 1524856330 1481.571045 676.347656
0 1478236211 547.826416 668.034058
0 1478258242 333.835510 709.678101
0 1478212181 528.662964 723.524841
0 1478185147 544.596558 697.336609
0 1568502645 930.136353 657.299072
0 1568508652 901.210693 693.201477
0 1438984619 824.246155 689.262756
0 1659977623 931.856567 686.155823
0 1478209177 438.809692 676.714111
0 1438982617 947.177856 685.713501
0 1524805264 1334.200073 630.152100
0 1771287074 929.496094 646.558899
0 2087111947 933.770813 718.266663
0 1524817279 1371.017822 692.124023
0 1524795251 1421.350586 678.096497
0 1478230204 493.200653 705.050171
0 1478230203 365.818481 708.749268
0 1524847318 1399.093506 638.767944
0 1578516671 886.544067 653.083618
0 1568513659 963.182495 691.401794
0 1578529687 944.213196 651.472900
0 1524819282 1391.164795 678.973083
0 1478253235 516.588867 717.234619
0 1524836304 1399.972168 655.165649
0 1478243221 387.380920 701.875671
0 1568501644 809.765442 683.635193
0 1438998637 972.979553 650.669434
0 1524816278 1296.601440 636.359070
0 1705773174 1027.739014 702.212524
0 1524845316 1498.843628 663.854248
0 1524842312 1490.301758 670.032715
0 1568507651 1052.423584 676.669312
0 1438999638 917.796936 725.618835
0 1478252233 582.675293 684.198181
0 1438993630 983.240417 723.659363
0 1478237214 430.807465 747.329651
0 1524857332 1379.996704 618.873291
0 1478248228 513.260315 698.241333
0 1478225197 476.894409 753.227966
0 1524859335 1439.955200 665.544678
0 1524832298 1410.438477 666.392029
0 1478200166 431.465485 769.721741
0 1478250231 529.184937 674.162781
0 1478245225 419.374207 740.542419
0 1438995633 1041.901123 695.386780
0 1524804263 1370.996094 639.552734
0 1524839308 1419.765747 660.303772
0 1524849321 1294.316406 652.562134
0 1568512658 1024.944336 689.608154
0 1568514661 960.483948 667.641052
0 1478231205 507.203247 663.678772
0 1773608077 964.621033 704.067505
0 1438977615 886.311157 664.080688
0 1524834301 1361.800903 629.389221
0 1607644171 840.274658 682.759338
0 1524800258 1469.423584 664.698853
0 1568504647 934.598328 732.148315
0 1568500642 931.498047 680.140625
0 1478256239 501.850311 692.474243
0 1524815277 1306.557007 630.916199
0 1568503646 900.947937 647.352112
0 1478220191 408.192230 733.904297
0 1478207174 459.902283 687.702698
0 1524841311 1398.266113 623.328552
0 1478213182 441.484161 732.913757
0 1524813274 1342.854858 640.338745
0 1568516663 901.359863 719.231018
0 1578517672 918.261475 739.840637
0 1578527685 825.790344 677.258606
0 1478240218 521.390930 685.947510
0 1478215185 464.825989 746.304565
0 1524838307 1316.312988 625.582336
0 1478197163 490.672180 686.824402
0 1478221192 540.506897 679.562683
0 1524819281 1460.552734 670.891602
0 2086284946 961.804749 679.270691
0 1524824288 1311.066772 675.207458
0 1524802260 1344.442749 610.203003
0 1478226199 461.437317 705.972534
0 1578518673 853.141235 713.930359
0 1438981616 1013.249268 709.196167
0 1478238215 498.781982 745.281311
0 1609135173 959.216675 656.482544
0 1524837305 1352.956299 619.613220
0 1524793249 1333.085815 645.984558
0 1568515662 957.999695 645.766907
0 1568516664 1019.701050 665.960083
0 1438991628 1003.821472 660.763184
0 1478249230 541.001404 729.952820
0 1438996634 979.522156 697.209106
0 1578519675 822.634399 701.792175
0 1524829295 1427.146973 637.984436
0 1524864341 1352.424561 634.808044
0 1478255238 408.042572 755.316345
0 1438993631 943.302734 640.957031
0 1524788244 1314.669678 641.125977
0 1772785076 901.439636 733.147522
0 1524828293 1371.010132 673.476868
0 1478203171 385.661621 741.551758
0 1524798255 1442.216553 683.692627
0 1478199165 451.683716 719.142151
0 1578528686 946.148376 673.822998
0 1478192156 419.145386 720.098389
0 1478228201 499.109009 675.011841
0 1772037075 1022.267395 677.535034
0 1578515670 915.759766 663.249268
0 1524851323 1380.563232 650.127319
0 1478218188 364.254608 728.386230
0 1478202169 532.874756 691.583618
0 1478254236 353.896637 722.015991
0 1478246226 419.619293 762.436218
0 1524809269 1418.277100 643.592468
0 1524822285 1432.737427 690.310181
0 1524841310 1265.475708 653.376404
0 1478235210 355.776794 702.788086
0 1578515669 793.383667 690.153809
0 1524854328 1409.220825 649.318237
0 0 1444.375732 687.937317
0 1 1045.078857 548.967468
0 2 1090.531250 578.140442
0 3 638.296143 615.219910
0 4 902.971313 517.182007
0 5 527.942261 893.343140
0 6 684.501831 599.459656
0 7 616.054810 599.761536
0 8 568.589661 611.182739
0 9 1352.188110 740.107910
0 10 602.424805 575.390564
0 11 703.991272 996.416992
0 12 1192.309082 565.556091
0 13 573.461792 931.239197
0 14 1065.973022 531.041687
0 15 1173.097168 689.032471
0 16 381.010010 748.108154
0 17 1275.393677 588.607117
0 18 390.047943 775.733215
0 19 1218.984253 603.464539
0 20 1371.312988 709.321289
0 21 573.851196 592.620117
0 22 1388.654297 676.868591
0 23 1010.110474 520.159973
0 24 598.900635 976.576599
0 25 1254.363403 641.560974
0 26 1070.455566 706.450073
0 27 1158.171753 843.500977
0 28 1420.960571 621.570190
0 29 771.649048 530.928284
0 30 871.030273 523.289978
0 31 430.681946 817.586914
0 32 1043.068604 789.758667
0 33 980.287415 766.525269
0 34 1135.094727 711.219666
0 35 797.040222 988.795898
0 36 1272.857178 609.182007
0 37 797.787964 767.697815
0 38 1335.987183 598.559082
0 39 1090.081665 748.554077
