0 1578512666 1048.548340 367.402802
0 1707269176 772.789429 375.114288
0 1438989626 1084.281494 239.293396
0 1438992629 1010.098145 289.879364
0 1568509654 972.420715 291.101776
0 1578523681 754.564331 274.125366
0 1578518674 811.652832 374.027466
0 1438985621 786.435730 297.135956
0 1438994632 1008.086792 396.699158
0 1578520676 1047.748535 264.205383
0 1568511657 967.594299 397.766510
0 1775370079 1088.661499 366.281036
0 1568510655 1048.766968 395.626862
0 1578521677 884.325867 428.998291
0 1769859072 929.297241 370.737610
0 1578525683 1048.134155 313.967865
0 1770636073 843.639648 430.002930
0 1568511656 759.255432 250.727509
0 1438985620 860.353516 294.737732
0 1707993177 752.100098 493.337891
0 2088218948 857.246094 319.886230
0 1606348170 782.046448 322.217712
0 1438990627 927.288391 398.828949
0 1709860179 1092.795044 486.129211
0 1438988624 854.027283 345.935791
0 1578514668 803.143005 431.002869
0 1438997636 934.904907 292.318939
0 1568514660 728.511658 404.068481
0 2085418945 920.785278 489.768738
0 1568501643 807.476746 401.987061
0 1438989625 839.909790 460.188477
0 1568505649 815.679504 347.067505
0 1568506650 798.642395 461.135956
0 1568505648 881.374207 459.236450
0 1568497640 739.489136 349.316040
0 1578511665 734.099792 376.196198
0 1578529688 963.472229 488.865509
0 1708834178 850.691040 372.935791
0 1568499641 1048.337524 340.201355
0 1578525682 966.272705 426.974884
0 1438996635 767.904114 403.030121
0 1438999639 1011.002075 241.871307
0 1578523680 1048.994141 424.932343
0 1578530689 973.524170 266.716827
0 1568508653 902.218750 245.698166
0 1608354172 836.033142 491.561981
0 1706512175 1085.097168 262.941681
0 1438986622 1091.700928 454.407349
0 1438987623 923.036987 458.279877
0 1578521678 899.923889 269.207092
0 2084722944 925.203125 427.988953
0 1578522679 971.278259 316.350739
0 1774531078 936.646484 267.964569
0 1525674169 1009.622070 315.161926
0 1768901071 1090.648804 423.903778
0 1578526684 968.867432 369.631042
0 1578513667 889.905518 371.839172
0 1438983618 847.230896 400.939148
0 1568502645 823.315918 295.939392
0 1568508652 887.167664 399.886475
0 1438984619 757.570435 462.078949
0 1659977623 910.733887 357.636200
0 1438982617 931.233704 343.657288
0 1771287074 790.676453 272.903503
0 2087111947 1007.535889 425.956024
0 1578516671 744.689941 323.375946
0 1568513659 970.094604 342.510437
0 1578529687 826.939819 271.676544
0 1568501644 716.692749 463.017487
0 1438998637 866.256775 246.963303
0 1705773174 1086.815796 312.768555
0 1568507651 1047.565430 240.585007
0 1438999638 1006.963562 456.352936
0 1438993630 1089.636353 394.549622
0 1438995633 1085.941406 287.418671
0 1568512658 1047.937988 288.651672
0 1568514661 897.549561 293.530945
0 2079485312 910.726013 357.578369
0 1773608077 1008.617371 368.519470
0 1438977615 777.500488 348.194244
0 1607644171 762.834656 431.998169
0 1568504647 1049.230103 455.382477
0 1568500642 892.544983 344.799072
0 1568503646 749.711975 298.327454
0 1568516663 964.899658 457.318726
0 1578517672 1049.475464 487.045776
0 1578527685 722.713318 432.988831
0 2086284946 933.101746 317.534393
0 1578518673 878.306091 490.667542
0 1438981616 1087.721802 339.039032
0 1609135173 863.355347 270.444397
0 1568515662 830.442810 248.223221
0 1568516664 974.590393 243.152237
0 1438991628 938.329651 244.427841
0 1438996634 1009.128784 341.358459
0 1578519675 793.964966 492.452087
0 1438993631 794.776001 249.477921
0 1772785076 1006.368469 487.957886
0 1578528686 895.091431 318.712830
0 1772037075 1010.557800 265.463776
0 1578515670 819.564819 321.054535
0 1578515669 710.436951 494.219452
0 0 1185.509521 31.815931
0 1 1093.379883 42.359764
0 2 943.176270 106.271996
0 3 1091.896362 468.606995
0 4 730.386047 464.025208
0 5 477.660065 675.652527
0 6 333.963928 615.113403
0 7 578.377502 573.040161
0 8 455.570068 354.158936
0 9 675.983765 278.589935
