0 1578512666 925.380005 736.295532
0 1478234209 1014.381165 565.601868
0 1707269176 1028.787476 684.642090
0 1438989626 1005.340210 781.135498
0 1524801259 1101.793091 977.474121
0 1438992629 997.316345 748.760193
0 1478227200 936.548584 552.492249
0 1524854327 1156.467529 933.385559
0 1478249229 887.410095 546.539978
0 1524807266 916.601685 1049.902832
0 1478229202 925.201477 556.527100
0 1568509654 1012.600952 740.497192
0 1578523681 1115.458496 701.048462
0 1478207175 922.417114 542.059937
0 1524861337 1352.794434 1042.282349
0 1478210178 982.247864 544.007874
0 1524862338 963.574890 1014.895447
0 1478186149 960.619812 551.839417
0 1578518674 1015.075378 691.491455
0 1438985621 1083.434937 702.203308
0 1524857331 1285.608521 1063.486084
0 1478203170 969.386230 540.815491
0 1438994632 923.398315 721.840759
0 1578520676 1001.228394 764.544922
0 1478237213 959.601990 596.587463
0 1568511657 938.958252 714.260376
0 1775370079 909.064331 744.445435
0 1478195160 1049.579956 560.720398
0 1568510655 907.441589 729.614441
0 1478257240 957.437012 587.852051
0 1578521677 951.608154 693.731812
0 1524794250 1286.849854 1013.087158
0 1524812272 1148.718140 975.027588
0 1769859072 971.897278 713.059509
0 1578525683 962.457825 750.105042
0 1770636073 966.123169 686.830994
0 1524833300 1130.072021 990.706604
0 1568511656 1134.731812 707.122925
0 1438985620 1056.163330 716.946716
0 1478185148 1035.694824 557.273926
0 1707993177 960.833801 662.804993
0 1478189152 945.370972 592.566711
0 2088218948 1037.401245 710.671326
0 1606348170 1064.846924 696.229980
0 1524855329 1027.807617 967.025208
0 1478183145 947.332825 601.478210
0 1438990627 954.136047 706.866211
0 1524840309 1302.776123 1045.120483
0 1478222194 941.655090 575.687744
0 1709860179 839.384033 717.890686
0 1478188151 889.877258 569.088196
0 1438988624 1019.027832 704.526062
0 1478243222 852.070923 566.206177
0 1524811271 1007.167297 982.407654
0 1478216186 969.268555 583.229065
0 1524851324 1303.100342 996.600586
0 1524814275 1093.422607 949.869446
0 1578514668 980.297729 680.091980
0 1478184146 943.479614 583.975525
0 1478176143 890.757874 577.136597
0 1524860336 1066.973999 937.835876
0 1478222193 900.825806 557.193481
0 1438997636 1027.493774 732.445862
0 1478194158 917.613586 584.724304
0 1478201168 934.958740 545.270447
0 1478187150 1011.422180 557.942688
0 1478205172 947.691467 548.529968
0 1524838306 1019.058044 1044.190308
0 1568514660 1024.756592 672.461792
0 1524865342 1103.554077 910.574097
0 2085418945 903.001587 689.035828
0 1524808268 1120.658691 962.261230
0 1478200167 962.671509 559.285889
0 1478194159 923.786133 549.173157
0 1568501643 997.512146 685.734558
0 1478239216 919.033630 593.342224
0 1524820283 1166.710205 959.898438
0 1438989625 949.189941 681.167297
0 1568505649 1032.998169 697.366211
0 1478255237 1039.068237 564.910645
0 1524804262 1085.571045 923.976135
0 1568506650 963.421753 674.560425
0 1478217187 1006.320557 577.964478
0 1568505648 934.619812 687.931396
0 1568497640 1059.949585 683.553650
0 1578511665 1042.178955 677.952881
0 1478258241 987.081177 558.613342
0 1524796253 1069.833740 1041.359375
0 1478206173 911.216980 545.904358
0 1524826291 1034.140259 995.790527
0 1578529688 887.672241 695.988708
0 1478233207 1008.562073 550.539307
0 1708834178 1001.031189 698.506714
0 1478189153 901.871826 564.822998
0 1568499641 943.714294 743.124084
0 1478245224 1022.023682 553.880615
0 1524852325 1012.908325 1012.237183
0 1478219190 839.571045 570.496765
0 1578525682 921.506714 708.042908
0 1478232206 877.007019 565.513611
0 1524818280 1159.234741 1004.352539
0 1524850322 967.981567 1047.038208
0 1438996635 1011.293823 679.020508
0 1524832299 1140.139038 1021.127319
0 1478242220 984.624146 551.188477
0 1438999639 1036.801025 763.139709
0 1478196161 989.623352 566.295166
0 1478252234 994.980957 582.484680
0 1524803261 1252.461060 1047.975586
0 1478211179 863.931641 554.461548
0 1578523680 889.886414 723.076111
0 1578530689 1032.034668 747.420776
0 1568508653 1080.941895 737.890991
0 1524826290 944.189758 1065.467773
0 1524847319 1078.285889 1075.462524
0 1524810270 1184.082275 945.290649
0 1524835302 1110.735840 1006.965881
0 1524799257 1120.311523 1038.544922
0 1478233208 928.180969 572.007996
0 1608354172 932.590454 675.615295
0 1524835303 1111.837402 935.604980
0 1478251232 1028.358154 569.179810
0 1524812273 1074.358521 964.636719
0 1706512175 985.193970 773.457947
0 1438986622 856.244751 724.316223
0 1478211180 949.508789 555.862732
0 1478223195 980.872437 578.695007
0 1478244223 951.388672 563.447693
0 1438987623 919.699097 694.858154
0 1478193157 926.665588 564.134338
0 1478198164 997.919678 554.539490
0 1524862339 1201.846680 1050.847534
0 1478236212 905.237915 589.375977
0 1478240217 931.376770 588.612915
0 1478214183 958.635620 544.638245
0 1578521678 1061.265137 731.172668
0 1524844314 990.871033 1029.307617
0 1524848320 1224.941650 985.678833
0 1524806265 1090.670410 1023.838318
0 1478241219 902.954468 572.720215
0 1524799256 1082.239990 993.241455
0 1478190154 878.325134 581.638550
0 1478226198 914.921570 568.386902
0 1478208176 899.814697 549.818176
0 1478214184 971.628357 591.793518
0 2084722944 936.740356 700.800354
0 1578522679 993.589783 733.723999
0 1774531078 1046.839111 739.191467
0 1525674169 978.226196 741.807983
0 1478197162 921.092163 535.175781
0 1524815276 1054.610229 979.934143
0 1768901071 873.470337 730.880798
0 1578526684 956.781250 720.610229
0 1478182144 971.530945 547.888489
0 1524853326 940.535095 1032.066284
0 1478218189 933.063293 597.375732
0 1578513667 986.642883 705.693970
0 1438983618 983.399963 692.609619
0 1478224196 929.750427 580.162476
0 1478247227 956.715759 537.670471
0 1524792248 1335.196533 1010.437561
0 1524808267 1189.323608 1018.431824
0 1478191155 877.654480 573.434448
0 1478236211 1017.444214 573.530334
0 1478258242 931.931274 531.518738
0 1478212181 904.075806 580.899414
0 1478185147 955.349121 579.427612
0 1568502645 1069.967407 709.484070
0 1568508652 968.945496 699.651428
0 1438984619 977.326782 668.105042
0 1659977623 988.319885 712.460754
0 1478209177 995.305054 547.248718
0 1438982617 990.035828 719.384338
0 1524805264 1255.414795 999.170044
0 1771287074 1102.410767 708.301270
0 2087111947 905.893494 715.465881
0 1524817279 985.770508 998.353882
0 1524795251 1048.180664 1059.567017
0 1478230204 939.893799 567.687622
0 1478230203 933.420471 538.283020
0 1524847318 1234.248169 1066.453003
0 1578516671 1078.078979 689.267517
0 1568513659 974.987549 727.096558
0 1578529687 1089.037476 715.734924
0 1524819282 1040.915283 1026.565063
0 1478253235 916.243774 576.411133
0 1524836304 1150.930298 1053.736694
0 1478243221 945.933533 541.436890
0 1568501644 990.916321 661.796326
0 1438998637 1094.904297 729.904480
0 1524816278 1212.515015 957.548218
0 1705773174 946.268311 758.623657
0 1568507651 1021.285034 772.014954
0 1438999638 888.754150 709.224121
0 1478252233 983.419067 587.093506
0 1438993630 891.072754 737.588928
0 1478237214 864.338928 561.995239
0 1524857332 1336.660156 1060.536987
0 1478248228 953.334290 571.297913
0 1478225197 852.280640 574.150757
0 1524832298 1099.709106 1056.643066
0 1478200166 827.063232 566.900757
0 1478250231 1003.422546 569.883850
0 1478245225 876.381592 557.861572
0 1438995633 965.508484 765.955933
0 1524804263 1220.383057 1032.965454
0 1524839308 1130.589600 1072.441040
0 1524849321 1138.872437 947.573975
0 1568512658 981.624390 757.243469
0 1568514661 1042.010010 724.598267
0 1478231205 1025.136719 561.399353
0 1773608077 941.280396 728.353088
0 1438977615 1046.634888 690.377441
0 1524834301 1269.982056 1030.199951
0 1607644171 994.143677 673.509277
0 1568504647 872.702332 716.675964
0 1568500642 1004.711365 711.863220
0 1478256239 964.794250 566.990356
0 1524815277 1241.802368 970.174377
0 1568503646 1096.578125 695.097900
0 1478220191 888.204834 553.803223
0 1478207174 973.748108 555.200195
0 1524841311 1319.880005 1079.522583
0 1478213182 889.026733 561.315002
0 1524813274 1207.460327 1001.753967
0 1568516663 904.415039 701.953674
0 1578517672 855.877625 710.409729
0 1578527685 1007.672302 667.077271
0 1478240218 978.414673 570.589844
0 1478215185 864.760498 569.791443
0 1524838307 1271.983643 983.185852
0 1478197163 976.041321 562.762939
0 1478221192 992.254944 574.247437
0 2086284946 1008.563782 725.844971
0 1524824288 1047.730957 952.177002
0 1524802260 1368.319336 1024.717163
0 1478226199 938.192688 559.960327
0 1578518673 917.970154 682.246582
0 1438981616 927.458313 751.455261
0 1478238215 865.196960 577.864197
0 1609135173 1075.326660 723.356323
0 1524837305 1319.293335 1027.450684
0 1524793249 1177.638428 988.185730
0 1568515662 1108.514771 722.119202
0 1568516664 1051.905273 754.500122
0 1438991628 1066.613770 746.086792
0 1478249230 891.670227 585.475281
0 1438996634 959.552063 735.007263
0 1578519675 946.874512 669.136536
0 1524864341 1238.226318 1015.751831
0 1478255238 851.868347 558.531616
0 1438993631 1121.786499 714.527710
0 1524788244 1195.387085 972.594360
0 1772785076 871.968872 703.111267
0 1524828293 1061.961182 1009.593994
0 1478203171 875.776917 550.464966
0 1524798255 1025.661865 1078.502441
0 1478199165 913.644531 560.636719
0 1578528686 1023.162903 718.163208
0 1478192156 912.410400 553.146851
0 1478228201 1000.623901 562.080139
0 1772037075 1016.836426 755.869019
0 1578515670 1051.291626 703.362488
0 1524851323 1170.493652 1035.747070
0 1478218188 898.836731 542.684692
0 1478202169 966.992004 574.966492
0 1478254236 910.062317 538.897217
0 1478246226 839.580994 562.677307
0 1524822285 996.341736 1062.508423
0 1524841310 1129.635620 921.818115
0 1478235210 944.232178 534.571899
0 1578515669 974.479431 656.615845
0 1524854328 1182.576172 1069.437988
0 0 1539.806396 681.117615
0 1 1035.801636 527.624023
0 2 1173.989258 562.454224
0 3 1525.197144 703.423157
0 4 1020.401367 555.248901
0 5 1065.069946 563.447021
0 6 1370.942139 881.620605
0 7 717.460388 677.260132
0 8 781.901001 749.287170
0 9 556.530334 792.820923
0 10 776.430298 655.810486
0 11 810.649353 979.510132
0 12 1011.924133 1007.957764
0 13 1285.465454 944.308899
0 14 914.185303 968.792969
0 15 1331.733887 821.093018
0 16 1442.399292 658.269531
0 17 626.298645 830.612244
0 18 745.236389 542.533691
0 19 1449.348267 637.816040
0 20 500.775818 744.564758
0 21 636.768372 722.542358
0 22 388.642883 709.095276
0 23 1236.455444 899.135193
0 24 837.355591 522.341309
0 25 1353.482544 738.075134
0 26 1411.612671 687.579651
0 27 790.331604 533.213318
0 28 431.648529 654.624512
0 29 816.382141 613.854065
0 30 1124.762207 551.559387
0 31 1305.418945 628.470825
0 32 1101.750610 909.969238
0 33 1227.661621 818.169250
0 34 1258.321899 860.964172
0 35 1194.857056 593.235840
0 36 1224.713989 570.937988
0 37 1043.081665 877.886414
0 38 458.081604 706.679932
0 39 1179.414307 927.524231
