0 1578512666 961.951660 574.590942
0 1524823287 1080.415161 364.129456
0 1478234209 303.956451 811.211731
0 1707269176 768.621155 587.295898
0 1438989626 965.452087 514.471069
0 1524801259 1096.219849 414.067993
0 1438992629 922.963013 539.798645
0 1478227200 295.401031 935.915771
0 1524854327 1034.045654 417.037354
0 1478249229 308.254395 1025.353271
0 1524807266 1232.211792 423.676392
0 1524863340 1141.835571 368.186615
0 1524831297 1217.881836 408.257538
0 1478229202 339.388245 931.514954
0 1568509654 897.036011 541.390137
0 1524790246 1147.438232 374.742645
0 1578523681 737.469849 539.325928
0 1478207175 225.596893 1002.279236
0 1524861337 1023.709717 366.498016
0 1478210178 175.070557 920.335571
0 1524862338 1191.006714 425.724121
0 1478186149 262.692474 911.827515
0 1524797254 1204.301025 393.644897
0 1578518674 796.771362 585.445984
0 1438985621 765.025696 549.493347
0 1524857331 1066.169800 371.406769
0 1478203170 160.880264 949.374146
0 1438994632 939.105530 589.438965
0 1578520676 944.619385 526.889343
0 1478237213 536.578918 770.120972
0 1568511657 911.360474 591.305359
0 1775370079 988.877075 572.821533
0 1478195160 236.094543 795.457825
0 1568510655 966.672852 587.584656
0 1478257240 495.485046 794.616882
0 1578521677 858.230286 608.858582
0 1524794250 1032.042969 379.747009
0 1524812272 1070.516357 407.433563
0 1769859072 880.148743 579.966736
0 1578525683 952.990845 549.929138
0 1770636073 829.426392 610.842529
0 1524846317 1166.367310 373.921753
0 1524833300 1090.875000 406.480133
0 1568511656 736.823425 527.899536
0 1438985620 818.310547 546.222534
0 1478185148 225.055405 818.048035
0 1707993177 774.065857 644.541748
0 1478189152 532.841919 791.380188
0 1524791247 1128.423340 375.567261
0 1524830296 1153.184448 381.466492
0 2088218948 820.380188 558.254089
0 1524827292 1085.213745 370.596313
0 1606348170 766.182495 561.656372
0 1524855329 1128.427124 428.834106
0 1478183145 572.780823 767.068481
0 1438990627 883.435913 593.183777
0 1524840309 1047.040039 372.220917
0 1478222194 446.066772 844.202087
0 1709860179 1010.799622 627.429626
0 1478188151 468.874756 918.560120
0 1438988624 822.522583 570.708252
0 1478243222 500.920441 972.979431
0 1524843313 1154.858643 361.019928
0 1524844315 1211.001587 400.854401
0 1524858333 1117.801270 362.567810
0 1524811271 1149.390869 427.792297
0 1524859334 1099.149658 363.346893
0 1478216186 457.817169 797.880615
0 1524851324 1012.501282 380.594482
0 1524814275 1080.816772 422.883301
0 1578514668 800.430908 612.839600
0 1478184146 490.668243 817.052185
0 1524829294 1133.938843 382.317108
0 1478176143 515.993103 887.232178
0 1524860336 1086.183960 430.933472
0 1478222193 374.380676 956.463562
0 1438997636 870.952515 542.991211
0 1478194158 524.825378 836.985962
0 1478201168 238.644501 970.464661
0 1478187150 254.109741 838.123901
0 1478205172 250.991394 940.358765
0 1524838306 1177.718994 410.175659
0 1568514660 741.058777 602.761047
0 1524865342 1043.514404 433.053986
0 2085418945 894.052185 635.868591
0 1524808268 1075.596313 415.052979
0 1478200167 315.850098 880.785095
0 1478194159 284.334229 965.751831
0 1568501643 798.567688 598.892639
0 1478239216 566.866455 810.264771
0 1524820283 1050.059570 408.391602
0 1438989625 831.901672 625.231812
0 1568505649 795.038269 572.473267
0 1478255237 274.746918 792.198669
0 1524804262 1064.902832 431.991058
0 1568506650 802.364807 627.315552
0 1478217187 388.801605 782.581604
0 1568505648 861.239624 623.162109
0 1568497640 739.546875 576.036987
0 1578511665 740.289185 589.157776
0 1478258241 284.349945 859.019165
0 1524796253 1151.368164 403.647125
0 1478206173 272.642517 997.272644
0 1524826291 1143.194946 419.844604
0 1578529688 923.537537 633.737305
0 1478233207 201.316315 866.627014
0 1708834178 824.741516 583.607910
0 1478189153 426.119263 922.837708
0 1568499641 957.393738 562.046814
0 1478245224 213.476196 841.743347
0 1524852325 1163.783813 418.841644
0 1478219190 545.233704 968.263611
0 1578525682 915.270447 604.929932
0 1478232206 462.692749 947.354126
0 1524818280 1085.671875 399.093445
0 1524850322 1204.660278 416.850403
0 1438996635 769.907471 600.820557
0 1524832299 1105.677246 398.174622
0 1478242220 231.359207 888.752136
0 1524789245 1173.265381 360.251099
0 1438999639 915.677490 517.394592
0 1478196161 334.324280 830.978699
0 1478252234 426.198639 779.428223
0 1524803261 1070.858765 378.063690
0 1478211179 402.747711 1014.971252
0 1578523680 971.566284 601.052368
0 1578530689 893.751038 529.943359
0 1568508653 839.923035 521.843994
0 1524826290 1224.949341 415.862061
0 1524847319 1165.129517 395.444031
0 1524810270 1029.503540 409.354218
0 1524835302 1111.136108 405.531281
0 1524821284 1136.370850 361.792175
0 1524799257 1125.588135 397.260101
0 1478233208 439.750458 869.101868
0 1608354172 834.472229 640.175293
0 1524835303 1059.817749 423.906250
0 1478251232 313.079529 788.966492
0 1524812273 1101.712158 421.865417
0 1706512175 969.829895 525.375854
0 1438986622 1005.014526 613.019104
0 1478211180 305.891693 907.632874
0 1524823286 1123.045898 368.986267
0 1478223195 419.834412 801.171570
0 1478244223 357.523254 876.855469
0 1438987623 890.380615 621.106201
0 1478193157 391.094910 899.359680
0 1478198164 243.018463 862.806091
0 1524862339 1095.181763 384.030090
0 1478236212 563.695496 833.424561
0 1478240217 528.928345 813.644165
0 1478214183 206.153244 944.844727
0 1578521678 842.277283 533.033691
0 1524844314 1184.272095 417.843597
0 1524848320 1040.814453 393.692719
0 1524806265 1131.300049 404.586945
0 1524787243 1184.761108 394.542358
0 1478241219 474.740845 891.237732
0 1524799256 1116.743042 413.087830
0 1478190154 556.871826 883.262878
0 1478226198 433.109802 895.280090
0 1478208176 319.215424 992.316345
0 1478214184 500.083649 773.198242
0 2084722944 886.844299 606.887817
0 1578522679 900.433350 553.228516
0 1524825289 1179.164062 366.597992
0 1774531078 868.090515 531.483948
0 1525674169 926.792236 551.573792
0 1478197162 162.793884 1041.335083
0 1524815276 1122.504639 420.852539
0 1768901071 999.439758 599.132629
0 1578526684 907.589111 578.163452
0 1478182144 219.087357 916.061584
0 1524853326 1211.660156 424.697723
0 1478218189 569.891602 788.169922
0 1578513667 852.533447 581.781494
0 1438983618 827.041321 596.977295
0 1478224196 485.617279 840.578369
0 1478247227 145.899017 980.031372
0 1524792248 1008.520081 373.860229
0 1524795252 1160.541382 367.390533
0 1524808267 1080.605103 391.900085
0 1478191155 511.231110 914.322510
0 1524856330 1197.773560 386.621399
0 1478236211 351.096527 785.760864
0 1478258242 113.283516 1046.774658
0 1478212181 520.518799 861.485840
0 1478185147 452.082062 820.489258
0 1568502645 791.749207 547.852966
0 1568508652 855.330139 595.074341
0 1438984619 772.626953 629.413452
0 1659977623 864.881897 574.420654
0 1478209177 188.530914 892.790649
0 1438982617 876.976257 567.211182
0 1524805264 1036.371704 386.629395
0 1771287074 763.907715 537.738708
0 2087111947 943.510498 602.984802
0 1524817279 1170.250488 426.755646
0 1524795251 1171.340454 402.711792
0 1478230204 398.821655 872.961243
0 1478230203 178.071472 1007.336853
0 1524847318 1090.134277 377.227753
0 1578516671 738.830383 563.373474
0 1568513659 903.948975 565.479004
0 1578529687 790.187256 536.161011
0 1524819282 1157.491943 411.141663
0 1478253235 480.314545 865.276917
0 1524836304 1120.025024 390.124146
0 1478243221 192.501740 975.224304
0 1568501644 742.686157 631.525757
0 1438998637 814.375061 523.344543
0 1524816278 1025.082642 401.876282
0 1705773174 979.030640 548.294434
0 1524845316 1185.211182 373.104553
0 1524842312 1191.412354 379.776886
0 1568507651 940.636780 515.928589
0 1438999638 948.079712 617.035706
0 1478252233 463.291382 776.300598
0 1438993630 994.064148 585.742126
0 1478237214 456.168579 977.741943
0 1524857332 1042.695679 365.704987
0 1478248228 406.169434 847.857666
0 1478225197 549.320007 938.418579
0 1524859335 1159.079468 388.364655
0 1524832298 1145.405396 396.349945
0 1478200166 540.917114 999.790527
0 1478250231 342.908051 807.836792
0 1478245225 410.971619 982.551758
0 1438995633 974.353516 536.644165
0 1524804263 1075.668945 384.892548
0 1524839308 1139.597656 389.242340
0 1524849321 1054.871826 416.042755
0 1568512658 948.735107 538.216675
0 1568514661 844.711121 544.602051
0 1478231205 264.673676 814.615356
0 1773608077 934.856201 576.371582
0 1438977615 767.380249 574.249512
0 1524834301 1051.495117 378.903442
0 1607644171 771.241821 614.850098
0 1524800258 1172.342041 380.619751
0 1568504647 976.641663 615.020691
0 1568500642 849.834656 568.954285
0 1478256239 365.920654 851.545349
0 1524815277 1020.778442 394.595398
0 1568503646 738.138489 551.143799
0 1478220191 365.322815 987.409668
0 1478207174 273.797150 884.750488
0 1524841311 1061.597290 364.915436
0 1478213182 418.750397 951.886841
0 1524813274 1060.756348 392.794312
0 1568516663 919.326660 619.064148
0 1578517672 981.909241 629.517944
0 1578527685 741.857239 616.874023
0 1478240218 373.914337 827.452148
0 1478215185 506.213959 942.864929
0 1524838307 1016.585999 387.503906
0 1478197163 325.315735 855.265747
0 1478221192 381.532715 804.490173
0 1524819281 1178.471313 387.491028
0 2086284946 873.912659 554.893433
0 1524824288 1107.358398 429.881165
0 1524802260 1004.638611 367.294586
0 1478226199 348.690674 903.477173
0 1578518673 864.364502 638.014526
0 1438981616 983.868958 560.346497
0 1478238215 553.194031 910.124268
0 1609135173 816.309998 534.592651
0 1524837305 1027.823608 373.038727
0 1524793249 1065.571533 400.016663
0 1568515662 788.676758 524.853943
0 1568516664 890.572937 518.869080
0 1438991628 865.321899 520.352173
0 1478249230 560.367920 857.728271
0 1438996634 930.754211 563.757568
0 1578519675 804.373413 642.350952
0 1524829295 1104.172241 369.789490
0 1524864341 1056.065796 385.758942
0 1478255238 449.273010 1009.859497
0 1438993631 762.826660 526.372253
0 1524788244 1045.375366 400.944244
0 1772785076 952.822571 631.620422
0 1524828293 1137.166870 412.112427
0 1478203171 355.744019 1020.135559
0 1524798255 1191.218018 401.780884
0 1478199165 382.959015 927.155823
0 1578528686 847.228821 556.568604
0 1478192156 329.577423 961.084961
0 1478228201 294.390930 834.535828
0 1772037075 919.260193 528.411865
0 1578515670 793.365295 559.949951
0 1524851323 1100.360962 391.010040
0 1478218188 260.271362 1030.625122
0 1478202169 413.165466 823.955811
0 1478254236 211.787155 1035.952148
0 1478246226 495.327118 1004.799500
0 1524809269 1109.322266 376.395630
0 1524822285 1197.848755 409.214264
0 1524841310 1038.714233 424.934296
0 1478235210 130.058807 1012.446289
0 1578515669 743.547363 646.747803
0 1524854328 1114.604858 383.171631
0 0 895.572083 376.373260
0 1 1123.252686 706.446472
0 2 1077.709717 457.494568
0 3 595.700134 372.601715
0 4 883.814026 401.329681
0 5 992.497192 1003.393982
0 6 666.024841 367.962128
0 7 443.156372 414.226532
0 8 503.185333 414.489471
0 9 1341.170532 521.368103
0 10 565.906494 406.428894
0 11 1515.610840 756.965942
0 12 973.389709 362.458466
0 13 1141.455688 888.869873
0 14 1035.342407 361.668671
0 15 326.037933 754.674133
0 16 554.309937 1003.428223
0 17 1193.660767 363.628021
0 18 719.419617 986.280579
0 19 1166.219849 602.980347
0 20 1333.825439 490.039246
0 21 448.478485 395.708405
0 22 1219.364624 384.470459
0 23 860.862183 359.416168
0 24 1456.819336 579.059937
0 25 1133.776123 662.676025
0 26 1182.057617 636.762695
0 27 1367.456543 559.947083
0 28 1695.512573 1006.276367
0 29 1130.840942 449.973480
0 30 630.854187 403.380890
0 31 1126.671021 999.031799
0 32 273.156433 577.864380
0 33 953.273071 661.931274
0 34 227.463348 755.017822
0 35 1463.191284 674.166138
0 36 288.960510 704.416443
0 37 189.329254 725.701599
0 38 409.757141 689.456421
0 39 265.317566 651.047180
