0 1578512666 948.842529 307.975159
0 1524823287 1385.446167 222.924561
0 1478234209 483.250580 271.455872
0 1707269176 838.814880 269.693115
0 1438989626 1036.336792 279.846161
0 1524801259 1297.875366 258.470581
0 1438992629 975.718689 282.110077
0 1478227200 398.434998 309.824463
0 1524854327 1243.530151 243.809433
0 1478249229 347.147919 337.615143
0 1524807266 1394.963623 303.896240
0 1524863340 1432.569702 242.355957
0 1524831297 1415.320068 290.154541
0 1478229202 410.138672 315.653687
0 1568509654 959.543579 276.787689
0 1524790246 1423.392212 248.212067
0 1578523681 882.201477 240.947891
0 1478207175 345.666382 318.088654
0 1524861337 1331.953979 209.884933
0 1478210178 384.449677 286.389343
0 1524862338 1353.989990 292.497498
0 1478186149 406.964569 297.312225
0 1524797254 1434.876587 276.952728
0 1578518674 853.719788 274.878998
0 1438985621 882.701721 251.502884
0 1524857331 1357.944580 223.909515
0 1478203170 364.555420 292.950104
0 1438994632 917.202332 309.183899
0 1578520676 1006.059387 280.976959
0 1478237213 575.433228 297.059570
0 1568511657 900.901672 303.402161
0 1775370079 965.714844 313.845581
0 1478195160 478.387390 255.410187
0 1568510655 933.802551 315.071899
0 1478257240 544.184448 298.226624
0 1578521677 853.716614 298.901245
0 1524794250 1312.680420 220.456406
0 1524812272 1290.022827 247.566498
0 1769859072 900.017883 290.987549
0 1578525683 978.021912 294.206635
0 1770636073 838.251160 293.307190
0 1524846317 1442.935669 253.111649
0 1524833300 1308.358398 252.439117
0 1568511656 896.053711 235.303940
0 1438985620 912.659119 261.360352
0 1478185148 460.303101 261.374084
0 1707993177 776.221802 295.636719
0 1478189152 557.026306 303.868561
0 1524791247 1404.173584 243.393936
0 1524830296 1414.041016 254.179077
0 2088218948 898.346191 267.505554
0 1524827292 1376.147583 228.409042
0 1606348170 868.347656 257.452393
0 1524855329 1295.213379 276.146027
0 1478183145 588.540955 302.685059
0 1438990627 884.892578 297.723816
0 1524840309 1340.031860 219.481705
0 1478222194 493.794006 306.243256
0 1709860179 903.768311 343.668457
0 1478188151 446.561951 333.794983
0 1438988624 883.757202 273.769287
0 1478243222 417.059326 355.644104
0 1524843313 1460.909424 241.320038
0 1524844315 1425.195312 283.488129
0 1524858333 1422.562134 231.972229
0 1524811271 1314.460327 281.500458
0 1524859334 1403.854004 227.411774
0 1478216186 531.568726 292.684021
0 1524851324 1295.250610 216.086777
0 1524814275 1268.686401 259.548920
0 1578514668 823.057739 287.811523
0 1478184146 525.444092 305.054657
0 1524829294 1394.720337 249.265640
0 1478176143 479.552063 332.527283
0 1524860336 1257.710571 265.712830
0 1478222193 401.424866 328.887878
0 1438997636 943.646667 271.556793
0 1478194158 519.082092 317.904633
0 1478201168 366.511597 311.023346
0 1478187150 453.205750 272.548401
0 1478205172 386.940186 304.099243
0 1524838306 1374.795166 279.221832
0 1568514660 808.957886 270.790253
0 1524865342 1221.473633 255.631821
0 2085418945 837.643372 318.766968
0 1524808268 1279.455200 253.501205
0 1478200167 438.214264 296.151520
0 1478194159 377.937592 316.869843
0 1568501643 838.538269 281.282196
0 1478239216 551.282471 316.681580
0 1524820283 1271.990723 242.774475
0 1438989625 822.473755 300.081177
0 1568505649 868.610962 268.598206
0 1478255237 489.809021 260.312042
0 1524804262 1239.437988 260.629425
0 1568506650 807.269409 294.470703
0 1478217187 525.247925 275.521454
0 1568505648 837.953064 305.793091
0 1568497640 839.081726 258.516571
0 1578511665 824.162720 264.595154
0 1478258241 445.847717 284.133179
0 1524796253 1365.264282 267.561676
0 1478206173 357.018372 324.060211
0 1524826291 1325.169067 275.021027
0 1578529688 853.713135 324.818573
0 1478233207 423.099762 273.643158
0 1708834178 868.883972 280.155060
0 1478189153 434.196106 327.635925
0 1568499641 963.579224 301.021515
0 1478245224 441.877167 267.450653
0 1524852325 1344.659546 280.359924
0 1478219190 429.768402 362.329620
0 1578525682 885.493164 310.395264
0 1478232206 425.799194 341.359802
0 1524818280 1318.645874 246.520248
0 1524850322 1384.687866 291.324738
0 1438996635 823.620361 275.990936
0 1524832299 1337.203613 251.379166
0 1478242220 415.180511 285.260101
0 1524789245 1480.564087 246.111206
0 1438999639 1003.290466 269.353394
0 1478196161 476.451416 283.008636
0 1478252234 537.469116 280.766449
0 1524803261 1348.387451 229.408279
0 1478211179 370.773712 350.401428
0 1578523680 918.449890 322.316101
0 1578530689 973.499207 270.453949
0 1568508653 955.794128 254.272507
0 1524826290 1405.244751 296.955841
0 1524847319 1394.796875 266.458710
0 1524810270 1254.254395 238.061142
0 1524835302 1327.005127 257.394440
0 1524821284 1441.578003 236.607712
0 1524799257 1356.075928 256.320465
0 1478233208 474.331451 313.229370
0 1608354172 806.376587 306.992432
0 1524835303 1250.493652 254.565445
0 1478251232 501.423096 265.296478
0 1524812273 1287.191040 264.617828
0 1706512175 1022.770020 286.377594
0 1438986622 919.747498 335.975586
0 1478211180 418.523163 302.919739
0 1524823286 1413.452515 237.630447
0 1478223195 519.173096 287.238098
0 1478244223 450.038849 301.742706
0 1438987623 853.714905 311.609283
0 1478193157 442.269928 314.440247
0 1478198164 434.376038 278.843109
0 1524862339 1357.035278 239.681961
0 1478236212 532.075989 323.896698
0 1478240217 538.246338 310.815521
0 1478214183 375.648834 298.475403
0 1578521678 942.038696 260.286407
0 1524844314 1364.495850 285.793701
0 1524848320 1292.705444 231.412476
0 1524806265 1345.970947 262.434540
0 1524787243 1414.662476 271.660095
0 1478241219 466.894867 326.386780
0 1524799256 1316.611206 263.525085
0 1478190154 492.447754 338.783478
0 1478226198 454.469604 320.358795
0 1478208176 368.580963 330.142609
0 1478214184 562.556091 291.533051
0 2084722944 869.461365 304.596344
0 1578522679 945.314331 283.245575
0 1524825289 1471.771973 252.046341
0 1774531078 957.635010 265.326904
0 1525674169 961.523682 288.677704
0 1478197162 313.324829 319.310059
0 1524815276 1306.015747 269.774445
0 1768901071 935.391479 328.444122
0 1578526684 916.002014 296.548920
0 1478182144 395.608490 291.802917
0 1524853326 1374.291382 298.145294
0 1478218189 570.100220 309.612488
0 1578513667 884.314331 285.523773
0 1438983618 853.718201 286.666473
0 1478224196 506.323517 312.021118
0 1478247227 344.266724 299.640991
0 1524792248 1305.049683 210.834457
0 1524795252 1452.006836 247.160583
0 1524808267 1328.743042 240.710770
0 1478191155 459.161011 340.070190
0 1524856330 1444.369751 270.544434
0 1478236211 513.234375 270.365540
0 1478258242 302.457886 313.428864
0 1478212181 499.521393 325.140350
0 1478185147 512.869324 299.396210
0 1568502645 897.554932 256.390320
0 1568508652 869.167297 292.146118
0 1438984619 792.332764 288.959015
0 1659977623 899.588318 284.953339
0 1478209177 403.960785 279.954895
0 1438982617 914.846313 284.383514
0 1524805264 1302.782959 225.885086
0 1771287074 896.791199 245.663086
0 2087111947 901.819946 316.300873
0 1524817279 1334.049438 286.950104
0 1524795251 1384.893433 272.778076
0 1478230204 462.075989 307.434418
0 1478230203 334.519287 312.224792
0 1524847318 1366.678833 233.993942
0 1578516671 853.722717 252.551239
0 1568513659 930.803345 289.831390
0 1578529687 911.623230 250.456589
0 1524819282 1355.062378 273.898376
0 1478253235 486.811188 319.130341
0 1524836304 1365.990845 250.321350
0 1478243221 355.289764 305.281342
0 1568501644 777.656799 283.543549
0 1438998637 940.487366 249.412354
0 1524816278 1264.783325 232.417526
0 1705773174 994.816956 299.835022
0 1524845316 1462.812256 258.094696
0 1524842312 1453.679688 264.259613
0 1568507651 1019.670654 274.554382
0 1438999638 886.117493 323.565979
0 1478252233 549.903259 286.102814
0 1438993630 950.710571 321.069092
0 1478237214 404.592804 349.086243
0 1524857332 1349.502930 214.162796
0 1478248228 481.487488 300.568207
0 1478225197 451.111694 354.311798
0 1524859335 1404.510864 260.260193
0 1524832298 1375.270874 261.346283
0 1478200166 407.955078 370.523987
0 1478250231 495.019409 276.626404
0 1478245225 392.361908 342.652313
0 1438995633 1008.932861 293.039246
0 1524804263 1338.655273 235.007751
0 1524839308 1385.087646 255.248718
0 1524849321 1261.342651 248.614868
0 1568512658 992.179199 287.526428
0 1568514661 928.020813 266.415100
0 1478231205 471.680145 266.372498
0 1773608077 932.274292 302.210541
0 1438977615 853.721313 263.514679
0 1524834301 1330.390381 224.896332
0 1607644171 808.129211 282.411682
0 1524800258 1433.691162 259.176361
0 1568504647 902.774780 329.712585
0 1568500642 899.166626 279.030273
0 1478256239 469.398041 294.993256
0 1524815277 1275.122314 226.875717
0 1568503646 868.093506 246.696030
0 1478220191 380.360107 336.338898
0 1478207174 426.596619 290.658142
0 1524841311 1367.331421 218.508820
0 1478213182 413.498077 335.065521
0 1524813274 1310.576660 236.023575
0 1568516663 869.766968 317.532562
0 1578517672 886.766846 337.265991
0 1578527685 793.458740 277.105194
0 1478240218 488.378723 288.375763
0 1478215185 438.334778 347.774048
0 1524838307 1285.276489 221.433014
0 1478197163 457.519897 289.515747
0 1478221192 506.991821 281.886383
0 1524819281 1424.268555 265.358032
0 2086284946 929.386475 277.907837
0 1524824288 1276.299683 270.884216
0 1524802260 1314.677979 205.673599
0 1478226199 430.289764 308.628174
0 1578518673 821.867188 312.825958
0 1438981616 980.413940 306.769073
0 1478238215 472.000000 346.464874
0 1609135173 926.703613 255.330338
0 1524837305 1322.402466 215.123871
0 1524793249 1300.394897 241.741608
0 1568515662 925.432434 244.632172
0 1568516664 987.188965 264.240906
0 1438991628 971.359192 259.214661
0 1478249230 512.468628 331.262390
0 1438996634 947.045044 295.376526
0 1578519675 791.163940 301.263672
0 1524829295 1394.647705 232.982117
0 1524864341 1320.573486 230.409393
0 1478255238 382.928406 356.979553
0 1438993631 910.623230 239.930008
0 1524788244 1282.443115 237.041336
0 1772785076 870.084778 330.983856
0 1524828293 1335.670654 268.666901
0 1478203171 358.849030 343.947784
0 1524798255 1404.867432 278.086090
0 1478199165 422.057068 321.589874
0 1578528686 913.732727 272.661926
0 1478192156 389.573425 322.823700
0 1478228201 464.728790 277.733612
0 1772037075 989.638245 275.669891
0 1578515670 883.219971 262.436432
0 1524851323 1347.211914 245.476059
0 1478218188 335.664124 331.400116
0 1478202169 500.516113 293.837433
0 1478254236 324.391724 325.299469
0 1478246226 395.319885 363.685822
0 1524809269 1385.271729 238.655182
0 1524822285 1394.877808 284.639709
0 1524841310 1232.605103 249.665298
0 1478235210 323.571625 306.465942
0 1578515669 761.543030 290.108948
0 1524854328 1375.721069 244.433945
0 0 361.193176 340.389526
0 1 1123.462891 310.390503
0 2 1089.807007 180.062103
0 3 344.136810 314.606293
0 4 916.493103 129.289108
0 5 626.514160 586.822876
0 6 734.141174 166.759201
0 7 788.635742 128.900497
0 8 560.267944 200.540070
0 9 1148.158691 153.044876
0 10 828.191162 118.360275
0 11 1051.104980 471.134766
0 12 887.127075 118.732933
0 13 1185.112183 414.165558
0 14 920.618469 109.211868
0 15 597.539612 168.622177
0 16 365.117432 363.971436
0 17 1077.428223 138.238907
0 18 1139.159668 390.207214
0 19 1016.859192 326.783112
0 20 1193.905396 171.391159
0 21 1101.901733 161.902267
0 22 1316.696533 193.154373
0 23 792.865906 151.506210
0 24 954.398132 504.386200
0 25 888.788696 384.347931
0 26 978.216919 364.965088
0 27 959.853577 542.231812
0 28 1386.268311 212.602341
0 29 1296.052124 209.561218
0 30 975.697510 151.245224
0 31 490.402802 452.057068
0 32 807.633362 101.366539
0 33 729.776489 326.258545
0 34 655.433899 151.593582
0 35 534.535645 505.673584
0 36 1156.484985 187.882797
0 37 848.781067 102.013741
0 38 1257.600342 185.255524
0 39 715.194885 136.882584
