0 1578512666 921.008606 701.293579
0 1524823287 369.148651 732.619690
0 1478234209 1421.386108 793.600525
0 1707269176 1027.558472 750.274353
0 1438989626 825.259399 716.402588
0 1524801259 537.164978 706.132385
0 1438992629 887.104126 721.185181
0 1478227200 1454.481567 759.246277
0 1524854327 570.488220 727.768494
0 1478249229 1464.467163 737.966797
0 1524807266 516.347534 659.454224
0 1524863340 365.256958 705.393127
0 1524831297 476.826141 666.955872
0 1478229202 1434.333252 751.998108
0 1568509654 901.609314 728.247131
0 1524790246 388.293213 700.825317
0 1578523681 979.019043 779.818542
0 1478207175 1494.936279 756.683838
0 1524861337 398.666504 756.861816
0 1478210178 1507.631104 787.409241
0 1524862338 536.023987 671.532166
0 1478186149 1464.811279 771.804321
0 1524797254 435.612244 674.778748
0 1578518674 1011.311279 742.805603
0 1438985621 979.251587 766.047913
0 1524857331 403.007660 735.240112
0 1478203170 1517.643799 781.968140
0 1438994632 950.637085 703.584045
0 1578520676 856.180603 718.793823
0 1478237213 1289.311768 752.288574
0 1568511657 965.202942 710.159424
0 1775370079 907.055115 694.879211
0 1478195160 1453.960938 816.574951
0 1568510655 936.374573 697.145630
0 1478257240 1320.266357 754.682312
0 1578521677 1010.350342 719.216492
0 1524794250 447.294525 745.809021
0 1524812272 526.807861 717.890747
0 1769859072 964.688293 721.373108
0 1578525683 889.289062 709.856262
0 1770636073 1025.882080 726.104919
0 1524846317 379.232147 693.916992
0 1524833300 516.070312 710.709229
0 1568511656 961.739868 785.627014
0 1438985620 947.124451 750.406494
0 1478185148 1465.204346 810.464966
0 1707993177 1087.084473 730.837341
0 1478189152 1301.361328 747.406250
0 1524791247 397.562317 707.892273
0 1524830296 410.814026 696.359741
0 2088218948 963.589233 745.326111
0 1524827292 393.233398 727.512207
0 1606348170 995.726990 760.668274
0 1524855329 567.141235 690.632812
0 1478183145 1270.743774 745.038818
0 1438990627 980.081848 716.876221
0 1524840309 413.020050 743.156189
0 1478222194 1362.602905 752.141785
0 1709860179 966.623413 679.204651
0 1478188151 1376.406616 731.159790
0 1438988624 979.685303 740.359375
0 1478243222 1378.913330 715.983459
0 1524843313 332.954102 702.894165
0 1524844315 456.437469 670.825867
0 1524858333 350.626129 717.407715
0 1524811271 556.545959 684.129150
0 1524859334 359.777283 724.923279
0 1478216186 1339.591553 762.120056
0 1524851324 457.976776 753.953369
0 1524814275 568.758423 708.576050
0 1578514668 1041.754883 733.144531
0 1478184146 1331.981079 749.773987
0 1524829294 420.233948 703.296082
0 1478176143 1347.057251 728.891113
0 1524860336 589.037476 704.073303
0 1478222193 1424.970093 740.252625
0 1438997636 916.440308 735.467712
0 1478194158 1324.693848 737.952393
0 1478201168 1485.112183 761.614807
0 1478187150 1454.146606 796.135132
0 1478205172 1475.072998 766.653809
0 1524838306 496.074829 679.453613
0 1568514660 1059.546631 752.748718
0 1524865342 611.927979 718.124146
0 2085418945 1024.345093 703.945679
0 1524808268 548.020508 713.180664
0 1478200167 1433.502930 769.382996
0 1478194159 1464.633667 754.340881
0 1568501643 1026.701660 737.921570
0 1478239216 1294.724854 735.635376
0 1524820283 537.794922 725.239075
0 1438989625 1040.620972 721.556946
0 1568505649 995.572571 747.800110
0 1478255237 1431.664917 807.869568
0 1524804262 600.354248 711.019836
0 1568506650 1056.482178 728.471008
0 1478217187 1367.851807 782.954041
0 1568505648 1025.097168 714.789978
0 1568497640 1028.454956 763.200317
0 1578511665 1044.178833 757.914612
0 1478258241 1443.590454 782.455566
0 1524796253 485.271942 690.110779
0 1478206173 1474.570435 749.539551
0 1524826291 536.575867 688.269348
0 1578529688 1009.468445 697.569153
0 1478233207 1486.909546 798.669922
0 1708834178 995.425171 735.502747
0 1478189153 1395.308960 737.959656
0 1568499641 905.316895 705.529541
0 1478245224 1476.184204 804.498291
0 1524852325 526.309387 681.791260
0 1478219190 1360.930176 709.675049
0 1578525682 980.267578 705.874634
0 1478232206 1386.942383 726.745361
0 1524818280 494.492859 715.390869
0 1524850322 506.424011 669.243958
0 1438996635 1042.939697 745.251892
0 1524832299 484.122437 708.237976
0 1478242220 1475.609619 784.932312
0 1524789245 324.418884 695.884460
0 1438999639 853.204468 730.576721
0 1478196161 1411.573730 779.979004
0 1478252234 1347.547363 775.026306
0 1524803261 426.692108 730.101379
0 1478211179 1426.018921 724.643127
0 1578523680 951.424866 693.082764
0 1578530689 884.821228 733.022095
0 1568508653 897.557617 753.073059
0 1524826290 496.791870 663.166138
0 1524847319 454.377319 687.721741
0 1524810270 549.040283 732.760132
0 1524835302 505.573700 703.688965
0 1524821284 341.687500 710.066711
0 1524799257 473.984863 701.245728
0 1478233208 1373.738647 747.313049
0 1608354172 1055.047485 717.105469
0 1524835303 579.973083 715.652344
0 1478251232 1409.893311 799.369019
0 1524812273 557.792786 701.656860
0 1706512175 842.327026 711.911499
0 1438986622 952.180908 683.005005
0 1478211180 1444.107178 764.259094
0 1524823286 374.365845 712.594910
0 1478223195 1359.350952 769.724915
0 1478244223 1413.143555 761.864685
0 1438987623 1009.900146 708.165405
0 1478193157 1404.034912 749.655518
0 1478198164 1465.000977 790.469543
0 1524862339 439.730042 717.652039
0 1478236212 1306.337769 731.081726
0 1478240217 1313.152710 742.628662
0 1478214183 1496.121826 774.225830
0 1578521678 914.777832 747.904175
0 1524844314 516.260986 675.450928
0 1524848320 493.617310 735.280273
0 1524806265 495.310181 696.824524
0 1524787243 444.892914 681.179932
0 1478241219 1365.649902 735.666809
0 1524799256 526.550354 699.240601
0 1478190154 1328.848022 722.255066
0 1478226198 1384.638184 742.586792
0 1478208176 1454.633301 742.545776
0 1478214184 1308.292358 759.699402
0 2084722944 995.149048 712.474609
0 1578522679 918.029846 723.576721
0 1524825289 347.652527 691.474487
0 1774531078 899.629395 740.378662
0 1525674169 903.503296 716.641968
0 1478197162 1525.240967 759.026917
0 1524815276 547.067871 694.889587
0 1768901071 937.444824 686.882568
0 1578526684 949.815430 714.536011
0 1478182144 1485.980591 779.519104
0 1524853326 526.083374 665.430359
0 1478218189 1282.862793 740.286682
0 1578513667 979.887878 728.360291
0 1438983618 1010.820374 730.752319
0 1478224196 1343.444580 744.970764
0 1478247227 1527.434692 776.647583
0 1524792248 433.794678 759.581299
0 1524795252 356.354858 698.354797
0 1524808267 472.415863 720.180847
0 1478191155 1357.894287 724.500122
0 1524856330 414.336273 678.817139
0 1478236211 1388.628174 791.066101
0 1478258242 1546.379883 766.352356
0 1478212181 1335.992920 733.374146
0 1478185147 1351.223267 757.076294
0 1568502645 963.001343 758.136353
0 1568508652 995.284058 723.738892
0 1438984619 1072.691650 735.536987
0 1659977623 964.422546 727.164368
0 1478209177 1497.389038 792.975098
0 1438982617 948.957764 725.968445
0 1524805264 470.733704 740.481506
0 1771287074 962.385498 771.555176
0 2087111947 965.696045 699.412109
0 1524817279 546.175903 677.763733
0 1524795251 475.451752 683.542908
0 1478230204 1393.226929 754.509766
0 1478230203 1515.744995 763.983459
0 1524847318 416.753967 722.524353
0 1578516671 1012.362549 768.609863
0 1568513659 934.094727 719.007385
0 1578529687 946.143127 763.486145
0 1524819282 506.012756 685.906006
0 1478253235 1354.664917 740.269470
0 1524836304 452.177002 705.766968
0 1478243221 1506.040894 769.048584
0 1568501644 1089.261475 742.759888
0 1438998637 913.037231 760.924500
0 1524816278 527.083862 737.870056
0 1705773174 875.377075 703.214844
0 1524845316 370.372192 687.161987
0 1524842312 392.594696 682.943970
0 1568507651 839.076782 723.410950
0 1438999638 980.445679 695.325928
0 1478252233 1327.699341 767.276794
0 1438993630 922.406067 690.839844
0 1478237214 1397.263916 722.420776
0 1524857332 388.584595 748.581909
0 1478248228 1382.182373 759.470398
0 1478225197 1350.451416 713.783936
0 1524859335 432.836670 691.992920
0 1524832298 464.072266 694.408630
0 1478200166 1371.201904 705.647217
0 1478250231 1400.232300 785.458984
0 1478245225 1415.992554 728.990723
0 1438995633 859.029053 707.516602
0 1524804263 449.821716 725.083008
0 1524839308 442.398285 698.802612
0 1524849321 559.125366 720.390808
0 1568512658 872.914062 714.276611
0 1568514661 931.608154 742.852234
0 1478231205 1443.037476 801.933533
0 1773608077 935.258850 707.844421
0 1438977615 1011.824890 755.411743
0 1524834301 436.869354 737.860718
0 1607644171 1057.980469 740.340698
0 1524800258 401.603271 689.577393
0 1568504647 966.169189 689.102600
0 1568500642 964.150879 733.084045
0 1478256239 1402.196899 766.961853
0 1524815277 504.600739 743.102539
0 1568503646 995.888550 774.147705
0 1478220191 1435.111694 735.697632
0 1478207174 1454.319824 777.070312
0 1524841311 378.748322 740.503601
0 1478213182 1405.758301 733.428589
0 1524813274 482.892029 727.641785
0 1568516663 995.019592 701.678833
0 1578517672 980.616638 685.202515
0 1578527685 1074.570312 747.698364
0 1478240218 1391.004883 772.173218
0 1478215185 1368.510742 720.198486
0 1524838307 481.571777 748.462097
0 1478197163 1422.661133 774.621704
0 1478221192 1379.559448 777.502563
0 1524819281 423.484924 685.332703
0 2086284946 932.878967 730.665466
0 1524824288 577.969177 697.279236
0 1524802260 409.003235 765.351074
0 1478226199 1423.853149 756.877991
0 1578518673 1039.534668 710.456360
0 1438981616 891.382202 699.003357
0 1478238215 1339.759644 717.976379
0 1609135173 930.278198 755.604614
0 1524837305 423.279327 751.267517
0 1524793249 505.104156 722.709839
0 1568515662 928.885193 768.962769
0 1568516664 867.653076 737.905212
0 1438991628 882.433594 745.401978
0 1478249230 1317.709839 726.622498
0 1438996634 919.551208 712.196106
0 1578519675 1070.893799 723.897644
0 1524829295 383.688751 719.965942
0 1524864341 460.153412 732.690735
0 1478255238 1407.377319 718.183228
0 1438993631 945.114746 777.194580
0 1524788244 515.964844 730.200806
0 1772785076 994.895325 691.322754
0 1524828293 516.168762 692.500122
0 1478203171 1445.044800 731.236267
0 1524798255 465.842468 677.116089
0 1478199165 1414.613403 744.904175
0 1578528686 948.061646 737.913513
0 1478192156 1444.590942 747.221802
0 1478228201 1432.615479 787.964233
0 1772037075 870.341919 725.828918
0 1578515670 979.473511 752.909058
0 1524851323 462.180267 712.891113
0 1478218188 1484.298462 744.838989
0 1478202169 1370.893066 764.540894
0 1478254236 1504.551880 751.857544
0 1478246226 1389.108643 711.852539
0 1524809269 407.046722 715.123352
0 1524822285 486.348206 673.138306
0 1524841310 591.445251 722.891052
0 1478235210 1537.011108 771.443542
0 1578515669 1103.630737 737.929504
0 1524854328 429.870056 710.391663
0 0 775.727905 890.901611
0 1 1240.817993 692.135315
0 2 655.116028 719.784363
0 3 538.384033 763.987061
0 4 906.487732 875.895996
0 5 1466.442749 696.129028
0 6 502.047607 731.460999
0 7 1204.757324 895.985779
0 8 1239.492432 869.579102
0 9 945.833130 566.105835
0 10 1153.070923 920.804199
0 11 1130.433594 570.156067
0 12 492.123474 630.823059
0 13 1336.936890 645.981995
0 14 571.176270 624.353821
0 15 1360.166504 857.783447
0 16 1388.405640 737.586975
0 17 683.625305 602.287292
0 18 1401.354614 718.402100
0 19 742.737244 655.992859
0 20 904.216064 563.779358
0 21 809.746277 859.722107
0 22 759.794495 591.351074
0 23 435.948578 659.610901
0 24 616.859375 600.442749
0 25 828.145142 634.237915
0 26 787.451904 644.687561
0 27 980.480347 563.125610
0 28 1174.915283 583.483887
0 29 880.691711 611.721008
0 30 1101.847412 953.870300
0 31 1432.579346 676.837708
0 32 1126.916992 1005.241699
0 33 890.696533 625.929077
0 34 1324.807373 883.607666
0 35 1066.114380 560.216431
0 36 1169.788818 689.287781
0 37 1289.942139 912.673096
0 38 1308.538818 690.265686
0 39 1235.861816 941.925537
