0 1578512666 917.569397 617.930664
0 1524823287 1050.017334 417.382507
0 1478234209 233.583755 816.143005
0 1707269176 723.243225 618.808228
0 1438989626 925.390930 558.512390
0 1524801259 1062.198853 467.504578
0 1438992629 881.218811 581.010437
0 1478227200 213.809219 942.385010
0 1524854327 1000.444214 466.513916
0 1478249229 219.118469 1034.400513
0 1524807266 1195.735962 485.485565
0 1524863340 1110.382568 425.276581
0 1524831297 1182.645020 469.436829
0 1478229202 259.381256 940.379211
0 1568509654 855.230591 580.998718
0 1524790246 1115.464966 432.070648
0 1578523681 695.661072 569.121460
0 1478207175 135.971664 1006.246155
0 1524861337 993.754700 416.094971
0 1478210178 91.267036 919.693237
0 1524862338 1155.002075 484.922272
0 1478186149 182.312515 915.995605
0 1524797254 1170.240601 454.229553
0 1578518674 751.624084 618.680054
0 1438985621 722.527954 580.938843
0 1524857331 1035.430420 423.628815
0 1478203170 73.958885 948.540588
0 1438994632 893.706238 631.298645
0 1578520676 903.746704 569.536377
0 1478237213 474.426971 788.200134
0 1568511657 865.868164 631.473938
0 1775370079 944.524536 617.808960
0 1478195160 165.360947 796.201416
0 1568510655 921.337891 631.124695
0 1478257240 430.614288 810.515137
0 1578521677 811.437866 645.731995
0 1524794250 1001.076599 429.661621
0 1524812272 1037.231079 459.352753
0 1769859072 835.513062 618.301208
0 1578525683 910.420593 592.902344
0 1770636073 782.438538 645.968079
0 1524846317 1134.184326 432.464874
0 1524833300 1057.436279 459.698303
0 1568511656 695.892761 557.712646
0 1438985620 776.169128 580.963074
0 1478185148 151.997971 818.473450
0 1707993177 724.328186 676.260010
0 1478189152 468.877716 809.422119
0 1524791247 1096.648315 431.674377
0 1524830296 1120.677979 439.039215
0 2088218948 777.335327 593.054810
0 1524827292 1054.313599 424.043945
0 1606348170 722.757996 593.117371
0 1524855329 1093.023560 484.065277
0 1478183145 511.426270 787.242249
0 1438990627 837.821350 631.650452
0 1524840309 1016.449097 423.211517
0 1478222194 376.081360 857.795349
0 1709860179 962.459229 673.389832
0 1478188151 393.083984 934.494263
0 1438988624 778.543030 605.576965
0 1478243222 421.243011 991.590393
0 1524843313 1123.708740 419.068848
0 1524844315 1176.360352 461.732239
0 1524858333 1087.050049 418.229950
0 1524811271 1113.801392 484.352600
0 1524859334 1068.580811 417.807312
0 1478216186 391.977478 811.618652
0 1524851324 981.659058 429.252686
0 1524814275 1046.353516 475.217468
0 1578514668 753.215149 646.205994
0 1478184146 423.837860 832.900635
0 1524829294 1101.632935 438.656219
0 1478176143 443.786926 905.376221
0 1524860336 1051.107910 483.485687
0 1478222193 293.113251 967.747375
0 1438997636 829.060852 580.986877
0 1478194158 456.954102 855.021423
0 1478201168 152.298096 974.449829
0 1478187150 180.057877 840.546692
0 1478205172 167.720734 944.413696
0 1524838306 1142.941284 468.799896
0 1568514660 694.372864 632.553467
0 1524865342 1008.704895 482.899353
0 2085418945 845.282898 674.802185
0 1524808268 1041.729736 467.176208
0 1478200167 239.670944 887.440979
0 1478194159 199.780426 972.189758
0 1568501643 752.404907 632.188171
0 1478239216 501.895813 830.452393
0 1524820283 1016.913391 459.005249
0 1438989625 783.836548 660.463562
0 1568505649 750.871155 605.654480
0 1478255237 205.314804 795.166992
0 1524804262 1029.967773 483.193359
0 1568506650 754.056641 660.763123
0 1478217187 322.868744 792.123718
0 1568505648 813.383850 660.166321
0 1568497640 694.915955 605.811157
0 1578511665 694.649414 618.937317
0 1478258241 209.258545 863.517273
0 1524796253 1117.387329 460.723602
0 1478206173 184.934326 1003.730713
0 1524826291 1108.222290 476.142487
0 1578529688 874.924194 674.444885
0 1478233207 123.201073 866.468994
0 1708834178 779.794434 618.552856
0 1478189153 349.010254 936.434204
0 1568499641 913.932495 605.197754
0 1478245224 137.962051 841.866943
0 1524852325 1128.612915 476.447357
0 1478219190 466.872345 989.246216
0 1578525682 868.774597 645.265198
0 1478232206 384.332092 963.405579
0 1524818280 1052.800537 452.099976
0 1524850322 1169.051270 477.051941
0 1438996635 723.499329 632.370056
0 1524832299 1072.640137 452.459717
0 1478242220 152.136978 890.712952
0 1524789245 1141.899658 419.485107
0 1438999639 875.589050 558.338867
0 1478196161 262.967682 837.946228
0 1478252234 361.302734 791.128723
0 1524803261 1039.605957 430.473053
0 1478211179 317.154266 1028.972778
0 1578523680 925.245483 644.805420
0 1578530689 852.793518 569.434753
0 1568508653 799.620361 558.074097
0 1524826290 1189.101074 477.351685
0 1524847319 1131.516235 453.527374
0 1524810270 996.482605 458.655823
0 1524835302 1077.530151 460.041962
0 1524821284 1105.425781 418.650452
0 1524799257 1092.371826 452.817535
0 1478233208 367.521057 882.662109
0 1608354172 785.289185 675.525269
0 1524835303 1025.494873 474.905609
0 1478251232 244.880249 794.142761
0 1524812273 1067.093628 475.527557
0 1706512175 928.964294 569.586670
0 1438986622 957.723755 658.714417
0 1478211180 227.086456 914.177185
0 1524823286 1091.789062 424.867798
0 1478223195 352.961670 812.733093
0 1478244223 282.740417 885.831177
0 1438987623 842.701172 659.871460
0 1478193157 315.177094 910.599487
0 1478198164 166.456161 864.985352
0 1524862339 1063.239624 437.884094
0 1478236212 496.778198 853.655457
0 1478240217 463.060028 831.670471
0 1478214183 121.106972 946.465393
0 1578521678 801.138062 569.331787
0 1524844314 1148.888916 476.750488
0 1524848320 1008.785706 443.945587
0 1524806265 1097.513428 460.383698
0 1524787243 1150.930420 453.879395
0 1478241219 401.377045 907.098572
0 1524799256 1082.553589 467.831146
0 1478190154 485.746521 903.672058
0 1478226198 358.509552 908.839600
0 1478208176 233.316635 1001.245056
0 1478214184 437.076660 789.167114
0 2084722944 840.215698 645.497742
0 1578522679 857.752014 592.962646
0 1524825289 1147.285400 426.087830
0 1774531078 827.054504 569.383423
0 1525674169 884.179199 592.932373
0 1478197162 67.492935 1042.795044
0 1524815276 1087.716187 475.835907
0 1768901071 953.162354 644.578186
0 1578526684 863.065796 618.176758
0 1478182144 137.042206 917.834106
0 1524853326 1175.426758 485.204712
0 1478218189 506.773010 808.339722
0 1578513667 807.756714 618.426575
0 1438983618 781.092102 632.007568
0 1478224196 416.723877 856.401306
0 1478247227 55.653648 979.049805
0 1524792248 978.189453 422.370422
0 1524795252 1128.881104 425.683197
0 1524808267 1048.286743 444.701447
0 1478191155 436.674622 932.575623
0 1524856330 1164.278931 446.921051
0 1478236211 284.063110 793.128357
0 1478258242 15.686220 1045.663330
0 1478212181 450.537781 879.559082
0 1478185147 384.223511 834.143188
0 1568502645 749.443237 580.950989
0 1568508652 809.563477 631.828308
0 1438984619 724.041260 661.065063
0 1659977623 820.658875 611.855225
0 1478209177 107.657410 892.375488
0 1438982617 833.286377 605.423645
0 1524805264 1004.880859 436.710449
0 1771287074 722.305786 569.174622
0 2087111947 897.117065 645.034485
0 1524817279 1134.460449 484.638275
0 1524795251 1137.152466 461.061646
0 1478230204 325.354706 884.238281
0 1478230203 86.417976 1008.791992
0 1524847318 1058.719604 430.875580
0 1578516671 695.173157 593.148987
0 1568513659 860.362122 605.347839
0 1578529687 748.765564 569.227356
0 1524819282 1122.923950 468.478790
0 1478253235 409.246460 881.102478
0 1524836304 1087.364868 445.449249
0 1478243221 104.259102 976.736328
0 1568501644 693.787659 661.369385
0 1438998637 773.953003 557.984680
0 1524816278 992.627441 451.008850
0 1705773174 936.478088 592.872437
0 1524845316 1152.807129 432.857056
0 1524842312 1158.469727 439.799255
0 1568507651 900.573242 558.425964
0 1438999638 900.656616 659.288391
0 1478252233 399.370300 790.143250
0 1438993630 948.765503 630.952026
0 1478237214 375.082245 993.961914
0 1524857332 1012.605042 416.526367
0 1478248228 335.020142 859.203735
0 1478225197 473.507904 959.161011
0 1524859335 1126.026611 446.189087
0 1524832298 1111.996948 453.173431
0 1478200166 459.852722 1021.072449
0 1478250231 273.770538 814.995178
0 1478245225 328.380676 996.361206
0 1438995633 932.658020 581.033630
0 1524804263 1043.890137 437.494965
0 1524839308 1106.747314 445.820160
0 1524849321 1021.145081 466.845978
0 1568512658 907.027283 581.022095
0 1568514661 802.707703 580.975037
0 1478231205 192.994934 817.302368
0 1773608077 890.417175 618.053284
0 1438977615 722.996216 605.732544
0 1524834301 1020.391968 430.068390
0 1607644171 723.765137 646.445801
0 1524800258 1139.623535 439.420227
0 1568504647 929.299927 659.000305
0 1568500642 806.014038 605.500061
0 1478256239 293.533691 860.626648
0 1524815277 988.874390 443.564545
0 1568503646 695.421265 580.926636
0 1478220191 281.128754 998.788757
0 1478207174 196.138962 889.068237
0 1524841311 1031.359009 416.955505
0 1478213182 338.982452 965.564087
0 1524813274 1028.589478 444.324524
0 1568516663 871.791199 659.578796
0 1578517672 933.509644 673.738831
0 1578527685 694.085815 646.687378
0 1478240218 303.794525 836.665771
0 1478215185 429.171051 961.271362
0 1524838307 985.219604 436.315033
0 1478197163 251.615433 862.064453
0 1478221192 313.561249 813.858521
0 1524819281 1145.203613 446.556030
0 2086284946 831.136963 592.993164
0 1524824288 1072.126099 483.776306
0 1524802260 974.807190 415.661407
0 1478226199 271.371948 912.378601
0 1578518673 815.405518 675.162292
0 1438981616 940.431274 605.123596
0 1478238215 479.790100 930.677917
0 1609135173 775.042358 569.279724
0 1524837305 997.369080 422.792053
0 1524793249 1032.852539 451.738251
0 1568515662 748.110474 557.894592
0 1568516664 850.436584 558.251160
0 1438991628 825.114319 558.162903
0 1478249230 491.401794 878.031616
0 1438996634 887.243530 605.272583
0 1578519675 754.931091 675.891174
0 1524829295 1073.099609 424.456940
0 1524864341 1024.437500 437.103729
0 1478255238 365.290680 1026.307739
0 1438993631 722.091003 557.803894
0 1524788244 1012.795166 451.374542
0 1772785076 904.332153 674.090454
0 1524828293 1102.795044 468.155853
0 1478203171 268.433777 1031.670166
0 1524798255 1156.809937 461.397858
0 1478199165 304.445465 938.395691
0 1578528686 804.332092 593.023926
0 1478192156 246.715714 969.955750
0 1478228201 221.724274 839.239807
0 1772037075 878.356995 569.485718
0 1578515670 750.144653 593.085999
0 1524851323 1067.878174 445.076355
0 1478218188 169.197433 1037.164307
0 1478202169 344.211090 835.398132
0 1478254236 118.659477 1039.962280
0 1478246226 412.853455 1023.674500
0 1524809269 1077.733521 431.276031
0 1524822285 1162.848022 469.119263
0 1524841310 1004.516846 474.591949
0 1478235210 36.262642 1011.368713
0 1578515669 693.477722 676.631836
0 1524854328 1082.486938 438.271149
0 0 300.709290 766.966797
0 1 118.645386 678.218628
0 2 668.237488 711.182007
0 3 416.739868 522.565857
0 4 907.342468 692.493896
0 5 586.715942 1032.195435
0 6 752.347778 406.367950
0 7 1060.115723 518.481750
0 8 1037.737061 494.458466
0 9 1209.459839 476.043701
0 10 1057.912598 546.033447
0 11 951.937256 1055.852295
0 12 868.684448 413.667816
0 13 194.292130 1020.244934
0 14 806.088989 399.532715
0 15 712.826965 428.097351
0 16 952.403503 401.597107
0 17 974.022339 416.571747
0 18 1367.939087 634.304382
0 19 240.622040 681.105957
0 20 281.322998 855.021973
0 21 1027.261597 734.689941
0 22 505.889801 824.708069
0 23 536.497253 397.619202
0 24 1400.242188 676.864929
0 25 269.620483 537.320862
0 26 257.970123 574.069519
0 27 1459.649658 960.782532
0 28 1282.792358 574.040894
0 29 752.514648 760.869751
0 30 811.538452 699.313232
0 31 238.937012 818.385803
0 32 1114.250366 510.295441
0 33 421.988617 422.571289
0 34 922.858704 419.673676
0 35 274.626404 1073.215454
0 36 251.010788 617.441772
0 37 1115.563477 535.362549
0 38 1237.537231 502.151794
0 39 1029.960938 428.165955
