0 1578512666 987.029663 596.193909
0 1524823287 455.189240 706.299500
0 1478234209 1500.212524 613.961792
0 1707269176 1101.299194 628.775146
0 1438989626 895.759033 624.954407
0 1524801259 612.370605 656.555664
0 1438992629 957.437134 620.658997
0 1478227200 1527.586060 575.124084
0 1524854327 649.169556 672.813904
0 1478249229 1534.045654 552.540955
0 1524807266 582.532471 614.048523
0 1524863340 445.684448 680.494873
0 1524831297 545.673340 627.088013
0 1478229202 1506.179199 570.912476
0 1568509654 973.049011 625.474121
0 1524790246 466.979034 672.768555
0 1578523681 1058.925293 664.743347
0 1478207175 1567.742676 566.613892
0 1524861337 488.761993 725.530518
0 1478210178 1585.553223 595.189575
0 1524862338 604.163330 622.993835
0 1478186149 1540.034790 586.040955
0 1524797254 507.317261 640.656921
0 1578518674 1083.878418 623.807983
0 1438985621 1056.589111 651.240173
0 1524857331 488.426849 704.011780
0 1478203170 1594.706055 588.329468
0 1438994632 1016.674927 594.118835
0 1578520676 926.583008 622.807800
0 1478237213 1361.310547 592.532288
0 1568511657 1032.282349 598.457275
0 1775370079 972.061401 591.926086
0 1478195160 1536.623657 631.862488
0 1568510655 1001.391663 589.870544
0 1478257240 1392.592285 590.353760
0 1578521677 1078.549316 600.771301
0 1524794250 533.433167 707.929626
0 1524812272 604.720032 669.480835
0 1769859072 1033.880371 609.552246
0 1578525683 957.424500 609.228699
0 1770636073 1095.173706 605.278015
0 1524846317 456.762756 667.363098
0 1524833300 592.821411 664.040710
0 1568511656 1043.006104 672.911987
0 1438985620 1022.026733 640.580200
0 1478185148 1546.855591 624.193604
0 1707993177 1156.586426 600.995483
0 1478189152 1372.474854 585.940674
0 1524791247 477.426941 678.296570
0 1524830296 487.822510 665.205933
0 2088218948 1037.288452 633.214600
0 1524827292 477.365265 697.925598
0 1606348170 1071.822021 643.586243
0 1524855329 638.356079 637.133789
0 1478183145 1341.543213 588.097656
0 1438990627 1048.224487 602.888733
0 1524840309 499.754150 710.244019
0 1478222194 1434.428345 581.620361
0 1709860179 1027.862793 567.771790
0 1478188151 1444.645874 558.806274
0 1438988624 1052.223877 626.006470
0 1478243222 1444.562012 543.378601
0 1524843313 413.974213 682.690979
0 1524844315 526.688049 633.804260
0 1524858333 434.104126 694.221741
0 1524811271 626.715698 632.320129
0 1524859334 444.523071 700.189819
0 1478216186 1413.157837 594.865112
0 1524851324 545.451904 714.288757
0 1524814275 643.585144 654.387695
0 1578514668 1112.162720 609.883545
0 1478184146 1403.436523 583.781555
0 1524829294 498.392212 670.589844
0 1478176143 1414.901611 560.890869
0 1524860336 662.405090 647.079041
0 1478222193 1494.819702 560.649719
0 1438997636 989.009888 630.396912
0 1478194158 1394.120605 573.160461
0 1478201168 1558.699463 572.954468
0 1478187150 1533.406738 611.666260
0 1478205172 1549.465454 579.428711
0 1524838306 566.959595 636.492493
0 1568514660 1133.353394 626.551941
0 1524865342 687.536194 657.471741
0 2085418945 1089.546509 583.692505
0 1524808268 624.361206 661.853210
0 1478200167 1508.268066 588.250305
0 1478194159 1536.946045 568.764221
0 1568501643 1098.170166 616.772095
0 1478239216 1363.808838 575.279602
0 1524820283 616.892151 675.045959
0 1438989625 1108.903320 598.651855
0 1568505649 1069.277588 630.995972
0 1478255237 1512.880493 626.535889
0 1524804262 674.830872 652.217590
0 1568506650 1125.865234 603.137756
0 1478217187 1444.930664 611.291870
0 1568505648 1092.301758 594.261169
0 1568497640 1104.570068 641.321655
0 1578511665 1119.119141 633.856079
0 1478258241 1520.557251 599.697388
0 1524796253 558.676880 648.429626
0 1478206173 1546.114868 562.534302
0 1524826291 608.136475 639.241150
0 1578529688 1073.649292 579.589355
0 1478233207 1566.635498 609.368408
0 1708834178 1066.843262 618.950867
0 1478189153 1464.723267 562.756348
0 1568499641 972.376892 602.645386
0 1478245224 1556.856934 616.697510
0 1524852325 596.823425 634.407288
0 1478219190 1425.476196 539.778503
0 1578525682 1046.347900 592.041809
0 1478232206 1454.438599 552.871338
0 1524818280 572.848206 671.688110
0 1524850322 574.904724 625.041870
0 1438996635 1115.564697 621.607300
0 1524832299 561.313354 666.225952
0 1478242220 1553.038574 597.444641
0 1524789245 404.247314 677.119263
0 1438999639 925.922485 634.778503
0 1478196161 1488.109009 601.947815
0 1478252234 1423.312012 606.441833
0 1524803261 510.241974 695.659119
0 1478211179 1493.236816 545.001587
0 1578523680 1015.471436 583.671448
0 1578530689 957.450378 632.588806
0 1568508653 973.781799 650.365967
0 1524826290 564.284485 620.504028
0 1524847319 528.211975 650.551331
0 1524810270 629.347290 680.740479
0 1524835302 581.187073 658.721436
0 1524821284 423.923828 688.390320
0 1524799257 550.034607 660.885071
0 1478233208 1444.734741 575.202759
0 1608354172 1122.354370 592.160156
0 1524835303 655.932800 659.663574
0 1478251232 1489.696777 621.334778
0 1524812273 631.509094 649.227783
0 1706512175 911.649902 618.075928
0 1438986622 1014.315491 573.635925
0 1478211180 1518.028809 581.618042
0 1524823286 456.002655 686.171936
0 1478223195 1434.186523 599.478027
0 1478244223 1486.623291 583.805176
0 1438987623 1076.049072 589.962769
0 1478193157 1475.442139 573.058716
0 1478198164 1543.330811 604.477173
0 1524862339 520.259216 681.728455
0 1478236212 1374.604858 569.064453
0 1478240217 1383.409058 579.484802
0 1478214183 1571.833252 583.829407
0 1578521678 989.729004 642.816956
0 1524844314 585.748596 629.675232
0 1524848320 576.099182 691.118835
0 1524806265 569.808289 653.519043
0 1524787243 517.652405 645.550964
0 1478241219 1434.655396 564.861023
0 1524799256 600.643494 651.374451
0 1478190154 1395.556763 557.002686
0 1478226198 1454.830933 568.916077
0 1478208176 1524.944702 558.540955
0 1478214184 1381.517700 597.065674
0 2084722944 1062.277832 596.360168
0 1578522679 988.321594 618.508179
0 1524825289 425.733917 669.518127
0 1774531078 973.407349 637.645142
0 1525674169 972.705811 613.818237
0 1478197162 1598.569214 564.461487
0 1524815276 619.695679 644.180176
0 1768901071 1000.504639 579.614075
0 1578526684 1017.928711 605.004089
0 1478182144 1562.537231 590.563660
0 1524853326 593.236328 618.475037
0 1478218189 1352.790649 581.622681
0 1578513667 1050.181396 614.200073
0 1438983618 1081.156738 612.042847
0 1478224196 1414.057129 577.344849
0 1478247227 1603.663696 581.615662
0 1524792248 523.245300 723.168823
0 1524795252 435.597443 674.945007
0 1524808267 552.437073 679.503235
0 1478191155 1424.984009 554.937927
0 1524856330 487.549042 647.650208
0 1478236211 1467.052979 616.254883
0 1478258242 1621.017578 568.608704
0 1478212181 1404.615967 566.963745
0 1478185147 1423.905029 588.173035
0 1568502645 1039.108032 645.848511
0 1568508652 1064.512085 607.416199
0 1438984619 1143.198975 607.722168
0 1659977623 1034.704956 615.277954
0 1478209177 1576.198486 602.200867
0 1438982617 1019.236328 616.355164
0 1524805264 555.008301 699.428833
0 1771287074 1041.011963 659.067078
0 2087111947 1030.749268 587.813110
0 1524817279 615.320740 627.607788
0 1524795251 547.784668 643.449768
0 1478230204 1465.450562 579.457031
0 1478230203 1589.843384 570.782654
0 1524847318 499.049896 689.737305
0 1578516671 1089.695435 648.954224
0 1568513659 1003.278259 611.686279
0 1578529687 1023.517700 653.523682
0 1524819282 577.946045 641.346436
0 1478253235 1424.461304 571.039307
0 1524836304 529.836975 668.409058
0 1478243221 1580.933350 577.237244
0 1568501644 1160.917236 612.408142
0 1438998637 990.480896 655.804810
0 1524816278 609.079834 688.845093
0 1705773174 942.466919 604.736389
0 1524845316 446.770569 662.076172
0 1524842312 467.371094 654.788391
0 1568507651 910.674194 629.812195
0 1438999638 1044.546997 581.631348
0 1478252233 1402.179688 601.700928
0 1438993630 986.422668 585.709595
0 1478237214 1464.039307 547.052551
0 1524857332 477.299133 718.964417
0 1478248228 1455.248657 585.990234
0 1478225197 1415.696411 545.408630
0 1524859335 508.228912 657.801758
0 1524832298 539.003418 655.661438
0 1478200166 1435.069946 534.255432
0 1478250231 1477.696777 609.022705
0 1478245225 1483.920532 550.802673
0 1438995633 927.215881 611.338013
0 1524804263 531.573364 687.491638
0 1524839308 518.913086 663.046570
0 1524849321 636.624390 667.271301
0 1568512658 942.163086 615.948120
0 1568514661 1005.331665 635.431030
0 1478231205 1523.259033 619.017334
0 1773608077 1002.315430 600.552307
0 1438977615 1086.721802 636.099731
0 1524834301 521.699890 701.721497
0 1607644171 1129.528076 614.591187
0 1524800258 477.484650 659.940002
0 1568504647 1029.277222 577.592896
0 1568500642 1035.547485 621.127441
0 1478256239 1476.532959 590.457458
0 1524815277 588.352173 697.133667
0 1568503646 1074.484253 656.759460
0 1478220191 1504.217773 554.631348
0 1478207174 1530.400879 592.795654
0 1524841311 466.111450 712.555908
0 1478213182 1474.417725 556.719788
0 1524813274 564.130737 685.243591
0 1568516663 1060.134155 585.753784
0 1578517672 1042.817017 571.631531
0 1578527685 1147.282959 619.404358
0 1478240218 1466.225464 597.252808
0 1478215185 1434.868896 549.101685
0 1524838307 567.148438 705.612732
0 1478197163 1498.296997 595.025330
0 1478221192 1455.693970 604.195984
0 1524819281 497.776733 652.670959
0 2086284946 1004.282776 623.301819
0 1524824288 650.249756 642.052307
0 1524802260 500.510376 732.260132
0 1478226199 1496.503174 577.291687
0 1578518673 1105.778076 587.881836
0 1438981616 957.412292 598.267090
0 1478238215 1405.725098 551.148926
0 1609135173 1006.427979 648.108459
0 1524837305 511.356995 716.627869
0 1524793249 584.648010 677.275757
0 1568515662 1007.575012 661.372314
0 1568516664 941.515198 639.856995
0 1438991628 957.464233 645.051514
0 1478249230 1385.185425 562.973389
0 1438996634 987.662109 607.117371
0 1578519675 1139.286621 596.530396
0 1524829295 466.560120 691.980713
0 1524864341 543.153259 693.390137
0 1478255238 1473.454102 541.346802
0 1438993631 1025.078491 667.073059
0 1524788244 596.721985 682.993225
0 1772785076 1058.076050 575.569885
0 1524828293 589.171387 646.305969
0 1478203171 1513.429688 548.732178
0 1524798255 537.124207 638.575684
0 1478199165 1485.229736 566.790894
0 1578528686 1020.601074 628.202820
0 1478192156 1515.657715 564.663635
0 1478228201 1510.496826 606.751099
0 1772037075 941.846191 627.644226
0 1578515670 1054.357666 638.341125
0 1524851323 541.008789 673.893188
0 1478218188 1555.098145 556.430298
0 1478202169 1444.829468 592.662354
0 1478254236 1576.601196 560.402893
0 1478246226 1454.068970 537.765503
0 1524809269 488.114441 683.951355
0 1524822285 556.204407 631.740784
0 1524841310 668.561279 665.059509
0 1478235210 1612.432251 575.043579
0 1578515669 1174.265869 605.558594
0 1524854328 509.201721 676.095947
0 0 843.624878 503.146179
0 1 770.968201 731.266113
0 2 1029.433960 501.681976
0 3 1081.701904 441.300171
0 4 831.537537 562.711365
0 5 595.845093 689.273926
0 6 1142.149780 434.763275
0 7 910.849060 534.586060
0 8 697.093872 612.113708
0 9 1488.772339 496.059174
0 10 673.225830 652.810120
0 11 1364.423828 618.051880
0 12 1301.588257 467.214294
0 13 1013.098999 850.602783
0 14 1530.731201 511.613129
0 15 628.169556 646.343262
0 16 586.870789 671.579834
0 17 1397.708618 484.995789
0 18 610.617126 711.034973
0 19 1068.383545 505.881348
0 20 1507.937988 526.197937
0 21 1441.421753 572.371155
0 22 1496.429688 545.911255
0 23 774.091309 519.025574
0 24 877.697632 826.599670
0 25 1103.161743 516.738892
0 26 1152.161865 531.336121
0 27 1355.611206 594.562622
0 28 650.452393 676.627258
0 29 1548.123413 616.635986
0 30 887.422852 726.989441
0 31 1110.207886 801.154785
0 32 1152.233154 511.188324
0 33 1392.382812 571.949402
0 34 852.978699 535.056030
0 35 513.356750 624.957214
0 36 1478.267334 612.550903
0 37 1019.685425 516.375122
0 38 668.729553 699.284485
0 39 1089.384155 492.800476
