0 1578512666 974.278442 541.164978
0 1524823287 1357.265381 871.113281
0 1478234209 1053.000488 368.816711
0 1707269176 1073.849365 487.010895
0 1438989626 1055.750732 581.915039
0 1524801259 1159.440918 764.837402
0 1438992629 1046.071045 550.831421
0 1478227200 973.833496 358.518066
0 1524854327 1210.834595 722.007507
0 1478249229 924.008301 354.366058
0 1524807266 984.828186 836.920227
0 1524863340 1269.363647 914.867310
0 1524831297 1040.253052 864.164734
0 1478229202 962.676453 363.023834
0 1568509654 1060.740112 542.274109
0 1524790246 1235.680908 899.334351
0 1578523681 1161.008789 500.110962
0 1478207175 958.933960 348.501038
0 1524861337 1404.857544 817.466003
0 1478210178 1019.364990 348.192566
0 1524862338 1027.861572 803.497620
0 1478186149 998.030640 356.944794
0 1524797254 1099.299316 893.189392
0 1578518674 1060.564941 494.235931
0 1438985621 1129.147217 502.368561
0 1524857331 1340.214844 838.881104
0 1478203170 1006.198792 345.447449
0 1438994632 971.416260 527.152588
0 1578520676 1050.798096 566.011169
0 1478237213 999.732300 402.028625
0 1568511657 986.339722 519.213684
0 1775370079 958.695862 549.639954
0 1478195160 1088.241943 362.552917
0 1568510655 956.144470 535.276794
0 1478257240 997.029297 393.348816
0 1578521677 997.630798 498.664276
0 1524794250 1340.201294 792.408936
0 1524812272 1204.861694 761.162842
0 1769859072 1018.895996 516.898621
0 1578525683 1011.715759 553.320984
0 1770636073 1011.633667 491.373901
0 1524846317 1215.957642 919.511414
0 1524833300 1187.384888 776.283020
0 1568511656 1180.485596 505.407959
0 1438985620 1102.726685 517.781067
0 1478185148 1074.044922 359.592957
0 1707993177 1004.947815 467.875153
0 1478189152 985.216736 398.526306
0 1524791247 1254.686157 879.891785
0 1524830296 1203.094116 884.306885
0 2088218948 1083.769287 512.285461
0 1524827292 1323.450073 856.860901
0 1606348170 1110.349121 497.147858
0 1524855329 1087.303833 757.330627
0 1478183145 987.735535 407.379272
0 1438990627 1000.926697 511.453827
0 1524840309 1356.402100 821.520630
0 1478222194 980.433411 381.714691
0 1709860179 888.188965 526.193176
0 1478188151 928.031616 377.015076
0 1438988624 1065.192383 506.900177
0 1478243222 889.921997 375.533691
0 1524843313 1285.126709 952.429993
0 1524844315 1069.301758 878.443848
0 1524858333 1322.553101 910.242065
0 1524811271 1068.126953 772.224731
0 1524859334 1340.229736 890.316467
0 1478216186 1008.628479 388.264954
0 1524851324 1355.620605 776.634888
0 1524814275 1150.133423 739.364746
0 1578514668 1025.334106 484.241028
0 1478184146 982.784058 389.976562
0 1524829294 1222.379395 865.444092
0 1478176143 929.463135 385.074158
0 1524860336 1123.892822 728.913330
0 1478222193 938.217468 364.617615
0 1438997636 1075.064453 533.917969
0 1478194158 956.889282 391.691498
0 1478201168 971.772339 351.273743
0 1478187150 1049.592285 361.189850
0 1478205172 984.803101 354.088013
0 1524838306 1082.703247 828.788147
0 1568514660 1069.189941 475.139404
0 1524865342 1158.303467 702.187622
0 2085418945 949.124451 495.757477
0 1524808268 1177.112549 750.110413
0 1478200167 1000.550781 364.392578
0 1478194159 960.775452 355.646912
0 1568501643 1042.778076 489.189819
0 1478239216 958.872681 400.279663
0 1524820283 1221.788208 746.518677
0 1438989625 994.469849 486.398224
0 1568505649 1078.704956 499.382202
0 1478255237 1077.853394 367.186249
0 1524804262 1141.357910 715.348572
0 1568506650 1008.223145 479.386658
0 1478217187 1045.571655 381.584015
0 1568505648 980.415894 493.563110
0 1568497640 1104.847778 484.837097
0 1578511665 1086.847412 479.941620
0 1478258241 1025.094238 362.789734
0 1524796253 1131.370361 824.744568
0 1478206173 947.911865 352.818481
0 1524826291 1094.840088 783.818237
0 1578529688 934.396362 503.113770
0 1478233207 1046.292969 353.806824
0 1708834178 1046.984741 501.621887
0 1478189153 939.780640 372.270233
0 1568499641 992.797974 547.178284
0 1478245224 1060.063599 356.677917
0 1524852325 1075.186401 799.618958
0 1478219190 877.712769 380.316132
0 1578525682 968.676453 513.738953
0 1478232206 914.874695 373.900452
0 1524818280 1216.151367 788.065613
0 1524850322 1033.856201 832.846680
0 1438996635 1056.126465 482.088806
0 1524832299 1198.309326 804.116943
0 1478242220 1022.183777 355.374390
0 1524789245 1265.294434 974.785583
0 1438999639 1085.855347 563.450134
0 1478196161 1028.100830 370.450195
0 1478252234 1034.422363 386.556671
0 1524803261 1307.766235 825.590393
0 1478211179 900.976135 363.255219
0 1578523680 938.384338 529.510071
0 1578530689 1080.337280 548.348267
0 1568508653 1128.334839 537.394958
0 1524826290 1012.109192 850.330322
0 1524847319 1141.001709 855.672668
0 1524810270 1238.189819 732.328552
0 1524835302 1169.330566 791.903015
0 1524821284 1304.198730 930.931580
0 1524799257 1179.858521 820.715881
0 1478233208 966.669067 378.516968
0 1608354172 977.634094 481.517670
0 1524835303 1167.435425 725.454651
0 1478251232 1067.282104 371.901123
0 1524812273 1132.284668 753.714417
0 1706512175 1035.476196 575.172852
0 1438986622 905.270081 531.873413
0 1478211180 987.090454 361.432953
0 1524823286 1288.059570 894.816406
0 1478223195 1020.019653 383.272186
0 1478244223 989.452881 369.019012
0 1438987623 966.051270 500.886414
0 1478193157 964.640015 370.643127
0 1478198164 1035.783813 358.260010
0 1524862339 1258.949219 829.675293
0 1478236212 944.794434 396.816711
0 1478240217 970.937561 395.081055
0 1478214183 995.589966 349.731781
0 1578521678 1108.489990 531.514465
0 1524844314 1054.869751 815.952637
0 1524848320 1279.283325 768.800537
0 1524806265 1150.669312 808.047913
0 1524787243 1120.525391 874.093750
0 1478241219 941.395996 380.178802
0 1524799256 1141.193726 780.044006
0 1478190154 917.315735 390.057587
0 1478226198 953.119751 375.369202
0 1478208176 936.704163 357.208649
0 1478214184 1011.508362 396.776459
0 2084722944 983.315308 506.117462
0 1578522679 1041.554321 536.327515
0 1524825289 1229.774658 957.325562
0 1774531078 1094.580688 539.831421
0 1525674169 1026.812622 544.723083
0 1478197162 957.149292 341.575470
0 1524815276 1113.862915 768.524658
0 1768901071 922.707336 537.672058
0 1578526684 1004.366211 524.800964
0 1478182144 1008.787292 352.531982
0 1524853326 1006.708374 819.926636
0 1478218189 973.184387 403.800018
0 1578513667 1033.098511 509.174194
0 1438983618 1029.135376 496.447479
0 1478224196 968.767090 386.658325
0 1478247227 993.225037 342.742584
0 1524792248 1387.159180 788.534302
0 1524795252 1249.949463 935.688660
0 1524808267 1245.777344 800.200195
0 1478191155 916.074768 381.843811
0 1524856330 1130.293213 908.424683
0 1478236211 1056.523193 376.699585
0 1478258242 967.839111 337.449768
0 1478212181 943.066284 388.356293
0 1478185147 994.418091 384.963623
0 1568502645 1116.086914 509.987366
0 1568508652 1015.188232 503.866974
0 1438984619 1021.685120 472.523560
0 1659977623 1035.144165 515.743164
0 1478209177 1032.728271 350.978668
0 1438982617 1037.234375 522.455261
0 1524805264 1309.295654 780.431580
0 1771287074 1148.325562 507.694885
0 2087111947 953.703369 521.534424
0 1524817279 1048.323242 787.605652
0 1524795251 1111.400269 842.021851
0 1478230204 978.160645 373.726440
0 1478230203 969.775208 344.254395
0 1524847318 1290.694336 843.055176
0 1578516671 1123.200928 489.828552
0 1568513659 1022.767212 530.504395
0 1578529687 1135.351562 515.452698
0 1524819282 1102.856445 811.993103
0 1478253235 954.972778 383.392822
0 1524836304 1209.949829 833.775452
0 1478243221 982.587402 346.972870
0 1568501644 1034.865234 465.804199
0 1438998637 1141.830933 529.117126
0 1524816278 1266.312500 742.939148
0 1705773174 996.250671 562.128540
0 1524845316 1195.475098 940.465332
0 1524842312 1162.333862 924.174438
0 1568507651 1070.990356 572.567627
0 1438999638 936.347717 516.029602
0 1478252233 1023.069885 391.619965
0 1438993630 940.511963 543.592896
0 1478237214 901.920349 370.833801
0 1524857332 1389.548462 834.722717
0 1478248228 991.893982 376.858276
0 1478225197 890.705200 383.511993
0 1524859335 1171.550903 869.760559
0 1524832298 1160.767212 837.890991
0 1478200166 864.922363 377.170013
0 1478250231 1042.200439 373.550385
0 1478245225 913.713440 366.214325
0 1438995633 1015.647705 568.578918
0 1524804263 1276.301758 812.702759
0 1524839308 1191.088867 851.450867
0 1524849321 1194.235229 735.840820
0 1568512658 1031.044556 559.597107
0 1568514661 1089.056274 525.755798
0 1478231205 1063.613770 364.164917
0 1773608077 989.497742 532.887634
0 1438977615 1091.920166 492.029602
0 1524834301 1324.259033 808.718201
0 1607644171 1038.741699 477.260590
0 1524800258 1183.092651 903.870483
0 1568504647 920.986511 523.860962
0 1568500642 1051.372437 514.589172
0 1478256239 1003.154297 372.086792
0 1524815277 1295.234985 753.851562
0 1568503646 1141.917847 494.918854
0 1478220191 925.306396 361.673279
0 1478207174 1011.459473 359.845032
0 1524841311 1373.694458 852.594055
0 1478213182 926.646790 369.218994
0 1524813274 1262.806152 784.241821
0 1568516663 951.365479 508.373383
0 1578517672 903.940063 518.325928
0 1578527685 1051.865601 470.427765
0 1478240218 1017.071106 375.202759
0 1478215185 902.895996 378.664032
0 1524838307 1324.992310 765.078857
0 1478197163 1014.219238 367.397980
0 1478221192 1031.208618 378.368103
0 1524819281 1151.298950 888.739380
0 2086284946 1055.953247 528.127075
0 1524824288 1105.883301 742.900574
0 1524802260 1419.649048 800.792603
0 1478226199 975.961792 365.998413
0 1578518673 963.533569 488.560486
0 1438981616 977.271179 555.817017
0 1478238215 903.904541 386.758759
0 1609135173 1122.076538 523.390442
0 1524837305 1372.041138 804.748108
0 1524793249 1233.414429 772.535217
0 1568515662 1155.014282 521.030945
0 1568516664 1100.359131 554.554077
0 1438991628 1114.514893 545.871582
0 1478249230 930.943909 393.409790
0 1438996634 1007.959106 538.743164
0 1578519675 991.435669 474.624115
0 1524829295 1306.076172 875.493958
0 1524864341 1293.074463 796.297546
0 1478255238 889.164124 367.814026
0 1438993631 1167.895752 513.130005
0 1524788244 1250.126099 757.500916
0 1772785076 919.338623 510.634735
0 1524828293 1122.342407 795.754150
0 1478203171 912.589233 358.773224
0 1524798255 1090.723511 859.910583
0 1478199165 951.327148 367.607239
0 1578528686 1070.021118 520.115234
0 1478192156 949.592102 360.094238
0 1478228201 1038.939575 365.779938
0 1772037075 1065.747314 557.072327
0 1578515670 1097.208618 504.631622
0 1524851323 1228.168579 816.701965
0 1478218188 935.238281 350.031891
0 1478202169 1005.845276 380.039825
0 1478254236 946.283752 345.768951
0 1478246226 877.147949 372.451599
0 1524809269 1273.012085 861.144226
0 1524822285 1061.847900 846.168274
0 1524841310 1184.215454 711.964233
0 1478235210 980.439941 340.076904
0 1578515669 1018.179443 461.266266
0 1524854328 1240.985962 847.245056
0 0 1255.280518 752.524475
0 1 1346.145996 371.672668
0 2 1216.632812 364.177429
0 3 1096.810059 840.498718
0 4 1025.146729 365.832977
0 5 1531.120850 529.741028
0 6 666.956726 632.047485
0 7 933.729370 418.014221
0 8 744.010559 506.291229
0 9 637.309082 402.772247
0 10 1006.160767 385.632996
0 11 1494.250854 437.178192
0 12 516.462585 514.984680
0 13 1397.687256 685.261047
0 14 448.939789 483.792542
0 15 1197.719116 706.859314
0 16 1311.186890 707.769043
0 17 576.329590 417.840637
0 18 1265.783203 395.387543
0 19 1422.344482 513.318604
0 20 691.945068 391.304871
0 21 877.792419 418.429108
0 22 815.193420 352.103821
0 23 469.735748 531.275085
0 24 1414.021362 424.853058
0 25 1360.713379 576.416321
0 26 1530.480957 426.199615
0 27 1521.128296 457.471985
0 28 876.200928 331.560730
0 29 1090.685059 329.216644
0 30 1125.139771 343.164307
0 31 1425.720459 629.928772
0 32 798.443970 576.793762
0 33 1244.029541 634.034058
0 34 1157.710938 672.828369
0 35 1486.485840 550.674683
0 36 1078.740112 349.711761
0 37 761.631042 547.757385
0 38 767.504089 359.606384
0 39 1001.877808 627.188599
