0 1578512666 1013.467041 630.790649
0 1524823287 1107.751709 417.598022
0 1478234209 390.550354 909.294067
0 1707269176 824.222290 657.457642
0 1438989626 1010.510010 572.036194
0 1524801259 1128.772949 464.738098
0 1438992629 971.286743 599.827637
0 1478227200 393.904480 1032.016602
0 1524854327 1067.737427 472.336792
0 1524807266 1264.359131 463.711121
0 1524863340 1168.807983 416.823944
0 1524831297 1248.442871 449.839722
0 1478229202 436.620178 1024.637451
0 1568509654 945.892517 603.305054
0 1524790246 1175.061768 422.741211
0 1578523681 788.699280 613.153137
0 1524861337 1052.123779 424.220825
0 1478210178 274.705505 1025.092163
0 1524862338 1223.776123 468.835114
0 1478186149 359.607239 1010.659424
0 1524797254 1233.372803 436.705872
0 1578518674 851.730469 653.581421
0 1438985621 816.808044 620.981506
0 1524857331 1094.492798 425.724731
0 1478203170 263.497528 1054.544678
0 1438994632 992.483154 646.949951
0 1578520676 991.278625 585.662476
0 1478237213 614.549744 852.592407
0 1568511657 965.287537 650.820984
0 1775370079 1039.883667 627.068176
0 1478195160 322.797241 898.716064
0 1568510655 1019.520020 643.101624
0 1478257240 576.603516 879.479004
0 1578521677 914.716309 671.845581
0 1524794250 1061.754395 436.395233
0 1524812272 1102.678467 460.264069
0 1769859072 933.300354 642.087158
0 1578525683 1001.989197 607.446106
0 1770636073 886.526794 675.899780
0 1524846317 1193.675171 420.498199
0 1524833300 1122.669800 457.792145
0 1568511656 786.900757 602.114197
0 1438985620 868.869080 613.852417
0 1478185148 314.110352 921.543640
0 1707993177 835.472839 712.806702
0 1478189152 612.975098 873.650452
0 1524791247 1156.371460 424.993469
0 1524830296 1181.478027 428.812317
0 2088218948 872.152893 625.391479
0 1524827292 1113.185303 423.485901
0 1606348170 819.192322 632.711365
0 1524855329 1162.209839 476.608459
0 1478183145 649.817871 847.016724
0 1438990627 937.931702 654.714783
0 1524840309 1075.723633 427.972687
0 1478222194 532.920654 931.521790
0 1709860179 1067.450928 678.715698
0 1478188151 562.575073 1002.878479
0 1438988624 875.554016 637.342346
0 1478243222 599.474365 1054.195801
0 1524843313 1180.884155 408.891174
0 1524844315 1240.806274 443.184326
0 1524858333 1144.464722 413.227142
0 1524811271 1182.825073 474.005585
0 1524859334 1126.145142 415.408173
0 1478216186 539.956543 885.351685
0 1524851324 1042.594238 438.704132
0 1524814275 1114.521973 474.452179
0 1578514668 858.166565 679.978516
0 1478184146 574.068787 901.775818
0 1524829294 1162.557617 431.106567
0 1478176143 605.860168 968.797852
0 1524860336 1120.697144 481.849792
0 1478222193 473.354828 1046.722046
0 1438997636 920.358948 606.801575
0 1478194158 609.592957 918.879761
0 1478201168 341.529968 1069.878174
0 1478187150 344.344177 939.108765
0 1478205172 350.815460 1039.460327
0 1524838306 1208.903198 454.762238
0 1568514660 798.699402 674.532837
0 1524865342 1078.803467 487.139252
0 2085418945 952.908081 695.548706
0 1524808268 1108.518066 467.259735
0 1478200167 408.740295 976.521545
0 1478194159 385.864716 1062.090454
0 1568501643 854.888794 666.534973
0 1478239216 648.294800 889.713257
0 1524820283 1082.599609 462.746887
0 1438989625 890.465637 689.740479
0 1568505649 848.685242 641.091614
0 1478255237 360.228516 892.798523
0 1524804262 1099.798340 484.488464
0 1568506650 861.570740 693.940552
0 1478217187 470.848236 875.310425
0 1568505648 919.183228 685.566101
0 1568497640 794.483337 648.654968
0 1578511665 796.552734 661.356628
0 1478258241 375.859711 957.418640
0 1524796253 1182.122559 450.440674
0 1524826291 1175.823486 466.767151
0 1578529688 981.810730 691.301208
0 1478233207 295.410492 970.683411
0 1708834178 879.078674 649.727722
0 1478189153 520.950806 1010.069153
0 1568499641 1007.627075 618.913025
0 1478245224 304.992401 945.503906
0 1524852325 1196.074951 464.228333
0 1478219190 642.703247 1046.469604
0 1578525682 970.589355 663.809998
0 1478232206 559.307190 1031.623779
0 1524818280 1116.730835 451.033203
0 1524850322 1236.307983 459.184540
0 1438996635 826.877869 670.521973
0 1524832299 1136.380127 448.619659
0 1478242220 326.807922 990.234985
0 1524789245 1198.984863 406.736206
0 1438999639 961.736755 578.596680
0 1478196161 422.121094 926.469055
0 1478252234 507.173828 869.567627
0 1524803261 1099.836426 431.806183
0 1578523680 1025.797974 655.869934
0 1578530689 941.451172 592.424255
0 1568508653 887.604187 588.568420
0 1524826290 1256.290894 456.679413
0 1524847319 1194.824463 441.440857
0 1524810270 1062.432373 465.240601
0 1524835302 1142.573730 455.330963
0 1524821284 1162.710938 411.054840
0 1524799257 1155.945190 446.216461
0 1478233208 529.133972 956.370667
0 1608354172 894.558777 704.123596
0 1524835303 1093.903809 477.036987
0 1478251232 397.378693 886.925354
0 1524812273 1135.047607 471.878998
0 1706512175 1015.992981 582.308655
0 1438986622 1060.168823 665.072754
0 1478211180 401.518707 1003.534729
0 1524823286 1150.342529 419.035583
0 1478223195 503.031006 891.268982
0 1478244223 449.201355 969.749390
0 1438987623 947.725220 681.417358
0 1478193157 484.285309 989.464905
0 1478198164 335.798218 964.024109
0 1524862339 1124.479248 435.723907
0 1478236212 647.477234 912.633240
0 1478240217 611.324646 895.721313
0 1478214183 307.348114 1046.969360
0 1578521678 891.084656 599.259094
0 1524844314 1216.236206 461.700806
0 1524848320 1071.898804 449.219452
0 1524806265 1162.391113 452.880493
0 1524787243 1214.139771 439.068329
0 1478241219 565.672852 975.629456
0 1524799256 1148.938354 462.227600
0 1478190154 645.715515 962.022644
0 1478226198 525.149292 982.518250
0 1478214184 579.021606 858.209106
0 2084722944 942.736633 667.815796
0 1578522679 950.488281 614.564270
0 1524825289 1205.515259 412.427521
0 1774531078 916.335815 595.832458
0 1525674169 976.310242 610.995300
0 1524815276 1155.481201 469.317322
0 1768901071 1053.156616 651.935303
0 1578526684 960.176697 638.299927
0 1478182144 317.337708 1017.845032
0 1524853326 1244.113281 466.267334
0 1478218189 649.074158 867.865540
0 1578513667 906.268188 645.896362
0 1438983618 882.733765 662.571594
0 1478224196 571.408569 925.175720
0 1524792248 1037.953491 432.496460
0 1524795252 1187.198730 414.621277
0 1524808267 1110.949707 444.453888
0 1478191155 603.844849 995.749084
0 1524856330 1226.134277 430.397400
0 1478236211 434.250854 881.096130
0 1478212181 607.773743 943.208252
0 1478185147 536.523865 907.877319
0 1568502645 842.910583 617.407043
0 1568508652 910.414246 658.631531
0 1438984619 832.497009 698.166626
0 1659977623 917.668152 637.818909
0 1478209177 285.328278 997.177612
0 1438982617 928.833435 629.907776
0 1524805264 1066.759766 442.722931
0 1771287074 814.505005 609.651245
0 2087111947 998.275879 659.828125
0 1524817279 1203.346924 471.414520
0 1524795251 1201.768555 448.011414
0 1478230204 489.331238 963.032593
0 1524847318 1118.759277 429.525879
0 1578516671 792.487122 636.402466
0 1568513659 955.246765 626.222107
0 1578529687 840.170349 606.168335
0 1524819282 1189.002930 457.239746
0 1478253235 568.613464 949.762695
0 1524836304 1149.669800 439.728729
0 1478243221 296.795074 1077.736206
0 1568501644 803.242737 702.419006
0 1438998637 862.629700 591.927734
0 1524816278 1057.271240 458.336731
0 1705773174 1027.526367 603.916565
0 1524845316 1212.212524 418.264343
0 1524842312 1219.083252 424.252319
0 1568507651 986.187500 575.307800
0 1438999638 1004.288757 673.195374
0 1478252233 543.230591 863.867310
0 1438993630 1046.399414 639.275635
0 1478237214 555.854858 1061.991821
0 1524857332 1070.741455 422.004303
0 1478248228 494.125549 937.918457
0 1478225197 643.761963 1016.788513
0 1524859335 1188.063232 435.043396
0 1524832298 1175.426392 443.823517
0 1478200166 641.583557 1077.859253
0 1478250231 428.331116 903.239685
0 1478245225 511.839417 1069.858643
0 1438995633 1021.661926 592.929443
0 1524804263 1105.320190 438.047150
0 1524839308 1168.907104 437.381104
0 1524849321 1088.173096 469.792633
0 1568512658 996.542847 596.369141
0 1568514661 894.684875 610.317261
0 1478231205 352.477905 915.395142
0 1773608077 986.898438 634.534485
0 1438977615 821.662170 644.862427
0 1524834301 1080.834839 434.095947
0 1607644171 829.634094 684.082092
0 1524800258 1200.319580 426.527588
0 1568504647 1032.313477 669.121765
0 1568500642 902.269592 633.614502
0 1478256239 455.019531 944.366455
0 1524815277 1052.248047 451.617523
0 1568503646 790.560303 624.575806
0 1478220191 467.422546 1077.797119
0 1478207174 367.943848 983.349854
0 1524841311 1089.283936 419.796722
0 1478213182 516.520691 1039.139526
0 1524813274 1091.465820 446.831604
0 1568516663 976.093262 677.293823
0 1578517672 1039.080566 682.884949
0 1578527685 800.927795 688.210571
0 1478240218 460.553467 920.223389
0 1478215185 601.719360 1024.173706
0 1524838307 1047.357422 445.075653
0 1478197163 415.598846 950.866272
0 1478221192 465.823608 897.231506
0 1524819281 1207.138794 432.715515
0 2086284946 924.522278 618.153198
0 1524824288 1141.500732 479.223145
0 1524802260 1033.430542 426.446350
0 1478226199 443.076538 996.470154
0 1578518673 923.824707 699.822754
0 1438981616 1033.596558 615.289185
0 1478238215 644.764648 988.680115
0 1609135173 865.696533 602.704346
0 1524837305 1056.877319 430.229950
0 1524793249 1096.996582 453.457214
0 1568515662 837.521729 595.305054
0 1568516664 937.156616 581.903015
0 1438991628 912.446106 585.226868
0 1478249230 646.618591 936.706604
0 1438996634 981.510864 622.557251
0 1578519675 865.108765 708.451477
0 1524829295 1131.801758 421.256226
0 1524864341 1086.080566 440.380127
0 1438993631 812.279175 598.700439
0 1524788244 1077.176880 455.891693
0 1772785076 1010.534241 687.080017
0 1524828293 1169.014771 459.728180
0 1524798255 1221.329590 445.592651
0 1478199165 478.967346 1017.321899
0 1578528686 898.410889 621.762146
0 1478192156 429.804565 1054.371948
0 1478228201 383.385834 932.764038
0 1772037075 966.431702 589.034302
0 1578515670 845.747192 629.041077
0 1524851323 1130.350830 442.086304
0 1478202169 498.686584 914.026306
0 1524809269 1137.604126 427.254974
0 1524822285 1228.716309 452.295593
0 1524841310 1073.192261 479.633453
0 1578515669 805.649109 717.189575
0 1524854328 1143.558228 433.410431
0 0 687.914551 455.236542
0 1 809.609741 462.550232
0 2 1097.533936 447.930511
0 3 1059.438232 405.653137
0 4 877.451294 472.081116
0 5 564.620056 536.749939
0 6 459.459564 719.996338
0 7 532.102905 491.839478
0 8 442.311707 520.623718
0 9 1464.989868 568.429626
0 10 502.318909 509.477661
0 11 484.243469 612.800049
0 12 1477.204834 646.152466
0 13 562.459595 503.682343
0 14 1390.140381 567.066040
0 15 1307.170898 657.265625
0 16 520.118591 554.420532
0 17 1566.112671 741.043579
0 18 921.137573 435.223022
0 19 1183.045288 594.755371
0 21 372.416809 613.904602
0 23 1279.742188 437.757477
0 24 975.204407 426.197327
0 25 1203.642334 692.422668
0 26 1236.419434 654.749146
0 27 522.778748 740.101929
0 28 905.784241 1066.334595
0 29 433.348846 549.041809
0 30 934.375732 459.736786
0 31 548.103394 470.987610
0 32 573.970459 801.299072
0 33 862.896729 740.760315
0 34 1306.363525 700.560669
0 35 515.343628 527.821289
0 36 1234.656738 621.019165
0 37 462.790253 846.360474
0 38 1585.864868 995.607727
0 39 1112.668091 711.771729
