0 1578512666 919.079407 697.744690
0 1524823287 452.851379 558.539307
0 1707269176 894.825012 800.268921
0 1438989626 789.927307 676.139709
0 1524801259 599.372070 577.155151
0 1438992629 833.583374 704.971130
0 1524854327 575.702271 605.105957
0 1524807266 681.953003 530.979858
0 1524863340 501.258545 535.762207
0 1524831297 640.646545 528.415649
0 1568509654 828.831482 718.299072
0 1524790246 522.223511 537.080017
0 1578523681 764.629883 807.970154
0 1524861337 422.737762 584.935669
0 1524862338 670.187500 546.380981
0 1524797254 599.504822 525.861572
0 1578518674 898.721313 783.799194
0 1438985621 802.064880 793.373535
0 1524857331 465.299561 568.498108
0 1438994632 943.624451 712.671753
0 1578520676 811.326477 690.272217
0 1478237213 1232.688599 968.548950
0 1568511657 940.958191 726.219238
0 1775370079 922.042114 685.221191
0 1568510655 946.192261 699.624878
0 1478257240 1275.360107 996.730164
0 1578521677 964.646667 757.049072
0 1524794250 468.510651 587.934143
0 1524812272 568.917969 584.693848
0 1769859072 909.496887 738.250549
0 1578525683 865.063843 693.998779
0 1770636073 962.242004 772.349121
0 1524846317 530.275208 529.456848
0 1524833300 576.904724 575.704407
0 1568511656 733.335022 805.617615
0 1438985620 813.421692 761.520203
0 1707993177 1019.799927 809.559082
0 1478189152 1270.470581 971.612244
0 1524791247 513.933533 544.928772
0 1524830296 543.231323 538.400574
0 2088218948 843.016418 763.673706
0 1524827292 474.699982 559.940247
0 1606348170 832.893250 795.665161
0 1524855329 651.183960 571.256775
0 1478183145 1228.982056 944.790833
0 1438990627 938.187561 740.296631
0 1524840309 455.603790 577.324829
0 1478222194 1360.593140 1029.874634
0 1709860179 1028.949219 692.569946
0 1478188151 1471.366211 1012.850098
0 1438988624 872.695496 765.833313
0 1478243222 1538.757935 993.364990
0 1524843313 488.972626 526.876953
0 1524844315 620.055115 527.137329
0 1524858333 471.445251 542.240723
0 1524811271 657.710083 562.713928
0 1524859334 462.287598 550.267883
0 1478216186 1280.510986 1023.190491
0 1524851324 458.541199 597.373047
0 1524814275 614.595947 587.664368
0 1578514668 959.737305 788.285950
0 1478184146 1314.274536 999.930542
0 1524829294 535.243896 546.277100
0 1478176143 1422.953247 983.975525
0 1524860336 637.511169 589.154602
0 1478222193 1534.800659 1072.195801
0 1438997636 823.894714 732.145630
0 1478194158 1346.439453 977.771851
0 1524838306 627.694763 543.709900
0 1568514660 922.532410 819.840210
0 1524865342 622.943359 608.223999
0 2085418945 1024.734131 746.468933
0 1524808268 591.731628 586.177490
0 1568501643 929.184814 786.039307
0 1478239216 1302.791992 950.693726
0 1524820283 560.674866 593.971741
0 1438989625 992.261902 774.533508
0 1568505649 868.346313 781.565613
0 1524804262 630.344543 598.535828
0 1568506650 990.379150 790.539185
0 1478217187 1249.603149 1076.969116
0 1568505648 994.069275 759.168274
0 1568497640 859.084045 815.070557
0 1578511665 890.760010 817.451782
0 1524796253 599.441467 550.338684
0 1524826291 635.812317 561.319336
0 1578529688 1025.848755 732.215515
0 1708834178 902.459167 767.999023
0 1478189153 1481.853149 1039.995605
0 1568499641 892.036682 695.869263
0 1524852325 642.463379 553.060547
0 1478219190 1527.334473 968.651489
0 1578525682 969.178711 728.212585
0 1478232206 1511.001709 1016.109863
0 1524818280 554.486389 574.256897
0 1524850322 655.188477 537.259338
0 1438996635 925.929199 802.581055
0 1524832299 562.563232 565.574219
0 1524789245 497.364563 519.520874
0 1438999639 778.995300 701.151062
0 1478252234 1245.026855 1047.635742
0 1524803261 487.523621 569.933105
0 1478211179 1604.497803 1050.232300
0 1578523680 973.375488 701.510010
0 1578530689 800.987183 716.332275
0 1568508653 760.975220 742.379272
0 1524826290 661.279114 529.696472
0 1524847319 585.376404 541.049805
0 1524810270 552.162781 603.552307
0 1524835302 584.647034 566.990295
0 1524821284 480.336456 534.447083
0 1524799257 570.396729 557.153137
0 1478233208 1400.860718 1033.235596
0 1608354172 1022.367920 776.724182
0 1524835303 607.068909 597.010986
0 1524812273 621.888489 578.609009
0 1706512175 816.216614 677.946777
0 1438986622 1002.120239 690.725769
0 1524823286 492.667358 543.583374
0 1478223195 1285.944702 1051.103760
0 1438987623 995.805786 744.405823
0 1478193157 1451.204590 1065.110474
0 1524862339 518.537537 562.751221
0 1478236212 1339.889893 953.660645
0 1478240217 1308.387329 974.686584
0 1578521678 789.828552 744.457520
0 1524844314 648.919250 545.044067
0 1524848320 514.489258 590.946228
0 1524806265 592.155762 558.538940
0 1524787243 592.542419 533.346252
0 1478241219 1431.876465 1009.602417
0 1524799256 606.778259 568.409363
0 1478190154 1414.474487 959.625549
0 1478226198 1441.280396 1036.609253
0 1478214184 1236.587524 993.541443
0 2084722944 966.957092 742.348450
0 1578522679 856.750366 720.271179
0 1524825289 517.711487 520.783997
0 1774531078 795.516235 730.121704
0 1525674169 860.985046 706.888672
0 1524815276 628.957214 569.831543
0 1768901071 975.359436 688.886230
0 1578526684 912.813416 724.231201
0 1524853326 676.155334 538.568970
0 1478218189 1265.822876 947.737122
0 1578513667 906.048157 752.828430
0 1438983618 932.307922 770.171021
0 1478224196 1353.331543 1003.142700
0 1524792248 435.268921 595.837036
0 1524795252 509.603119 528.165588
0 1524808267 532.116821 572.812561
0 1478191155 1461.416138 987.094116
0 1524856330 578.995422 524.588379
0 1478212181 1384.627930 980.868103
0 1478185147 1320.476929 1026.526245
0 1568502645 807.860596 777.117859
0 1568508652 935.306396 754.935852
0 1438984619 988.416260 807.226196
0 1659977623 893.333679 744.431580
0 1438982617 880.884705 736.209961
0 1524805264 491.474121 589.438477
0 1771287074 771.327637 791.088623
0 2087111947 971.316589 714.609619
0 1524817279 664.041748 554.425781
0 1524795251 606.513855 542.378479
0 1478230204 1409.649414 1061.588501
0 1524847318 496.595306 561.344238
0 1578516671 827.503967 812.696594
0 1568513659 884.744263 722.248535
0 1578529687 777.749023 774.903625
0 1524819282 620.929993 551.698181
0 1478253235 1392.531982 1006.366577
0 1524836304 548.683533 555.770325
0 1568501644 986.367981 824.638916
0 1438998637 754.483643 757.231628
0 1524816278 528.677124 602.002197
0 1705773174 868.995178 681.574829
0 1524845316 538.098877 522.049561
0 1524842312 558.526794 523.317749
0 1568507651 784.561584 688.416138
0 1438999638 999.082153 716.552673
0 1478252233 1240.694702 1019.867188
0 1438993630 948.666870 687.051392
0 1478237214 1550.783813 1019.381592
0 1524857332 433.090637 575.860779
0 1478248228 1368.255005 1058.080078
0 1478225197 1489.582397 965.632263
0 1524859335 564.282227 539.723816
0 1524832298 577.997681 548.981995
0 1478200166 1565.219238 971.681335
0 1478245225 1563.460938 1046.807129
0 1438995633 842.572449 679.758545
0 1524804263 509.796021 571.371277
0 1524839308 556.598572 547.628113
0 1524849321 583.845703 595.489685
0 1568512658 838.160522 692.133057
0 1568514661 818.762085 746.541504
0 1773608077 916.005310 710.739014
0 1438977615 863.813171 797.963684
0 1524834301 478.166595 578.792175
0 1607644171 957.126160 804.900146
0 1524800258 550.989075 530.750671
0 1568504647 1000.629395 703.400024
0 1568500642 876.871521 750.726929
0 1524815277 505.245087 600.455688
0 1568503646 796.019409 810.329773
0 1478220191 1576.843628 1075.759155
0 1524841311 443.123627 567.066284
0 1478213182 1522.579590 1043.394897
0 1524813274 523.441956 581.736450
0 1568516663 997.475525 730.211304
0 1578517672 1027.954102 705.294922
0 1578527685 954.401550 822.235901
0 1478215185 1500.017456 990.223938
0 1524838307 481.866516 598.912598
0 1524819281 571.744690 532.047180
0 2086284946 852.350769 734.175049
0 1524824288 644.454224 580.066101
0 1524802260 412.049591 594.304504
0 1578518673 1023.574707 761.293518
0 1438981616 895.484985 683.395752
0 1478238215 1451.962769 962.623596
0 1609135173 783.910828 759.372864
0 1524837305 445.598602 586.433228
0 1524793249 546.154785 583.213562
0 1568515662 747.724487 772.695801
0 1568516664 773.217285 714.370728
0 1438991628 767.215027 728.103333
0 1478249230 1377.117065 956.637878
0 1438996634 888.458984 708.811279
0 1578519675 1021.110779 792.799011
0 1524829295 483.818420 551.639160
0 1524864341 500.779266 580.262695
0 1478255238 1590.713257 1022.665466
0 1438993631 740.681091 788.810486
0 1524788244 537.556030 592.457336
0 1772785076 1026.921387 718.500854
0 1524828293 613.960938 559.927612
0 1478203171 1619.051147 1079.336548
0 1524798255 613.382202 534.647949
0 1478199165 1492.921387 1068.646240
0 1578528686 847.776306 748.631348
0 1772037075 806.253540 703.058594
0 1578515670 838.059570 779.338501
0 1524851323 540.526794 564.161194
0 1478202169 1327.020508 1054.585205
0 1478246226 1577.638184 996.517395
0 1524809269 505.394562 553.013245
0 1524822285 634.264160 535.952332
0 1524841310 599.295715 606.663208
0 1578515669 1018.432068 827.049255
0 1524854328 527.016296 554.390320
0 0 1033.508667 528.995911
0 1 312.266663 781.696289
0 2 1121.732666 679.243591
0 3 1202.715454 537.745300
0 4 1089.176147 589.265320
0 5 635.526611 502.757782
0 6 1534.573242 641.459351
0 7 885.407898 576.201233
0 8 565.613159 619.035828
0 9 1283.274048 1014.757324
0 10 1015.686951 600.174988
0 11 422.156158 600.609192
0 12 1590.744995 788.381104
0 13 886.856750 510.639709
0 14 1680.081421 917.313232
0 15 1159.392700 585.492188
0 16 969.039917 520.908875
0 17 1427.910645 1044.814697
0 18 275.919800 744.168213
0 20 1163.026367 1009.229980
0 22 873.085510 968.253845
0 23 1566.420166 736.727234
0 24 455.422363 620.085083
0 27 476.001343 569.407715
0 28 678.627441 974.512695
0 30 1133.703857 625.648438
0 31 826.515198 509.793335
0 32 1248.295410 768.051697
0 33 245.288025 1058.607300
0 34 1203.651123 624.886414
0 35 697.548218 504.105103
0 36 1245.989258 680.347595
0 37 1217.525879 821.442444
0 38 961.610413 1011.718323
0 39 1185.592041 674.703308
