0 1578512666 1028.980347 532.888184
0 1707269176 1183.456177 440.576691
0 1438989626 1125.324219 619.241577
0 1438992629 1123.101685 558.151245
0 1568509654 1146.409790 543.251038
0 1578523681 1300.705688 472.224304
0 1578518674 1162.829712 452.902588
0 1438985621 1255.082397 473.779541
0 1438994632 1030.477417 506.458588
0 1578520676 1124.180786 587.814270
0 1568511657 1053.437744 493.024353
0 1775370079 1004.831665 547.318970
0 1568510655 1006.990356 520.201111
0 1578521677 1076.136475 456.027222
0 1769859072 1098.164795 491.545044
0 1578525683 1075.063110 559.475769
0 1770636073 1097.546143 443.753876
0 1568511656 1326.816162 483.982727
0 1438985620 1213.114502 500.608490
0 1707993177 1096.986328 400.493042
0 2088218948 1188.610718 488.553711
0 1606348170 1230.504883 462.386475
0 1438990627 1075.888916 479.888000
0 1709860179 921.198608 497.397949
0 1438988624 1164.832886 476.856018
0 1578514668 1118.502808 431.740295
0 1438997636 1169.168701 528.701904
0 1568514660 1181.067871 418.347046
0 2085418945 1012.826477 446.887085
0 1568501643 1140.350830 442.170837
0 1438989625 1076.371948 433.337067
0 1568505649 1185.967285 463.948792
0 1568506650 1097.259521 421.598419
0 1568505648 1055.039185 445.325928
0 1568497640 1226.865356 438.971283
0 1578511665 1203.642944 428.513458
0 1578529688 990.657227 459.108124
0 1708834178 1141.749268 465.499847
0 1568499641 1051.660156 545.973450
0 1578525682 1031.897705 481.387634
0 1438996635 1160.925537 430.132446
0 1438999639 1174.007324 586.561218
0 1578523680 985.659363 507.894196
0 1578530689 1171.519897 556.816284
0 1568508653 1242.644531 540.485962
0 1608354172 1055.781738 423.207550
0 1706512175 1099.618652 603.897827
0 1438986622 941.170471 509.319244
0 1438987623 1033.246826 457.573090
0 1578521678 1216.619141 527.284912
0 2084722944 1054.258789 468.568848
0 1578522679 1122.081421 530.107971
0 1774531078 1194.339355 541.873901
0 1525674169 1098.851562 544.617493
0 1768901071 961.747620 521.601868
0 1578526684 1075.628296 505.012360
0 1578513667 1120.199585 478.377502
0 1438983618 1119.329834 454.470428
0 1568502645 1234.337158 487.041351
0 1568508652 1097.847656 467.039856
0 1438984619 1117.715576 410.102234
0 1659977623 1120.651489 490.801331
0 1438982617 1121.115479 503.555359
0 1771287074 1280.404419 485.517731
0 2087111947 1009.036926 494.492828
0 1578516671 1250.763062 449.733246
0 1568513659 1098.498901 517.367859
0 1578529687 1259.634033 499.118408
0 1568501644 1137.753540 398.841064
0 1438998637 1264.437134 525.856934
0 1705773174 1050.695923 574.695557
0 1568507651 1149.973022 602.695129
0 1438999638 988.222412 482.876434
0 1438993630 982.958130 534.262512
0 1438995633 1074.756226 589.057251
0 1568512658 1099.224121 573.415527
0 1568514661 1191.397461 514.491638
0 2079485312 1120.650146 490.748962
0 1773608077 1052.572876 518.789795
0 1438977615 1206.639648 451.323608
0 1607644171 1139.020630 419.978271
0 1568504647 964.958252 495.950684
0 1568500642 1143.221191 490.054871
0 1568503646 1275.365845 460.812866
0 1568516663 1010.979675 470.086975
0 1578517672 944.859497 484.354645
0 1578527685 1159.113159 408.460052
0 2086284946 1144.772461 515.935181
0 1578518673 1034.529907 434.922882
0 1438981616 1027.399658 560.789917
0 1609135173 1238.377930 513.036987
0 1568515662 1285.718018 511.571289
0 1568516664 1197.449829 570.824585
0 1438991628 1220.322021 555.470764
0 1438996634 1075.353394 531.503418
0 1578519675 1076.596069 411.733429
0 1438993631 1306.505493 497.617035
0 1772785076 968.006836 471.594391
0 1578528686 1166.942993 502.087402
0 1772037075 1148.140625 572.125244
0 1578515670 1209.792725 475.323395
0 1578515669 1116.965454 389.479401
0 0 799.447327 404.169373
0 1 877.769287 411.544373
0 2 988.127747 566.036194
0 3 1117.673096 560.421753
0 4 1115.581787 250.590897
0 5 1069.387451 274.234070
0 6 1411.446289 469.108795
0 7 1301.602417 314.039459
0 8 1310.339233 462.745850
0 9 1050.735107 250.435944
