0 1578512666 963.206848 486.695740
0 1524823287 1790.215332 665.230774
0 1478234209 690.537781 246.064575
0 1707269176 953.387146 382.606201
0 1438989626 1120.656128 499.477997
0 1524801259 1523.197266 649.828064
0 1438992629 1051.976562 467.815582
0 1478227200 571.781067 257.651428
0 1524854327 1483.912842 584.228149
0 1478249229 496.443451 268.671082
0 1524807266 1537.498657 813.338257
0 1524863340 1816.050537 743.495300
0 1524831297 1619.283691 810.280273
0 1478229202 567.535217 267.219543
0 1568509654 1048.890137 452.007507
0 1524790246 1777.638306 744.862488
0 1578523681 1059.110840 367.104675
0 1478207175 529.845886 249.257919
0 1524861337 1733.959473 597.802246
0 1478210178 606.222107 230.028061
0 1524862338 1506.233643 754.522705
0 1478186149 598.898438 247.885681
0 1524797254 1700.668579 807.237244
0 1578518674 954.651123 396.004456
0 1438985621 1034.957397 380.644379
0 1524857331 1735.533569 642.932922
0 1478203170 583.846497 230.461151
0 1438994632 931.437622 471.026733
0 1578520676 1085.721069 483.372314
0 1478237213 698.981567 305.079498
0 1568511657 930.471069 455.106537
0 1775370079 964.818970 503.784088
0 1478195160 717.663574 227.871017
0 1568510655 932.439453 487.530365
0 1478257240 677.058716 294.972778
0 1578521677 899.917297 425.622986
0 1524794250 1666.449707 599.902466
0 1524812272 1544.391479 625.930969
0 1769859072 958.706299 438.989288
0 1578525683 1024.574829 485.031006
0 1770636073 899.528320 411.254700
0 1524846317 1799.287109 773.086609
0 1524833300 1558.775391 648.672791
0 1568511656 1085.742432 366.474365
0 1438985620 1040.250854 407.756897
0 1478185148 695.433289 228.301300
0 1707993177 844.013184 385.236786
0 1478189152 674.125366 305.616486
0 1524791247 1756.982300 717.932678
0 1524830296 1739.136841 746.232849
0 2088218948 1012.199707 408.454132
0 1524827292 1754.340332 666.421753
0 1606348170 1007.811035 381.297272
0 1524855329 1464.516113 676.044067
0 1478183145 696.333191 316.024506
0 1438990627 929.538208 439.739410
0 1524840309 1717.515991 620.429626
0 1478222194 631.519531 285.648682
0 1709860179 839.109558 507.257690
0 1478188151 554.057739 297.592041
0 1438988624 984.101929 409.152557
0 1478243222 499.114777 309.397400
0 1524843313 1877.810669 770.222839
0 1524844315 1660.025879 808.756897
0 1524858333 1832.009155 715.324951
0 1524811271 1477.793701 701.021667
0 1524859334 1810.644775 689.717651
0 1478216186 679.908447 284.632782
0 1524851324 1650.532959 579.151245
0 1524814275 1474.634644 628.147583
0 1578514668 899.152100 397.361206
0 1478184146 652.529114 295.495117
0 1524829294 1719.341064 719.241028
0 1478176143 574.338135 307.772278
0 1524860336 1439.646484 629.259460
0 1478222193 539.167603 277.554718
0 1438997636 1045.910645 436.746643
0 1478194158 624.304443 306.692841
0 1478201168 552.894287 248.799896
0 1478187150 670.460571 237.506989
0 1478205172 575.911804 248.342484
0 1524838306 1584.230835 751.746460
0 1568514660 925.320984 370.271179
0 1524865342 1416.796021 586.273193
0 2085418945 841.732117 441.997498
0 1524808268 1509.549561 627.038086
0 1478200167 618.359070 256.713257
0 1478194159 548.444458 258.121429
0 1568501643 926.924316 396.682251
0 1478239216 645.838562 317.131470
0 1524820283 1530.601807 604.128601
0 1438989625 871.243225 411.957764
0 1568505649 982.332703 395.327698
0 1478255237 715.545898 236.622849
0 1524804262 1427.984619 607.321045
0 1568506650 871.334473 398.041290
0 1478217187 708.840576 264.334412
0 1568505648 871.148865 426.350220
0 1568497640 978.963745 369.001587
0 1578511665 952.163574 369.635864
0 1478258241 644.779419 246.973907
0 1524796253 1605.902466 723.183899
0 1478206173 525.076172 258.592133
0 1524826291 1515.107666 699.754456
0 1578529688 841.111328 457.445129
0 1478233207 650.885803 229.163544
0 1708834178 955.957520 409.852081
0 1478189153 558.678894 287.177917
0 1568499641 993.918579 485.862610
0 1478245224 673.174011 228.732147
0 1524852325 1529.844482 725.827576
0 1478219190 493.455688 320.472046
0 1578525682 900.736694 455.884705
0 1478232206 529.351257 298.118134
0 1524818280 1594.277710 647.519958
0 1524850322 1561.458252 781.760132
0 1438996635 926.109619 383.262268
0 1524832299 1610.059448 671.211975
0 1478242220 625.256226 238.393494
0 1524789245 1902.398926 799.694458
0 1438999639 1111.925415 466.218536
0 1478196161 664.810852 255.777664
0 1478252234 706.479797 274.091034
0 1524803261 1700.332153 644.076050
0 1478211179 485.527771 288.713623
0 1578523680 901.616211 488.366486
0 1578530689 1078.365967 451.236115
0 1568508653 1099.941772 420.566559
0 1524826290 1578.441406 811.807373
0 1524847319 1661.864380 748.983276
0 1524810270 1517.370361 583.208740
0 1524835302 1573.792603 672.416077
0 1524821284 1854.373779 742.131226
0 1524799257 1626.551025 695.969727
0 1478233208 607.273682 286.157684
0 1608354172 842.911011 412.661957
0 1524835303 1462.260498 606.254700
0 1478251232 713.371094 245.610825
0 1524812273 1487.542969 650.985840
0 1706512175 1089.603394 500.336060
0 1438986622 870.624207 506.386902
0 1478211180 595.085876 257.182007
0 1524823286 1794.538330 716.627319
0 1478223195 682.677917 274.583771
0 1478244223 614.766724 266.255188
0 1438987623 871.051270 441.243530
0 1478193157 587.138062 276.561646
0 1478198164 647.873352 237.949966
0 1524862339 1682.356689 668.811707
0 1478236212 620.535278 317.686188
0 1478240217 649.232971 306.154266
0 1478214183 579.932129 239.282333
0 1578521678 1071.511108 421.285248
0 1524844314 1545.277832 753.132935
0 1524848320 1598.664429 602.011230
0 1524806265 1589.486084 697.228455
0 1524787243 1680.798584 777.407837
0 1478241219 578.728638 297.066650
0 1524799256 1537.446533 673.622742
0 1478190154 569.816345 318.798065
0 1478226198 582.993530 286.667450
0 1478208176 520.173401 268.186554
0 1478214184 701.553284 294.451202
0 2084722944 900.319946 440.490814
0 1578522679 1019.362915 452.780212
0 1524825289 1862.249390 801.195618
0 1774531078 1074.879272 436.001678
0 1525674169 1021.922058 468.616241
0 1478197162 511.720734 240.619995
0 1524815276 1501.021118 674.832031
0 1768901071 902.080566 505.517700
0 1578526684 960.153564 454.329742
0 1478182144 602.609131 238.837616
0 1524853326 1521.487305 783.217834
0 1478218189 671.104553 316.577576
0 1578513667 957.308472 424.172180
0 1438983618 927.766357 410.552826
0 1478224196 627.964294 296.018219
0 1478247227 561.441650 230.894791
0 1524792248 1683.657471 578.141846
0 1524795252 1838.595581 771.653015
0 1524808267 1629.704346 646.369507
0 1478191155 549.300293 308.313202
0 1524856330 1741.211792 805.721313
0 1478236211 711.136841 254.844589
0 1478258242 516.544006 231.763824
0 1478212181 599.339478 307.232147
0 1478185147 655.731079 285.140381
0 1568502645 1037.560669 393.977570
0 1568508652 928.637207 424.896973
0 1438984619 871.422729 384.577545
0 1659977623 972.441650 431.148834
0 1478209177 628.568542 229.595535
0 1438982617 987.824341 438.240448
0 1524805264 1632.591553 600.955750
0 1771287074 1062.060425 379.992493
0 2087111947 901.168518 471.833099
0 1524817279 1491.684937 727.153931
0 1524795251 1623.093018 750.363220
0 1478230204 611.072998 276.066162
0 1478230203 534.488037 240.173508
0 1524847318 1718.387573 667.615479
0 1578516671 1005.721680 368.368286
0 1568513659 989.784058 453.554321
0 1578529687 1065.107178 393.304138
0 1524819282 1567.916870 724.504272
0 1478253235 603.364136 296.542053
0 1524836304 1663.533691 694.713745
0 1478243221 557.225159 239.727646
0 1568501644 871.508179 371.544830
0 1438998637 1096.213989 406.365875
0 1524816278 1550.760986 582.191223
0 1705773174 1027.326294 502.056885
0 1524845316 1822.001831 802.700500
0 1524842312 1781.656128 804.209045
0 1568507651 1116.211304 482.545197
0 1438999638 870.845459 472.640900
0 1478252233 704.051636 284.125946
0 1438993630 933.478760 504.650085
0 1478237214 504.609253 298.645020
0 1524857332 1751.925415 619.336243
0 1478248228 634.974548 275.571320
0 1478225197 518.947021 319.913239
0 1524859335 1700.545532 747.606445
0 1524832298 1643.801514 721.866638
0 1478200166 467.926544 321.031738
0 1478250231 687.989502 255.310806
0 1478245225 509.946106 288.200989
0 1438995633 1058.493408 501.195648
0 1524804263 1665.055908 645.221558
0 1524839308 1681.614258 720.552368
0 1524849321 1496.466187 605.190552
0 1568512658 1055.175537 484.200928
0 1568514661 1043.032593 422.005157
0 1478231205 693.018127 237.064636
0 1773608077 961.652771 470.221802
0 1438977615 980.620850 381.951202
0 1524834301 1683.035034 621.525330
0 1607644171 898.788208 383.919373
0 1524800258 1759.885010 774.523499
0 1568504647 870.736816 489.204163
0 1568500642 985.931396 423.448639
0 1478256239 638.333679 265.773987
0 1524815277 1584.084717 581.175903
0 1568503646 1032.437378 367.735962
0 1478220191 515.132019 278.052338
0 1478207174 621.854248 247.429489
0 1524841311 1770.660400 641.792297
0 1478213182 534.329773 287.689087
0 1524813274 1613.857788 623.723572
0 1568516663 870.950134 456.664246
0 1578517672 839.801331 490.043365
0 1578527685 898.435852 370.907501
0 1478240218 661.868286 265.293488
0 1478215185 524.225891 308.854919
0 1524838307 1617.342041 580.162537
0 1478197163 641.600708 256.245148
0 1478221192 685.370605 264.813599
0 1524819281 1720.388916 775.963928
0 2086284946 1016.892456 437.492920
0 1524824288 1451.812622 652.146118
0 1524802260 1716.716309 577.134521
0 1478226199 591.167236 266.737030
0 1578518673 842.331665 427.078674
0 1438981616 996.101440 502.919708
0 1478238215 544.400513 319.355255
0 1609135173 1068.255615 407.060791
0 1524837305 1700.238892 598.851318
0 1524793249 1579.160889 624.826111
0 1568515662 1092.608765 392.631805
0 1568516664 1107.790527 450.466064
0 1438991628 1103.798340 435.257965
0 1478249230 595.194580 318.241699
0 1438996634 991.814209 469.418304
0 1578519675 843.471191 398.722443
0 1524829295 1773.989258 690.962524
0 1524864341 1648.482544 622.623352
0 1478255238 479.831512 299.172638
0 1438993631 1089.120117 379.341675
0 1524788244 1564.667969 603.068848
0 1772785076 840.468201 473.450134
0 1524828293 1552.338379 698.490051
0 1478203171 491.062836 278.550568
0 1524798255 1641.113525 778.855103
0 1478199165 563.169617 277.057831
0 1578528686 1014.506042 422.726257
0 1478192156 543.870667 267.702728
0 1478228201 667.673889 246.518951
0 1772037075 1081.977539 467.016357
0 1578515670 1009.969116 394.652069
0 1524851323 1646.247314 670.010498
0 1478218188 501.676025 259.063416
0 1478202169 658.842896 275.077209
0 1478254236 506.766541 249.716568
0 1478246226 473.966980 309.940674
0 1524809269 1737.252441 692.210144
0 1524822285 1601.333496 780.305908
0 1524841310 1450.388184 585.249634
0 1478235210 539.007507 231.329041
0 1578515669 844.537781 372.183167
0 1524854328 1700.433960 693.460571
0 0 727.225159 868.812256
0 1 1539.494629 693.988708
0 2 1671.999268 400.607391
0 3 1758.774536 616.151733
0 4 1619.845947 655.179199
0 6 530.265747 722.433960
0 7 669.321899 729.510254
0 8 70.772339 394.137421
0 9 27.391394 377.495300
0 10 804.287598 798.892456
0 11 382.789032 864.293823
0 13 625.083679 819.681580
0 14 603.156250 919.489868
0 16 57.655560 604.424744
0 19 83.590454 696.345520
0 20 1722.751099 461.904633
0 22 350.006836 93.252884
0 23 1040.564453 247.398956
0 24 519.175842 140.389145
0 25 919.232727 243.583115
0 26 1221.581665 278.227722
0 27 1178.765503 357.125458
0 28 654.588379 249.572845
0 29 1116.264160 235.169113
0 30 552.088074 177.895035
0 31 712.041138 252.317108
0 33 1182.693848 235.249252
0 35 465.521729 173.532944
0 37 504.971863 181.546997
0 39 342.034302 75.070724
0 40 456.979095 149.816879
0 43 346.546753 953.711609
0 46 19.878170 294.921051
0 53 607.173584 43.957165
0 59 1149.513306 98.938469
0 77 836.642639 699.398743
0 81 955.192383 665.621948
0 100 1540.447632 137.894241
0 104 600.718262 144.111862
0 105 750.153687 143.466171
0 108 402.553467 264.247681
0 109 267.641754 359.239716
0 126 1913.874268 786.013611
0 131 646.953186 97.271072
0 132 699.378479 95.930412
0 134 453.446198 23.003847
0 135 1348.915771 36.723034
0 136 431.741821 16.949951
0 137 390.389099 17.513412
