0 1578512666 916.334839 512.741211
0 1707269176 766.025696 616.046936
0 1438989626 818.723633 442.721771
0 1438992629 824.630859 489.364471
0 1568509654 804.048523 502.171387
0 1578523681 641.645996 573.961121
0 1578518674 789.697815 599.777344
0 1438985621 690.763245 572.660645
0 1438994632 921.967651 538.858765
0 1578520676 821.604736 465.470703
0 1568511657 902.094604 553.001526
0 1775370079 935.188049 499.783569
0 1568510655 941.218994 525.158447
0 1578521677 886.581787 596.859680
0 1769859072 856.101135 554.139099
0 1578525683 868.036865 488.640411
0 1770636073 864.857361 612.883118
0 1568511656 618.032166 560.027405
0 1438985620 738.286926 543.090088
0 1707993177 874.663879 678.673279
0 2088218948 762.521912 556.453674
0 1606348170 715.297852 586.804016
0 1438990627 881.569153 567.608582
0 1709860179 1036.996948 549.664917
0 1438988624 787.278992 570.105164
0 1578514668 842.374390 629.466003
0 1438997636 782.818115 515.381531
0 1568514660 767.932495 648.478699
0 2085418945 961.334839 609.794617
0 1568501643 815.741150 614.455444
0 1438989625 891.881226 627.784546
0 1568505649 764.224976 585.420837
0 1568506650 869.617859 644.820435
0 1568505648 913.385071 611.329590
0 1568497640 715.699951 617.657959
0 1578511665 741.516724 632.891602
0 1578529688 981.196411 594.010376
0 1708834178 812.575317 584.053955
0 1568499641 891.945679 500.570953
0 1578525682 927.903625 566.381714
0 1438996635 792.256714 631.168213
0 1438999639 778.797485 466.058899
0 1578523680 966.613403 537.830261
0 1578530689 780.756897 490.096344
0 1568508653 714.216309 503.807068
0 1608354172 919.520386 643.025146
0 1706512175 841.129883 453.699738
0 1438986622 1010.766235 536.813171
0 1438987623 934.167786 595.426636
0 1578521678 737.322754 516.281189
0 2084722944 907.585449 581.367920
0 1578522679 827.813171 514.491760
0 1774531078 759.378235 502.984741
0 1525674169 848.235046 501.366821
0 1768901071 985.064941 524.220825
0 1578526684 876.820740 539.898804
0 1578513667 834.697510 568.849609
0 1438983618 838.428528 598.309814
0 1568502645 714.917664 557.631042
0 1568508652 860.358826 582.703003
0 1438984619 846.554138 662.468872
0 1659977623 832.907043 554.712769
0 1438982617 831.164124 540.950562
0 1771287074 666.757751 558.822205
0 2087111947 947.569275 551.876770
0 1578516671 690.461914 602.765808
0 1568513659 852.065491 527.064941
0 1578529687 691.048401 544.178284
0 1568501644 822.646118 680.763428
0 1438998637 691.318604 517.190979
0 1705773174 887.246521 476.294586
0 1568507651 799.054932 454.218292
0 1438999638 973.709900 565.168884
0 1438993630 959.877380 511.880127
0 1438995633 863.966675 464.888641
0 1568512658 844.594421 476.942566
0 1568514661 760.908630 529.014221
0 2079485312 832.908813 554.660217
0 1773608077 896.888550 526.106384
0 1438977615 740.379150 601.262573
0 1607644171 819.092529 646.638123
0 1568504647 992.533813 550.764648
0 1568500642 809.579956 555.289734
0 1568503646 665.783386 588.203857
0 1568516663 954.264893 580.048279
0 1578517672 1018.996948 563.969727
0 1578527685 794.968262 664.431641
0 2086284946 806.741699 528.034119
0 1578518673 940.788147 626.123352
0 1438981616 910.982483 487.924042
0 1609135173 714.557678 530.005432
0 1568515662 667.680054 531.007812
0 1568516664 757.924500 478.259308
0 1438991628 736.407593 490.836151
0 1438996634 872.316040 513.611694
0 1578519675 897.492798 660.530823
0 1438993631 643.264282 545.279053
0 1772785076 1000.406555 578.743713
0 1578528686 784.989136 542.014221
0 1772037075 801.489502 477.597443
0 1578515670 739.304260 571.375427
0 1578515669 850.989258 697.487793
0 0 728.628357 315.487946
0 1 669.729858 355.658661
0 2 776.932983 343.424255
0 3 999.750610 502.005188
0 4 1037.628662 622.130615
0 5 954.473999 799.712158
0 6 873.441040 668.338562
0 7 930.670654 869.699707
0 8 866.515442 952.639221
0 9 516.562012 467.318481
