0 1578512666 1094.023682 562.924927
0 1524823287 526.569092 499.821777
0 1478234209 1719.621826 946.521545
0 1707269176 1127.979492 673.554260
0 1438989626 950.029175 563.554688
0 1524801259 693.822754 493.432281
0 1438992629 1011.332275 585.777588
0 1478227200 1910.981567 891.750244
0 1524854327 685.271667 527.309570
0 1524807266 753.604858 430.055664
0 1524863340 564.968079 466.828247
0 1524831297 708.693726 434.517487
0 1478229202 1882.356201 862.318176
0 1568509654 1014.139343 600.522339
0 1524790246 588.177124 464.517578
0 1578523681 1000.103271 705.834595
0 1524861337 509.895355 533.528381
0 1524862338 750.286743 448.377960
0 1478186149 1897.029297 927.603210
0 1524797254 663.734924 438.984070
0 1578518674 1122.525391 655.785034
0 1438985621 1029.959473 683.617554
0 1524857331 545.893005 508.228729
0 1438994632 1127.286987 574.009521
0 1578520676 980.125244 574.464783
0 1478237213 1554.915771 782.831360
0 1568511657 1132.308472 588.508606
0 1775370079 1089.875244 549.408875
0 1478195160 1725.116089 1021.254089
0 1568510655 1122.450562 560.044800
0 1478257240 1611.296021 803.269714
0 1578521677 1173.610352 616.108521
0 1524794250 560.920227 528.411682
0 1524812272 666.046936 506.865784
0 1769859072 1107.440552 606.637390
0 1578525683 1037.112793 568.690979
0 1770636073 1179.875366 632.338806
0 1524846317 592.251526 454.966522
0 1524833300 669.203430 495.894775
0 1568511656 966.645935 709.277100
0 1438985620 1023.245544 648.352783
0 1478185148 1772.297363 1016.180481
0 1707993177 1258.320435 660.172729
0 1478189152 1592.843994 778.868530
0 1524791247 583.979004 474.358521
0 1524830296 611.373474 462.208130
0 2088218948 1054.617920 645.145264
0 1524827292 550.885803 497.392456
0 1606348170 1062.657959 680.260498
0 1524855329 744.920776 478.007935
0 1478183145 1538.261353 759.501465
0 1438990627 1137.525757 603.573242
0 1524840309 540.738892 519.415222
0 1478222194 1710.361816 820.566223
0 1709860179 1201.420410 538.125732
0 1478188151 1805.165527 782.952698
0 1438988624 1085.967041 641.940063
0 1478243222 1857.387817 751.227783
0 1524843313 546.507324 459.515930
0 1524844315 686.220215 436.750183
0 1524858333 536.840942 479.056824
0 1524811271 746.764404 467.827484
0 1524859334 531.784241 489.279205
0 1478216186 1630.707642 828.940002
0 1524851324 555.846436 540.305359
0 1524814275 716.067078 501.856354
0 1578514668 1186.399902 649.241150
0 1478184146 1650.141602 799.198853
0 1524829294 607.528503 472.011353
0 1478176143 1744.215820 763.052490
0 1524860336 741.054993 499.353821
0 1478222193 1895.956421 830.161011
0 1438997636 1017.056213 615.843079
0 1478194158 1668.598022 770.953369
0 1478187150 1790.907837 975.412964
0 1524838306 704.032715 452.983002
0 1568514660 1166.994873 688.662842
0 1524865342 736.931641 522.122314
0 2085418945 1227.653442 594.393738
0 1524808268 691.064331 504.360321
0 1478200167 1824.926636 900.891602
0 1568501643 1154.474731 652.511841
0 1478239216 1612.270264 751.790771
0 1524820283 662.786865 518.196716
0 1438989625 1211.131836 629.143066
0 1568505649 1090.552124 659.060669
0 1478255237 1699.387207 985.212280
0 1524804262 739.027100 510.551483
0 1568506650 1218.300781 645.972900
0 1478217187 1630.673950 888.956299
0 1568505648 1204.247803 612.982239
0 1568497640 1100.317261 695.523499
0 1578511665 1133.669189 692.091797
0 1478258241 1808.419312 937.052307
0 1524796253 678.098816 464.977570
0 1524826291 722.931335 470.205658
0 1578529688 1220.719238 579.520264
0 1478233207 1866.501465 1006.050354
0 1708834178 1117.292969 638.737244
0 1478189153 1829.560791 808.035278
0 1568499641 1065.577759 565.806946
0 1478245224 1819.425903 1011.112549
0 1524852325 725.080750 460.294830
0 1478219190 1833.518188 728.739685
0 1578525682 1161.799316 585.510437
0 1478232206 1843.832397 778.900574
0 1524818280 644.569946 498.358704
0 1524850322 729.189941 441.347687
0 1438996635 1160.602417 670.204956
0 1524832299 648.013855 487.689178
0 1478242220 1882.229248 965.634949
0 1524789245 551.129883 450.171143
0 1438999639 953.235596 591.673706
0 1478196161 1738.694946 910.051758
0 1478252234 1610.216675 860.299011
0 1524803261 570.583679 505.759064
0 1578523680 1150.858276 557.166565
0 1578530689 984.545532 603.531006
0 1568508653 958.524597 638.056274
0 1524826290 731.155273 432.285980
0 1524847319 657.728333 457.593079
0 1524810270 659.418091 529.905579
0 1524835302 672.261292 485.266815
0 1524821284 541.746399 469.140198
0 1524799257 651.351746 477.348175
0 1478233208 1750.132446 816.385376
0 1608354172 1242.365234 625.949768
0 1524835303 713.628906 513.098328
0 1478251232 1675.152588 951.263550
0 1524812273 718.427734 490.971191
0 1706512175 978.035339 560.721802
0 1438986622 1173.561768 540.943726
0 1478211180 1867.976196 896.318542
0 1524823286 560.416504 476.707001
0 1478223195 1651.155884 855.981018
0 1478244223 1798.629517 871.179871
0 1438987623 1197.632202 597.451355
0 1478193157 1814.514771 838.750977
0 1478198164 1836.593384 970.521301
0 1524862339 599.477539 492.538055
0 1478236212 1649.225952 747.940491
0 1478240217 1630.738037 774.909119
0 1578521678 989.318054 634.914062
0 1524844314 727.166016 450.679871
0 1524848320 611.884033 523.301147
0 1524806265 675.224976 474.966034
0 1524787243 660.775879 448.151611
0 1478241219 1766.463257 787.008667
0 1524799256 696.494934 482.845795
0 1478190154 1723.039795 740.250061
0 1478226198 1789.865479 812.208313
0 1478214184 1572.414551 807.344421
0 2084722944 1167.589600 600.511230
0 1578522679 1043.712646 597.515747
0 1524825289 573.674744 447.931396
0 1774531078 986.885132 618.915955
0 1525674169 1040.350708 582.832581
0 1524815276 720.714722 480.426178
0 1768901071 1145.684570 543.763550
0 1578526684 1102.797119 591.508911
0 1524853326 751.970215 439.082123
0 1478218189 1575.282104 755.644470
0 1578513667 1112.268799 622.367981
0 1438983618 1148.595825 635.536804
0 1478224196 1688.951172 795.131714
0 1524792248 529.914124 542.909302
0 1524795252 569.385559 457.240601
0 1524808267 619.922180 500.824066
0 1478191155 1781.973755 759.107422
0 1524856330 641.237732 441.219116
0 1478236211 1652.285767 919.230835
0 1478212181 1706.423950 767.001160
0 1478185147 1670.553589 824.751160
0 1568502645 1026.532837 665.619385
0 1568508652 1142.950684 619.237122
0 1438984619 1225.772949 663.514221
0 1659977623 1094.632324 615.974670
0 1478209177 1913.524414 1000.993835
0 1438982617 1077.333862 609.703735
0 1524805264 586.409729 525.855652
0 1771287074 997.235657 686.977173
0 2087111947 1156.226074 571.072510
0 1524817279 748.552246 457.955444
0 1524795251 680.886841 455.287384
0 1478230204 1773.734497 843.052185
0 1524847318 575.188599 494.964569
0 1578516671 1066.938965 698.957764
0 1568513659 1073.265137 594.511292
0 1578529687 994.486877 668.902466
0 1524819282 701.596313 462.635529
0 1478253235 1727.725098 791.068298
0 1524836304 627.465088 479.731720
0 1568501644 1233.567627 681.813110
0 1438998637 960.430969 654.775024
0 1524816278 633.548767 532.503174
0 1705773174 1033.992188 555.061584
0 1524845316 596.207642 445.692749
0 1524842312 618.728638 443.455353
0 1568507651 951.602722 577.354614
0 1438999638 1185.145508 568.137573
0 1478252233 1590.823853 833.132874
0 1438993630 1117.789185 546.585266
0 1478237214 1882.463501 774.852112
0 1524857332 515.632996 521.929565
0 1478248228 1732.914795 847.357605
0 1478225197 1796.724243 732.573120
0 1524859335 634.557190 459.899994
0 1524832298 654.588379 467.320831
0 1478200166 1870.279663 724.909607
0 1478250231 1695.512451 914.638916
0 1478245225 1908.838989 799.701050
0 1438995633 1006.023010 557.890747
0 1524804263 595.260071 503.290863
0 1524839308 631.064941 469.665436
0 1524849321 688.215454 515.646790
0 1568512658 1008.628601 571.576904
0 1568514661 1020.089233 631.774109
0 1478231205 1745.172485 980.309937
0 1773608077 1098.328003 576.948547
0 1438977615 1095.331299 676.906067
0 1524834301 565.830017 516.902405
0 1607644171 1193.200195 666.858276
0 1524800258 615.105225 452.693665
0 1568504647 1179.246948 554.290283
0 1568500642 1081.564575 625.501099
0 1478256239 1756.703613 875.617310
0 1524815277 607.663757 535.102295
0 1568503646 1033.534302 702.394836
0 1478207174 1852.747803 932.325256
0 1524841311 521.188049 510.699829
0 1478213182 1869.218506 803.866150
0 1524813274 615.968018 511.881134
0 1568516663 1191.269409 582.514343
0 1578517672 1207.616455 551.415955
0 1578527685 1200.294312 685.236572
0 1478240218 1714.735718 880.059143
0 1478215185 1819.697632 755.165833
0 1524838307 581.763000 537.703064
0 1478197163 1781.833008 905.469360
0 1478221192 1672.725830 884.505493
0 1524819281 637.946655 450.422058
0 2086284946 1047.205811 612.772339
0 1524824288 743.018555 488.511536
0 1524802260 503.966003 545.514771
0 1478226199 1840.513794 866.746826
0 1578518673 1234.863159 609.858215
0 1438981616 1061.942993 552.234314
0 1478238215 1759.898193 736.409851
0 1609135173 991.849915 651.562744
0 1524837305 535.415466 530.969299
0 1524793249 641.014832 509.372742
0 1568515662 962.416626 672.187988
0 1568516664 954.930969 606.541809
0 1438991628 956.692627 621.991089
0 1478249230 1686.149048 744.093567
0 1438996634 1069.349365 579.889526
0 1578519675 1250.177734 642.707153
0 1524829295 555.724609 486.890320
0 1524864341 590.906433 514.391052
0 1438993631 964.486450 690.339355
0 1524788244 637.343018 520.748169
0 1772785076 1214.045044 565.204590
0 1524828293 699.084839 472.585175
0 1524798255 683.592773 445.882446
0 1478199165 1855.255371 834.453918
0 1578528686 1050.838013 628.636475
0 1478228201 1764.044067 941.784363
0 1772037075 982.293884 588.724670
0 1578515670 1058.554565 662.338745
0 1524851323 623.752625 490.112915
0 1478202169 1692.055176 851.667236
0 1478246226 1895.043945 747.293274
0 1524809269 579.651550 484.502777
0 1524822285 706.397522 443.614441
0 1524841310 711.109497 524.715149
0 1578515669 1266.814697 678.392273
0 1524854328 603.565002 482.116577
0 0 766.144897 406.778778
0 1 552.672913 643.727295
0 2 699.228882 556.439453
0 3 1076.962646 371.586700
0 4 604.704407 880.009827
0 5 513.844299 742.822998
0 6 1271.975220 358.488037
0 7 653.053406 622.459106
0 8 522.573364 1031.142334
0 9 1414.317749 351.569366
0 10 1128.953247 447.096161
0 11 593.618713 579.712891
0 12 1541.021973 364.232910
0 13 590.938599 959.681702
0 14 1656.925171 369.763763
0 15 637.836243 495.346497
0 16 411.396362 1024.911255
0 17 1802.887939 531.952271
0 18 412.177338 947.923828
0 19 1423.074829 572.557068
0 20 1760.464600 486.422211
0 21 1564.931885 719.566772
0 23 1907.107422 589.724243
0 24 453.189667 789.287109
0 25 968.975586 454.630615
0 26 1244.752686 425.956177
0 27 816.030029 383.462830
0 28 1477.238892 860.044678
0 29 1498.835327 1004.824036
0 30 1599.657349 899.022583
0 31 739.249390 877.483887
0 32 1549.231689 665.962891
0 33 1305.770508 449.159821
0 34 1323.328491 412.448975
0 35 1756.231445 818.098511
0 36 1326.564697 498.284790
0 37 1368.370239 435.532166
0 38 984.207031 908.009705
0 39 1495.127319 591.496216
