0 1578512666 980.020203 462.237854
0 1524823287 1337.053223 787.273193
0 1478234209 1065.393677 296.321869
0 1707269176 1080.585327 412.829956
0 1438989626 1058.397217 504.105286
0 1524801259 1151.041870 681.512451
0 1438992629 1050.273926 473.834808
0 1478227200 987.057495 283.680817
0 1524854327 1203.308350 642.704346
0 1478249229 937.636658 278.023926
0 1524807266 978.452576 743.556641
0 1524863340 1249.587769 825.064453
0 1524831297 1030.907349 770.712952
0 1478229202 975.770508 287.784973
0 1568509654 1065.102661 466.026672
0 1524790246 1217.932861 809.603394
0 1578523681 1166.062378 428.305389
0 1478207175 972.635193 273.310577
0 1524861337 1386.526855 738.725708
0 1478210178 1032.835205 274.888000
0 1524862338 1021.495483 713.658875
0 1478186149 1011.208984 282.879852
0 1524797254 1086.625610 799.558838
0 1578518674 1067.126709 419.442169
0 1438985621 1134.474243 429.498962
0 1524857331 1322.485107 756.689941
0 1478203170 1019.839111 271.760773
0 1438994632 977.768555 448.588715
0 1578520676 1054.244629 488.631226
0 1478237213 1010.971863 327.379303
0 1568511657 992.799194 441.364746
0 1775370079 964.346924 469.938171
0 1478195160 1100.770386 291.235077
0 1568510655 962.403259 455.973480
0 1478257240 1008.657959 318.756653
0 1578521677 1004.793640 421.773346
0 1524794250 1325.267456 713.177551
0 1524812272 1195.413574 679.492004
0 1769859072 1024.994507 440.141846
0 1578525683 1016.357483 475.158997
0 1770636073 1018.928467 415.124298
0 1524846317 1197.837280 827.656616
0 1524833300 1177.628418 693.170593
0 1568511656 1185.026245 434.063354
0 1438985620 1107.638184 443.629486
0 1478185148 1086.774658 287.867310
0 1707993177 1013.327881 392.025726
0 1478189152 996.708069 323.481903
0 1524791247 1237.344360 792.164795
0 1524830296 1187.259521 794.621887
0 2088218948 1089.195557 437.703308
0 1524827292 1305.174438 772.926697
0 1606348170 1116.164062 423.835236
0 1524855329 1081.250244 672.153076
0 1478183145 998.837341 332.263519
0 1438990627 1007.506226 434.296326
0 1524840309 1339.236084 740.978333
0 1478222194 992.658447 306.780396
0 1709860179 895.832275 445.047852
0 1478188151 940.766663 300.513062
0 1438988624 1071.113525 431.892975
0 1478243222 902.950500 297.864105
0 1524843313 1262.682617 860.251465
0 1524844315 1058.339722 784.914978
0 1524858333 1301.174072 822.480530
0 1524811271 1061.934448 685.569885
0 1524859334 1319.423340 804.573059
0 1478216186 1020.399963 314.113525
0 1524851324 1341.222900 698.843872
0 1524814275 1143.254761 657.193359
0 1578514668 1032.771240 408.612671
0 1478184146 994.649597 314.992340
0 1524829294 1206.889282 777.700195
0 1478176143 941.878357 308.500580
0 1524860336 1118.205078 646.484192
0 1478222193 951.375732 288.596741
0 1438997636 1079.598999 458.393585
0 1478194158 968.858643 315.872498
0 1478201168 985.305054 276.453674
0 1478187150 1062.352173 288.682861
0 1478205172 998.161682 279.643097
0 1524838306 1073.523193 739.070435
0 1568514660 1076.532349 401.121368
0 1524865342 1153.081543 622.258911
0 2085418945 957.038513 417.427338
0 1524808268 1168.981689 668.191956
0 1478200167 1013.397705 290.317596
0 1478194159 974.178650 280.435791
0 1568501643 1049.786011 413.976044
0 1478239216 970.482300 324.383820
0 1524820283 1212.671021 666.219421
0 1438989625 1002.188171 409.745117
0 1568505649 1084.803101 425.014069
0 1478255237 1090.205566 295.487457
0 1524804262 1135.892090 634.198792
0 1568506650 1016.073425 403.349182
0 1478217187 1057.418823 308.684265
0 1568505648 988.012756 416.274750
0 1568497640 1111.326782 411.686005
0 1578511665 1093.766357 406.354126
0 1478258241 1037.893188 289.499603
0 1524796253 1120.851929 736.837097
0 1478206173 961.488159 277.238251
0 1524826291 1087.351685 697.316895
0 1578529688 942.222290 424.113434
0 1478233207 1059.405273 281.281494
0 1708834178 1053.381714 426.195160
0 1478189153 952.629883 296.199371
0 1568499641 998.001160 468.631653
0 1478245224 1072.987915 284.549835
0 1524852325 1067.556519 711.524597
0 1478219190 890.649292 302.198486
0 1578525682 975.609619 435.501556
0 1478232206 927.808960 297.031097
0 1524818280 1204.964844 705.157593
0 1524850322 1026.056885 741.310242
0 1438996635 1063.297241 407.482361
0 1524832299 1186.795166 719.651978
0 1478242220 1035.324951 282.080078
0 1524789245 1242.366211 880.187378
0 1438999639 1088.843506 487.264557
0 1478196161 1040.544067 297.157562
0 1478252234 1046.109863 313.236145
0 1524803261 1291.806763 743.237610
0 1478211179 914.388733 286.090729
0 1578523680 945.139526 449.834717
0 1578530689 1084.120239 472.513336
0 1568508653 1131.929932 463.432312
0 1524826290 1004.290222 756.932983
0 1524847319 1128.680786 766.010681
0 1524810270 1229.423828 653.334900
0 1524835302 1159.290771 707.273987
0 1524821284 1282.272339 841.028381
0 1524799257 1168.043701 734.610229
0 1478233208 979.109375 303.198883
0 1608354172 985.759949 404.466217
0 1524835303 1160.812256 644.591736
0 1478251232 1079.461914 299.811859
0 1524812273 1125.174927 670.169922
0 1706512175 1038.775269 496.976929
0 1438986622 912.445435 451.083160
0 1478211180 1000.129028 286.974365
0 1524823286 1268.757324 807.084290
0 1478223195 1031.939453 309.550537
0 1478244223 1002.159241 294.539581
0 1438987623 973.537781 422.942261
0 1478193157 977.413208 295.368866
0 1478198164 1048.737549 285.356781
0 1524862339 1244.238525 745.503418
0 1478236212 956.644958 320.538422
0 1478240217 982.672119 319.646820
0 1478214183 1009.087463 275.670258
0 1578521678 1112.657715 457.117371
0 1524844314 1047.135010 726.181824
0 1524848320 1267.407349 689.047058
0 1524806265 1140.374512 721.822388
0 1524787243 1108.006714 782.502747
0 1478241219 953.924744 304.048889
0 1524799256 1132.552490 695.240845
0 1478190154 929.623413 313.029236
0 1478226198 965.768066 299.672272
0 1478208176 950.160400 281.229614
0 1478214184 1022.891785 322.581482
0 2084722944 990.357300 428.564240
0 1578522679 1046.473389 459.672424
0 1524825289 1209.151611 862.991882
0 1774531078 1098.550537 464.728149
0 1525674169 1031.586304 467.327820
0 1478197162 971.138184 266.399261
0 1524815276 1106.548950 683.538391
0 1768901071 929.395264 457.240784
0 1578526684 1010.332703 447.345215
0 1478182144 1022.109619 278.851593
0 1524853326 1000.315002 728.370972
0 1478218189 984.544617 328.291626
0 1578513667 1039.340820 433.093475
0 1438983618 1035.989868 420.606659
0 1478224196 980.861328 311.287170
0 1478247227 1007.029968 268.678528
0 1524792248 1371.163696 711.031616
0 1524795252 1229.731689 843.688599
0 1524808267 1233.083862 717.487671
0 1478191155 928.701477 304.900177
0 1524856330 1115.805176 814.665405
0 1478236211 1068.534546 304.210175
0 1478258242 981.956970 262.645233
0 1478212181 955.262390 312.157532
0 1478185147 1006.420349 310.418213
0 1568502645 1121.201660 436.487610
0 1568508652 1021.899841 427.378571
0 1438984619 1029.677246 397.082916
0 1659977623 1041.068481 439.531281
0 1478209177 1046.022583 278.061249
0 1438982617 1042.832275 446.104187
0 1524805264 1295.930420 700.942566
0 1771287074 1153.145142 435.274261
0 2087111947 960.540649 442.589996
0 1524817279 1042.025391 699.398743
0 1524795251 1100.693359 752.340942
0 1478230204 990.731384 298.832764
0 1478230203 983.605713 269.445099
0 1524847318 1274.250244 759.009766
0 1578516671 1129.223145 417.119873
0 1568513659 1028.220459 453.446564
0 1578529687 1139.944946 442.395844
0 1524819282 1093.821289 723.999023
0 1478253235 967.288086 307.639801
0 1524836304 1196.530640 747.775879
0 1478243221 996.254211 272.535095
0 1568501644 1043.008057 390.942383
0 1438998637 1145.649414 455.843689
0 1524816278 1256.243286 664.252014
0 1705773174 1000.775085 483.171997
0 1524845316 1177.020874 846.357422
0 1524842312 1145.921631 830.257019
0 1568507651 1073.800781 495.585175
0 1438999638 943.650879 436.709045
0 1478252233 1034.602661 317.867828
0 1438993630 946.692200 463.524506
0 1478237214 915.047241 293.601807
0 1524857332 1370.576904 754.377075
0 1478248228 1004.255249 302.350189
0 1478225197 903.439331 305.752808
0 1524859335 1157.522949 780.097839
0 1524832298 1148.682373 750.055054
0 1478200166 878.054321 298.698425
0 1478250231 1054.431396 300.656677
0 1478245225 926.944580 289.409760
0 1438995633 1019.572327 490.000793
0 1524804263 1262.019043 730.175720
0 1524839308 1177.348755 763.670105
0 1524849321 1186.396240 655.261536
0 1568512658 1035.101196 481.824036
0 1568514661 1093.774048 450.929688
0 1478231205 1076.173340 292.059387
0 1773608077 995.344971 454.708740
0 1438977615 1098.204468 418.279907
0 1524834301 1308.803833 727.968079
0 1607644171 1046.330811 402.234253
0 1524800258 1166.948975 812.130493
0 1568504647 928.218323 443.817719
0 1568500642 1057.126587 438.921356
0 1478256239 1015.656738 297.994507
0 1524815277 1283.795654 675.467529
0 1568503646 1147.464966 422.658600
0 1478220191 938.647400 285.286255
0 1478207174 1024.451416 286.165009
0 1524841311 1354.094849 770.550659
0 1478213182 939.690247 292.778900
0 1524813274 1250.511353 703.047119
0 1568516663 958.753845 429.752197
0 1578517672 911.629639 437.918976
0 1578527685 1059.615723 395.985016
0 1478240218 1029.362549 301.502777
0 1478215185 915.727112 301.355133
0 1524838307 1312.111450 686.993835
0 1478197163 1026.867798 293.711609
0 1478221192 1043.281494 305.065552
0 1524819281 1137.020142 797.086609
0 2086284946 1061.030151 452.186859
0 1524824288 1099.998901 659.130249
0 1524802260 1401.969971 723.571777
0 1478226199 988.865295 291.136810
0 1578518673 971.547974 410.879669
0 1438981616 982.370544 476.485931
0 1478238215 916.429199 309.362640
0 1609135173 1126.452393 449.675079
0 1524837305 1355.453857 725.766724
0 1524793249 1222.579712 691.105957
0 1568515662 1159.065430 448.422943
0 1568516664 1103.538086 479.136597
0 1438991628 1117.896484 471.194611
0 1478249230 943.027039 316.754059
0 1438996634 1013.280518 460.953827
0 1578519675 999.683777 398.182861
0 1524829295 1287.275391 789.715210
0 1524864341 1279.241089 715.329590
0 1478255238 902.477051 290.223969
0 1438993631 1172.187744 441.164612
0 1524788244 1239.664795 677.477051
0 1772785076 927.089417 430.942444
0 1524828293 1113.488037 709.396301
0 1478203171 926.106995 282.024597
0 1524798255 1079.867188 768.358337
0 1478199165 964.296204 291.957214
0 1578528686 1075.267456 444.865601
0 1478192156 962.870300 284.482941
0 1478228201 1051.539062 292.884857
0 1772037075 1069.355469 480.478912
0 1578515670 1102.824585 430.694824
0 1524851323 1215.099365 732.389771
0 1478218188 948.982178 274.087158
0 1478202169 1017.989624 305.922333
0 1478254236 960.147949 270.212738
0 1478246226 890.367310 294.425964
0 1524809269 1256.106201 775.309814
0 1524822285 1052.562744 754.633606
0 1524841310 1177.869507 632.349121
0 1478235210 994.403931 265.640350
0 1578515669 1026.700684 385.990967
0 1524854328 1225.871704 761.336426
0 0 513.705078 389.856201
0 1 1214.870239 603.483398
0 2 878.872681 476.217529
0 3 484.757141 373.226135
0 4 1098.914795 596.149963
0 5 660.188843 520.076477
0 6 848.274841 259.963348
0 7 1266.248047 545.474365
0 8 1482.253296 391.229431
0 9 1366.555786 348.989655
0 10 1217.090698 570.105042
0 11 1064.491211 718.696899
0 12 994.605652 264.804810
0 13 560.335205 421.105835
0 14 1095.044800 277.267792
0 15 909.690979 331.758881
0 16 462.086487 402.008118
0 17 1270.986450 323.614807
0 18 1268.744141 682.106567
0 19 1047.825684 303.659424
0 20 1419.813232 364.952881
0 21 1436.976318 328.246826
0 22 1544.663086 398.147858
0 23 961.319641 254.001007
0 24 993.007751 688.207397
0 25 1104.501831 291.163452
0 26 1023.519287 280.852966
0 27 894.969604 672.981812
0 28 1591.092285 425.531525
0 29 1526.980347 412.414368
0 30 1007.734314 535.376038
0 31 524.411438 447.296204
0 32 1104.069946 259.860870
0 33 1197.654297 272.986420
0 34 946.356384 314.999573
0 35 609.644714 490.951782
0 36 756.628418 458.073273
0 37 1144.297974 273.077576
0 38 1540.272827 379.333252
0 39 1058.913696 281.914734
