0 1578512666 978.020081 580.975708
0 1524823287 787.380798 459.198761
0 1478234209 881.719299 852.492432
0 1707269176 881.718018 632.933716
0 1438989626 908.947266 554.812744
0 1524801259 862.524658 480.930695
0 1438992629 914.971863 575.399841
0 1478227200 1030.705200 888.642517
0 1524854327 827.686584 495.078156
0 1478249229 1134.856812 905.379089
0 1524807266 952.541016 459.574646
0 1524863340 832.175476 449.324768
0 1524831297 926.689209 454.874023
0 1478229202 1049.251953 872.690979
0 1568509654 901.649353 582.134644
0 1524790246 844.074463 451.567017
0 1578523681 798.253296 621.181091
0 1478207175 1068.744995 928.431396
0 1524861337 752.543579 471.936920
0 1478210178 942.976501 928.077209
0 1524862338 932.094727 468.153534
0 1478186149 984.058899 894.045898
0 1524797254 901.538452 450.300873
0 1578518674 896.493958 624.961609
0 1438985621 830.186035 618.261169
0 1524857331 787.822083 465.773895
0 1478203170 970.828064 940.140747
0 1438994632 982.586426 592.193604
0 1578520676 911.900085 564.902832
0 1478237213 970.178955 764.052185
0 1568511657 969.571838 599.377747
0 1775370079 990.527466 574.227600
0 1478195160 815.135925 872.704712
0 1568510655 995.299316 585.176025
0 1478257240 976.095459 784.270142
0 1578521677 960.546814 619.036377
0 1524794250 776.507812 476.989105
0 1524812272 838.193542 482.883087
0 1769859072 938.712036 602.183655
0 1578525683 944.376587 572.797485
0 1770636073 946.646729 626.891602
0 1524846317 854.659973 447.584167
0 1524833300 849.625793 478.313599
0 1568511656 781.979492 616.434265
0 1438985620 859.787598 603.296814
0 1478185148 839.287231 883.165588
0 1707993177 955.316711 653.889282
0 1478189152 993.213379 771.896057
0 1524791247 833.304321 455.619293
0 1524830296 856.135315 453.839752
0 2088218948 876.509521 607.839233
0 1524827292 799.203613 461.552887
0 1606348170 847.034241 623.058228
0 1524855329 899.994995 481.621979
0 1478183145 986.925537 752.316345
0 1438990627 956.244690 606.734497
0 1524840309 776.236389 470.070618
0 1478222194 1006.893188 814.494080
0 1709860179 1061.200317 591.046570
0 1478188151 1101.154297 828.051697
0 1438988624 893.547241 612.467468
0 1478243222 1171.558838 832.627686
0 1524843313 831.080688 443.219971
0 1524844315 914.028015 452.571808
0 1524858333 809.606689 451.071899
0 1524811271 910.892639 477.049500
0 1524859334 798.590149 455.100067
0 1478216186 958.429382 797.040588
0 1524851324 764.521484 481.499023
0 1524814275 864.256287 488.272736
0 1578514668 932.396973 634.944519
0 1478184146 999.858765 792.589417
0 1524829294 845.397156 457.939819
0 1478176143 1091.226074 805.272095
0 1524860336 877.578186 491.027649
0 1478222193 1094.646606 867.485596
0 1438997636 888.018494 589.025391
0 1478194158 1041.000854 788.169067
0 1478201168 1039.695068 916.636108
0 1478187150 885.562134 877.911621
0 1478205172 1011.478149 905.179016
0 1524838306 906.066406 463.248749
0 1568514660 884.500122 646.337891
0 1524865342 854.292542 500.797852
0 2085418945 1010.875610 620.914673
0 1524808268 851.129517 485.558197
0 1478200167 977.051697 867.524048
0 1478194159 1058.681396 899.654175
0 1568501643 914.270569 629.904419
0 1478239216 1033.244019 767.667358
0 1524820283 826.546753 487.538361
0 1438989625 965.041260 631.888367
0 1568505649 879.057068 620.113220
0 1478255237 836.846252 857.490417
0 1524804262 866.047119 495.865906
0 1568506650 950.883606 640.084778
0 1478217187 897.722046 814.829285
0 1568505648 978.847961 623.895081
0 1568497640 848.987610 635.979431
0 1578511665 866.568176 641.107483
0 1478258241 931.482300 872.697876
0 1524796253 882.692871 465.096588
0 1478206173 1087.468018 910.984863
0 1524826291 897.698425 474.470703
0 1578529688 1023.917542 613.174194
0 1478233207 889.654480 904.981506
0 1708834178 910.909729 617.183899
0 1478189153 1084.444702 842.423035
0 1568499641 961.048645 576.850159
0 1478245224 864.117065 893.920349
0 1524852325 908.440491 470.037354
0 1478219190 1186.694336 818.524170
0 1578525682 987.347717 603.890442
0 1478232206 1128.163330 837.507141
0 1524818280 836.911499 475.733917
0 1524850322 929.348938 461.408112
0 1438996635 899.573120 638.017517
0 1524832299 848.170715 471.302979
0 1478242220 937.043579 899.492065
0 1524789245 841.547668 439.392761
0 1438999639 882.927795 567.440796
0 1478196161 926.258850 847.531616
0 1478252234 916.709595 801.522949
0 1524803261 799.836670 468.211578
0 1478211179 1168.471680 872.683960
0 1578523680 1012.894592 589.453247
0 1578530689 885.421692 578.015015
0 1568508653 841.654419 587.472168
0 1524826290 939.525635 457.208069
0 1524847319 880.756409 458.479340
0 1524810270 814.679199 492.281860
0 1524835302 860.849365 473.827454
0 1524821284 820.435242 447.112427
0 1524799257 859.227722 466.951660
0 1478233208 1032.071045 823.561462
0 1608354172 983.800171 636.984131
0 1524835303 852.684204 493.048706
0 1478251232 857.823364 842.789795
0 1524812273 875.612000 483.586060
0 1706512175 924.703613 558.562561
0 1438986622 1043.048462 586.726746
0 1478211180 1003.505981 877.936646
0 1524823286 821.375244 453.330200
0 1478223195 940.188171 810.226746
0 1478244223 996.022827 852.365356
0 1438987623 992.316772 616.097473
0 1478193157 1040.399048 847.375610
0 1478198164 910.942627 888.550842
0 1524862339 823.345032 466.359772
0 1478236212 1057.253784 775.624695
0 1478240217 1016.813599 779.932678
0 1478214183 991.532715 922.333374
0 1578521678 857.714294 591.735840
0 1524844314 918.988892 465.683868
0 1524848320 801.165405 482.187469
0 1524806265 871.869934 469.422546
0 1524787243 891.238281 454.354340
0 1478241219 1074.845459 818.841309
0 1524799256 873.710266 476.388306
0 1478190154 1107.080933 792.138550
0 1478226198 1057.912720 832.867920
0 1478208176 1105.510010 894.173035
0 1478214184 952.910767 776.153503
0 2084722944 974.109741 611.371582
0 1578522679 918.170044 586.328674
0 1524825289 853.228943 441.516785
0 1774531078 871.726929 584.796753
0 1525674169 931.422913 579.485840
0 1478197162 1079.509277 959.212219
0 1524815276 886.757446 478.986206
0 1768901071 1025.224854 582.485046
0 1578526684 952.122864 594.948120
0 1478182144 963.895935 910.748291
0 1524853326 942.409790 463.825500
0 1478218189 1009.808105 759.900146
0 1578513667 924.978271 609.593384
0 1438983618 928.606262 621.991028
0 1478224196 1024.222656 801.118835
0 1478247227 999.521240 952.568848
0 1524792248 752.429932 478.899597
0 1524795252 842.791870 445.387543
0 1524808267 824.377747 473.190857
0 1478191155 1117.311890 814.155090
0 1524856330 889.217102 448.060455
0 1478236211 878.103943 828.577393
0 1478258242 1059.589844 978.586731
0 1478212181 1065.797363 796.612915
0 1478185147 982.354004 805.656677
0 1568502645 845.164307 610.689270
0 1568508652 942.593506 614.270020
0 1438984619 936.361572 648.492249
0 1659977623 923.221985 603.592041
0 1478209177 915.930115 916.362427
0 1438982617 921.502625 597.716736
0 1524805264 788.748108 479.569611
0 1771287074 813.654724 613.554199
0 2087111947 1000.272339 596.586365
0 1524817279 921.590759 472.560791
0 1524795251 893.323486 460.847473
0 1478230204 1014.351868 837.719727
0 1478230203 1049.301392 946.549377
0 1524847318 811.190613 463.939636
0 1578516671 831.748047 630.950989
0 1568513659 934.991821 590.599121
0 1578529687 828.690186 606.108643
0 1524819282 895.475830 467.549530
0 1478253235 1049.210083 809.866699
0 1524836304 846.761902 464.515198
0 1478243221 1019.988892 934.261902
0 1568501644 921.460815 657.118835
0 1438998637 827.256348 594.459961
0 1524816278 801.863159 489.526672
0 1705773174 957.041199 566.258362
0 1524845316 865.065613 443.669037
0 1524842312 877.060608 445.850067
0 1568507651 896.080627 561.057373
0 1438999638 1018.288757 601.061218
0 1478252233 935.096436 788.637634
0 1438993630 1007.720703 578.319275
0 1478237214 1155.901123 847.217773
0 1524857332 764.362854 467.615204
0 1478248228 988.985046 828.316040
0 1478225197 1159.473389 809.502502
0 1524859335 868.361511 456.143646
0 1524832298 870.087891 462.677765
0 1478200166 1214.634399 827.784119
0 1478250231 901.864685 837.929871
0 1478245225 1139.693726 862.320068
0 1438995633 940.732483 562.377136
0 1524804263 812.020691 470.683655
0 1524839308 857.657227 460.292419
0 1524849321 839.518860 490.273163
0 1568512658 927.996277 568.815613
0 1568514661 874.068298 596.077576
0 1478231205 860.872681 867.562012
0 1773608077 965.221924 587.880737
0 1438977615 864.208313 627.948242
0 1524834301 788.277649 472.560699
0 1607644171 917.784058 643.202698
0 1524800258 866.688232 449.810455
0 1568504647 1030.814819 593.809326
0 1568500642 907.691711 605.004089
0 1478256239 970.468506 842.607483
0 1524815277 789.234192 486.811737
0 1568503646 814.839783 626.019104
0 1478220191 1122.907227 877.961975
0 1478207174 957.404175 883.223145
0 1524841311 775.973450 463.369843
0 1478213182 1111.695190 852.236877
0 1524813274 812.877930 477.647949
0 1568516663 1005.459717 608.488464
0 1578517672 1049.068848 598.246704
0 1578527685 902.793945 651.674011
0 1478240218 945.584045 833.105408
0 1478215185 1144.080444 823.270508
0 1524838307 776.788269 484.136139
0 1478197163 951.312134 857.392761
0 1478221192 921.343445 823.849060
0 1524819281 878.879883 452.066956
0 2086284946 904.607666 593.331360
0 1524824288 888.892151 486.280518
0 1524802260 740.509827 476.337036
0 1478226199 1022.274292 862.389526
0 1578518673 997.507324 628.848877
0 1438981616 973.636902 570.207886
0 1478238215 1132.944214 800.710205
0 1609135173 843.372620 598.837830
0 1524837305 764.440918 474.445129
0 1524793249 825.444397 480.246613
0 1568515662 812.519348 601.612244
0 1568516664 869.479370 573.967773
0 1438991628 855.725037 580.643188
0 1478249230 1081.858643 783.779236
0 1438996634 948.170227 583.645508
0 1578519675 969.741211 645.328247
0 1524829295 810.386292 457.405609
0 1524864341 800.490234 475.086212
0 1478255238 1184.397339 857.193909
0 1438993631 797.431274 608.934998
0 1524788244 813.763611 484.843414
0 1772785076 1036.645020 605.620422
0 1524828293 884.692200 471.928650
0 1478203171 1151.968750 888.735291
0 1524798255 903.766907 456.673218
0 1478199165 1067.154297 857.293945
0 1578528686 890.724609 600.499573
0 1478192156 1076.986572 883.281433
0 1478228201 906.263428 862.458130
0 1772037075 898.809326 571.385376
0 1578515670 861.950256 615.356689
0 1524851323 835.670532 468.813995
0 1478218188 1117.101318 922.648743
0 1478202169 964.272095 819.154785
0 1478254236 1098.665405 940.580139
0 1478246226 1199.775635 842.236328
0 1524809269 822.344666 459.742889
0 1524822285 916.469238 459.024261
0 1524841310 840.889526 497.916504
0 1478235210 1029.094727 965.378235
0 1578515669 940.512268 662.675842
0 1524854328 834.468750 462.112518
0 0 887.545105 782.474731
0 1 606.300415 805.435303
0 2 1066.690063 632.313599
0 3 554.966980 652.486328
0 4 1144.092407 571.931396
0 5 1273.679077 799.426514
0 6 604.958923 523.903992
0 7 956.622375 479.659271
0 8 892.407959 483.782379
0 9 1027.591553 448.487762
0 10 956.127747 496.777130
0 11 1401.502441 714.446167
0 12 762.415466 479.798462
0 13 1101.305176 848.093994
0 14 669.488953 493.039520
0 15 686.819214 520.903015
0 16 734.162109 472.643219
0 17 799.916687 452.693146
0 18 1172.682373 466.245850
0 19 832.835266 761.246399
0 20 1025.621948 805.389282
0 21 1169.589233 604.840942
0 22 1128.532959 707.475525
0 23 501.917786 557.713989
0 24 1217.963257 473.835602
0 25 582.430664 746.794739
0 26 645.061829 764.105896
0 27 1527.476685 586.385559
0 28 1162.220825 479.491699
0 29 1072.795044 681.543640
0 30 1111.513916 596.255615
0 31 965.870239 788.952393
0 32 1001.965576 486.627045
0 33 406.756897 643.773499
0 34 789.176941 469.148254
0 35 1182.995483 874.346802
0 36 737.713745 765.533142
0 37 1044.238037 496.215393
0 38 1068.685913 456.287933
0 39 873.770325 461.920349
