0 1578512666 952.192627 505.422485
0 1524823287 1286.469604 850.186340
0 1478234209 1049.218018 344.841187
0 1707269176 1056.043823 461.311584
0 1438989626 1027.393799 551.274353
0 1524801259 1107.412109 734.138184
0 1438992629 1021.466553 520.599854
0 1478227200 972.306152 328.230621
0 1524854327 1162.402466 697.639771
0 1478249229 923.589050 320.041229
0 1524807266 929.709595 788.305847
0 1524863340 1196.263672 884.245178
0 1524831297 980.442932 818.410706
0 1478229202 960.786682 331.703430
0 1568509654 1036.819092 513.559692
0 1524790246 1165.555664 867.011963
0 1578523681 1140.029175 481.113495
0 1478207175 958.730957 317.210785
0 1524861337 1339.116333 803.509644
0 1478210178 1018.419128 321.925842
0 1524862338 975.186890 760.177612
0 1478186149 996.363403 328.701874
0 1524797254 1034.362671 850.406372
0 1578518674 1042.169556 467.204681
0 1438985621 1108.515381 480.682068
0 1524857331 1273.906250 818.523132
0 1478203170 1005.738708 318.151489
0 1438994632 950.952087 491.678558
0 1578520676 1024.362793 535.588501
0 1478237213 992.903809 372.783447
0 1568511657 966.484009 485.240906
0 1775370079 935.969727 512.313171
0 1478195160 1084.694092 341.652893
0 1568510655 935.065063 498.263397
0 1478257240 991.228149 364.111206
0 1578521677 979.881714 466.321198
0 1524794250 1279.561646 774.704346
0 1524812272 1151.970581 734.303345
0 1769859072 998.687866 485.673553
0 1578525683 987.522827 520.189941
0 1770636073 994.456909 460.423279
0 1524846317 1144.128784 884.360718
0 1524833300 1133.219360 747.218201
0 1568511656 1158.496338 487.820648
0 1438985620 1080.804565 493.389374
0 1478185148 1071.041626 337.589203
0 1707993177 990.554688 437.135468
0 1478189152 978.999390 368.174805
0 1524791247 1186.228394 850.273804
0 1524830296 1135.808228 850.317871
0 2088218948 1062.852661 486.535645
0 1524827292 1255.500610 834.102905
0 1606348170 1090.686890 474.100464
0 1524855329 1038.158325 721.228882
0 1478183145 980.477844 376.997742
0 1438990627 981.672485 478.945587
0 1524840309 1291.697876 803.463196
0 1478222194 976.189270 351.404388
0 1709860179 869.382080 483.936279
0 1478188151 925.034058 342.482025
0 1438988624 1045.251953 479.815979
0 1478243222 887.594788 337.878571
0 1524843313 1207.012573 920.632996
0 1524844315 1006.986023 834.161255
0 1524858333 1248.184326 884.130127
0 1524811271 1017.823425 733.806274
0 1524859334 1267.668457 866.855408
0 1478216186 1003.239075 360.119934
0 1524851324 1296.445679 761.033813
0 1524814275 1101.325684 709.235901
0 1578514668 1008.723083 454.650391
0 1478184146 977.570679 359.648590
0 1524829294 1156.678711 834.126099
0 1478176143 925.547668 350.458130
0 1524860336 1077.008301 697.199707
0 1478222193 936.470032 331.230591
0 1438997636 1051.818359 506.681519
0 1478194158 951.850586 359.176300
0 1478201168 971.092163 320.985291
0 1478187150 1046.740967 337.120209
0 1478205172 983.634888 324.815277
0 1524838306 1025.575195 788.455383
0 1568514660 1052.841309 449.447510
0 1524865342 1113.607300 674.562805
0 2085418945 932.570984 459.530670
0 1524808268 1126.304077 721.599243
0 1478200167 997.999756 336.179535
0 1478194159 959.742798 324.343750
0 1568501643 1025.287598 460.867950
0 1478239216 952.840393 367.703156
0 1524820283 1170.148315 721.783447
0 1438989625 978.162720 454.202423
0 1568505649 1059.378174 473.664032
0 1478255237 1073.910156 345.310272
0 1524804262 1095.576782 685.714905
0 1568506650 992.467102 448.548645
0 1478217187 1040.417236 356.669312
0 1568505648 963.551453 459.977509
0 1568497640 1086.725952 461.754120
0 1578511665 1069.624634 455.543091
0 1478258241 1022.393677 336.650330
0 1524796253 1073.238770 788.529724
0 1478206173 947.362671 320.513702
0 1524826291 1042.464722 746.928406
0 1578529688 917.288269 465.433350
0 1478233207 1044.341797 329.641815
0 1708834178 1027.992188 473.226501
0 1478189153 937.155762 338.827637
0 1568499641 969.674805 512.729797
0 1478245224 1057.592407 333.585968
0 1524852325 1021.581665 760.301208
0 1478219190 875.020386 341.531921
0 1578525682 949.763367 478.508728
0 1478232206 912.399292 338.353546
0 1524818280 1159.759277 760.669495
0 1524850322 977.732483 788.380737
0 1438996635 1039.210327 455.097260
0 1524832299 1140.559326 774.409485
0 1478242220 1020.375122 329.172333
0 1524789245 1185.240356 939.936340
0 1438999639 1058.980835 535.986267
0 1478196161 1024.477783 344.371185
0 1478252234 1028.855957 360.590363
0 1524803261 1244.100342 803.416443
0 1478211179 899.861694 326.811310
0 1578523680 918.281372 491.248108
0 1578530689 1055.320068 521.008667
0 1568508653 1103.610962 514.385254
0 1524826290 954.695923 803.132568
0 1524847319 1079.020020 818.448486
0 1524810270 1187.778198 709.640930
0 1524835302 1113.866943 760.547180
0 1524821284 1227.979370 902.043945
0 1524799257 1120.724365 788.603821
0 1478233208 962.977417 347.147461
0 1608354172 962.172424 448.097595
0 1524835303 1119.777222 697.420166
0 1478251232 1062.939209 349.031006
0 1524812273 1082.307617 721.414429
0 1706512175 1008.317993 543.145081
0 1438986622 885.526917 490.816528
0 1478211180 985.057190 332.175415
0 1524823286 1216.715210 866.933533
0 1478223195 1015.038086 356.199127
0 1478244223 986.525208 339.773041
0 1438987623 948.623291 465.877808
0 1478193157 961.864380 339.300781
0 1478198164 1033.459839 333.116638
0 1524862339 1196.322632 803.369568
0 1478236212 939.352600 363.167175
0 1478240217 965.316711 363.639648
0 1478214183 994.777588 321.456024
0 1578521678 1084.854370 507.099030
0 1524844314 1000.015503 774.111389
0 1524848320 1223.329102 747.505920
0 1524806265 1093.883911 774.310486
0 1524787243 1057.079834 834.149475
0 1478241219 937.863953 346.674255
0 1524799256 1087.923096 747.073547
0 1478190154 913.013062 354.309021
0 1478226198 949.967773 342.955719
0 1478208176 935.805786 323.871429
0 1478214184 1005.104919 368.645508
0 2084722944 964.987427 472.348236
0 1578522679 1018.696167 506.262939
0 1524825289 1153.042603 920.830383
0 1774531078 1070.258911 513.972961
0 1525674169 1003.291138 513.145264
0 1478197162 957.749878 310.294128
0 1524815276 1062.696777 733.972595
0 1768901071 901.999695 497.836578
0 1578526684 983.539490 492.107880
0 1478182144 1007.482422 325.285858
0 1524853326 952.820801 774.011292
0 1478218189 966.546936 372.312744
0 1578513667 1013.501831 479.381317
0 1438983618 1011.063660 466.763489
0 1478224196 964.127563 355.255981
0 1478247227 993.240295 314.431274
0 1524792248 1325.557739 774.801941
0 1524795252 1175.053711 902.198608
0 1524808267 1187.063354 774.508179
0 1478191155 912.701111 346.200104
0 1524856330 1062.612793 867.169800
0 1478236211 1051.776733 352.816833
0 1478258242 968.773621 307.148712
0 1478212181 938.595886 354.782959
0 1478185147 989.608276 355.728058
0 1568502645 1094.814087 486.965057
0 1568508652 996.528748 472.787933
0 1438984619 1006.474243 443.012360
0 1659977623 1014.759399 485.889496
0 1478209177 1031.285400 325.755554
0 1438982617 1016.043762 492.536133
0 1524805264 1251.047729 760.912781
0 1771287074 1126.695190 487.393402
0 2087111947 934.198547 484.807129
0 1524817279 996.843323 746.782776
0 1524795251 1051.898438 803.227905
0 1478230204 974.852844 343.428467
0 1478230203 969.915161 313.961334
0 1524847318 1225.465454 818.504578
0 1578516671 1104.154053 468.083893
0 1568513659 1000.940002 499.113800
0 1578529687 1113.061646 493.814362
0 1524819282 1047.036377 774.211121
0 1478253235 950.893616 350.931732
0 1524836304 1148.363770 803.322510
0 1478243221 982.256470 317.681580
0 1568501644 1020.193298 437.589935
0 1438998637 1117.804810 507.515442
0 1524816278 1213.841309 721.967041
0 1705773174 971.378052 527.402771
0 1524845316 1121.905884 902.354065
0 1524842312 1091.778687 884.476746
0 1568507651 1043.379639 543.537231
0 1438999638 917.774414 478.070801
0 1478252233 1017.087036 364.581787
0 1438993630 918.810425 505.000610
0 1478237214 899.955139 334.287415
0 1524857332 1322.161621 818.541565
0 1478248228 988.041443 347.619720
0 1478225197 887.488708 345.725037
0 1524859335 1106.976929 834.137817
0 1524832298 1100.222778 803.275330
0 1478200166 862.742126 337.402679
0 1478250231 1038.022217 348.561493
0 1478245225 912.106995 330.756836
0 1438995633 989.650513 535.189697
0 1524804263 1215.165283 788.751160
0 1524839308 1128.023438 818.467224
0 1524849321 1144.625610 709.438721
0 1568512658 1005.748108 527.807861
0 1568514661 1066.476318 499.959869
0 1478231205 1060.222900 341.184296
0 1773608077 968.044983 498.689178
0 1438977615 1073.199585 467.644836
0 1524834301 1262.122437 788.824341
0 1607644171 1022.690063 448.998596
0 1524800258 1114.188599 867.090759
0 1568504647 901.831360 484.372253
0 1568500642 1030.810669 486.105133
0 1478256239 999.689453 343.900299
0 1524815277 1240.619995 734.631775
0 1568503646 1121.918457 474.535828
0 1478220191 924.055542 327.285309
0 1478207174 1009.281494 332.646515
0 1524841311 1304.623047 834.091431
0 1478213182 924.536926 334.761810
0 1524813274 1205.485840 760.791382
0 1568516663 933.367920 471.907471
0 1578517672 885.705200 477.631775
0 1578527685 1036.366943 443.464142
0 1478240218 1013.056396 348.091095
0 1478215185 900.051697 342.007416
0 1524838307 1268.144287 747.648987
0 1478197163 1011.138489 340.244354
0 1478221192 1026.630737 352.346924
0 1524819281 1085.186646 850.362000
0 2086284946 1033.750244 499.537384
0 1524824288 1057.877563 709.032349
0 1524802260 1355.515503 788.970093
0 1478226199 973.559204 335.707886
0 1578518673 947.528992 453.753387
0 1438981616 953.488403 519.778931
0 1478238215 900.151367 349.983582
0 1609135173 1099.118164 500.381226
0 1524837305 1308.905518 788.897339
0 1524793249 1178.354370 747.362305
0 1568515662 1131.676392 500.801544
0 1568516664 1074.211182 528.614746
0 1438991628 1089.083740 521.416382
0 1478249230 926.078552 358.703033
0 1438996634 985.487732 505.843262
0 1578519675 976.511169 442.559509
0 1524829295 1236.448486 850.229980
0 1524864341 1233.397217 774.606445
0 1478255238 887.697510 330.282135
0 1438993631 1145.236816 494.238281
0 1524788244 1196.373047 734.467773
0 1772785076 901.670044 471.465637
0 1524828293 1067.807983 760.424438
0 1478203171 911.823914 323.398163
0 1524798255 1029.826904 818.429565
0 1478199165 949.071594 335.235291
0 1578528686 1048.465332 492.963318
0 1478192156 948.203674 327.758392
0 1478228201 1035.704346 340.714752
0 1772037075 1040.025635 528.211792
0 1578515670 1076.922974 480.249573
0 1524851323 1168.032837 788.677612
0 1478218188 935.162048 316.739105
0 1478202169 1001.434937 351.876129
0 1478254236 946.547485 313.490509
0 1478246226 875.326050 333.812073
0 1524809269 1206.186279 834.114502
0 1524822285 1003.389832 803.180298
0 1524841310 1137.687378 685.951111
0 1478235210 980.919800 310.764038
0 1578515669 1004.312012 431.821960
0 1524854328 1176.838257 818.485962
0 0 1332.409424 677.038635
0 1 1422.670166 390.645233
0 2 932.189575 383.768585
0 3 1265.726807 692.085571
0 4 723.159424 448.566833
0 5 1502.463379 467.677887
0 6 878.794250 738.728210
0 7 1072.960815 625.048401
0 8 1187.117798 612.568115
0 9 542.213928 373.424652
0 10 1001.167725 593.195557
0 11 1247.810059 654.419495
0 12 596.428833 523.781982
0 13 1530.141846 558.706360
0 14 558.956238 501.707642
0 15 948.289368 613.038208
0 16 1364.330811 642.797546
0 17 451.402954 406.764282
0 18 1092.751343 344.536652
0 19 1097.299072 330.336700
0 20 656.167114 586.243347
0 21 962.502502 340.372681
0 22 742.590088 625.453491
0 23 728.874634 664.908569
0 24 1191.680176 373.307922
0 25 1335.185425 382.304321
0 26 1251.420532 358.027588
0 27 1143.207275 359.302521
0 28 772.548584 315.685242
0 29 1103.769043 312.036407
0 30 893.835571 398.573212
0 31 1459.706299 557.615173
0 32 664.528564 464.661682
0 33 1515.580322 441.689484
0 34 773.110779 517.653503
0 35 1476.694092 530.874512
0 36 953.009644 366.093231
0 37 673.820312 441.003693
0 38 702.646240 338.325897
0 39 702.998840 483.885559
