0 1578512666 905.874512 632.820435
0 1478234209 1387.625000 510.126251
0 1707269176 1109.011475 639.709351
0 1438989626 870.821228 717.041992
0 1524801259 525.462097 946.317261
0 1438992629 935.165527 682.930115
0 1478227200 1333.305908 459.393127
0 1524854327 649.591980 949.382019
0 1478249229 1295.840332 431.920868
0 1524807266 307.856781 883.016357
0 1524831297 274.562073 940.122742
0 1478229202 1311.391479 458.530853
0 1568509654 966.018005 683.933105
0 1578523681 1154.375000 707.647156
0 1478207175 1343.479248 442.242310
0 1478210178 1405.617554 471.383240
0 1524862338 387.569977 885.114197
0 1478186149 1361.303711 469.651306
0 1524797254 237.520874 1003.655029
0 1578518674 1080.136353 638.730103
0 1438985621 1119.467407 688.921509
0 1478203170 1398.882935 461.973389
0 1438994632 935.000122 618.642944
0 1578520676 903.676147 699.624084
0 1478237213 1250.763550 515.617004
0 1568511657 963.580078 619.624573
0 1775370079 876.661194 631.829651
0 1478195160 1442.438232 522.830017
0 1568510655 906.373413 617.659790
0 1478257240 1269.569214 505.647217
0 1578521677 1019.017090 606.947632
0 1524812272 557.006104 978.173706
0 1769859072 993.222900 635.782593
0 1578525683 904.818237 664.917847
0 1770636073 1046.945557 607.918518
0 1524833300 514.393921 977.159058
0 1568511656 1158.934570 726.110474
0 1438985620 1058.249634 686.931396
0 1478185148 1434.622314 511.909332
0 1707993177 1096.766724 582.077942
0 1478189152 1245.861206 504.747772
0 1524830296 290.290436 1076.728638
0 2088218948 1055.812866 669.899902
0 1606348170 1115.846802 671.880737
0 1524855329 506.472870 888.243225
0 1478183145 1226.654175 514.709717
0 1438990627 992.113281 620.604614
0 1478222194 1282.476685 485.756561
0 1709860179 880.597656 574.391724
0 1478188151 1245.481201 455.937439
0 1438988624 1053.469238 653.518005
0 1478243222 1215.366333 437.136322
0 1524844315 256.548218 971.019714
0 1524811271 466.927124 887.202576
0 1478216186 1293.244995 506.545471
0 1524814275 576.354248 918.095764
0 1578514668 1074.829346 608.887878
0 1478184146 1264.459229 495.101624
0 1524829294 337.217926 1077.707764
0 1478176143 1227.676025 464.428802
0 1524860336 585.300232 890.317688
0 1478222193 1284.425415 448.554138
0 1438997636 996.815979 684.934326
0 1478194158 1236.496460 483.985016
0 1478201168 1349.253662 451.121613
0 1478187150 1403.909668 500.434021
0 1478205172 1355.192627 460.254333
0 1524838306 358.589813 942.197327
0 1568514660 1134.083496 625.480774
0 1524865342 663.777344 892.382935
0 2085418945 989.016724 578.246704
0 1524808268 566.935730 947.341248
0 1478200167 1345.072266 478.450226
0 1478194159 1327.671143 450.266876
0 1568501643 1077.434082 623.535095
0 1478239216 1217.724854 493.314575
0 1524820283 599.515808 979.185852
0 1438989625 1044.925171 593.796021
0 1568505649 1082.941650 654.504211
0 1478255237 1418.594849 521.932800
0 1524804262 624.582397 891.351440
0 1568506650 1072.316772 594.759277
0 1478217187 1346.866577 519.233521
0 1568505648 1017.490295 592.831177
0 1568497640 1141.736816 656.471680
0 1578511665 1137.838745 640.687012
0 1478258241 1374.072021 489.285583
0 1524796253 385.938934 974.100525
0 1478206173 1322.192749 441.393921
0 1524826291 454.893646 914.995605
0 1578529688 961.974915 577.285217
0 1478233207 1419.688232 491.043091
0 1708834178 1051.213257 637.749268
0 1478189153 1267.479126 456.803009
0 1568499641 905.356445 648.561768
0 1478245224 1427.042480 501.318573
0 1524852325 414.220978 913.957520
0 1478219190 1193.921753 436.281647
0 1578525682 963.025574 605.001099
0 1478232206 1241.071533 446.837097
0 1524818280 502.707642 1009.723267
0 1524850322 332.595184 911.874084
0 1438996635 1105.781860 624.508789
0 1524832299 458.783997 1008.718140
0 1478242220 1390.086548 480.197205
0 1438999639 935.258484 719.070190
0 1478196161 1357.551147 498.661316
0 1478252234 1322.890747 518.331299
0 1478211179 1253.715698 430.231750
0 1578523680 906.854248 603.048340
0 1578530689 966.689331 701.640686
0 1568508653 1031.471313 722.098511
0 1524826290 291.641296 910.828796
0 1524847319 326.356689 1005.687866
0 1524810270 641.923340 980.195618
0 1524835302 471.678925 976.142029
0 1524799257 414.751221 1007.710510
0 1478233208 1277.330200 475.821198
0 1608354172 1042.974976 580.165283
0 1524835303 616.656433 919.124390
0 1478251232 1394.718628 521.034241
0 1524812273 535.959961 917.064758
0 1706512175 872.084229 698.613037
0 1438986622 879.666138 587.984314
0 1478211180 1339.104004 468.783691
0 1478223195 1316.888306 507.442505
0 1478244223 1322.520996 477.575043
0 1438987623 990.012268 591.864868
0 1478193157 1294.618896 467.045105
0 1478198164 1396.895264 490.164917
0 1524862339 430.702972 1079.658325
0 1478236212 1213.460693 483.097473
0 1478240217 1241.107788 494.208679
0 1478214183 1377.051636 461.114410
0 1578521678 1029.475952 703.650024
0 1524844314 373.454956 912.916992
0 1524848320 580.410767 1046.130737
0 1524806265 428.860718 975.122498
0 1524787243 281.994171 1004.672668
0 1478241219 1250.019043 465.302032
0 1524799256 483.891052 945.290955
0 1478190154 1205.304199 463.554474
0 1478226198 1272.333252 466.174133
0 1478208176 1300.880127 440.544525
0 1478214184 1274.839355 516.523010
0 2084722944 991.043823 605.975159
0 1578522679 965.372864 666.915833
0 1774531078 998.110901 702.646301
0 1525674169 935.121765 665.917664
0 1478197162 1358.835815 434.446899
0 1524815276 495.473206 916.031372
0 1768901071 878.700806 602.069580
0 1578526684 964.155212 634.796875
0 1478182144 1383.474854 470.517822
0 1524853326 347.758026 884.066406
0 1478218189 1222.120605 503.847015
0 1578513667 1022.242126 636.766724
0 1438983618 1049.040161 622.559875
0 1478224196 1259.501831 484.871368
0 1478247227 1392.337646 452.828003
0 1524808267 490.350037 1044.158203
0 1478191155 1223.455200 455.070770
0 1524856330 217.392029 1038.179565
0 1478236211 1370.809082 520.134521
0 1478258242 1379.783325 435.286865
0 1478212181 1232.021240 474.062775
0 1478185147 1287.779175 495.993347
0 1568502645 1088.885376 687.927307
0 1568508652 1020.599915 621.583069
0 1438984619 1099.665405 595.721069
0 1659977623 1008.446167 644.080688
0 1478209177 1412.549805 481.069000
0 1438982617 994.374878 651.540527
0 1771287074 1123.234131 706.650513
0 2087111947 934.962524 604.025452
0 1524817279 427.292908 886.159546
0 1524795251 342.913147 973.076111
0 1478230204 1299.940430 476.698700
0 1478230203 1364.739380 443.089630
0 1578516671 1145.786133 672.868530
0 1568513659 964.752380 650.549255
0 1578529687 1092.037476 705.652161
0 1524819282 400.455231 943.230957
0 1478253235 1254.690674 474.942566
0 1524836304 399.829041 1042.175537
0 1478243221 1370.809082 451.975342
0 1568501644 1126.971191 596.681335
0 1438998637 1063.424683 723.104309
0 1524816278 633.828125 1012.723694
0 1705773174 874.462158 663.916199
0 1524842312 196.063080 1074.762451
0 1568507651 903.069519 718.057068
0 1438999638 934.926208 589.927673
0 1478252233 1298.881714 517.427734
0 1438993630 877.699829 616.674927
0 1478237214 1236.784302 437.989960
0 1478248228 1305.421021 486.640564
0 1478225197 1197.608643 445.115753
0 1524859335 308.844238 1040.182617
0 1524832298 370.608917 1006.700439
0 1478200166 1190.336060 427.690308
0 1478250231 1364.078125 509.232880
0 1478245225 1258.175903 438.842529
0 1438995633 873.296936 680.918823
0 1524839308 354.394836 1041.180420
0 1524849321 608.312256 948.362854
0 1568512658 904.258545 681.925354
0 1568514661 1027.559814 685.933777
0 1478231205 1411.139648 511.018402
0 1773608077 935.039124 633.809448
0 1438977615 1112.364014 655.488770
0 1607644171 1102.668579 609.855652
0 1524800258 243.238968 1075.746826
0 1568504647 907.317993 588.956726
0 1568500642 1023.947083 652.530090
0 1478256239 1328.334961 487.523407
0 1524815277 625.269531 1047.113281
0 1568503646 1149.995605 689.914001
0 1478220191 1279.541260 439.694031
0 1478207174 1367.593994 479.324280
0 1478213182 1262.762085 447.696136
0 1524813274 535.437683 1045.145752
0 1568516663 962.490906 590.897034
0 1578517672 907.765503 575.357727
0 1578527685 1130.463379 610.821960
0 1478240218 1334.325073 497.773193
0 1478215185 1219.353638 445.976959
0 1478197163 1351.218506 488.405090
0 1478221192 1340.499390 508.338287
0 1524819281 263.176758 1039.182373
0 2086284946 995.571655 667.912231
0 1524824288 545.930420 889.281616
0 1478226199 1316.875610 467.914978
0 1578518673 1016.016663 579.206787
0 1438981616 875.582764 647.565430
0 1478238215 1201.401367 454.203003
0 1609135173 1060.784790 704.652039
0 1524793249 546.522644 1010.725891
0 1568515662 1095.319580 724.108215
0 1568516664 967.388306 720.081543
0 1438991628 999.459229 721.090942
0 1478249230 1209.322266 473.181824
0 1438996634 935.079651 649.556396
0 1578519675 1069.891602 581.122375
0 1478255238 1232.614868 429.385620
0 1438993631 1127.156128 725.110291
0 1524788244 590.229309 1011.726013
0 1772785076 934.891235 576.322205
0 1524828293 442.222229 944.262146
0 1478203171 1274.790894 431.076813
0 1524798255 299.783051 972.049133
0 1478199165 1289.449341 457.667480
0 1578528686 1025.718262 668.906921
0 1478192156 1306.061768 449.411041
0 1478228201 1380.745972 499.548279
0 1772037075 935.211060 700.633362
0 1578515670 1085.855713 670.891113
0 1524851323 445.147278 1043.168091
0 1478218188 1316.864380 432.763885
0 1478202169 1311.067749 496.883850
0 1478254236 1337.862793 433.605896
0 1478246226 1211.488403 428.538483
0 1524822285 316.625549 941.161255
0 1524841310 656.866760 920.150757
0 1478235210 1385.973633 443.935913
0 1578515669 1123.600464 583.032104
0 1524854328 384.021912 1078.684448
0 0 478.652679 578.048523
0 1 907.777832 949.176758
0 2 695.243896 654.351929
0 3 513.616943 535.988342
0 4 887.807983 871.988525
0 5 615.036987 952.434448
0 6 558.386169 441.878326
0 7 1766.981323 951.139099
0 8 1752.297974 891.412964
0 9 1323.646851 469.338806
0 10 1710.204834 988.712646
0 11 1613.569092 1006.070129
0 12 1030.855347 376.527344
0 13 1414.347412 639.705261
0 14 978.013367 362.853271
0 15 888.314453 457.869843
0 16 382.489075 623.427124
0 17 1280.424927 386.534546
0 19 742.256470 504.013519
0 20 589.990662 1034.109985
0 21 1761.400391 792.642822
0 22 756.383850 1011.235229
0 23 684.730347 365.029175
0 24 1394.151367 1069.946899
0 25 1068.279785 495.435730
0 26 940.207458 485.309479
0 27 1480.017334 1035.722778
0 28 1470.903564 626.396973
0 29 1670.774536 903.392395
0 30 688.972839 707.685364
0 31 352.686646 786.898621
0 32 1388.247559 470.066254
0 33 1304.366577 497.780060
0 34 1152.551880 464.432007
0 35 282.728241 887.970764
0 36 734.584839 470.805328
0 37 1452.447754 484.805969
0 38 1410.276855 553.122803
0 39 1221.815063 461.320343
