0 1578512666 1000.047485 708.982422
0 1524823287 1102.246216 493.965149
0 1478234209 349.361786 980.421814
0 1707269176 807.072510 730.368042
0 1438989626 999.199341 648.319031
0 1524801259 1121.888184 542.493164
0 1438992629 958.512695 675.635193
0 1524854327 1060.328491 548.220215
0 1524807266 1258.060059 545.900452
0 1524863340 1163.447388 495.186432
0 1524831297 1242.419434 531.279785
0 1568509654 932.686646 678.385376
0 1524790246 1169.547852 501.384064
0 1578523681 773.134888 683.377075
0 1524861337 1046.271851 498.845581
0 1524862338 1217.185669 549.780701
0 1524797254 1227.629517 517.454102
0 1578518674 835.161438 727.255249
0 1438985621 801.238892 692.383301
0 1524857331 1088.700562 501.760986
0 1438994632 978.184326 725.012085
0 1578520676 979.265015 661.702515
0 1478237213 583.065979 927.701599
0 1568511657 950.461304 728.127563
0 1775370079 1026.935425 706.002747
0 1478195160 280.405243 966.955505
0 1568510655 1005.732666 721.916321
0 1478257240 542.548035 954.904480
0 1578521677 898.300232 748.266785
0 1524794250 1055.520264 511.503418
0 1524812272 1095.820190 537.086487
0 1769859072 918.376404 718.033325
0 1578525683 989.285400 684.499146
0 1770636073 869.503845 751.549377
0 1524846317 1188.261353 499.723358
0 1524833300 1115.970459 535.230103
0 1568511656 771.840149 671.931580
0 1438985620 854.286987 686.734253
0 1478185148 269.791321 990.932007
0 1707993177 815.964233 788.266113
0 1478189152 580.233582 949.926697
0 1524791247 1150.752075 503.052124
0 1524830296 1175.810547 507.746490
0 2088218948 857.109863 698.758301
0 1524827292 1107.509399 500.106598
0 1606348170 803.112610 704.583496
0 1524855329 1155.128906 555.671875
0 1478183145 619.539673 922.971191
0 1438990627 922.561890 731.262817
0 1524840309 1069.809326 503.422577
0 1478222194 494.450165 1008.755737
0 1709860179 1053.100342 760.418762
0 1438988624 860.036926 711.225830
0 1524843313 1175.764648 487.554993
0 1524844315 1234.922607 524.271729
0 1524858333 1139.162842 490.746338
0 1524811271 1175.914917 553.698669
0 1524859334 1120.744019 492.352295
0 1478216186 504.550507 959.923462
0 1524851324 1036.219482 513.216248
0 1524814275 1107.274048 551.910278
0 1578514668 840.518921 754.853516
0 1478184146 538.607666 978.473206
0 1524829294 1156.778320 509.450928
0 1478176143 567.361328 1050.932739
0 1524860336 1113.252075 559.647339
0 1438997636 906.707825 681.151855
0 1478194158 574.129944 997.820984
0 1478187150 299.662506 1010.634399
0 1524838306 1202.619507 534.982483
0 1568514660 780.360046 747.242920
0 1524865342 1070.963867 563.661865
0 2085418945 936.132019 774.154602
0 1524808268 1101.465820 544.393066
0 1478200167 363.452118 1052.708374
0 1568501643 837.788696 740.789307
0 1478239216 615.585571 968.112244
0 1524820283 1075.575317 538.951538
0 1438989625 872.910828 766.061096
0 1568505649 832.631348 714.221924
0 1478255237 319.329559 961.907166
0 1524804262 1092.159790 561.649658
0 1568506650 843.358215 769.479675
0 1478217187 434.200531 947.008911
0 1568505648 902.267334 762.665161
0 1568497640 777.308594 720.270020
0 1578511665 778.805359 733.500671
0 1478258241 330.853027 1031.206787
0 1524796253 1175.860352 529.712769
0 1524826291 1169.083252 546.102234
0 1578529688 965.669067 770.685974
0 1478233207 246.859756 1042.733521
0 1708834178 863.074036 724.161926
0 1568499641 994.568726 696.518494
0 1478245224 258.624298 1016.157959
0 1524852325 1189.489624 544.184692
0 1578525682 955.334534 741.765137
0 1524818280 1110.215820 528.167297
0 1524850322 1230.011841 540.376892
0 1438996635 809.166870 744.005737
0 1524832299 1130.009644 526.361267
0 1478242220 277.843079 1064.694458
0 1524789245 1193.948730 485.969482
0 1438999639 949.678894 653.462036
0 1478196161 380.680542 999.729675
0 1478252234 471.869690 942.123352
0 1524803261 1093.865845 508.100464
0 1578523680 1011.636292 735.347046
0 1578530689 928.627808 667.027039
0 1568508653 874.335083 661.286926
0 1524826290 1250.128906 538.486511
0 1524847319 1188.848877 520.992554
0 1524810270 1055.235229 540.825317
0 1524835302 1136.026855 533.382446
0 1524821284 1157.502808 489.147247
0 1524799257 1149.712769 524.563477
0 1478233208 488.994781 1035.131226
0 1608354172 876.456177 781.162415
0 1524835303 1086.471924 553.865051
0 1478251232 357.934296 956.900330
0 1524812273 1127.976074 549.965027
0 1706512175 1004.365540 659.063232
0 1438986622 1046.176025 746.018066
0 1524823286 1144.882324 496.819397
0 1478223195 466.237061 964.984131
0 1478244223 405.677246 1046.796509
0 1438987623 931.429688 759.291687
0 1478193157 440.596252 1069.051636
0 1478198164 289.043396 1036.944458
0 1524862339 1118.458496 512.882629
0 1478236212 613.455933 992.424133
0 1478240217 577.258606 973.270935
0 1578521678 877.400696 672.413574
0 1524844314 1209.798950 542.276245
0 1524848320 1065.273926 524.852661
0 1524806265 1155.989868 531.543335
0 1524787243 1208.283325 519.219299
0 1478241219 525.492798 1056.917114
0 1524799256 1142.214111 540.602173
0 1478190154 608.850403 1045.002563
0 1478226198 483.239532 1062.956421
0 1478214184 546.298767 932.470154
0 2084722944 926.909790 745.005371
0 1578522679 936.891052 690.151489
0 1524825289 1200.337524 491.941681
0 1774531078 903.088623 669.712463
0 1525674169 963.166565 687.316833
0 1524815276 1148.578979 548.028992
0 1768901071 1039.516846 732.168823
0 1578526684 945.769531 714.997620
0 1524853326 1237.672119 547.835876
0 1478218189 617.611023 944.989685
0 1578513667 890.811768 721.088074
0 1438983618 866.227356 737.593445
0 1478224196 534.462769 1003.264648
0 1524792248 1031.778076 506.767731
0 1524795252 1181.932251 493.560577
0 1524808267 1104.617676 521.296509
0 1478191155 563.692749 1079.718994
0 1524856330 1220.531982 510.819397
0 1478236211 396.223328 951.934387
0 1478212181 570.835388 1023.672791
0 1478185147 499.628571 983.719666
0 1568502645 827.842041 689.550354
0 1568508652 894.484497 734.418030
0 1438984619 813.607605 772.921204
0 1659977623 902.705261 713.103027
0 1478209177 234.448563 1070.770020
0 1438982617 914.344299 705.288879
0 1524805264 1060.331543 518.088074
0 1771287074 799.431152 680.612000
0 2087111947 983.576111 738.545776
0 1524817279 1196.600342 551.734924
0 1524795251 1195.638916 527.890686
0 1478230204 447.523132 1040.937622
0 1524847318 1112.911621 506.410248
0 1578516671 775.866516 707.522827
0 1568513659 941.249146 702.347534
0 1578529687 825.573303 677.863159
0 1524819282 1182.579102 536.846924
0 1478253235 530.097229 1029.376465
0 1524836304 1143.605347 517.772522
0 1568501644 783.656982 776.385803
0 1438998637 848.932007 663.925110
0 1524816278 1050.283447 533.635742
0 1705773174 1015.249084 681.698120
0 1524845316 1206.893066 498.069885
0 1524842312 1213.622314 504.360291
0 1568507651 974.509155 650.883301
0 1438999638 989.179810 752.611267
0 1478252233 509.234497 937.277283
0 1438993630 1033.107910 718.839966
0 1524857332 1065.010498 497.211761
0 1478248228 454.087585 1014.294861
0 1524859335 1182.241821 514.280334
0 1524832298 1169.325562 522.773926
0 1478250231 388.646759 975.232849
0 1438995633 1009.712219 670.182922
0 1524804263 1099.169678 514.609985
0 1524839308 1162.967285 516.022522
0 1524849321 1080.946045 546.302124
0 1568512658 984.187439 672.901062
0 1568514661 880.575134 683.934753
0 1478231205 309.744720 985.654724
0 1773608077 972.992615 711.980713
0 1438977615 805.055786 717.236572
0 1524834301 1074.735596 509.798187
0 1607644171 811.343567 758.179321
0 1524800258 1194.758301 506.049652
0 1568504647 1017.771118 749.303833
0 1568500642 887.274048 708.248230
0 1478256239 413.370300 1019.882690
0 1524815277 1045.467163 526.642944
0 1568503646 774.476196 695.233276
0 1478207174 320.842468 1058.674072
0 1524841311 1083.668457 495.584930
0 1524813274 1084.990601 523.070557
0 1568516663 960.399841 755.940491
0 1578517672 1024.151245 763.818359
0 1578527685 781.976013 761.527100
0 1478240218 420.669342 994.347351
0 1524838307 1040.780884 519.838928
0 1478197163 372.293762 1025.519653
0 1478221192 427.603882 970.087036
0 1524819281 1201.429932 512.545959
0 2086284946 910.457397 693.003113
0 1524824288 1134.241577 557.654724
0 1524802260 1027.451904 500.486511
0 1478226199 397.557465 1075.203369
0 1578518673 906.395081 777.646606
0 1438981616 1020.986450 693.630371
0 1478238215 606.355103 1073.489502
0 1609135173 851.562683 675.130432
0 1524837305 1050.835449 505.091492
0 1524793249 1090.330566 529.981689
0 1568515662 823.382690 666.578613
0 1568516664 924.707275 656.055481
0 1438991628 899.593018 658.663757
0 1478249230 611.213928 1018.019409
0 1438996634 967.990173 699.424072
0 1578519675 846.313232 784.702148
0 1524829295 1126.236450 498.459412
0 1524864341 1079.794189 516.345154
0 1438993631 797.685791 669.247375
0 1524788244 1070.353271 531.804504
0 1772785076 995.008057 767.240662
0 1524828293 1162.444214 538.720093
0 1524798255 1215.326172 526.077026
0 1578528686 883.864136 695.872070
0 1478228201 340.346436 1005.158447
0 1772037075 954.019470 664.357056
0 1578515670 830.193237 701.662109
0 1524851323 1124.155762 519.530518
0 1478202169 460.317230 989.010803
0 1524809269 1131.873535 504.727478
0 1524822285 1222.566162 533.126831
0 1524841310 1065.569214 555.829224
0 1578515669 785.406860 791.854553
0 1524854328 1137.661133 511.162903
0 0 706.397827 519.294800
0 1 428.670868 900.356812
0 2 407.004761 613.226807
0 3 1064.762939 483.914459
0 4 337.458435 762.283447
0 5 430.698029 861.422729
0 6 1216.413330 482.684967
0 7 347.059753 725.499695
0 8 656.544617 838.255676
0 9 1606.393433 790.594727
0 10 762.330750 820.325562
0 11 1665.663818 992.378052
0 12 1370.227905 616.765808
0 14 1398.718140 689.427856
0 15 300.637329 706.965210
0 16 443.156555 814.703491
0 17 1402.177368 656.165833
0 18 433.363525 961.896606
0 19 461.421478 575.700745
0 20 1445.252930 773.474670
0 21 1157.737671 585.581116
0 22 1429.009033 727.847656
0 23 1243.198853 498.135986
0 25 642.914307 559.077087
0 26 700.825256 552.876770
0 27 1595.930542 875.110046
0 28 1515.458740 752.087463
0 29 1183.619751 639.623230
0 30 983.899170 797.417542
0 32 920.889587 517.420349
0 33 886.987549 539.488098
0 34 480.599854 555.250854
0 35 1527.414429 795.923645
0 36 1087.681885 527.547791
0 37 756.324890 534.023010
0 38 1480.708374 704.066956
0 39 808.364624 524.234497
