0 1578512666 916.530518 693.149597
0 1478234209 1398.907349 562.973450
0 1707269176 1121.490723 697.881226
0 1438989626 882.282349 779.660400
0 1524801259 533.847168 1020.259827
0 1438992629 946.797302 744.002502
0 1478227200 1342.817627 512.345947
0 1524854327 660.077454 1022.150269
0 1478249229 1304.457397 485.105774
0 1524807266 313.239227 956.827881
0 1524831297 279.057739 1016.444031
0 1478229202 1320.790039 511.734070
0 1568509654 977.964355 744.683899
0 1578523681 1168.805542 766.875854
0 1478207175 1352.540771 494.937225
0 1478210178 1415.813843 523.595886
0 1524862338 393.994202 958.153992
0 1478186149 1371.234619 522.367676
0 1578518674 1092.336060 697.208130
0 1438985621 1133.092163 748.075439
0 1478203170 1408.757568 514.177673
0 1438994632 945.671265 678.370911
0 1578520676 915.240356 761.444336
0 1478237213 1261.392334 570.123291
0 1568511657 974.479431 679.046814
0 1775370079 887.082458 692.469788
0 1478195160 1454.478638 575.202209
0 1568510655 916.822510 677.694092
0 1478257240 1280.042358 559.815308
0 1578521677 1030.118652 665.506104
0 1524812272 565.972351 1053.128174
0 1769859072 1004.622009 695.183167
0 1578525683 915.911377 725.924377
0 1770636073 1058.275269 666.176880
0 1524833300 522.609192 1052.512695
0 1568511656 1173.839600 785.771545
0 1438985620 1071.182251 746.721924
0 1478185148 1446.259155 564.231506
0 1707993177 1107.955200 639.318665
0 1478189152 1256.185669 559.181396
0 2088218948 1068.393921 729.322693
0 1606348170 1129.070312 730.674927
0 1524855329 514.541260 960.133301
0 1478183145 1237.127075 569.485046
0 1438990627 1003.247131 679.721741
0 1478222194 1292.488281 539.555359
0 1709860179 890.302307 633.983765
0 1478188151 1254.563843 509.894409
0 1438988624 1065.715332 712.606567
0 1478243222 1223.888306 491.307404
0 1524844315 260.510498 1048.792358
0 1524811271 474.436646 959.474792
0 1478216186 1303.871094 560.448425
0 1524814275 585.510986 990.375427
0 1578514668 1086.393066 666.846863
0 1478184146 1274.629639 549.210144
0 1478176143 1236.907104 518.666809
0 1524860336 594.518311 961.446533
0 1478222193 1293.452393 501.993652
0 1438997636 1009.084167 745.364258
0 1478194158 1246.251099 538.303467
0 1478201168 1358.592773 503.817566
0 1478187150 1414.994141 552.975586
0 1478205172 1364.821533 512.957214
0 1524838306 364.335083 1017.721130
0 1568514660 1146.482178 683.082336
0 1524865342 674.187256 962.754700
0 2085418945 999.417786 636.658325
0 1524808268 576.009644 1020.891235
0 1478200167 1355.182129 531.442200
0 1478194159 1336.902588 503.210236
0 1568501643 1089.308472 681.740967
0 1478239216 1227.625366 547.949219
0 1524820283 609.244812 1053.742432
0 1438989625 1055.975708 651.827087
0 1568505649 1095.482422 713.282104
0 1478255237 1430.442993 574.570007
0 1524804262 634.391174 962.101257
0 1568506650 1083.583740 652.494507
0 1478217187 1358.165039 572.668762
0 1568505648 1028.330322 651.158813
0 1568497640 1154.886841 714.630188
0 1578511665 1150.603760 698.553223
0 1478258241 1384.648438 542.050598
0 1524796253 391.972961 1050.658447
0 1478206173 1331.155273 494.333801
0 1524826291 462.187408 988.437195
0 1578529688 972.193359 635.991028
0 1478233207 1430.572144 543.293945
0 1708834178 1063.139893 696.534119
0 1478189153 1276.663330 510.508270
0 1568499641 916.227112 709.214111
0 1478245224 1438.294189 553.600586
0 1524852325 420.916046 987.788513
0 1478219190 1202.366943 490.700195
0 1578525682 973.689087 664.161621
0 1478232206 1249.909180 500.774475
0 1524850322 338.126526 986.487244
0 1438996635 1117.915283 682.412109
0 1478242220 1400.473999 532.679382
0 1438999639 947.432495 781.025940
0 1478196161 1368.313721 551.723328
0 1478252234 1334.015015 572.033569
0 1478211179 1262.168945 483.903839
0 1578523680 917.103638 662.813538
0 1578530689 978.926697 762.808533
0 1568508653 1044.771240 783.066223
0 1524826290 296.607910 985.834717
0 1524810270 652.427002 1054.355225
0 1524835302 479.155121 1051.895874
0 1478233208 1287.054321 529.581116
0 1608354172 1053.758423 637.990295
0 1524835303 626.456116 991.019043
0 1478251232 1406.379028 573.937012
0 1524812273 544.484680 989.730713
0 1706512175 883.322876 760.760620
0 1438986622 889.541504 647.803711
0 1478211180 1348.908325 521.752563
0 1478223195 1327.671875 561.080750
0 1478244223 1332.498169 530.822510
0 1438987623 1000.647705 650.489563
0 1478193157 1304.181885 520.520264
0 1478198164 1407.623291 542.672668
0 1478236212 1223.093018 537.676453
0 1478240217 1251.141113 548.580017
0 1478214183 1386.801392 513.567810
0 1578521678 1042.415771 764.168518
0 1524844314 379.562500 987.138489
0 1524806265 435.609802 1051.277832
0 1478241219 1259.356689 519.285278
0 1524799256 491.598816 1019.627075
0 1478190154 1214.432739 518.047607
0 1478226198 1281.781616 519.903137
0 1478208176 1309.747070 493.729797
0 1478214184 1285.628662 570.760864
0 2084722944 1001.923279 664.834351
0 1578522679 977.040710 727.286743
0 1774531078 1010.695862 763.489014
0 1525674169 946.498840 726.606079
0 1478197162 1367.725708 486.904053
0 1524815276 503.376892 989.084534
0 1768901071 888.752319 662.138062
0 1578526684 975.300171 694.506287
0 1478182144 1393.536499 522.982117
0 1524853326 353.655884 957.491577
0 1478218189 1232.301025 558.546814
0 1578513667 1033.901855 695.859192
0 1438983618 1060.661499 681.068848
0 1478224196 1269.382812 538.929749
0 1478247227 1401.904053 505.030273
0 1478191155 1232.440308 509.279846
0 1478236211 1382.286255 573.303223
0 1478258242 1388.771484 487.502197
0 1478212181 1241.508667 528.336975
0 1478185147 1298.091187 549.839539
0 1568502645 1102.160522 747.399170
0 1568508652 1031.974487 680.395752
0 1438984619 1111.154541 653.161011
0 1659977623 1020.116821 703.478149
0 1478209177 1423.082153 533.296997
0 1438982617 1006.050903 711.252563
0 1771287074 1137.281494 766.200623
0 2087111947 945.415894 663.488037
0 1524817279 434.254364 958.815002
0 1524795251 348.244324 1050.037720
0 1478230204 1309.789062 530.202148
0 1478230203 1373.904053 495.539948
0 1578516671 1159.341064 731.349548
0 1568513659 976.153320 710.574097
0 1578529687 1105.708496 765.524292
0 1524819282 406.843048 1018.357727
0 1478253235 1264.294189 528.959412
0 1478243221 1380.259888 504.424225
0 1568501644 1138.687988 653.826538
0 1438998637 1077.114868 783.744202
0 1705773174 885.278320 725.241638
0 1568507651 914.883301 780.343750
0 1438999638 945.169800 649.148438
0 1478252233 1309.836304 571.397583
0 1438993630 887.933228 677.016235
0 1478237214 1245.387085 491.913971
0 1478248228 1315.567627 540.180237
0 1478225197 1206.272705 499.552673
0 1478200166 1198.570801 482.096252
0 1478250231 1375.189941 562.343323
0 1478245225 1266.863037 492.519867
0 1438995633 884.320679 742.636597
0 1524849321 618.086304 1021.521362
0 1568512658 915.582764 743.320129
0 1568514661 1040.156738 746.043579
0 1478231205 1422.597046 563.602844
0 1773608077 945.936401 693.828491
0 1438977615 1125.206177 713.956665
0 1607644171 1114.472412 667.515808
0 1568504647 917.374512 648.476501
0 1568500642 1035.904907 711.930115
0 1478256239 1338.620728 540.804382
0 1568503646 1163.976807 748.750610
0 1478220191 1288.316406 493.125183
0 1478207174 1377.840698 532.061157
0 1478213182 1271.692383 501.384399
0 1568516663 972.927612 649.819458
0 1578517672 917.635681 634.653748
0 1578527685 1142.513062 668.183838
0 1478240218 1344.933228 551.096130
0 1478215185 1228.102661 500.163910
0 1478197163 1361.647705 541.427856
0 1478221192 1351.444824 561.712402
0 2086284946 1007.537170 727.966370
0 1524824288 554.568359 960.790588
0 1478226199 1326.557373 521.136719
0 1578518673 1026.606201 637.324707
0 1438981616 886.198181 708.532654
0 1478238215 1210.292969 508.664612
0 1609135173 1074.086670 764.846924
0 1568515662 1109.407349 784.421021
0 1568516664 979.930115 781.707153
0 1438991628 1012.376282 782.387207
0 1478249230 1218.697510 527.713806
0 1438996634 946.212097 709.894592
0 1578519675 1080.874756 638.654907
0 1478255238 1240.991577 483.301941
0 1438993631 1141.648926 785.096802
0 1772785076 944.932678 635.322876
0 1524828293 449.264191 1018.993042
0 1478203171 1283.324219 484.505157
0 1524798255 304.423615 1049.415649
0 1478199165 1298.738770 511.121521
0 1578528686 1037.988159 728.645081
0 1478192156 1315.189087 502.602264
0 1478228201 1391.667358 552.349854
0 1772037075 947.108215 762.126953
0 1578515670 1098.754639 729.999329
0 1478218188 1325.568848 485.705841
0 1478202169 1321.525757 550.468201
0 1478254236 1346.658203 486.305237
0 1478246226 1219.792236 482.699432
0 1524822285 321.740082 1017.083252
0 1524841310 667.320312 991.661316
0 1478235210 1395.244629 496.142059
0 1578515669 1134.999634 639.981567
0 0 321.735474 886.886353
0 1 661.776917 664.469360
0 2 1761.479858 998.096191
0 3 575.811096 549.095947
0 4 1553.474976 672.861816
0 6 1037.675903 492.878052
0 7 1403.414429 561.125061
0 8 1341.284180 550.861572
0 9 635.112976 1029.709717
0 10 1521.594849 553.453491
0 12 397.694397 742.541382
0 14 946.206665 420.887177
0 15 1441.742920 543.970093
0 16 1345.187256 525.001526
0 17 1178.653564 440.659241
0 18 1504.298584 775.997009
0 19 1336.746338 953.147949
0 20 1415.495483 608.030457
0 21 1032.974976 1032.428711
0 22 1549.221313 738.983459
0 23 514.912842 548.428711
0 24 1553.877197 839.479187
0 25 1057.269287 952.409668
0 26 957.381104 956.168762
0 28 1372.143921 579.992065
0 29 911.877991 1021.867188
0 30 1659.292114 790.828857
0 31 288.254028 1061.694458
0 32 1748.808350 803.310547
0 33 664.303650 829.153748
0 34 1500.278320 568.489014
0 36 1150.985229 941.003479
0 37 1799.517334 883.792603
0 38 1397.272461 525.078308
0 39 1504.540283 593.659180
