0 1578512666 903.858215 639.028931
0 1524823287 1243.589111 1001.925903
0 1478234209 1003.444885 476.776489
0 1707269176 1009.226868 594.274170
0 1438989626 979.409180 686.480835
0 1524801259 1059.511475 878.227112
0 1438992629 973.761658 654.832825
0 1478227200 926.990601 459.667816
0 1524854327 1115.830200 839.437866
0 1478249229 878.489197 451.150848
0 1524807266 875.453979 936.777832
0 1524863340 1150.860962 1039.372681
0 1524831297 927.602661 969.078430
0 1478229202 915.437622 463.055389
0 1568509654 989.356506 647.637878
0 1524790246 1119.078369 1020.816467
0 1578523681 1093.423706 614.764893
0 1478207175 913.623291 448.581207
0 1524861337 1296.881836 951.493408
0 1478210178 973.025085 453.706207
0 1524862338 923.092834 906.391052
0 1478186149 950.974060 460.305725
0 1524797254 983.182617 1003.504272
0 1578518674 995.222290 600.222473
0 1438985621 1061.804443 614.212708
0 1524857331 1230.382080 967.874939
0 1478203170 960.449951 449.856812
0 1438994632 902.842834 624.914917
0 1578520676 976.517822 670.278320
0 1478237213 946.919922 504.418823
0 1568511657 918.662537 618.370789
0 1775370079 887.284485 646.068604
0 1478195160 1038.759644 473.828156
0 1568510655 886.632568 631.620544
0 1478257240 945.364014 495.700287
0 1578521677 932.488037 599.078430
0 1524794250 1235.740234 920.937988
0 1524812272 1105.154907 878.295044
0 1769859072 951.188049 618.925842
0 1578525683 939.412598 654.320129
0 1770636073 947.267334 593.120972
0 1524846317 1096.880371 1039.821045
0 1524833300 1085.924927 892.085022
0 1568511656 1111.930420 621.668884
0 1438985620 1033.876953 627.097473
0 1478185148 1025.217163 469.682678
0 1707993177 943.664917 569.411682
0 1478189152 933.073730 499.704712
0 1524791247 1140.412842 1002.551208
0 1524830296 1088.334595 1002.866882
0 2088218948 1015.859863 620.029480
0 1524827292 1211.636230 984.729492
0 1606348170 1043.935059 607.436279
0 1524855329 988.523926 864.655457
0 1478183145 934.422485 508.581573
0 1438990627 934.105591 611.982483
0 1524840309 1248.441162 951.638000
0 1478222194 930.515137 482.865234
0 1709860179 820.318359 616.692566
0 1478188151 879.501831 473.592499
0 1438988624 998.200745 613.101868
0 1478243222 842.096375 468.730194
0 1524843313 1162.113525 1079.029053
0 1524844315 954.942993 986.012756
0 1524858333 1204.489380 1038.927368
0 1524811271 967.462036 878.089905
0 1524859334 1224.424683 1020.062012
0 1478216186 957.421143 491.771851
0 1524851324 1252.813354 906.321106
0 1524814275 1053.401123 851.804199
0 1578514668 961.710083 587.299255
0 1478184146 931.772095 491.137909
0 1524829294 1109.915405 985.238037
0 1478176143 879.862549 481.588226
0 1524860336 1028.585449 839.101990
0 1478222193 891.152161 462.414795
0 1438997636 1004.564697 640.621277
0 1478194158 906.043823 490.502014
0 1478201168 925.891174 452.432129
0 1478187150 1001.050781 469.050690
0 1478205172 938.340088 456.339905
0 1524838306 974.793335 936.576233
0 1568514660 1006.115784 582.194153
0 1524865342 1066.114624 815.163818
0 2085418945 884.842896 591.959167
0 1524808268 1078.914307 864.863464
0 1478200167 952.505676 467.781189
0 1478194159 914.515747 455.701019
0 1568501643 978.304810 593.698669
0 1478239216 906.889465 499.070923
0 1524820283 1123.741333 864.966614
0 1438989625 930.938293 586.715210
0 1568505649 1012.471985 606.874512
0 1478255237 1028.013184 477.407623
0 1524804262 1047.651367 826.940735
0 1568506650 945.428833 581.020691
0 1478217187 994.563660 488.549255
0 1568505648 916.113525 592.541199
0 1568497640 1040.034058 594.847534
0 1578511665 1022.913757 588.460693
0 1478258241 976.813660 468.416870
0 1524796253 1024.021484 936.476318
0 1478206173 902.223816 451.792389
0 1524826291 992.682251 892.024170
0 1578529688 869.277649 597.925598
0 1478233207 998.734375 461.576050
0 1708834178 980.888916 606.310608
0 1478189153 891.699036 470.015991
0 1568499641 921.447632 646.593811
0 1478245224 1011.876953 465.599121
0 1524852325 971.008301 906.380859
0 1478219190 829.404297 472.305542
0 1578525682 901.871887 611.419556
0 1478232206 866.934448 469.374054
0 1524818280 1113.115723 906.350708
0 1524850322 925.271667 936.676697
0 1438996635 992.368347 587.881042
0 1524832299 1093.396240 921.095398
0 1478242220 974.888550 460.941803
0 1438999639 1011.536316 670.768555
0 1478196161 978.803589 476.143494
0 1478252234 982.991272 492.403870
0 1524803261 1199.711548 951.783508
0 1478211179 854.623535 457.743011
0 1578523680 869.759521 624.363892
0 1578530689 1007.969177 655.343445
0 1568508653 1056.714111 648.673462
0 1524826290 901.119568 952.674866
0 1524847319 1029.766846 968.672363
0 1524810270 1141.716064 852.076843
0 1524835302 1066.017334 906.360718
0 1524821284 1183.736206 1058.566772
0 1524799257 1072.958740 936.376892
0 1478233208 917.375549 478.515656
0 1608354172 914.918396 580.430725
0 1524835303 1072.323120 839.270325
0 1478251232 1017.068848 481.053070
0 1524812273 1033.842407 864.759766
0 1706512175 960.169922 678.041199
0 1438986622 836.544800 623.810547
0 1478211180 939.652466 463.694092
0 1524823286 1171.920410 1020.438049
0 1478223195 969.251526 487.917297
0 1478244223 941.008789 471.294220
0 1438987623 900.942688 598.503113
0 1478193157 916.390320 470.656067
0 1478198164 987.871826 464.965942
0 1524862339 1150.690430 951.929871
0 1478236212 893.455444 494.430481
0 1478240217 919.450134 495.066376
0 1478214183 949.491516 453.070068
0 1578521678 1037.863892 641.147827
0 1524844314 948.552490 921.255554
0 1524848320 1178.125610 892.145142
0 1524806265 1045.395874 921.148438
0 1524787243 1006.923279 985.752869
0 1478241219 892.264526 477.876526
0 1524799256 1039.434937 892.054626
0 1478190154 867.226074 485.370117
0 1478226198 904.438354 474.233093
0 1478208176 890.623108 455.060333
0 1478214184 959.175903 500.336456
0 2084722944 917.360413 605.176270
0 1578522679 971.131226 640.092651
0 1524825289 1106.086182 1079.629883
0 1774531078 1023.103760 648.156738
0 1525674169 955.471313 647.116882
0 1478197162 912.758789 441.684906
0 1524815276 1013.614563 878.158691
0 1768901071 853.107483 631.076172
0 1578526684 935.795471 625.463806
0 1478182144 962.096558 456.976959
0 1524853326 899.704285 921.309570
0 1478218189 920.543335 503.787323
0 1578513667 966.214966 612.543213
0 1438983618 963.914307 599.651550
0 1478224196 918.394897 486.647614
0 1478247227 948.055786 446.062866
0 1524792248 1282.643921 920.886108
0 1524795252 1128.934448 1059.086914
0 1524808267 1141.118774 921.042664
0 1478191155 867.077759 477.235474
0 1524856330 1012.367004 1021.580750
0 1478236211 1005.920898 484.766296
0 1478258242 923.795044 438.636444
0 1478212181 892.849670 486.009857
0 1478185147 943.862061 487.283417
0 1568502645 1048.007568 620.578064
0 1568508652 949.185303 605.744507
0 1438984619 959.596069 575.453125
0 1659977623 967.403320 619.202576
0 1478209177 985.785278 457.612183
0 1438982617 968.618225 626.010498
0 1524805264 1206.511475 906.330933
0 1771287074 1080.030884 621.124573
0 2087111947 886.009521 617.813599
0 1524817279 945.664734 891.993469
0 1524795251 1001.851868 952.374207
0 1478230204 929.300659 474.871796
0 1478230203 924.826599 445.425262
0 1524847318 1180.685303 968.072510
0 1578516671 1057.485840 601.358032
0 1568513659 953.281372 632.702881
0 1578529687 1066.314697 627.637817
0 1524819282 997.115479 921.201904
0 1478253235 905.227295 482.227692
0 1524836304 1101.375244 952.077087
0 1478243221 937.069519 449.219910
0 1568501644 973.450928 570.008362
0 1438998637 1071.029541 641.672241
0 1524816278 1168.325562 865.069214
0 1705773174 922.939331 661.709229
0 1524845316 1073.765381 1059.610474
0 1524842312 1042.544067 1040.272217
0 1568507651 995.684143 678.521240
0 1438999638 869.513306 610.854431
0 1478252233 971.197449 496.332245
0 1438993630 870.017029 638.493896
0 1478237214 854.558167 465.219727
0 1524857332 1279.778687 967.678589
0 1478248228 942.411133 479.152893
0 1478225197 841.814941 476.592468
0 1524859335 1058.579834 985.494690
0 1524832298 1051.763306 952.225220
0 1478200166 817.184387 468.084442
0 1478250231 992.257446 480.421570
0 1478245225 866.795959 461.772400
0 1438995633 941.351196 669.785950
0 1524804263 1169.970947 936.180054
0 1524839308 1080.380493 968.471130
0 1524849321 1097.676758 851.940857
0 1568512658 957.765076 662.213135
0 1568514661 1019.400330 633.776611
0 1478231205 1014.429688 473.197449
0 1773608077 920.023560 632.162781
0 1438977615 1026.412598 600.791382
0 1524834301 1218.051025 936.082458
0 1607644171 975.827759 581.608459
0 1524800258 1065.894897 1021.197388
0 1568504647 853.228394 617.254211
0 1568500642 983.586975 619.478699
0 1478256239 954.088928 475.508575
0 1524815277 1195.689697 878.429932
0 1568503646 1075.279053 607.995911
0 1478220191 878.815613 458.386444
0 1478207174 963.797119 464.330933
0 1524841311 1262.027100 984.477539
0 1478213182 879.152954 465.862915
0 1524813274 1159.946411 906.340820
0 1568516663 885.413513 604.605835
0 1578517672 837.028870 610.287109
0 1578527685 989.631165 576.044434
0 1478240218 967.371582 479.788177
0 1478215185 854.490540 472.949982
0 1524838307 1223.840820 892.174988
0 1478197163 965.554504 471.930481
0 1478221192 980.861572 484.134552
0 1524819281 1035.925537 1003.184509
0 2086284946 986.406677 633.240784
0 1524824288 1008.886963 851.666809
0 1524802260 1313.371094 935.888977
0 1478226199 928.126404 467.143646
0 1578518673 900.052490 586.129150
0 1438981616 904.921265 653.805237
0 1478238215 854.420593 480.946808
0 1609135173 1052.263062 634.310242
0 1524837305 1265.850220 935.985413
0 1524793249 1132.154419 892.115112
0 1568515662 1084.995850 634.841797
0 1568516664 1026.981812 663.214600
0 1438991628 1042.036133 655.851990
0 1478249230 880.236023 489.864136
0 1438996634 937.562683 639.561890
0 1578519675 929.452209 574.859680
0 1524829295 1192.163330 1002.237610
0 1524864341 1188.565918 920.990173
0 1478255238 842.368530 461.128052
0 1438993631 1098.625366 628.175964
0 1524788244 1150.546997 878.362671
0 1772785076 853.344055 604.033264
0 1524828293 1018.649048 906.370789
0 1478203171 866.661865 454.417786
0 1524798255 978.841919 968.874756
0 1478199165 903.675659 466.504242
0 1578528686 1001.311768 626.555054
0 1478192156 902.937866 459.028046
0 1478228201 990.028015 472.564911
0 1772037075 992.445618 662.714905
0 1578515670 1030.063599 613.658386
0 1524851323 1121.607788 936.278137
0 1478218188 890.110901 447.940704
0 1478202169 955.726501 483.500854
0 1478254236 901.532410 444.785828
0 1478246226 829.890808 464.574646
0 1524809269 1160.933350 984.982971
0 1524822285 951.638123 952.524109
0 1524841310 1090.639038 827.137939
0 1478235210 935.838745 442.323120
0 1578515669 957.567017 564.082764
0 1524854328 1130.685791 968.271240
0 0 1496.895142 609.847290
0 1 1013.166138 443.375763
0 2 1183.453613 488.092438
0 3 1503.036011 632.142639
0 4 1026.957031 461.266724
0 5 1041.247925 474.040924
0 6 1337.799927 782.151978
0 7 727.977417 564.029297
0 8 740.243408 631.850037
0 9 554.606750 688.372253
0 10 786.524536 546.168030
0 11 766.350708 840.114380
0 12 1017.078552 915.263184
0 13 1210.355469 869.849365
0 14 901.689636 875.377625
0 15 1314.004150 728.106079
0 16 1385.797485 581.926331
0 17 624.797241 729.217529
0 18 716.395020 443.475006
0 19 1427.594727 576.591187
0 20 500.091827 635.934448
0 21 638.699280 621.256409
0 22 390.984619 586.166260
0 23 1229.369873 804.239258
0 24 811.291809 426.889526
0 25 1305.165039 672.656738
0 26 1371.249023 626.030029
0 27 763.303955 436.335083
0 28 417.847809 538.535645
0 29 782.558777 520.061829
0 30 1133.113770 474.463013
0 31 1260.243164 545.945496
0 32 1087.352539 826.960632
0 33 1177.894653 742.902222
0 34 1248.722412 764.622437
0 35 1157.190552 506.479767
0 36 1234.246582 499.788788
0 37 1035.224121 788.511108
0 38 455.215332 597.294373
0 39 1166.188599 821.576782
