0 1578512666 943.950745 605.884827
0 1524823287 1292.417969 911.291138
0 1478234209 1032.288818 456.559540
0 1707269176 1044.178833 561.426514
0 1438989626 1020.003174 644.670471
0 1524801259 1107.760132 810.295471
0 1438992629 1012.813599 616.855591
0 1478227200 956.506042 444.774231
0 1524854327 1160.552856 773.967834
0 1478249229 908.627808 439.404449
0 1524807266 933.057434 868.671448
0 1524863340 1204.146240 947.408630
0 1524831297 985.017029 894.757507
0 1478229202 945.399963 448.355438
0 1568509654 1027.619995 609.787231
0 1524790246 1172.494751 932.469788
0 1578523681 1127.568359 575.944397
0 1478207175 942.814392 435.447144
0 1524861337 1342.129639 865.128540
0 1478210178 1001.238464 437.257874
0 1524862338 977.279907 840.332397
0 1478186149 980.005737 444.222809
0 1524797254 1040.383545 922.554016
0 1578518674 1030.819702 567.352234
0 1438985621 1096.601196 576.856934
0 1524857331 1278.045532 882.054138
0 1478203170 988.710388 434.389740
0 1438994632 942.176270 593.402649
0 1578520676 1016.324036 630.436646
0 1478237213 978.465027 483.971069
0 1568511657 957.197632 586.893066
0 1775370079 928.245178 612.851379
0 1478195160 1066.767700 452.259918
0 1568510655 926.799133 600.066345
0 1478257240 976.465088 476.233551
0 1578521677 969.590576 569.125488
0 1524794250 1281.152954 840.742188
0 1524812272 1152.072754 808.530029
0 1769859072 988.890381 585.950867
0 1578525683 979.359741 617.896912
0 1770636073 983.663391 563.164246
0 1524846317 1151.946655 949.816223
0 1524833300 1134.079346 821.386414
0 1568511656 1146.035400 581.279053
0 1438985620 1069.972046 589.569214
0 1478185148 1053.261963 449.167969
0 1707993177 978.854004 542.197998
0 1478189152 964.675598 480.388489
0 1524791247 1192.281616 915.766052
0 1524830296 1141.876221 918.018494
0 2088218948 1052.011108 584.074341
0 1524827292 1260.576416 897.503357
0 1606348170 1078.781128 571.611633
0 1524855329 1038.276367 801.244019
0 1478183145 966.484314 488.273590
0 1438990627 971.875549 580.532410
0 1524840309 1294.902832 867.145935
0 1478222194 961.241821 465.419281
0 1709860179 861.585083 589.735535
0 1478188151 910.898499 459.480682
0 1438988624 1034.410278 578.689575
0 1478243222 874.135986 456.865845
0 1524843313 1216.898560 981.418762
0 1524844315 1012.253845 908.431580
0 1524858333 1256.104126 945.012268
0 1524811271 1018.609192 813.847290
0 1524859334 1274.602051 927.834961
0 1478216186 988.038574 472.154663
0 1524851324 1297.149414 827.238098
0 1524814275 1100.497803 787.364319
0 1578514668 997.428040 557.333618
0 1478184146 962.929138 472.774994
0 1524829294 1161.904175 901.845764
0 1478176143 911.706787 466.626923
0 1524860336 1075.770752 777.216553
0 1478222193 921.636108 448.916534
0 1438997636 1042.073730 602.887329
0 1478194158 937.764038 473.396729
0 1478201168 955.027588 438.328979
0 1478187150 1029.529785 449.731812
0 1478205172 967.423340 441.253845
0 1524838306 1028.783325 864.640991
0 1568514660 1040.501587 550.793030
0 1524865342 1110.997559 754.642090
0 2085418945 922.822998 564.911377
0 1524808268 1125.921875 797.798035
0 1478200167 981.915405 450.863098
0 1478194159 944.086548 441.798096
0 1568501643 1013.961670 562.294189
0 1478239216 939.070984 481.029724
0 1524820283 1169.490356 796.085083
0 1438989625 967.399963 558.188660
0 1568505649 1048.012085 572.510498
0 1478255237 1056.411377 455.979065
0 1524804262 1093.654541 765.756042
0 1568506650 981.209656 552.467529
0 1478217187 1024.216553 467.540802
0 1568505648 953.284058 564.036682
0 1568497640 1074.315552 560.561035
0 1578511665 1057.246338 555.630127
0 1478258241 1005.747620 450.296875
0 1524796253 1076.344360 862.638489
0 1478206173 931.851440 438.866150
0 1524826291 1043.733521 825.034546
0 1578529688 908.029114 570.908447
0 1478233207 1026.859253 443.123413
0 1708834178 1017.158875 573.411804
0 1478189153 922.601379 455.707001
0 1568499641 961.467041 611.827026
0 1478245224 1039.960693 446.122803
0 1524852325 1023.534973 838.438904
0 1478219190 861.976746 460.657959
0 1578525682 940.478149 581.457581
0 1478232206 898.394531 456.285828
0 1524818280 1161.174683 832.804443
0 1524850322 981.021545 866.651978
0 1438996635 1027.376709 556.480713
0 1524832299 1142.759766 846.486938
0 1478242220 1003.456787 443.672546
0 1524789245 1196.101196 1000.731323
0 1438999639 1050.455688 629.353516
0 1478196161 1008.114502 457.141266
0 1478252234 1013.092468 471.535706
0 1524803261 1247.475708 869.171936
0 1478211179 885.713806 446.435303
0 1578523680 910.000916 594.367798
0 1578530689 1046.168701 615.817383
0 1568508653 1093.388306 607.759338
0 1524826290 958.631348 881.510681
0 1524847319 1083.542480 890.486145
0 1524810270 1186.359619 784.031982
0 1524835302 1115.481201 834.674927
0 1524821284 1236.883911 962.860229
0 1524799257 1123.705811 860.644348
0 1478233208 948.159241 462.130981
0 1608354172 951.446960 553.308105
0 1524835303 1118.241577 775.589172
0 1478251232 1045.870850 459.764374
0 1524812273 1082.184204 799.517700
0 1706512175 1000.835388 638.023560
0 1438986622 877.734314 595.335632
0 1478211180 969.114319 447.795532
0 1524823286 1223.664673 930.147156
0 1478223195 999.402222 468.149780
0 1478244223 970.861023 454.553131
0 1438987623 938.851624 570.015808
0 1478193157 946.756836 455.129456
0 1478198164 1016.394409 446.679230
0 1524862339 1199.846924 871.206482
0 1478236212 925.698975 477.496246
0 1478240217 951.110413 476.864197
0 1478214183 978.156494 437.792877
0 1578521678 1074.593262 601.893860
0 1524844314 1002.643066 852.303284
0 1524848320 1223.705811 817.767395
0 1524806265 1096.247314 848.417664
0 1524787243 1062.358154 906.226562
0 1478241219 923.599182 462.725861
0 1524799256 1088.996948 823.206848
0 1478190154 899.597656 470.599091
0 1478226198 935.280701 458.893951
0 1478208176 920.701660 442.343445
0 1478214184 990.222595 479.748718
0 2084722944 955.199219 575.221741
0 1578522679 1009.460449 603.883606
0 1524825289 1162.772217 983.998657
0 1774531078 1060.552124 608.771790
0 1525674169 994.591797 610.805603
0 1478197162 941.581726 429.292999
0 1524815276 1063.272705 812.067932
0 1768901071 894.220215 601.052551
0 1578526684 974.260742 592.440186
0 1478182144 990.712158 440.710785
0 1524853326 955.549011 854.258179
0 1478218189 952.664246 484.621674
0 1578513667 1003.186096 579.609741
0 1438983618 1000.246582 568.237671
0 1478224196 949.609619 469.371765
0 1478247227 976.365051 431.563416
0 1524792248 1326.906372 838.842896
0 1524795252 1183.863892 965.345642
0 1524808267 1189.080688 844.564148
0 1478191155 898.985962 463.321991
0 1524856330 1069.450928 937.147156
0 1478236211 1035.140991 463.617676
0 1478258242 952.206970 426.032745
0 1478212181 924.631165 469.984741
0 1478185147 974.533203 468.760101
0 1568502645 1083.439697 583.139954
0 1568508652 986.221375 574.315491
0 1438984619 994.723206 546.869141
0 1659977623 1004.703613 585.480774
0 1478209177 1013.953308 440.168793
0 1438982617 1006.254517 591.480530
0 1524805264 1252.007568 829.086060
0 1771287074 1114.781006 582.208252
0 2087111947 925.416077 587.837891
0 1524817279 998.288147 826.869629
0 1524795251 1055.737061 877.362549
0 1478230204 959.610657 458.308472
0 1478230203 953.595337 432.084900
0 1524847318 1229.734985 884.148499
0 1578516671 1091.719116 565.588440
0 1568513659 991.677917 598.102478
0 1578529687 1101.696411 588.617615
0 1524819282 1049.542114 850.356445
0 1478253235 936.501343 466.022461
0 1524836304 1152.015015 873.249756
0 1478243221 965.785583 434.917908
0 1568501644 1007.949707 541.389648
0 1438998637 1107.019165 600.903381
0 1524816278 1212.890625 794.378662
0 1705773174 963.750549 625.163635
0 1524845316 1130.592651 967.843018
0 1524842312 1099.503540 952.234924
0 1568507651 1035.421753 636.915222
0 1438999638 908.993774 582.385376
0 1478252233 1001.763062 475.604309
0 1438993630 911.053528 606.889832
0 1478237214 886.082703 453.140045
0 1524857332 1326.148438 879.968750
0 1478248228 972.666321 461.537415
0 1478225197 874.319275 463.919434
0 1524859335 1112.241089 904.031311
0 1524832298 1103.978760 875.301819
0 1478200166 849.825684 457.447144
0 1478250231 1021.521973 460.354095
0 1478245225 897.822388 449.478790
0 1438995633 982.089050 631.522888
0 1524804263 1217.834717 856.681152
0 1524839308 1132.484741 888.364502
0 1524849321 1143.510620 785.694946
0 1568512658 997.641113 624.098633
0 1568514661 1056.187134 596.149902
0 1478231205 1042.867188 452.831390
0 1773608077 959.284912 599.083008
0 1438977615 1061.310425 566.469177
0 1524834301 1264.604614 854.711914
0 1607644171 1010.894531 551.629150
0 1524800258 1121.090698 934.803101
0 1568504647 893.545349 588.785400
0 1568500642 1020.494873 585.011292
0 1478256239 983.888611 457.724274
0 1524815277 1240.177124 805.019958
0 1568503646 1109.466553 570.715271
0 1478220191 909.360291 445.880463
0 1478207174 992.778992 447.236816
0 1524841311 1309.588501 895.346375
0 1478213182 910.116821 452.569000
0 1524813274 1206.682983 830.941528
0 1568516663 924.091919 576.130432
0 1578517672 877.421936 583.315674
0 1578527685 1024.072388 546.046997
0 1478240218 997.120483 460.945129
0 1478215185 886.463867 460.068695
0 1524838307 1268.251831 815.968628
0 1478197163 994.914001 453.977997
0 1478221192 1010.561462 464.216888
0 1524819281 1091.244019 920.281128
0 2086284946 1023.978516 597.124817
0 1524824288 1057.320435 789.040039
0 1524802260 1357.561890 850.798035
0 1478226199 958.032959 451.430542
0 1578518673 937.292114 559.046021
0 1438981616 945.806885 618.941284
0 1478238215 886.858032 467.232727
0 1609135173 1088.304199 595.177734
0 1524837305 1311.180054 852.750916
0 1524793249 1178.982056 819.573303
0 1568515662 1120.329956 594.208313
0 1568516664 1065.119141 621.978149
0 1438991628 1079.425781 614.782227
0 1478249230 912.542969 474.019836
0 1438996634 976.752869 604.882812
0 1578519675 965.297729 547.693420
0 1524829295 1242.461548 913.523621
0 1524864341 1235.211426 842.649231
0 1478255238 873.958679 450.042206
0 1438993631 1133.331909 587.668640
0 1524788244 1196.211426 806.771545
0 1772785076 892.899292 577.041626
0 1524828293 1069.601807 836.553101
0 1478203171 897.268555 442.889893
0 1524798255 1034.387207 892.617249
0 1478199165 934.100159 451.999146
0 1578528686 1038.158081 590.523560
0 1478192156 932.957642 445.326752
0 1478228201 1018.916016 453.404114
0 1772037075 1031.430420 623.036804
0 1578515670 1065.548462 577.772034
0 1524851323 1170.868896 858.658569
0 1478218188 919.796692 435.977448
0 1478202169 985.928528 464.817444
0 1478254236 930.779724 432.607422
0 1478246226 861.997803 453.712280
0 1524809269 1211.348755 899.669739
0 1524822285 1007.288330 879.432129
0 1524841310 1135.441528 764.174805
0 1478235210 964.198486 428.778076
0 1578515669 992.125183 536.818298
0 1524854328 1181.215088 886.251892
0 0 1694.703247 607.826355
0 1 1543.365967 434.360291
0 2 1399.139404 352.721100
0 3 1500.678467 415.643768
0 4 1515.137817 447.654480
0 6 585.280762 610.409912
0 7 566.330688 574.058655
0 8 420.908722 537.082825
0 9 498.926941 651.924438
0 10 603.920959 586.041748
0 11 1564.334961 760.077637
0 12 467.534698 507.321960
0 13 629.003296 567.810364
0 14 511.206390 424.958313
0 16 1211.516602 842.997314
0 17 475.755341 443.866119
0 19 1623.041992 723.924988
0 20 1415.114136 369.966766
0 21 465.551392 490.681458
0 22 831.564453 345.893585
0 23 946.252441 473.638489
0 24 1042.455444 382.406982
0 25 816.412292 562.482544
0 26 930.874390 583.287048
0 27 969.390015 456.816864
0 28 1060.837524 451.098175
0 29 905.946960 483.474884
0 30 1016.836853 363.746796
0 31 876.806458 595.888916
0 33 1237.184814 599.719788
0 35 1027.898315 375.639923
0 37 997.036499 381.693207
0 39 1049.710815 317.642670
0 40 887.262451 404.384430
0 43 685.321167 434.138367
0 46 894.786560 343.131195
0 53 1452.608398 384.380249
0 55 747.265747 357.858185
0 59 400.229950 518.774048
0 104 1195.503174 948.603516
0 146 1083.889038 810.553467
0 170 650.549133 446.638519
0 175 286.921051 564.379028
0 176 0.000000 0.000000
0 181 519.302490 446.655090
0 182 681.938965 417.405334
0 183 894.117859 361.182983
0 184 1127.005371 1056.960083
0 185 1032.161987 351.128052
0 186 1007.241089 300.631866
0 187 1300.145996 396.299561
0 188 1797.972168 474.140289
0 189 1638.667114 479.446594
0 190 1166.072876 320.239990
0 192 1568.804443 447.592621
0 193 1003.305359 295.748505
0 194 1699.453735 480.549988
0 195 1051.011841 259.862610
0 196 1757.722290 287.027527
