0 1578512666 993.748718 340.782349
0 1707269176 717.496216 338.235718
0 1438989626 1035.025757 214.441406
0 1438992629 958.915466 262.020935
0 1568509654 921.267212 261.772797
0 1578523681 703.238892 236.160660
0 1578518674 756.647888 338.596619
0 1438985621 734.440918 260.541290
0 1438994632 952.199219 368.465057
0 1578520676 997.563599 237.860443
0 1568511657 911.800659 368.054688
0 1775370079 1033.634644 341.150024
0 1568510655 992.707458 368.876556
0 1578521677 827.252319 396.192352
0 1769859072 874.726318 339.685150
0 1578525683 995.722595 287.529144
0 1770636073 786.440674 395.737976
0 1568511656 708.928833 212.815598
0 1438985620 808.889832 261.032043
0 1707993177 691.858643 455.788452
0 2088218948 804.710693 286.108643
0 1606348170 728.987610 285.545532
0 1438990627 871.511230 367.645386
0 1709860179 1032.326660 460.282166
0 1438988624 800.384460 312.068298
0 1578514668 745.740967 395.284821
0 1438997636 883.713745 261.525238
0 1568514660 671.686707 365.615448
0 2085418945 861.119019 458.022430
0 1568501643 751.293823 366.424133
0 1438989625 781.440613 425.740845
0 1568505649 761.813599 311.747742
0 1568506650 739.978088 425.237244
0 1568505648 823.019287 426.245911
0 1568497640 684.971619 311.109039
0 1578511665 678.447754 337.875732
0 1578529688 903.737061 458.584930
0 1708834178 795.903198 338.958496
0 1568499641 994.753174 313.683868
0 1578525682 909.213135 397.104919
0 1438996635 711.436707 366.019287
0 1438999639 961.940552 214.077026
0 1578523680 991.627136 398.022522
0 1578530689 923.435181 237.432327
0 1568508653 852.979431 213.533798
0 1608354172 776.247498 456.902252
0 1706512175 1034.766235 238.075272
0 1438986622 1032.672363 428.792450
0 1438987623 864.714722 426.752350
0 1578521678 849.673340 237.006332
0 2084722944 868.176331 396.648010
0 1578522679 919.023865 286.958771
0 1774531078 886.508606 237.219055
0 1525674169 957.323975 287.243591
0 1768901071 1033.005127 398.483185
0 1578526684 914.295044 340.049927
0 1578513667 835.262512 339.321350
0 1438983618 791.258240 366.830139
0 1568502645 771.618652 260.786346
0 1568508652 831.330566 367.237213
0 1438984619 698.631165 424.735016
0 1659977623 856.720642 325.907043
0 1438982617 877.827881 312.712036
0 1771287074 739.712219 236.371307
0 2087111947 950.363220 397.563080
0 1578516671 691.270569 285.265045
0 1568513659 916.701233 313.035126
0 1578529687 776.275513 236.582458
0 1568501644 657.399475 424.234161
0 1438998637 816.835571 213.353592
0 1705773174 1034.220215 287.815460
0 1568507651 998.438416 214.258987
0 1438999638 948.457336 427.769531
0 1438993630 1033.325684 369.289185
0 1438995633 1034.497803 262.519165
0 1568512658 996.658875 262.269745
0 1568514661 846.254700 261.278320
0 2079485312 856.713928 325.848511
0 1773608077 953.968994 340.415649
0 1438977615 723.342834 311.427948
0 1607644171 705.152649 394.832916
0 1568504647 990.505615 428.280273
0 1568500642 839.055725 312.389771
0 1568503646 697.356140 260.296844
0 1568516663 906.527222 427.260254
0 1578517672 989.340332 459.714813
0 1578527685 664.675293 394.382263
0 2086284946 880.821899 286.674683
0 1578518673 818.622681 457.461548
0 1438981616 1033.932617 314.009521
0 1609135173 812.929138 236.794144
0 1568515662 780.779358 213.173828
0 1568516664 925.531616 213.895523
0 1438991628 889.211365 213.714432
0 1438996634 955.676208 313.359070
0 1578519675 733.992981 456.344574
0 1438993631 744.810547 212.994492
0 1772785076 946.477356 459.149078
0 1578528686 842.717590 286.391296
0 1772037075 960.453430 237.646103
0 1578515670 766.800842 285.826752
0 1578515669 649.843872 455.233887
0 0 1053.631836 215.166168
0 1 898.628601 44.351746
0 2 983.376709 141.132935
0 3 977.262390 471.823914
0 4 441.770569 566.954285
0 5 471.957428 650.151489
0 6 340.590637 465.973145
0 7 297.175873 628.804932
0 8 469.321838 223.170639
0 9 795.752441 503.771942
