0 1578512666 891.799988 661.210083
0 1707269176 1057.707031 589.823853
0 1438989626 972.846924 759.016235
0 1438992629 980.456055 697.892090
0 1568509654 1005.685303 685.991760
0 1578523681 1166.113770 635.281921
0 1578518674 1035.806519 599.247192
0 1438985621 1121.953979 631.149231
0 1438994632 897.665039 635.231018
0 1578520676 976.769165 727.508545
0 1568511657 922.497498 624.854309
0 1775370079 865.464966 672.541504
0 1568510655 872.162476 645.887695
0 1578521677 950.777344 591.361877
0 1769859072 966.646057 629.005432
0 1578525683 932.939758 693.309998
0 1770636073 973.672485 582.064941
0 1568511656 1189.491699 649.958618
0 1438985620 1077.316162 652.204346
0 1707993177 979.993530 539.836487
0 2088218948 1055.361816 637.346985
0 1606348170 1099.921387 616.977295
0 1438990627 946.685730 614.746826
0 1709860179 790.881042 612.479004
0 1438988624 1034.046875 622.922485
0 1578514668 996.003784 572.996887
0 1438997636 1030.219849 674.419067
0 1568514660 1058.788818 567.902649
0 2085418945 890.137878 574.352173
0 1568501643 1015.626953 585.938599
0 1438989625 954.655701 569.195618
0 1568505649 1056.566284 612.938538
0 1568506650 976.914368 560.407166
0 1568505648 931.842957 578.202820
0 1568497640 1099.913208 593.720764
0 1578511665 1079.066772 580.633240
0 1578529688 866.260498 583.523987
0 1708834178 1013.344238 608.912231
0 1568499641 912.049377 677.010010
0 1578525682 903.208191 610.678040
0 1438996635 1037.473999 576.809448
0 1438999639 1025.918213 732.300476
0 1578523680 853.109619 631.021362
0 1578530689 1028.133667 702.489746
0 1568508653 1099.949219 695.033813
0 1608354172 936.155396 556.675781
0 1706512175 949.945618 740.573853
0 1438986622 808.695740 626.825195
0 1438987623 908.455200 587.437012
0 1578521678 1076.664429 678.851196
0 2084722944 927.296875 600.896484
0 1578522679 983.927979 670.001648
0 1774531078 1052.738281 690.505188
0 1525674169 958.789185 681.493347
0 1768901071 827.047852 641.604187
0 1578526684 942.362793 639.453979
0 1578513667 990.298462 618.828308
0 1438983618 993.227600 595.298523
0 1568502645 1099.930176 641.537537
0 1568508652 970.254578 604.898254
0 1438984619 998.638916 551.829651
0 1659977623 988.772522 631.085876
0 1438982617 987.203430 643.690491
0 1771287074 1144.639893 645.741455
0 2087111947 878.487488 620.716309
0 1578516671 1121.352539 607.180542
0 1568513659 962.830322 654.496277
0 1578529687 1122.589600 656.481750
0 1568501644 1019.848267 543.455566
0 1438998637 1123.262573 683.297913
0 1705773174 906.348999 705.465515
0 1568507651 999.776367 745.460144
0 1438999638 859.865295 606.621826
0 1438993630 845.962219 656.835938
0 1438995633 927.791626 722.733215
0 1568512658 954.502014 710.134277
0 1568514661 1054.087891 663.160889
0 2079485312 988.776489 631.033936
0 1773608077 917.423096 650.185059
0 1438977615 1078.514526 603.207886
0 1607644171 1017.791992 564.149475
0 1568504647 834.615601 616.591187
0 1568500642 1010.933899 633.169617
0 1568503646 1143.410400 621.028503
0 1568516663 884.470337 596.906982
0 1578517672 816.656250 602.578186
0 1578527685 1039.056641 555.514587
0 2086284946 1008.385071 658.821533
0 1578518673 913.429077 565.405457
0 1438981616 885.583984 688.743408
0 1609135173 1099.939331 667.514343
0 1568515662 1145.940674 671.881958
0 1568516664 1051.306396 719.520203
0 1438991628 1075.973389 707.103027
0 1438996634 937.788330 665.598633
0 1578519675 958.337036 548.155212
0 1438993631 1168.008789 660.773010
0 1772785076 841.774475 592.929688
0 1578528686 1032.187622 647.940613
0 1772037075 1002.820923 714.819153
0 1578515670 1077.931885 627.029419
0 1578515669 1001.143250 531.712402
0 0 922.489319 657.426636
0 1 1011.528381 689.562683
0 2 807.434204 523.504822
0 3 1154.805908 824.511169
0 4 1275.869019 622.447327
0 5 967.492676 402.329163
0 6 857.022888 459.760620
0 7 1251.830322 689.459961
0 8 874.910706 494.973907
0 9 1385.700928 588.438049
