0 1578512666 910.355896 708.112305
0 1524823287 743.052124 562.926392
0 1478234209 765.167297 970.046204
0 1707269176 805.309204 747.331177
0 1438989626 846.369568 673.113281
0 1524801259 813.484863 594.140625
0 1438992629 848.711487 694.325684
0 1478227200 909.389526 1026.555542
0 1524854327 776.453491 603.463623
0 1478249229 1011.715942 1057.252197
0 1524807266 906.105225 585.031311
0 1524863340 789.133789 559.164734
0 1524831297 881.434326 577.033630
0 1478229202 930.928833 1012.498352
0 1568509654 834.270874 699.274048
0 1524790246 800.487122 562.926514
0 1578523681 724.070679 724.650024
0 1478207175 940.898987 1072.625610
0 1524861337 706.203308 570.821655
0 1478210178 813.382141 1056.057861
0 1524862338 884.460632 590.749756
0 1478186149 861.225708 1026.118164
0 1524797254 857.430359 569.252197
0 1578518674 821.487732 741.290955
0 1438985621 756.518738 725.917236
0 1524857331 742.288940 569.429138
0 1478203170 839.483459 1072.178345
0 1438994632 912.948730 719.863525
0 1578520676 847.516663 683.503540
0 1478237213 870.435303 891.094849
0 1568511657 898.771362 725.315430
0 1775370079 923.930481 703.044312
0 1478195160 693.839050 982.226196
0 1568510655 926.780579 714.544495
0 1478257240 872.792053 912.441406
0 1578521677 886.363831 743.740723
0 1524794250 729.027588 578.942261
0 1524812272 789.058289 592.856873
0 1769859072 867.591675 724.078186
0 1578525683 878.379517 695.589905
0 1770636073 871.142273 749.773010
0 1524846317 811.651123 560.424377
0 1524833300 801.191772 589.873779
0 1568511656 708.682007 717.772583
0 1438985620 788.784851 714.860657
0 1478185148 716.389648 996.153809
0 1707993177 875.033569 777.932983
0 1478189152 892.186218 902.060974
0 1524791247 789.119690 565.474182
0 1524830296 811.994568 566.739319
0 2088218948 804.635742 721.580078
0 1524827292 754.323853 566.792114
0 1606348170 772.467957 732.917297
0 1524855329 850.410767 599.745728
0 1478183145 889.323914 881.347534
0 1438990627 884.235474 730.905212
0 1524840309 730.027954 572.115784
0 1478222194 898.436096 947.289185
0 1709860179 991.139954 728.980652
0 1478188151 990.920898 973.345642
0 1438988624 820.788147 728.427307
0 1478243222 1060.873657 987.107422
0 1524843313 789.147461 553.049927
0 1524844315 869.350647 573.116455
0 1524858333 766.514099 557.899414
0 1524811271 861.979919 596.689209
0 1524859334 754.889465 560.390137
0 1478216186 852.736084 923.176147
0 1524851324 716.314209 581.791626
0 1524814275 813.889526 601.581665
0 1578514668 855.516663 755.965393
0 1478184146 895.218445 924.003906
0 1524829294 800.654785 569.339478
0 1478176143 984.829773 948.768738
0 1524860336 826.581909 606.041321
0 1478222193 977.625061 1012.990234
0 1438997636 819.478271 704.342957
0 1478194158 937.337280 924.824585
0 1478201168 913.549683 1056.661011
0 1478187150 764.345886 996.726379
0 1478205172 887.003540 1041.165283
0 1524838306 859.630920 582.522827
0 1568514660 805.669678 761.117615
0 1524865342 801.785828 612.592468
0 2085418945 936.108704 752.182739
0 1524808268 801.382996 597.187317
0 1478200167 858.894897 997.855286
0 1478194159 935.743530 1041.534668
0 1568501643 838.335144 748.556152
0 1478239216 933.108643 902.949219
0 1524820283 776.686401 595.898560
0 1438989625 888.590576 757.169556
0 1568505649 804.964905 734.165710
0 1478255237 718.756226 969.367920
0 1524804262 814.308411 609.283997
0 1568506650 873.042358 763.523193
0 1478217187 788.294800 933.482971
0 1568505648 903.732788 750.981873
0 1568497640 772.062134 746.098022
0 1578511665 788.698120 753.532837
0 1478258241 811.845459 997.293457
0 1524796253 836.228638 581.259705
0 1478206173 962.879211 1056.958130
0 1524826291 849.399109 592.424805
0 1578529688 950.396729 746.158630
0 1478233207 763.468323 1025.230225
0 1708834178 837.250610 735.405884
0 1478189153 971.652344 985.920898
0 1568499641 894.224792 701.795166
0 1478245224 739.589966 1010.482605
0 1524852325 860.785950 589.488464
0 1478219190 1078.386841 974.623962
0 1578525682 915.655701 732.132324
0 1478232206 1016.467651 986.516846
0 1524818280 789.074402 585.667969
0 1524850322 882.922852 583.780029
0 1438996635 822.219971 754.753296
0 1524832299 801.006836 582.802368
0 1478242220 812.587708 1025.676392
0 1524789245 800.167114 550.688965
0 1438999639 818.275452 682.225708
0 1478196161 811.150574 970.718262
0 1478252234 809.885559 922.341187
0 1524803261 753.739746 573.403687
0 1478211179 1051.103760 1027.842529
0 1578523680 943.507080 721.094788
0 1578530689 818.864380 693.053772
0 1568508653 773.582336 696.722046
0 1524826290 893.684631 581.004822
0 1524847319 835.484863 574.522400
0 1524810270 764.068970 599.000732
0 1524835302 813.093628 586.947632
0 1524821284 777.931580 555.453125
0 1524799257 812.715271 579.990601
0 1478233208 922.194641 959.825134
0 1608354172 906.387207 764.713806
0 1524835303 801.580933 604.755737
0 1478251232 742.773193 956.973999
0 1524812273 825.957458 598.469666
0 1706512175 861.347778 678.893433
0 1438986622 973.875977 722.318481
0 1478211180 883.783752 1012.001709
0 1524823286 777.740479 561.661194
0 1478223195 831.983887 934.283447
0 1478244223 880.770935 984.712219
0 1438987623 918.484680 744.953552
0 1478193157 926.422058 985.319336
0 1478198164 788.121033 1010.993835
0 1524862339 777.339478 574.685486
0 1478236212 955.817261 914.152771
0 1478240217 914.480042 913.300720
0 1478214183 863.719910 1056.360962
0 1578521678 788.811279 703.070923
0 1524844314 871.958557 586.607422
0 1524848320 752.512207 587.297729
0 1524806265 824.770508 584.076782
0 1524787243 846.557800 571.863220
0 1478241219 966.048218 960.521973
0 1524799256 825.354004 591.152405
0 1478190154 1002.970642 937.416443
0 1478226198 946.591370 972.697754
0 1478208176 984.003845 1041.900391
0 1478214184 850.920837 901.165222
0 2084722944 901.196716 737.862427
0 1578522679 849.956970 705.607117
0 1524825289 811.318237 554.303833
0 1774531078 804.019226 698.001892
0 1525674169 864.338806 700.538391
0 1524815276 837.791748 595.418030
0 1768901071 956.925293 715.777161
0 1578526684 882.199097 718.624573
0 1478182144 837.776489 1040.792236
0 1524853326 895.384521 587.863647
0 1478218189 910.950867 892.017395
0 1578513667 852.613586 729.670227
0 1438983618 854.032227 742.519836
0 1478224196 918.221313 935.863586
0 1524792248 704.802185 577.643066
0 1524795252 800.324646 556.712708
0 1524808267 777.129028 581.521790
0 1478191155 1009.511841 961.212585
0 1524856330 845.670166 565.439819
0 1478236211 765.937805 945.020081
0 1478212181 960.779541 936.643433
0 1478185147 875.291077 935.077026
0 1568502645 772.855774 720.319031
0 1568508652 869.327271 736.638123
0 1438984619 857.071533 770.049500
0 1659977623 851.927612 723.456665
0 1478209177 788.055115 1040.415405
0 1438982617 851.256470 717.377808
0 1524805264 740.685547 583.090027
0 1771287074 740.871826 719.049866
0 2087111947 929.754761 726.544861
0 1524817279 873.327820 593.691101
0 1524795251 847.474182 578.494934
0 1478230204 901.856873 972.043945
0 1524847318 765.751953 570.711487
0 1578516671 755.751831 738.808716
0 1568513659 865.930359 712.056213
0 1578529687 757.252075 713.590149
0 1524819282 848.420776 585.345154
0 1478253235 941.823425 948.032227
0 1524836304 800.827942 575.961304
0 1478243221 890.452271 1072.403198
0 1568501644 840.660767 776.755676
0 1438998637 757.953979 701.791077
0 1524816278 751.866760 594.603455
0 1705773174 892.091187 690.757446
0 1524845316 822.617188 557.966614
0 1524842312 834.066833 561.678345
0 1568507651 832.484802 677.616821
0 1438999638 946.876282 733.351624
0 1478252233 830.748840 911.574829
0 1438993630 940.279541 709.353516
0 1478237214 1042.716309 1000.049988
0 1524857332 718.715210 568.140869
0 1478248228 877.945679 959.121948
0 1478225197 1052.590698 961.897095
0 1524859335 823.659424 570.604309
0 1524832298 824.205933 577.231079
0 1478200166 1104.875854 987.692627
0 1478250231 788.240479 957.696533
0 1478245225 1023.878723 1013.477478
0 1438995633 876.585999 684.773926
0 1524804263 765.352051 577.434143
0 1524839308 812.349121 573.258057
0 1524849321 789.041626 600.294434
0 1568512658 862.812622 689.493652
0 1568514661 804.320862 709.536987
0 1478231205 741.233398 982.856506
0 1773608077 896.449524 713.304199
0 1438977615 788.728333 740.053894
0 1524834301 741.500488 576.146729
0 1607644171 839.470581 762.324524
0 1524800258 823.130066 564.186035
0 1568504647 960.543579 727.766541
0 1568500642 836.213806 722.833069
0 1478256239 856.711792 971.384094
0 1524815277 739.842773 590.270447
0 1568503646 739.757690 731.660767
0 1478220191 1004.321960 1027.417725
0 1478207174 836.183411 1011.500244
0 1524841311 730.996094 565.509521
0 1478213182 997.405151 999.509033
0 1524813274 764.938660 584.382080
0 1568516663 932.861084 739.078857
0 1578517672 977.899048 734.563171
0 1578527685 822.987000 768.856934
0 1478240218 833.296143 958.412476
0 1478215185 1034.850830 973.987671
0 1524838307 727.993164 586.000244
0 1478197163 834.693115 984.099487
0 1478221192 810.498535 945.783203
0 1524819281 834.764587 567.998657
0 2086284946 835.221436 710.800476
0 1524824288 838.613647 602.862549
0 1524802260 693.453613 573.553467
0 1478226199 905.500488 998.411682
0 1578518673 921.443909 758.365601
0 1438981616 907.870178 696.846619
0 1478238215 1027.460449 949.498779
0 1609135173 773.226868 708.265442
0 1524837305 717.534607 574.853210
0 1524793249 776.911499 588.588867
0 1568515662 741.937683 706.985962
0 1568516664 803.730042 686.943481
0 1438991628 788.836548 691.774231
0 1478249230 979.097351 925.638245
0 1438996634 880.248901 706.863525
0 1578519675 890.922729 771.233887
0 1524829295 766.139099 564.203247
0 1524864341 753.136169 580.235107
0 1478255238 1069.696167 1013.960144
0 1438993631 725.518860 712.311523
0 1524788244 764.511230 591.566833
0 1772785076 964.322327 740.287354
0 1524828293 836.997253 588.221130
0 1478203171 1031.791260 1042.262573
0 1524798255 858.513000 575.780945
0 1478199165 951.668518 998.962952
0 1578528686 820.118958 716.123230
0 1478192156 957.085999 1026.988647
0 1478228201 788.182678 983.480835
0 1772037075 833.359375 688.222412
0 1578515670 788.757202 727.176331
0 1524851323 789.089966 578.715393
0 1478218188 990.831665 1072.845825
0 1478202169 854.662842 946.539551
0 1478246226 1087.608032 1000.586060
0 1524809269 777.543213 568.068787
0 1524822285 870.633484 579.752869
0 1524841310 789.024353 607.993652
0 1578515669 858.702087 784.818542
0 1524854328 789.105042 571.987732
0 0 1134.195679 967.439209
0 1 989.379150 631.404236
0 2 669.329346 609.407837
0 3 1071.473633 985.599060
0 4 427.314423 658.850037
0 5 1490.320435 795.249390
0 6 517.333252 757.543884
0 7 356.309113 723.174805
0 8 610.607788 870.777466
0 9 597.136353 583.393677
0 10 325.018372 699.543030
0 11 1254.561523 673.843445
0 12 362.411621 669.676025
0 13 1157.877930 635.558899
0 14 334.773956 651.499817
0 15 460.354248 850.257751
0 16 1198.015747 953.851685
0 17 526.585754 600.196350
0 18 1127.122437 641.991943
0 19 1026.671265 663.197510
0 20 662.820557 576.853638
0 21 614.596191 600.167969
0 22 748.808411 552.200317
0 23 471.717255 723.475159
0 24 1314.140503 700.632690
0 25 1146.860352 708.491211
0 26 1101.733521 679.736938
0 27 1358.122803 702.329895
0 28 800.170105 543.825195
0 29 786.144104 562.042847
0 30 541.866150 640.356995
0 31 1347.500122 858.818359
0 32 213.720016 708.121460
0 33 1046.699707 762.462219
0 34 398.518372 809.488464
0 35 1417.336304 833.041748
0 36 703.589355 592.303833
0 37 249.407959 685.119629
0 38 711.310547 565.237305
0 39 353.361053 768.920837
