0 1578512666 1002.915100 327.918701
0 1524823287 810.946106 203.825531
0 1478234209 907.594666 585.850342
0 1707269176 907.036499 378.415527
0 1438989626 934.065186 301.430939
0 1524801259 887.222778 226.491776
0 1438992629 940.044556 321.983215
0 1478227200 1049.680542 620.100647
0 1524854327 852.176819 240.728058
0 1478249229 1148.666138 636.199707
0 1524807266 978.486877 205.053894
0 1524863340 856.222229 193.882370
0 1524831297 952.242859 200.079529
0 1478229202 1067.720093 605.778259
0 1568509654 926.754395 328.582092
0 1524790246 868.322205 196.254379
0 1578523681 824.455566 366.362579
0 1478207175 1085.080078 656.312805
0 1524861337 775.976562 216.713318
0 1478210178 965.776978 654.805176
0 1524862338 957.669189 213.769440
0 1478186149 1005.111328 624.564880
0 1524797254 926.688416 195.235870
0 1578518674 921.636963 370.725830
0 1438985621 855.990540 363.717926
0 1524857331 811.507507 210.580383
0 1478203170 992.054077 665.852539
0 1438994632 1007.331848 339.061554
0 1578520676 937.000366 311.519714
0 1478237213 993.180908 504.623413
0 1568511657 994.288879 346.074036
0 1775370079 1015.493408 321.293976
0 1478195160 844.180725 603.683716
0 1568510655 1020.103455 332.194946
0 1478257240 998.704163 523.608032
0 1578521677 985.128357 365.354065
0 1524794250 800.278625 222.007233
0 1524812272 862.652344 228.356461
0 1769859072 963.573547 348.638855
0 1578525683 969.404297 319.581512
0 1770636073 971.286621 372.954987
0 1524846317 879.040283 192.197861
0 1524833300 874.165283 223.747772
0 1568511656 808.294556 361.605103
0 1438985620 885.195251 349.217133
0 1478185148 867.276794 613.393799
0 1707993177 979.650513 399.323151
0 1478189152 1015.445618 512.171021
0 1524791247 857.433350 200.375534
0 1524830296 880.581543 198.657623
0 2088218948 901.804321 353.796783
0 1524827292 822.955933 206.305176
0 1606348170 872.698364 368.528595
0 1524855329 925.116272 227.397995
0 1478183145 1009.590942 493.713440
0 1438990627 980.965820 353.237122
0 1524840309 799.871948 214.925507
0 1478222194 1028.069824 551.970032
0 1709860179 1085.765015 338.435547
0 1478188151 1118.688232 565.312744
0 1438988624 918.709900 358.458069
0 1478243222 1186.468262 570.146240
0 1524843313 855.045410 187.572983
0 1524844315 939.381104 197.641693
0 1524858333 833.342529 195.571472
0 1524811271 936.150024 222.778625
0 1524859334 822.233032 199.665802
0 1478216186 981.496704 535.363525
0 1524851324 788.273865 226.550735
0 1524814275 889.013245 233.996017
0 1578514668 957.134888 380.726135
0 1478184146 1021.597473 531.565430
0 1524829294 869.718689 202.825439
0 1478176143 1109.731445 544.133118
0 1524860336 902.476685 236.876312
0 1478222193 1111.333008 601.442444
0 1438997636 913.188599 335.317810
0 1478194158 1061.507202 527.785461
0 1478201168 1057.721924 645.451477
0 1478187150 911.319458 609.047241
0 1478205172 1031.074829 634.872498
0 1524838306 931.277893 208.595825
0 1568514660 909.815369 391.490845
0 1524865342 879.040710 246.688004
0 2085418945 1035.048950 367.535950
0 1524808268 875.739868 231.156342
0 1478200167 998.719971 600.421875
0 1478194159 1076.151733 630.322571
0 1568501643 939.222839 375.680054
0 1478239216 1054.384033 508.529449
0 1524820283 850.942871 233.043808
0 1438989625 989.460876 377.966156
0 1568505649 904.368347 365.860992
0 1478255237 864.732117 590.020447
0 1524804262 890.860840 241.739410
0 1568506650 975.382141 385.866669
0 1478217187 922.897034 551.350464
0 1568505648 1003.228455 370.240295
0 1568497640 874.726868 381.161469
0 1578511665 892.107788 386.278076
0 1478258241 955.133240 604.723328
0 1524796253 907.573730 210.374283
0 1478206173 1103.317993 640.812988
0 1524826291 922.791321 220.068253
0 1578529688 1048.143066 360.022675
0 1478233207 915.256470 633.565369
0 1708834178 935.919861 363.203369
0 1478189153 1102.200684 578.402832
0 1568499641 986.017822 323.714813
0 1478245224 890.961182 623.351135
0 1524852325 933.677063 215.579712
0 1478219190 1201.653442 557.240967
0 1578525682 1011.921631 350.641052
0 1478232206 1144.441162 574.264099
0 1524818280 861.287964 221.041626
0 1524850322 954.915588 206.822357
0 1438996635 924.684082 383.496735
0 1524832299 872.638306 216.563004
0 1478242220 960.303955 629.053101
0 1524789245 865.646790 183.665924
0 1438999639 908.070679 313.867859
0 1478196161 950.240417 581.701233
0 1478252234 941.203430 539.179810
0 1524803261 823.700378 213.142700
0 1478211179 1181.977783 606.848877
0 1578523680 1037.590454 336.545532
0 1578530689 910.582092 324.393341
0 1568508653 867.071045 333.483856
0 1524826290 965.276978 202.550049
0 1524847319 905.591309 203.560379
0 1524810270 839.031921 237.811768
0 1524835302 885.486694 219.215790
0 1524821284 844.278687 191.541031
0 1524799257 883.802673 212.157791
0 1478233208 1052.190186 560.570618
0 1608354172 1007.974670 383.070953
0 1524835303 877.364136 238.799332
0 1478251232 884.685059 576.755127
0 1524812273 900.464172 229.274429
0 1706512175 949.818237 305.273621
0 1438986622 1067.740112 334.038635
0 1478211180 1023.878296 610.136902
0 1524823286 845.308960 197.957764
0 1478223195 963.803467 547.450806
0 1478244223 1017.072510 586.743774
0 1438987623 1016.694946 362.683380
0 1478193157 1059.744995 582.562683
0 1478198164 935.500671 618.923157
0 1524862339 847.461853 211.364868
0 1478236212 1077.540649 516.188843
0 1478240217 1038.215210 519.889709
0 1478214183 1011.875488 650.115540
0 1578521678 883.066040 337.801819
0 1524844314 944.383667 211.165024
0 1524848320 825.257812 227.448608
0 1524806265 896.621277 214.758575
0 1524787243 916.224243 199.364838
0 1478241219 1093.548584 556.574585
0 1524799256 898.513367 221.905396
0 1478190154 1125.462036 532.039490
0 1478226198 1076.893433 569.379028
0 1478208176 1120.986572 625.797058
0 1478214184 976.325317 515.829529
0 2084722944 998.670166 357.917877
0 1578522679 943.203979 332.842651
0 1524825289 877.542542 185.920654
0 1774531078 896.965454 331.028656
0 1525674169 956.438293 326.144135
0 1478197162 1094.550415 683.880859
0 1524815276 911.721924 224.632538
0 1768901071 1050.024902 329.717377
0 1578526684 976.963562 341.586670
0 1478182144 985.753784 639.447083
0 1524853326 968.163513 209.375870
0 1478218189 1031.739746 501.039520
0 1578513667 949.895447 355.842773
0 1438983618 953.442566 368.034882
0 1478224196 1045.023315 539.707886
0 1478247227 1019.045898 677.200378
0 1524792248 776.020813 223.832352
0 1524795252 866.965454 189.870499
0 1524808267 848.587097 218.372574
0 1478191155 1134.702759 552.598206
0 1524856330 914.161377 192.861481
0 1478236211 904.065247 563.870483
0 1478258242 1075.293457 700.848022
0 1478212181 1085.339600 535.864441
0 1478185147 1004.511658 543.569946
0 1568502645 870.749207 356.389984
0 1568508652 967.353638 360.555664
0 1438984619 960.981567 393.947784
0 1659977623 948.173706 349.924774
0 1478209177 940.186646 644.046509
0 1438982617 946.485168 344.120911
0 1524805264 812.681885 224.709122
0 1771287074 839.579407 358.992737
0 2087111947 1024.892090 343.518585
0 1524817279 946.999512 218.236404
0 1524795251 918.348328 206.061218
0 1478230204 1034.888184 573.465820
0 1478230203 1066.244629 672.320496
0 1524847318 835.126770 208.818069
0 1578516671 857.663513 376.138367
0 1568513659 959.937866 337.176880
0 1578529687 854.382507 351.779236
0 1524819282 920.536316 212.959244
0 1478253235 1069.000366 548.041992
0 1524836304 871.156799 209.592041
0 1478243221 1038.696289 661.069397
0 1568501644 946.247803 402.215820
0 1438998637 852.835632 340.294678
0 1524816278 826.073120 234.936768
0 1705773174 982.109985 313.150604
0 1524845316 889.591553 188.204437
0 1524842312 901.796753 190.517868
0 1568507651 921.196533 307.587891
0 1438999638 1042.763550 348.054565
0 1478252233 959.006042 527.343994
0 1438993630 1032.612061 325.469788
0 1478237214 1170.830322 583.436523
0 1524857332 787.822388 212.347656
0 1478248228 1010.626160 564.586548
0 1478225197 1175.654419 548.641357
0 1524859335 893.003479 201.092758
0 1524832298 894.785583 207.824127
0 1478200166 1228.283447 566.049194
0 1478250231 926.875183 572.678650
0 1478245225 1154.718872 597.129211
0 1438995633 965.830994 309.179626
0 1524804263 836.059082 215.739838
0 1524839308 882.168335 205.308090
0 1524849321 864.059570 235.901077
0 1568512658 953.067383 315.517059
0 1568514661 899.338562 342.194672
0 1478231205 887.737305 599.416016
0 1773608077 990.074585 334.681458
0 1438977615 889.710815 373.426971
0 1524834301 812.085876 217.538483
0 1607644171 942.662659 388.673309
0 1524800258 891.272888 194.555634
0 1568504647 1055.384033 340.972412
0 1568500642 932.745605 351.213104
0 1478256239 992.671021 577.573120
0 1524815277 813.296387 232.102158
0 1568503646 840.909180 371.206207
0 1478220191 1138.111938 611.242798
0 1478207174 979.805847 614.518433
0 1524841311 799.477356 208.052277
0 1478213182 1128.134644 587.650085
0 1524813274 837.019775 222.872742
0 1568516663 1029.870239 355.289856
0 1578517672 1073.492188 345.477570
0 1578527685 927.858887 396.802490
0 1478240218 968.854980 568.622498
0 1478215185 1160.274414 561.266785
0 1524838307 800.697754 229.307083
0 1478197163 974.181396 590.946228
0 1478221192 945.603699 559.884094
0 1524819281 903.666504 196.944412
0 2086284946 929.692749 339.681244
0 1524824288 913.893494 232.096558
0 1524802260 763.935303 221.151093
0 1478226199 1042.081177 596.142578
0 1578518673 1021.662842 375.216797
0 1438981616 998.661804 317.188171
0 1478238215 1150.264282 540.243286
0 1609135173 868.874817 344.717163
0 1524837305 788.044678 219.342224
0 1524793249 849.746948 225.595535
0 1568515662 838.300842 347.248779
0 1568516664 894.679932 320.274567
0 1438991628 881.016174 326.811890
0 1478249230 1101.227173 524.023499
0 1438996634 973.112549 330.376251
0 1578519675 993.974182 391.104309
0 1524829295 834.221619 202.098190
0 1524864341 824.467285 220.187317
0 1478255238 1197.879150 592.838257
0 1438993631 823.457153 354.350677
0 1524788244 838.010315 230.226608
0 1772785076 1060.954346 352.671631
0 1524828293 909.616272 217.395172
0 1478203171 1165.581299 621.295776
0 1524798255 928.949402 201.817551
0 1478199165 1085.218872 591.885376
0 1578528686 915.895874 346.664398
0 1478192156 1094.013550 615.659912
0 1478228201 931.070312 595.170227
0 1772037075 923.924255 317.891693
0 1578515670 887.408447 361.083160
0 1524851323 859.964539 213.946274
0 1478218188 1131.207275 651.582581
0 1478202169 986.937988 555.917297
0 1478254236 1113.178101 667.467957
0 1478246226 1213.307373 579.244507
0 1524809269 846.369629 204.562897
0 1524822285 941.845337 204.303162
0 1524841310 865.511658 243.686493
0 1478235210 1046.781982 688.861206
0 1578515669 964.992371 407.733856
0 1524854328 858.680237 207.060638
0 0 1265.487671 575.864197
0 1 754.253784 234.590302
0 2 468.318817 414.635895
0 3 883.156494 176.640396
0 4 784.145874 531.503113
0 5 1399.706543 267.307251
0 6 845.821289 179.402298
0 7 1084.152344 365.122040
0 8 1040.024048 400.864166
0 9 902.944458 167.208160
0 10 994.838562 435.143921
0 11 1016.247925 188.465775
0 12 440.220154 351.851868
0 13 1334.725464 262.683075
0 14 659.646423 265.662537
0 15 1059.943604 243.685715
0 16 1465.011108 428.470520
0 17 617.881592 262.115784
0 18 1510.686890 373.899597
0 19 460.699371 379.171570
0 20 862.583191 167.351227
0 21 900.300049 548.148132
0 22 765.193909 218.876450
0 23 520.161743 376.368378
0 24 1326.946045 245.962189
0 25 691.002502 278.668427
0 26 643.262695 296.025452
0 27 938.385315 172.248550
0 28 865.006531 501.605194
0 29 481.325226 353.179047
0 30 924.358887 485.007874
0 31 1574.403564 345.104614
0 32 1265.040894 290.072021
0 33 741.118042 267.128876
0 34 1105.446533 254.363617
0 35 978.094360 173.663422
0 36 749.702026 251.576981
0 37 1183.476685 348.567596
0 38 682.326721 245.682312
0 39 1205.378052 272.650024
