0 1578512666 899.932434 468.284149
0 1524823287 1033.417358 267.310852
0 1478234209 228.203506 663.067383
0 1707269176 706.396118 469.758148
0 1438989626 907.630249 409.499512
0 1524801259 1045.206177 318.046661
0 1438992629 863.574158 431.946198
0 1478227200 216.077881 782.597351
0 1524854327 983.080811 317.185303
0 1478249229 226.514999 868.087463
0 1524807266 1179.005249 335.838531
0 1524863340 1094.257324 275.215210
0 1524831297 1166.208374 319.724365
0 1478229202 260.469025 780.493713
0 1568509654 837.624390 432.010437
0 1524790246 1099.282837 282.099518
0 1578523681 677.862610 420.689240
0 1478207175 144.092163 842.497009
0 1524861337 976.570251 266.109283
0 1478210178 94.756653 761.902100
0 1524862338 1138.169189 335.367920
0 1478186149 183.709061 757.984680
0 1524797254 1154.048462 304.412170
0 1578518674 734.688782 469.542664
0 1438985621 704.987366 432.338928
0 1524857331 1018.631165 273.689301
0 1478203170 79.790649 789.056030
0 1438994632 876.242981 481.500885
0 1578520676 886.025024 420.507385
0 1478237213 464.446350 635.302490
0 1568511657 848.568054 481.762421
0 1775370079 926.743774 468.079956
0 1478195160 159.596619 644.257690
0 1568510655 903.704163 481.241394
0 1478257240 422.156281 656.849365
0 1578521677 794.582825 495.928375
0 1524794250 983.903259 279.885101
0 1524812272 1020.158386 309.875092
0 1769859072 818.262634 468.906158
0 1578525683 892.754211 443.624573
0 1770636073 765.760986 496.255432
0 1524846317 1118.144165 282.461487
0 1524833300 1040.493042 310.179871
0 1568511656 677.858215 409.343597
0 1438985620 758.628357 432.206055
0 1478185148 147.809021 665.644775
0 1707993177 708.516357 526.075378
0 1478189152 459.789062 655.642883
0 1524791247 1080.317627 281.735535
0 1524830296 1104.431030 289.151855
0 2088218948 759.961060 444.173370
0 1524827292 1037.692749 274.073914
0 1606348170 705.441406 444.398712
0 1524855329 1075.988037 334.651337
0 1478183145 500.891174 634.231934
0 1438990627 820.676941 482.025940
0 1524840309 999.464600 273.302612
0 1478222194 370.594513 702.106323
0 1709860179 944.484192 522.452026
0 1478188151 390.650879 774.324402
0 1438988624 761.338318 456.540833
0 1478243222 420.460541 827.409546
0 1524843313 1107.794800 268.882996
0 1524844315 1160.051758 311.971771
0 1524858333 1070.806030 268.101166
0 1524811271 1096.840088 334.891632
0 1524859334 1052.162109 267.707062
0 1478216186 384.145325 658.067993
0 1524851324 964.296570 279.508789
0 1524814275 1029.200439 325.855530
0 1578514668 736.707153 496.585144
0 1478184146 416.421143 678.234253
0 1524829294 1085.248047 288.803070
0 1478176143 438.929962 746.744812
0 1524860336 1033.902954 334.166351
0 1478222193 294.805969 805.894287
0 1438997636 811.484924 432.075165
0 1478194158 449.836121 699.112183
0 1478201168 157.985580 812.858948
0 1478187150 176.877792 686.584656
0 1478205172 171.173752 784.725403
0 1524838306 1126.345703 319.171661
0 1568514660 677.887085 483.375214
0 1524865342 991.302246 333.675415
0 2085418945 828.444153 524.233887
0 1524808268 1024.620605 317.761230
0 1478200167 238.251526 730.795410
0 1478194159 204.129913 810.510010
0 1568501643 735.680420 482.829102
0 1478239216 493.036865 675.563416
0 1524820283 999.704224 309.568542
0 1438989625 767.340820 510.442383
0 1568505649 733.730408 456.702209
0 1478255237 199.047150 643.098816
0 1524804262 1012.667664 333.921600
0 1568506650 737.770813 510.836121
0 1478217187 315.048340 639.691162
0 1568505648 796.670593 510.051880
0 1568497640 677.876892 457.028687
0 1578511665 677.881897 469.975311
0 1478258241 207.005722 708.287354
0 1524796253 1100.791260 311.083588
0 1478206173 191.546936 839.906372
0 1524826291 1091.356445 326.645569
0 1578529688 857.811157 523.782898
0 1478233207 122.547668 711.478516
0 1708834178 762.762390 469.328857
0 1478189153 347.747040 776.357605
0 1568499641 896.284424 455.752075
0 1478245224 135.472504 688.028015
0 1524852325 1111.829102 326.905823
0 1478219190 464.639496 824.997742
0 1578525682 851.541931 495.282043
0 1478232206 383.393555 801.384888
0 1524818280 1035.899292 302.512238
0 1524850322 1152.411865 327.421661
0 1438996635 706.898438 483.101074
0 1524832299 1055.873657 302.833466
0 1478242220 152.554718 734.295349
0 1524789245 1126.141357 269.270782
0 1438999639 857.826904 409.465729
0 1478196161 258.392242 683.743103
0 1478252234 352.951416 638.577759
0 1524803261 1022.790161 280.631439
0 1478211179 321.225342 862.549805
0 1578523680 907.606018 494.645813
0 1578530689 835.103943 420.551880
0 1568508653 781.794128 409.414124
0 1524826290 1172.524170 327.677277
0 1524847319 1115.114136 303.786072
0 1524810270 979.129578 309.260162
0 1524835302 1060.709473 310.482880
0 1524821284 1089.350098 268.493134
0 1524799257 1075.733643 303.152802
0 1478233208 363.338684 725.686707
0 1608354172 768.978394 525.146973
0 1524835303 1008.232178 325.588989
0 1478251232 238.101990 641.951538
0 1524812273 1050.043213 326.120453
0 1706512175 911.214722 420.485382
0 1438986622 939.816406 508.145844
0 1478211180 227.437637 756.058899
0 1524823286 1075.505005 274.836853
0 1478223195 345.750458 659.298889
0 1478244223 280.400848 729.074036
0 1438987623 825.763062 509.664459
0 1478193157 313.440857 752.271301
0 1478198164 165.004669 709.874329
0 1524862339 1046.559448 288.099640
0 1478236212 488.841888 697.638428
0 1478240217 454.923798 676.892029
0 1478214183 125.747726 786.878113
0 1578521678 783.447266 420.597015
0 1524844314 1132.180542 327.164490
0 1524848320 991.605164 294.353668
0 1524806265 1080.808472 310.784119
0 1524787243 1134.636597 304.100037
0 1478241219 397.558777 748.566833
0 1524799256 1065.670410 318.330383
0 1478190154 479.852539 744.942627
0 1478226198 355.731567 750.408875
0 1478208176 238.430939 837.346863
0 1478214184 427.644928 636.383606
0 2084722944 823.175598 495.603882
0 1578522679 840.226807 443.841644
0 1524825289 1131.458130 275.965820
0 1774531078 809.368530 420.574341
0 1525674169 866.587402 443.732727
0 1478197162 79.978973 876.655212
0 1524815276 1070.761475 326.383820
0 1768901071 935.309021 494.331421
0 1578526684 845.694214 468.697235
0 1478182144 139.484879 759.932251
0 1524853326 1158.648315 335.603912
0 1478218189 497.049408 654.448364
0 1578513667 790.619507 469.116669
0 1438983618 764.235718 482.559296
0 1478224196 410.422485 700.601379
0 1478247227 64.035805 817.641296
0 1524792248 960.813538 272.522736
0 1524795252 1112.908081 275.591522
0 1524808267 1031.420410 295.036316
0 1478191155 433.075500 772.313904
0 1524856330 1148.192627 297.038361
0 1478236211 276.767090 640.815735
0 1478258242 29.896214 879.583496
0 1478212181 444.510529 722.371643
0 1478185147 377.522827 679.590210
0 1568502645 731.906982 432.272247
0 1568508652 792.567017 482.291565
0 1438984619 707.957642 511.233093
0 1659977623 803.404114 462.602875
0 1478209177 108.991501 736.074524
0 1438982617 815.928467 456.221771
0 1524805264 987.706360 287.029572
0 1771287074 704.547913 420.665955
0 2087111947 879.684570 494.962677
0 1524817279 1117.566895 335.130493
0 1524795251 1120.658813 311.381378
0 1478230204 322.094116 727.371277
0 1478230203 96.056091 845.119324
0 1524847318 1042.072266 281.001465
0 1578516671 677.871948 444.512634
0 1568513659 842.915344 456.064026
0 1578529687 731.038940 420.642792
0 1524819282 1106.239136 318.892853
0 1478253235 404.141846 724.020325
0 1524836304 1070.785034 295.711182
0 1478243221 111.290871 815.235840
0 1568501644 677.898132 511.633331
0 1438998637 756.088257 409.396667
0 1524816278 975.279358 301.537415
0 1705773174 918.729492 443.517242
0 1524845316 1136.902466 282.821503
0 1524842312 1142.479004 289.843658
0 1568507651 882.815918 409.482666
0 1438999638 883.247437 508.899078
0 1478252233 390.481781 637.475220
0 1438993630 930.954041 480.983917
0 1478237214 375.759613 829.849854
0 1524857332 995.622253 266.511993
0 1478248228 330.345612 703.627075
0 1478225197 469.964142 796.978149
0 1524859335 1109.706543 296.378540
0 1524832298 1095.480225 303.470337
0 1478200166 459.034576 854.492310
0 1478250231 267.785522 661.798462
0 1478245225 330.527405 832.319153
0 1438995633 914.912598 431.819031
0 1524804263 1027.052124 287.744934
0 1524839308 1090.300659 296.045807
0 1524849321 1003.912476 317.474121
0 1568512658 889.336243 431.882355
0 1568514661 785.153625 432.140381
0 1478231205 188.213409 664.349487
0 1773608077 872.916687 468.489929
0 1438977615 705.910706 456.864838
0 1524834301 1003.400940 280.259308
0 1607644171 707.418640 496.917480
0 1524800258 1123.507812 289.498718
0 1568504647 911.645020 508.520966
0 1568500642 788.736816 456.380707
0 1478256239 289.669128 705.164001
0 1524815277 971.526123 294.009399
0 1568503646 677.867249 432.406097
0 1478220191 284.754456 834.817993
0 1478207174 195.638748 732.535767
0 1524841311 1014.571045 266.912506
0 1478213182 339.356262 803.626587
0 1524813274 1011.569580 294.695923
0 1568516663 854.621094 509.280243
0 1578517672 915.828247 522.892090
0 1578527685 677.892578 497.252563
0 1478240218 298.514679 682.344360
0 1478215185 426.926636 799.168945
0 1524838307 967.866333 286.668823
0 1478197163 248.558121 706.717285
0 1478221192 306.965851 660.542358
0 1524819281 1129.003662 296.709381
0 2086284946 813.670410 443.951416
0 1524824288 1055.009399 334.409576
0 1524802260 957.414124 265.704376
0 1478226199 270.678864 754.154541
0 1578518673 798.834229 524.688538
0 1438981616 922.671143 455.597870
0 1478238215 475.028931 770.325745
0 1609135173 757.338074 420.619812
0 1524837305 980.192383 272.913757
0 1524793249 1015.809387 302.189148
0 1568515662 730.198303 409.379150
0 1568516664 832.661621 409.448669
0 1438991628 807.317993 409.431427
0 1478249230 484.451752 720.740356
0 1438996634 869.699951 455.907471
0 1578519675 738.873413 525.609253
0 1524829295 1056.650513 274.456451
0 1524864341 1007.434631 287.388275
0 1478255238 367.718903 859.831421
0 1438993631 704.122314 409.361420
0 1524788244 995.603149 301.864227
0 1772785076 886.938232 523.335693
0 1524828293 1086.014404 318.612427
0 1478203171 274.160828 865.301636
0 1524798255 1140.411987 311.677429
0 1478199165 304.355865 778.413879
0 1578528686 786.915894 444.062012
0 1478192156 249.733566 808.188660
0 1478228201 217.848831 685.156372
0 1772037075 860.655457 420.529572
0 1578515670 732.803650 444.285614
0 1524851323 1051.158447 295.374695
0 1478218188 178.276794 870.907898
0 1478202169 338.222748 680.960144
0 1478254236 129.435272 873.763611
0 1478246226 413.651978 857.145752
0 1524809269 1061.247681 281.369507
0 1524822285 1146.335083 319.448822
0 1524841310 987.137024 325.320862
0 1478235210 47.428070 847.774109
0 1578515669 677.903992 526.545410
0 1524854328 1065.957764 288.452332
0 0 398.198944 395.511810
0 1 491.854706 613.976501
0 2 973.008484 560.867859
0 3 1225.858398 318.834259
0 4 1055.028442 393.893036
0 5 588.319885 244.357681
0 6 1303.728149 389.927216
0 7 852.641602 287.893829
0 8 774.122925 279.767944
0 9 286.633636 572.887085
0 10 1012.756714 314.446259
0 11 402.218628 296.310638
0 12 1428.540405 892.440796
0 13 519.949585 251.782898
0 14 1357.375977 492.794128
0 15 219.859940 395.419037
0 16 916.510986 258.638550
0 17 853.381592 872.861877
0 18 833.036194 249.121582
0 19 577.896362 559.143494
0 20 300.264130 623.118347
0 21 962.230225 270.318481
0 22 182.365662 843.480713
0 23 1467.325806 784.458191
0 24 412.450439 264.145630
0 25 388.637482 574.876404
0 26 368.664825 539.568848
0 27 332.689056 478.154114
0 28 1143.452393 283.565094
0 29 1208.669312 568.162659
0 30 1040.376831 338.007141
0 31 761.850891 251.061417
0 32 296.674316 289.416962
0 33 249.466385 449.037659
0 34 270.370697 345.131744
0 35 421.730713 349.482178
0 36 486.259583 568.671204
0 37 596.671997 266.251740
0 38 756.756531 820.164490
0 39 265.881897 313.738220
