0 1578512666 927.447876 639.037292
0 1707269176 644.293762 642.970459
0 1438989626 966.018555 509.214966
0 1438992629 890.846558 558.747925
0 1568509654 852.913879 559.284119
0 1578523681 632.116211 537.698486
0 1578518674 684.714661 642.408997
0 1438985621 663.380676 561.963196
0 1438994632 885.556519 669.009766
0 1578520676 929.198181 533.476990
0 1568511657 844.163086 669.580994
0 1775370079 967.938110 638.474854
0 1568510655 926.960388 668.438354
0 1578521677 757.033386 701.534790
0 1769859072 806.036682 640.723755
0 1578525683 928.360413 584.002747
0 1770636073 714.706299 702.115051
0 1568511656 638.466797 513.892944
0 1438985620 739.167847 560.891846
0 1707993177 614.484924 769.482849
0 2088218948 734.693237 586.725159
0 1606348170 657.289917 587.813171
0 1438990627 802.779968 670.152222
0 1709860179 969.812378 764.682922
0 1438988624 730.023438 613.685181
0 1578514668 672.390137 702.695129
0 1438997636 814.989807 559.820129
0 1568514660 596.019958 673.005798
0 2085418945 792.053040 767.084167
0 1568501643 678.692871 671.864746
0 1438989625 709.112610 734.408936
0 1568505649 690.473755 614.237915
0 1568506650 665.786255 734.998596
0 1568505648 752.450439 733.819031
0 1568497640 611.402771 615.342957
0 1578511665 603.882812 643.531738
0 1578529688 836.474915 766.484070
0 1708834178 725.145386 641.847412
0 1568499641 927.914062 610.919556
0 1578525682 841.719971 700.373901
0 1438996635 637.351196 672.435364
0 1438999639 893.173096 510.255310
0 1578523680 926.450073 699.212402
0 1578530689 854.877563 534.533081
0 1568508653 783.965149 511.814972
0 1608354172 703.245117 768.283813
0 1706512175 966.371033 532.948730
0 1438986622 969.310242 730.867432
0 1438987623 795.799622 733.229065
0 1578521678 780.590332 535.588684
0 2084722944 799.371216 700.954407
0 1578522679 850.866272 585.092102
0 1774531078 817.729736 535.060913
0 1525674169 889.608765 584.547485
0 1768901071 968.831421 698.631409
0 1578526684 846.497131 640.161804
0 1578513667 765.586060 641.285645
0 1438983618 720.044861 671.294067
0 1568502645 701.269897 561.427612
0 1568508652 761.407227 670.723206
0 1438984619 622.471191 735.588196
0 1659977623 787.607544 626.775085
0 1438982617 809.151245 612.579346
0 1771287074 669.222229 537.171204
0 2087111947 884.079590 699.793213
0 1578516671 618.601929 588.356995
0 1568513659 848.729370 612.026184
0 1578529687 706.336609 536.643799
0 1568501644 579.167480 736.177612
0 1438998637 747.578552 512.334656
0 1705773174 967.121094 583.457886
0 1568507651 929.591797 509.735199
0 1438999638 882.532166 732.048523
0 1438993630 968.374573 667.866760
0 1438995633 966.738159 557.675232
0 1568512658 928.788025 558.211670
0 1568514661 777.074463 560.356079
0 2079485312 787.599854 626.717896
0 1773608077 886.967529 639.599609
0 1438977615 650.933533 614.790527
0 1607644171 630.084778 703.275085
0 1568504647 925.915405 731.458069
0 1568500642 769.582642 613.132324
0 1568503646 625.500183 562.498657
0 1568516663 839.160156 732.638916
0 1578517672 925.354614 765.283447
0 1578527685 587.790222 703.854858
0 2086284946 812.132812 585.636536
0 1578518673 747.643066 767.684082
0 1438981616 967.520691 610.366028
0 1609135173 743.459290 536.116272
0 1568515662 711.200012 512.854187
0 1568516664 856.762451 510.775330
0 1438991628 820.359741 511.295197
0 1438996634 888.316956 611.472900
0 1578519675 658.859009 768.883423
0 1438993631 674.829407 513.373657
0 1772785076 880.908813 765.883911
0 1578528686 773.408508 586.180908
0 1772037075 892.033630 534.005066
0 1578515670 695.987061 587.269226
0 1578515669 570.122681 770.082092
0 0 1009.577637 550.111206
0 1 942.452393 492.918945
0 2 908.831238 651.843140
0 3 1044.253906 418.467102
0 4 594.470337 458.328674
0 5 309.259796 996.234436
0 6 753.022095 412.063171
0 7 661.333618 401.982544
0 8 534.479370 922.066162
0 9 484.364441 460.907257
