0 1578512666 910.450562 570.835144
0 1524823287 1158.978149 885.126831
0 1478234209 1034.239868 433.324799
0 1707269176 1017.572388 536.449768
0 1438989626 972.637817 614.025024
0 1524801259 1012.457642 776.228760
0 1438992629 973.026794 586.991760
0 1478227200 964.051575 415.775330
0 1524854327 1071.742432 747.344788
0 1478249229 919.288696 406.760956
0 1524807266 835.521057 813.970764
0 1524863340 1066.722168 909.543396
0 1524831297 877.083069 842.184204
0 1478229202 952.394836 418.432098
0 1568509654 988.971069 581.481201
0 1524790246 1041.172974 893.198914
0 1578523681 1093.836426 557.308228
0 1478207175 953.279541 405.518524
0 1524861337 1218.709473 847.652893
0 1478210178 1009.330078 411.858276
0 1524862338 883.234375 792.161011
0 1478186149 986.908508 417.068604
0 1524797254 921.308960 872.205872
0 1578518674 1003.194031 541.065125
0 1438985621 1063.778076 555.627014
0 1524857331 1153.437744 857.245178
0 1478203170 997.954224 408.048279
0 1438994632 911.933167 558.778198
0 1578520676 972.836609 600.207947
0 1478237213 974.911865 455.956696
0 1568511657 927.859009 553.786438
0 1775370079 893.820862 576.173157
0 1478195160 1068.898071 431.808685
0 1568510655 895.669495 563.875916
0 1478257240 975.023010 448.229340
0 1578521677 944.220032 537.763428
0 1524794250 1167.715088 819.743164
0 1524812272 1054.560425 778.538208
0 1769859072 958.267090 555.486328
0 1578525683 940.970093 585.204407
0 1770636073 959.190613 533.179688
0 1524846317 1017.604309 906.880127
0 1524833300 1034.263794 788.760010
0 1568511656 1110.173950 563.978516
0 1438985620 1034.796997 565.643250
0 1478185148 1056.612061 427.693848
0 1707993177 960.043823 512.573059
0 1478189152 962.578125 451.361664
0 1524791247 1063.975952 879.962036
0 1524830296 1016.442139 877.377869
0 2088218948 1019.056519 558.884705
0 1524827292 1132.797974 869.692993
0 1606348170 1048.067383 549.106384
0 1524855329 949.726440 761.767517
0 1478183145 962.253235 459.209076
0 1438990627 943.457275 548.897339
0 1524840309 1173.438354 845.182739
0 1478222194 963.196228 436.432617
0 1709860179 836.580994 548.683655
0 1478188151 916.297363 426.659363
0 1438988624 1003.635193 552.263123
0 1478243222 881.688049 421.225494
0 1524843313 1069.657471 941.164612
0 1524844315 898.847290 856.958374
0 1524858333 1115.816528 912.205444
0 1524811271 928.200562 771.607056
0 1524859334 1137.753540 898.442749
0 1478216186 987.260742 445.149200
0 1524851324 1186.620483 808.768799
0 1524814275 1011.599915 754.453857
0 1578514668 973.865540 528.686523
0 1478184146 962.892273 443.773743
0 1524829294 1039.281128 864.602539
0 1478176143 915.235352 433.723785
0 1524860336 990.996216 742.903076
0 1478222193 929.351624 417.128693
0 1438997636 1004.573730 576.088806
0 1478194158 938.518127 442.397949
0 1478201168 964.319214 409.310150
0 1478187150 1033.410645 426.381897
0 1478205172 975.527588 413.159729
0 1524838306 924.963684 818.856445
0 1568514660 1016.873596 525.885742
0 1524865342 1030.049316 725.052002
0 2085418945 900.775940 529.907776
0 1524808268 1032.779785 766.327637
0 1478200167 986.992371 423.757050
0 1478194159 952.843994 411.875946
0 1568501643 988.385559 534.815002
0 1478239216 937.794189 449.963654
0 1524820283 1074.281494 768.606262
0 1438989625 944.952881 527.066345
0 1568505649 1018.299500 547.440613
0 1478255237 1057.812256 434.656982
0 1524804262 1010.788513 733.856079
0 1568506650 959.625488 522.676270
0 1478217187 1023.456543 443.484009
0 1568505648 929.987427 531.544006
0 1568497640 1046.750854 538.084106
0 1578511665 1031.666748 531.925537
0 1478258241 1010.204102 425.069611
0 1524796253 969.656067 821.297729
0 1478206173 941.806396 408.035706
0 1524826291 948.802734 784.076904
0 1578529688 885.212402 534.459839
0 1478233207 1032.607178 419.654205
0 1708834178 988.523132 545.774414
0 1478189153 928.522278 423.873108
0 1568499641 925.547363 577.942993
0 1478245224 1044.516602 423.642853
0 1524852325 926.629700 794.536560
0 1478219190 869.082764 423.991058
0 1578525682 913.355225 547.213623
0 1478232206 905.107788 422.549438
0 1524818280 1056.706665 801.657104
0 1524850322 880.252014 816.414124
0 1438996635 1002.770264 530.306274
0 1524832299 1035.836426 812.531616
0 1478242220 1009.760254 418.361511
0 1524789245 1045.354736 956.411621
0 1438999639 1005.595642 602.032349
0 1478196161 1010.662109 431.992310
0 1478252234 1011.623413 446.524323
0 1524803261 1128.147339 842.711609
0 1478211179 895.450439 411.893890
0 1578523680 881.194458 557.060669
0 1578530689 1005.073608 588.778564
0 1568508653 1052.355957 585.017273
0 1524826290 855.984375 827.861816
0 1524847319 969.283325 847.208984
0 1524810270 1093.451050 758.952209
0 1524835302 1013.365845 799.284607
0 1524821284 1093.130981 926.437927
0 1524799257 1014.329102 823.737915
0 1478233208 951.453125 432.179047
0 1608354172 930.989624 521.070862
0 1524835303 1031.377197 745.124451
0 1478251232 1046.546265 437.551544
0 1524812273 991.261475 764.048035
0 1706512175 956.170837 606.116760
0 1438986622 850.446655 555.342590
0 1478211180 975.432922 419.735229
0 1524823286 1089.474487 895.821411
0 1478223195 999.296387 442.119904
0 1478244223 975.335327 426.519470
0 1438987623 914.720398 536.111877
0 1478193157 951.931458 425.196442
0 1478198164 1021.493774 422.340576
0 1524862339 1082.836548 840.239380
0 1478236212 925.868286 445.455750
0 1478240217 950.448608 446.842712
0 1478214183 986.827148 410.584351
0 1578521678 1035.929199 577.838928
0 1524844314 903.789673 805.310791
0 1524848320 1119.654297 793.439209
0 1524806265 991.839539 810.125671
0 1524787243 945.679749 859.507568
0 1478241219 927.666138 430.835144
0 1524799256 991.542114 786.418945
0 1478190154 902.599243 436.660126
0 1478226198 939.896606 427.993073
0 1478208176 930.155457 410.591888
0 1478214184 987.356201 452.759338
0 2084722944 928.944702 542.440430
0 1578522679 973.208740 574.338135
0 1524825289 1018.846558 938.417175
0 1774531078 1020.668457 583.249512
0 1525674169 957.264038 579.712402
0 1478197162 953.702026 399.350922
0 1524815276 970.337646 773.918335
0 1768901071 864.602295 562.140869
0 1578526684 942.662781 560.495239
0 1478182144 998.206116 414.443268
0 1524853326 859.736572 802.901855
0 1478218189 949.920776 454.547455
0 1578513667 973.550598 550.580505
0 1438983618 973.711304 539.414490
0 1478224196 950.959045 439.390625
0 1478247227 986.748169 404.295166
0 1524792248 1211.637207 822.145020
0 1524795252 1043.192993 923.733887
0 1524808267 1079.814575 814.936462
0 1478191155 903.873779 429.490936
0 1524856330 944.502136 887.950073
0 1478236211 1035.095947 440.493500
0 1478258242 964.830811 396.954620
0 1478212181 926.781982 438.025543
0 1478185147 975.130554 440.755402
0 1568502645 1049.437988 560.583130
0 1568508652 958.738159 544.107666
0 1438984619 974.013977 518.371216
0 1659977623 973.467773 556.336121
0 1478209177 1020.879822 415.726471
0 1438982617 973.383301 562.211731
0 1524805264 1143.333984 806.399292
0 1771287074 1079.810425 562.281128
0 2087111947 897.441895 552.085999
0 1524817279 906.045776 781.733948
0 1524795251 946.784790 832.816040
0 1478230204 963.490479 429.326477
0 1478230203 964.578796 403.039490
0 1524847318 1107.429932 854.737793
0 1578516671 1062.134521 544.364929
0 1568513659 957.776123 567.344299
0 1578529687 1065.490112 567.358276
0 1524819282 947.823975 807.718750
0 1478253235 939.218567 435.078369
0 1524836304 1037.505859 837.765991
0 1478243221 975.619263 406.783539
0 1568501644 988.126343 514.148804
0 1438998637 1067.275024 579.588562
0 1524816278 1115.766724 770.884033
0 1705773174 924.315247 590.818054
0 1524845316 993.230896 921.028442
0 1524842312 968.463135 904.215515
0 1568507651 989.303284 607.960876
0 1438999638 883.244507 545.529541
0 1478252233 999.591614 449.615662
0 1438993630 879.057129 569.082825
0 1478237214 894.093323 418.503815
0 1524857332 1199.425293 859.751404
0 1478248228 975.234619 433.522614
0 1478225197 880.075867 428.146454
0 1524859335 992.491028 862.055603
0 1524832298 992.155273 835.291565
0 1478200166 858.263000 419.901245
0 1478250231 1022.781128 436.208862
0 1478245225 906.303284 415.825012
0 1438995633 940.067261 598.382996
0 1524804263 1103.617554 828.615173
0 1524839308 1015.352661 849.719727
0 1524849321 1052.533569 756.703430
0 1568512658 956.729431 592.624268
0 1568514661 1019.845520 570.810669
0 1478231205 1045.515259 430.486816
0 1773608077 926.727478 565.610352
0 1438977615 1032.668457 542.715271
0 1524834301 1148.232910 831.052246
0 1607644171 988.253540 524.281250
0 1524800258 992.848755 890.575134
0 1568504647 867.015869 550.385071
0 1568500642 988.666321 557.185791
0 1478256239 987.078979 430.659546
0 1524815277 1138.714966 783.154236
0 1568503646 1077.826538 550.771667
0 1478220191 918.322510 413.187988
0 1478207174 998.465881 421.038055
0 1524841311 1179.524780 872.236389
0 1478213182 917.325928 419.817566
0 1524813274 1100.029419 804.028687
0 1568516663 899.142578 540.772705
0 1578517672 853.124878 543.844849
0 1578527685 1002.362732 519.961243
0 1478240218 999.010620 434.865906
0 1478215185 892.692749 425.325378
0 1524838307 1162.323242 795.777344
0 1478197163 998.733887 427.842224
0 1478221192 1011.134949 439.140167
0 1524819281 968.886475 874.792480
0 2086284946 988.815430 569.077759
0 1524824288 970.649963 752.203308
0 1524802260 1237.405884 835.923218
0 1478226199 963.775391 422.444153
0 1578518673 916.032043 525.445679
0 1438981616 908.903442 583.416504
0 1478238215 891.246582 432.368896
0 1609135173 1050.866333 572.543091
0 1524837305 1192.828979 833.488220
0 1524793249 1076.967896 791.100098
0 1568515662 1081.877686 574.274902
0 1568516664 1021.527466 596.235107
0 1438991628 1037.110474 590.564819
0 1478249230 914.138245 441.021820
0 1438996634 941.834473 572.586853
0 1578519675 945.657471 516.780823
0 1524829295 1111.487915 882.545044
0 1524864341 1123.774170 817.340332
0 1478255238 883.249817 414.520996
0 1438993631 1096.174194 569.072693
0 1524788244 1096.646362 780.846680
0 1772785076 869.332031 539.104553
0 1524828293 970.006836 796.911072
0 1478203171 907.461975 409.307526
0 1524798255 923.193481 844.697205
0 1478199165 940.553223 421.131012
0 1578528686 1004.094666 563.927795
0 1478192156 941.189514 414.481781
0 1478228201 1022.127197 429.164673
0 1772037075 989.133545 594.430054
0 1578515670 1033.710938 553.945312
0 1524851323 1058.982910 826.177063
0 1478218188 930.934937 404.253235
0 1478202169 987.168396 437.786530
0 1478254236 942.404724 401.783508
0 1478246226 870.855591 417.189758
0 1524809269 1086.050171 867.148376
0 1524822285 901.394531 830.339478
0 1524841310 1050.616211 736.048828
0 1478235210 975.708252 400.597687
0 1578515669 974.156799 508.445282
0 1524854328 1061.401367 852.229248
0 0 501.027039 435.406250
0 1 448.147217 605.598328
0 2 775.074463 714.611877
0 3 562.006287 647.727600
0 4 571.094604 618.080933
0 6 507.677429 617.892517
0 7 525.448853 543.252625
0 8 525.036438 386.425629
0 9 554.744812 353.237061
0 10 512.928955 589.894775
0 11 478.392639 388.326080
0 12 444.239349 446.013519
0 13 582.918640 523.094543
0 14 699.014038 727.549622
0 16 626.971802 365.725464
0 17 403.399445 540.942017
0 19 516.233582 353.734222
0 20 724.307617 688.254089
0 21 407.784637 465.747986
0 22 1065.841675 296.094482
0 23 959.683533 603.514282
0 24 890.543823 381.560364
0 25 1035.499146 596.838745
0 26 1022.742249 417.337952
0 27 757.181946 489.507629
0 28 776.485229 522.437744
0 29 909.012451 582.597351
0 30 1041.949341 350.742950
0 31 1220.353516 554.124329
0 33 968.498047 413.337189
0 35 987.677856 350.343597
0 37 1052.970459 362.593658
0 39 997.018982 300.341919
0 40 869.657288 373.177460
0 43 626.969116 671.530151
0 46 981.181396 312.066376
0 53 1410.390503 365.303925
0 55 1001.706177 306.149139
0 59 1405.858154 353.698029
0 77 1042.591309 882.949829
0 81 822.777039 691.015930
0 104 1433.382812 480.550812
0 105 1569.126953 525.616211
0 108 1096.008667 373.877563
0 109 1016.377380 357.411346
0 110 736.654846 384.754730
0 114 428.604889 480.720490
0 118 301.019775 504.171021
0 131 933.076233 325.331146
0 132 996.133362 323.736115
0 133 948.595947 911.121521
0 134 965.123535 252.004730
0 136 1119.469727 291.296661
0 137 1158.994263 299.875580
0 138 1212.563721 367.615662
