0 1578512666 1009.424866 483.356628
0 1524823287 586.421997 1039.238159
0 1478234209 1483.637573 324.440735
0 1707269176 1211.779907 475.261810
0 1438989626 984.677246 567.162415
0 1524801259 683.548828 803.077209
0 1438992629 1043.871704 529.854370
0 1478227200 1423.490234 277.231415
0 1524854327 800.481506 798.667664
0 1478249229 1382.500610 252.261108
0 1524807266 472.292542 758.198669
0 1524863340 460.212433 1005.089600
0 1524831297 450.295441 811.873169
0 1478229202 1400.802856 278.170929
0 1568509654 1074.357422 528.645752
0 1524790246 473.016907 968.015503
0 1578523681 1263.594360 538.330688
0 1478207175 1432.605103 258.832153
0 1524861337 726.454468 1034.201172
0 1478210178 1499.306885 283.481781
0 1524862338 546.458618 755.372498
0 1478186149 1453.259155 285.385498
0 1524797254 426.115753 870.873169
0 1578518674 1182.834717 476.419708
0 1438985621 1226.993896 522.594299
0 1524857331 641.472534 998.517029
0 1478203170 1491.598877 274.410828
0 1438994632 1036.564575 467.410736
0 1578520676 1014.824768 548.161621
0 1478237213 1343.501709 341.009155
0 1568511657 1064.949951 466.272064
0 1775370079 980.566772 484.511047
0 1478195160 1541.305542 332.906555
0 1568510655 1008.190979 468.548889
0 1478257240 1361.859619 329.438934
0 1578521677 1118.641724 449.751648
0 1524794250 737.806580 958.341614
0 1524812272 717.284119 830.205322
0 1769859072 1096.073730 479.890411
0 1578525683 1012.026794 514.583618
0 1770636073 1146.581665 448.627838
0 1524846317 428.987152 969.624084
0 1524833300 677.386353 831.701416
0 1568511656 1269.857666 555.930481
0 1438985620 1165.897583 525.016541
0 1478185148 1532.410645 322.438934
0 1707993177 1193.820679 419.388611
0 1478189152 1337.530396 330.437469
0 1524791247 517.075684 966.405823
0 1524830296 485.152588 932.877869
0 2088218948 1161.753906 508.629089
0 1524827292 596.111389 1000.161804
0 1606348170 1221.738281 506.243530
0 1524855329 657.862244 751.127380
0 1478183145 1318.817139 342.020294
0 1438990627 1093.347534 465.132935
0 1524840309 686.864502 996.871155
0 1478222194 1373.371216 308.253296
0 1709860179 977.762512 428.122681
0 1478188151 1332.786133 280.987701
0 1438988624 1157.757812 492.826172
0 1478243222 1300.192383 264.333496
0 1524843313 400.167328 1045.937866
0 1524844315 438.498199 840.659119
0 1524858333 493.229706 1042.590332
0 1524811271 620.707031 752.543152
0 1524859334 539.809570 1040.914917
0 1478216186 1386.197510 328.440002
0 1524851324 782.040344 956.725525
0 1524814275 727.481689 774.334106
0 1578514668 1174.532959 447.503601
0 1478184146 1355.707520 319.186493
0 1524829294 528.064270 931.298950
0 1478176143 1315.304810 291.088959
0 1524860336 732.234619 748.293396
0 1478222193 1372.165039 270.228638
0 1438997636 1104.856934 527.436523
0 1478194158 1326.099976 310.200745
0 1478201168 1439.303345 267.443695
0 1478187150 1499.738892 313.263733
0 1478205172 1446.185547 276.291534
0 1524838306 527.956116 808.944580
0 1568514660 1235.515747 459.429993
0 1524865342 806.689819 745.456177
0 2085418945 1085.704590 423.759155
0 1524808268 722.503662 801.608215
0 1478200167 1437.194336 295.699280
0 1478194159 1416.916504 268.372314
0 1568501643 1178.612305 461.712616
0 1478239216 1307.765625 321.157959
0 1524820283 757.205750 828.708435
0 1438989625 1143.104248 434.876129
0 1568505649 1187.207520 491.651489
0 1478255237 1516.548096 333.920685
0 1524804262 769.451843 746.875183
0 1568506650 1170.589478 433.767822
0 1478217187 1442.330811 336.960846
0 1568505648 1115.630127 435.984009
0 1568497640 1246.145874 489.300507
0 1578511665 1240.737671 474.103394
0 1478258241 1468.013672 304.354279
0 1524796253 557.835510 836.184265
0 1478206173 1410.518188 259.749817
0 1524826291 613.380493 778.659973
0 1578529688 1058.702637 424.850708
0 1478233207 1515.384888 302.402710
0 1708834178 1153.901855 477.577087
0 1478189153 1355.450684 280.049103
0 1568499641 1010.702698 498.691956
0 1478245224 1523.774048 312.275330
0 1524852325 575.390015 780.100281
0 1478219190 1278.148804 265.249329
0 1578525682 1062.797119 451.997742
0 1478232206 1327.443359 272.083710
0 1524818280 670.917480 861.748230
0 1524850322 499.473663 782.978455
0 1438996635 1207.057983 460.571564
0 1524832299 630.054871 863.271362
0 1478242220 1483.878418 293.772583
0 1524789245 353.684814 1047.609863
0 1438999639 1047.946045 564.670532
0 1478196161 1451.694092 315.239380
0 1478252234 1417.609985 337.973511
0 1524803261 649.426819 961.570435
0 1478211179 1338.946289 254.073486
0 1578523680 1006.998962 454.242004
0 1578530689 1076.930664 545.707336
0 1568508653 1142.961182 560.928284
0 1524826290 461.547913 784.416321
0 1524847319 507.616699 867.835205
0 1524810270 797.151306 827.210510
0 1524835302 637.512268 833.196594
0 1524821284 446.682312 1044.264648
0 1524799257 589.217285 864.793579
0 1478233208 1367.229248 298.586823
0 1608354172 1139.740845 421.574768
0 1524835303 765.558777 772.890564
0 1478251232 1491.799927 334.934448
0 1524812273 689.426331 775.776917
0 1706512175 983.793274 549.387878
0 1438986622 978.428528 441.516602
0 1478211180 1430.247070 286.336914
0 1524823286 505.481415 1003.448059
0 1478223195 1410.544312 327.440704
0 1478244223 1413.864624 296.662140
0 1438987623 1088.167480 437.091431
0 1478193157 1384.246582 288.238708
0 1478198164 1491.695190 303.378662
0 1524862339 613.970459 928.138123
0 1478236212 1302.476685 311.173981
0 1478240217 1331.732300 320.172363
0 1478214183 1468.888306 275.351318
0 1578521678 1139.094360 543.250732
0 1524844314 537.421021 781.539795
0 1524848320 748.000916 890.219482
0 1524806265 597.662048 834.690857
0 1524787243 466.853760 869.354675
0 1478241219 1338.277588 290.139191
0 1524799256 644.616699 804.545288
0 1478190154 1292.339966 292.038391
0 1478226198 1361.258179 289.189117
0 1478208176 1388.438477 260.667145
0 1478214184 1368.195435 339.997650
0 2084722944 1090.713623 450.874908
0 1578522679 1071.877563 512.203430
0 1524825289 369.766571 1008.369141
0 1774531078 1108.005249 544.479248
0 1525674169 1041.945557 513.393799
0 1478197162 1447.885254 249.540405
0 1524815276 651.392578 777.218872
0 1768901071 979.117249 455.363464
0 1578526684 1067.178223 481.046326
0 1478182144 1476.279053 284.433807
0 1524853326 509.365295 756.785889
0 1478218189 1313.210083 331.435638
0 1578513667 1124.981567 478.734009
0 1438983618 1150.178711 462.853210
0 1478224196 1349.731445 309.227203
0 1478247227 1484.099609 265.585510
0 1524792248 777.740967 993.575928
0 1524795252 414.974182 1006.729858
0 1524808267 664.119019 893.326477
0 1478191155 1310.129272 281.925964
0 1524856330 413.103394 902.624207
0 1478236211 1467.060791 335.947845
0 1478258242 1469.694092 248.632904
0 1478212181 1320.626343 300.510162
0 1478185147 1379.691406 318.200226
0 1568502645 1196.438843 523.805664
0 1568508652 1121.757080 463.993286
0 1438984619 1198.086060 432.659027
0 1659977623 1112.053223 486.882294
0 1478209177 1507.232422 292.808746
0 1438982617 1098.897095 495.174042
0 1524805264 743.037109 923.389282
0 1771287074 1232.447632 539.561584
0 2087111947 1034.892212 453.120117
0 1524817279 583.572510 753.958252
0 1524795251 518.032654 837.676819
0 1478230204 1390.542969 297.624664
0 1478230203 1454.699219 257.914215
0 1524847318 605.280579 963.183289
0 1578516671 1251.750610 505.049957
0 1568513659 1069.486084 496.347198
0 1578529687 1201.315552 540.791870
0 1524819282 566.820312 807.479004
0 1478253235 1343.923706 299.548676
0 1524836304 580.342285 896.429565
0 1478243221 1461.697754 266.514740
0 1568501644 1225.593872 431.549774
0 1438998637 1174.662842 559.679749
0 1524816278 793.655457 857.173279
0 1705773174 982.121521 515.772949
0 1524845316 384.986450 971.231567
0 1524842312 399.411865 936.032593
0 1568507651 1016.304138 565.916748
0 1438999638 1033.275513 439.304932
0 1478252233 1392.898071 338.985748
0 1438993630 979.829529 469.686584
0 1478237214 1322.243042 263.417358
0 1524857332 679.744385 1035.881348
0 1478248228 1397.019287 307.279053
0 1478225197 1282.751343 273.937561
0 1524859335 496.670563 899.528809
0 1524832298 548.404541 866.314880
0 1478200166 1273.667603 256.789795
0 1478250231 1459.264282 325.441101
0 1478245225 1344.300903 262.500916
0 1438995633 982.941956 532.270020
0 1524804263 656.965027 926.556152
0 1524839308 538.493347 897.979675
0 1524849321 761.481201 800.138367
0 1568512658 1013.399963 531.062500
0 1568514661 1135.370361 526.226807
0 1478231205 1508.019653 323.440033
0 1773608077 1038.295288 482.201721
0 1438977615 1216.670288 490.476257
0 1524834301 693.602112 959.956543
0 1607644171 1202.496094 446.378906
0 1524800258 442.268433 934.455750
0 1568504647 1005.846436 440.410980
0 1568500642 1128.320923 494.000366
0 1478256239 1420.675781 306.304474
0 1524815277 789.981262 888.664490
0 1568503646 1257.562988 521.382385
0 1478220191 1366.366089 261.584167
0 1478207174 1460.532349 294.736115
0 1524841311 633.066895 1037.560303
0 1478213182 1349.800415 271.156342
0 1524813274 706.046814 891.773438
0 1568516663 1060.715942 438.198425
0 1578517672 1004.731628 427.032471
0 1578527685 1230.470825 445.253723
0 1478240218 1427.684692 316.226685
0 1478215185 1305.093628 273.010803
0 1524838307 786.114746 921.804260
0 1478197163 1444.340576 305.329559
0 1478221192 1434.899902 326.441101
0 1524819281 454.873901 901.077026
0 2086284946 1101.822998 511.012512
0 1524824288 695.038147 749.710754
0 1524802260 773.197144 1032.519897
0 1478226199 1407.242920 287.287964
0 1578518673 1112.717163 422.667206
0 1438981616 981.330322 499.863586
0 1478238215 1287.479858 282.863953
0 1609135173 1170.197632 542.021545
0 1524837305 732.287292 995.224060
0 1524793249 711.805176 860.224121
0 1568515662 1206.379395 558.430603
0 1568516664 1079.602783 563.423706
0 1438991628 1111.274414 562.176331
0 1478249230 1297.336914 301.471344
0 1438996634 1040.087891 497.519836
0 1578519675 1166.775269 420.481903
0 1524829295 550.781006 1001.805542
0 1524864341 699.987183 924.973206
0 1478255238 1317.179688 254.979187
0 1438993631 1238.110962 557.180847
0 1524788244 752.717773 858.699158
0 1772785076 1031.711792 425.941803
0 1524828293 605.707153 806.012634
0 1478203171 1360.719971 253.167435
0 1524798255 478.253632 839.168396
0 1478199165 1378.122925 279.110168
0 1578528686 1131.781616 509.821075
0 1478192156 1394.536987 269.300629
0 1478228201 1475.712158 314.251709
0 1772037075 1045.870483 546.934692
0 1578515670 1191.739380 507.436584
0 1524851323 622.217529 894.878540
0 1478218188 1404.288330 251.354523
0 1478202169 1403.683716 317.213654
0 1478254236 1426.083252 250.447617
0 1478246226 1295.420044 255.884659
0 1524809269 561.163635 964.795105
0 1524822285 489.114471 810.409302
0 1524841310 803.657532 771.446106
0 1478235210 1476.800659 256.995972
0 1578515669 1220.876831 418.294861
0 1524854328 571.003601 929.719055
0 0 627.251282 396.674957
0 1 1175.282227 777.239563
0 2 840.532593 350.021820
0 3 780.882141 235.261551
0 4 792.936218 559.672668
0 5 858.543335 856.026672
0 6 871.545532 215.468704
0 7 818.702881 463.209045
0 8 853.198608 698.691528
0 9 1350.611450 204.592239
0 10 902.111389 779.669067
0 11 1506.873291 392.182678
0 12 1126.015381 213.079437
0 13 1818.515747 843.080139
0 14 1390.902100 227.501312
0 15 825.850647 764.725647
0 16 759.850525 827.572083
0 17 1255.423462 209.080643
0 18 943.268738 893.778320
0 19 895.285400 329.503815
0 20 1406.890015 251.589493
0 21 1474.667358 316.745850
0 22 1438.222290 278.586975
0 23 560.602112 511.475281
0 24 1558.735596 847.803284
0 25 956.207397 331.971069
0 26 1033.471924 333.850372
0 27 1450.104980 365.106598
0 28 969.576538 817.564880
0 29 1604.685913 334.231049
0 30 1492.309326 714.219360
0 31 1802.688599 744.202271
0 32 1084.236572 312.493805
0 33 1377.036377 302.976868
0 34 760.931641 425.105743
0 35 614.317322 865.201660
0 36 1527.900024 305.552887
0 37 945.070251 360.441071
0 38 1112.402100 846.375366
0 39 972.981018 303.179840
