0 1578512666 1010.015808 357.854858
0 1707269176 1172.671997 280.707001
0 1438989626 1095.606812 449.368011
0 1438992629 1099.995483 390.435608
0 1568509654 1124.502930 377.995178
0 1578523681 1284.591431 322.067902
0 1578518674 1150.828369 291.067413
0 1438985621 1239.474487 319.633759
0 1438994632 1014.137756 332.171906
0 1578520676 1097.858032 419.137634
0 1568511657 1038.213745 320.996307
0 1775370079 984.782166 369.823181
0 1568510655 989.557007 343.581787
0 1578521677 1064.560791 286.557037
0 1769859072 1082.597656 323.429260
0 1578525683 1052.684082 387.622284
0 1770636073 1087.121826 276.302979
0 1568511656 1308.761719 335.826599
0 1438985620 1194.935547 342.242462
0 1707993177 1091.253662 233.263428
0 2088218948 1172.206421 328.341248
0 1606348170 1216.616943 306.314362
0 1438990627 1061.800293 310.047882
0 1709860179 906.711975 313.787933
0 1438988624 1150.083862 314.810944
0 1578514668 1109.243408 266.248718
0 1438997636 1148.484375 365.821777
0 1568514660 1172.889160 258.482574
0 2085418945 1002.590576 271.951447
0 1568501643 1129.768433 278.498383
0 1438989625 1067.197754 264.117340
0 1568505649 1172.444702 303.968445
0 1568506650 1089.233521 254.306351
0 1568505648 1044.729980 274.120728
0 1568497640 1215.834839 282.928955
0 1578511665 1194.087646 270.549591
0 1578529688 979.330811 282.100830
0 1708834178 1128.543945 301.636963
0 1568499641 1031.049927 372.529297
0 1578525682 1018.067078 307.688385
0 1438996635 1151.539307 268.392731
0 1438999639 1146.718628 422.142273
0 1578523680 969.650208 329.693939
0 1578530689 1147.623901 393.267792
0 1568508653 1219.199463 383.533783
0 1608354172 1047.772217 252.236526
0 1706512175 1072.125488 432.514221
0 1438986622 925.442017 327.231506
0 1438987623 1021.817200 284.322205
0 1578521678 1195.246216 368.512238
0 2084722944 1041.547119 297.016724
0 1578522679 1102.027466 363.148804
0 1774531078 1171.694336 380.755280
0 1525674169 1077.622559 375.253235
0 1768901071 944.682739 341.041656
0 1578526684 1058.907227 334.665588
0 1578513667 1105.805054 312.421997
0 1438983618 1107.563721 288.805389
0 1568502645 1217.436523 330.820557
0 1568508652 1084.912231 299.319763
0 1438984619 1110.849487 244.682205
0 1659977623 1104.894287 324.651459
0 1438982617 1103.961670 337.175140
0 1771287074 1262.954102 333.315613
0 2087111947 994.106506 318.578522
0 1578516671 1238.152588 295.633087
0 1568513659 1080.170654 348.711182
0 1578529687 1240.860596 344.800476
0 1568501644 1132.057739 235.239685
0 1438998637 1242.315796 371.220428
0 1705773174 1027.194458 400.264709
0 1568507651 1121.454468 435.599640
0 1438999638 974.603149 305.343414
0 1438993630 964.455444 355.233521
0 1438995633 1049.331299 416.153564
0 1568512658 1074.944336 403.151978
0 1568514661 1171.956543 353.906921
0 2079485312 1104.897827 324.598297
0 1773608077 1034.718750 346.138275
0 1438977615 1194.357178 293.343292
0 1607644171 1130.938477 256.388336
0 1568504647 950.273376 316.175781
0 1568500642 1127.260986 325.877502
0 1568503646 1261.063354 308.674835
0 1568516663 998.446289 294.727692
0 1578517672 931.405762 303.012817
0 1578527685 1152.218994 246.716309
0 2086284946 1125.915649 351.300659
0 1578518673 1025.400024 261.998566
0 1438981616 1005.686890 384.827576
0 1609135173 1218.296387 356.530090
0 1568515662 1264.937866 359.170319
0 1568516664 1171.418335 408.985413
0 1438991628 1195.572754 396.119080
0 1438996634 1055.872192 360.493225
0 1578519675 1069.719360 242.659897
0 1438993631 1287.081543 347.375000
0 1772785076 955.607117 292.452606
0 1578528686 1149.303467 339.700714
0 1772037075 1123.017822 406.058807
0 1578515670 1194.639526 317.214813
0 1578515669 1112.386597 224.042114
0 0 1143.187012 541.657227
0 1 1071.237183 478.739777
0 2 1311.485840 494.098907
0 3 845.587891 239.031219
0 4 1032.326416 142.654541
0 5 1052.209351 92.540825
0 6 1186.781128 99.147552
0 7 1112.194458 94.723068
0 8 1092.835083 68.515144
0 9 1277.536621 228.131866
