0 1578512666 1000.912048 439.936432
0 1524823287 1365.101196 764.127014
0 1478234209 1084.136475 271.300323
0 1707269176 1101.260742 388.955780
0 1438989626 1080.361938 481.340637
0 1524801259 1176.259155 659.206665
0 1438992629 1071.714966 450.886902
0 1478227200 1005.058044 259.475983
0 1524854327 1228.298828 619.663513
0 1478249229 955.258972 254.368515
0 1524807266 1003.946106 723.007141
0 1524863340 1277.493652 802.786621
0 1524831297 1056.970093 749.850220
0 1478229202 993.770020 263.768158
0 1568509654 1086.508789 442.848755
0 1524790246 1245.420166 787.483582
0 1578523681 1187.623047 403.644806
0 1478207175 990.377075 249.163132
0 1524861337 1414.394775 714.846375
0 1478210178 1050.998535 250.005981
0 1524862338 1046.620239 692.631653
0 1478186149 1029.351685 258.365295
0 1524797254 1113.322876 778.378540
0 1578518674 1087.815186 395.786591
0 1438985621 1155.798584 405.200806
0 1524857331 1350.000977 733.456482
0 1478203170 1037.860840 247.002991
0 1438994632 998.426025 426.192474
0 1578520676 1075.942017 465.774292
0 1478237213 1029.833496 303.386047
0 1568511657 1013.410522 418.740204
0 1775370079 985.297302 447.869324
0 1478195160 1119.714233 265.712891
0 1568510655 983.114319 433.807465
0 1478257240 1027.365356 294.693573
0 1578521677 1025.148193 398.833984
0 1524794250 1352.224243 689.609558
0 1524812272 1220.882080 656.788208
0 1769859072 1045.755615 417.154297
0 1578525683 1037.634888 452.582611
0 1770636073 1039.253662 391.963104
0 1524846317 1225.467407 805.768005
0 1524833300 1203.180176 670.711609
0 1568511656 1206.832764 409.256744
0 1438985620 1128.978271 419.773346
0 1478185148 1105.552002 262.475739
0 1707993177 1033.248535 368.697113
0 1478189152 1015.418457 299.616425
0 1524791247 1264.706665 769.809692
0 1524830296 1214.351318 772.659973
0 2088218948 1110.315918 413.988953
0 1524827292 1332.766113 749.936096
0 1606348170 1137.263428 399.679840
0 1524855329 1105.956421 650.396057
0 1478183145 1017.703735 308.470154
0 1438990627 1028.078003 411.445496
0 1524840309 1366.688354 717.500366
0 1478222194 1011.071655 282.774994
0 1709860179 916.113953 423.510620
0 1478188151 958.783325 277.071625
0 1438988624 1092.022949 408.319000
0 1478243222 920.739563 274.857422
0 1524843313 1291.164795 838.043945
0 1524844315 1084.711060 763.893982
0 1524858333 1329.407104 799.811646
0 1524811271 1086.764160 664.057190
0 1524859334 1347.556519 781.667053
0 1478216186 1039.107910 289.854919
0 1524851324 1368.134033 675.029907
0 1524814275 1168.062866 634.794861
0 1578514668 1053.072754 385.231750
0 1478184146 1013.209106 291.056152
0 1524829294 1233.851440 755.501953
0 1478176143 960.034790 285.133331
0 1524860336 1142.707031 624.237000
0 1478222193 969.249329 264.891144
0 1438997636 1100.977051 434.987579
0 1478194158 987.282349 292.258698
0 1478201168 1003.176270 252.185074
0 1478187150 1080.951538 263.604370
0 1478205172 1016.166321 255.252121
0 1524838306 1099.234375 717.735046
0 1568514660 1096.997314 377.169617
0 1524865342 1177.428833 599.521973
0 2085418945 977.086609 394.978241
0 1524808268 1194.111572 645.641296
0 1478200167 1031.675293 265.865021
0 1478194159 992.047363 256.352997
0 1568501643 1070.277100 390.458466
0 1478239216 989.055847 300.843903
0 1524820283 1238.068115 643.270386
0 1438989625 1022.333557 386.718781
0 1568505649 1105.696655 401.218994
0 1478255237 1109.129028 270.149658
0 1524804262 1160.310913 611.706604
0 1568506650 1036.192627 380.103546
0 1478217187 1076.296997 283.911041
0 1568505648 1008.190186 393.469727
0 1568497640 1132.204468 387.454987
0 1578511665 1114.433716 382.263458
0 1478258241 1056.326050 264.734100
0 1524796253 1146.737549 715.106812
0 1478206173 979.229492 253.276245
0 1524826291 1112.475220 675.652161
0 1578529688 962.317871 401.889374
0 1478233207 1077.865723 256.147247
0 1708834178 1074.088501 402.760193
0 1478189153 970.637268 272.564209
0 1568499641 1019.081604 446.193451
0 1478245224 1091.604248 259.287567
0 1524852325 1092.814941 690.102600
0 1478219190 908.459167 279.388550
0 1578525682 996.041931 413.011871
0 1478232206 945.701355 273.710236
0 1524818280 1230.869141 682.544739
0 1524850322 1051.637329 720.368469
0 1438996635 1083.772827 383.746643
0 1524832299 1212.791870 697.282898
0 1478242220 1053.620850 257.255676
0 1524789245 1271.001221 858.202332
0 1438999639 1110.729004 464.032562
0 1478196161 1059.117920 272.452179
0 1478252234 1064.979004 288.654968
0 1524803261 1318.886841 720.159607
0 1478211179 932.029968 262.814819
0 1578523680 965.677185 427.802704
0 1578530689 1105.746704 449.193604
0 1568508653 1153.747681 439.513397
0 1524826290 1030.060791 736.227478
0 1524847319 1155.044678 744.363403
0 1524810270 1254.760620 630.140808
0 1524835302 1184.939087 685.059204
0 1524821284 1310.621338 818.592590
0 1524799257 1194.146973 712.483765
0 1478233208 997.382568 279.318115
0 1608354172 1005.732666 381.573273
0 1524835303 1185.541016 621.948181
0 1478251232 1098.367432 274.660339
0 1524812273 1150.074463 648.016479
0 1706512175 1060.519165 474.354218
0 1438986622 932.883789 429.415100
0 1478211180 1018.265869 262.646301
0 1524823286 1296.542725 784.572205
0 1478223195 1050.651367 285.098297
0 1478244223 1020.432129 270.275757
0 1438987623 993.753418 400.360657
0 1478193157 995.547546 271.419373
0 1478198164 1067.182861 260.405975
0 1524862339 1270.989624 722.824219
0 1478236212 975.079651 297.123383
0 1478240217 1001.236633 295.907837
0 1478214183 1027.099243 251.094986
0 1578521678 1134.239868 433.342529
0 1524844314 1072.545166 705.001038
0 1524848320 1293.543945 665.789612
0 1524806265 1166.133789 699.850647
0 1524787243 1134.527466 761.090881
0 1478241219 972.070190 280.485626
0 1524799256 1157.870483 673.179504
0 1478190154 947.794922 289.860016
0 1478226198 983.906128 275.914948
0 1478208176 967.904297 257.454956
0 1478214184 1041.752319 298.390259
0 2084722944 1010.747314 405.848694
0 1578522679 1067.668213 436.634918
0 1524825289 1237.353027 841.168152
0 1774531078 1120.151733 441.179932
0 1525674169 1052.818848 444.519958
0 1478197162 988.756714 242.188446
0 1524815276 1131.553223 661.629639
0 1768901071 949.997131 435.440521
0 1578526684 1031.130371 424.584442
0 1478182144 1040.261230 254.152374
0 1524853326 1025.614136 707.583740
0 1478218189 1003.261963 304.625671
0 1578513667 1060.071777 409.881226
0 1438983618 1056.502075 397.309296
0 1478224196 999.277954 287.476593
0 1478247227 1024.914551 244.043762
0 1524792248 1398.521973 687.061707
0 1524795252 1257.775757 821.640503
0 1524808267 1259.359497 694.720215
0 1478191155 946.731140 281.654388
0 1524856330 1142.847168 793.325073
0 1478236211 1087.424927 279.246826
0 1478258242 999.580322 238.252899
0 1478212181 973.550171 288.667664
0 1478185147 1024.978271 286.286835
0 1568502645 1142.531372 412.409424
0 1568508652 1042.438721 404.303467
0 1438984619 1049.775635 373.620026
0 1659977623 1061.911865 416.362183
0 1478209177 1064.332031 253.053726
0 1438982617 1063.790527 422.978546
0 1524805264 1322.466431 677.530090
0 1771287074 1174.703613 410.832031
0 2087111947 981.021851 420.328217
0 1524817279 1066.994263 678.129456
0 1524795251 1126.722168 730.850037
0 1478230204 1009.002808 274.759491
0 1478230203 1001.351196 245.113983
0 1524847318 1301.410156 736.174927
0 1578516671 1150.319458 392.747040
0 1568513659 1049.212646 430.548096
0 1578529687 1161.506104 418.173981
0 1524819282 1119.385010 702.423340
0 1478253235 985.566650 283.953522
0 1524836304 1222.996704 725.494141
0 1478243221 1014.130554 248.082535
0 1568501644 1063.091064 367.264313
0 1438998637 1167.456787 431.699738
0 1524816278 1281.944336 640.903931
0 1705773174 1022.105042 460.828979
0 1524845316 1204.813354 824.695129
0 1524842312 1173.328247 808.755920
0 1568507651 1095.722168 472.585938
0 1438999638 963.963074 414.580292
0 1478252233 1053.465698 293.480682
0 1438993630 967.464539 441.590607
0 1478237214 932.819458 270.400269
0 1524857332 1398.493286 730.743530
0 1478248228 1022.668518 278.151855
0 1478225197 921.365540 282.824341
0 1524859335 1184.240723 758.293518
0 1524832298 1174.907593 728.169434
0 1478200166 895.751953 276.005798
0 1478250231 1073.160889 275.822968
0 1478245225 944.703796 266.015289
0 1438995633 1041.104858 467.518616
0 1524804263 1288.686279 707.253174
0 1524839308 1203.932373 741.628418
0 1524849321 1211.450806 632.465698
0 1568512658 1056.584106 459.108093
0 1568514661 1115.130127 427.297607
0 1478231205 1094.932007 266.851868
0 1773608077 1016.186157 432.176666
0 1438977615 1119.087646 394.265839
0 1524834301 1335.816284 704.645569
0 1607644171 1066.614136 378.635651
0 1524800258 1194.188477 790.401245
0 1568504647 948.589722 421.918335
0 1568500642 1078.057495 415.570557
0 1478256239 1034.073364 273.605255
0 1524815277 1309.879639 651.964661
0 1568503646 1168.788818 398.142639
0 1478220191 956.397217 261.700745
0 1478207174 1042.736816 261.525574
0 1524841311 1382.070801 747.161743
0 1478213182 957.571411 269.264709
0 1524813274 1276.711548 680.034973
0 1568516663 979.014343 407.395996
0 1578517672 931.841553 416.150818
0 1578527685 1079.886108 372.170776
0 1478240218 1047.927979 276.986786
0 1478215185 933.634338 278.229492
0 1524838307 1338.598511 663.335632
0 1478197163 1045.291138 269.133240
0 1478221192 1062.000732 280.421631
0 1524819281 1163.890259 775.516296
0 2086284946 1082.193970 428.921753
0 1524824288 1124.596191 637.128174
0 1524802260 1429.799438 699.445740
0 1478226199 1006.999268 266.997070
0 1578518673 991.555237 388.207642
0 1438981616 1003.506653 454.280701
0 1478238215 934.475830 286.314362
0 1609135173 1148.021240 425.675751
0 1524837305 1382.854004 702.043091
0 1524793249 1248.404663 668.248291
0 1568515662 1180.867554 424.056030
0 1568516664 1125.394531 455.673676
0 1438991628 1139.730469 447.502716
0 1478249230 961.327759 293.462524
0 1438996634 1034.313232 438.284546
0 1578519675 1019.627625 375.071045
0 1524829295 1314.956421 766.965332
0 1524864341 1305.836792 692.162415
0 1478255238 920.133179 267.140594
0 1438993631 1193.989868 416.576782
0 1524788244 1265.422119 654.374207
0 1772785076 947.239502 408.945312
0 1524828293 1138.921143 687.578491
0 1478203171 943.737061 258.558014
0 1524798255 1106.057373 747.104004
0 1478199165 982.298035 268.130310
0 1578528686 1096.406494 421.374847
0 1478192156 980.739868 260.587799
0 1478228201 1070.124268 267.991974
0 1772037075 1091.013916 457.389648
0 1578515670 1123.931885 406.758850
0 1524851323 1241.463135 709.865906
0 1478218188 966.600159 250.244797
0 1478202169 1036.549683 281.597687
0 1478254236 977.764648 246.185257
0 1478246226 908.042175 271.536987
0 1524809269 1283.359741 752.716187
0 1524822285 1078.439941 733.536072
0 1524841310 1202.530518 609.460815
0 1478235210 1012.155762 241.127380
0 1578515669 1046.603394 362.447662
0 1524854328 1252.720825 738.898926
0 0 488.918945 441.074554
0 1 1315.407104 268.633453
0 2 898.458191 450.798157
0 3 720.839111 279.259338
0 4 1196.740601 548.278809
0 5 636.237671 485.806519
0 6 773.614807 264.081787
0 7 1475.416992 388.803864
0 8 1515.133789 344.935059
0 9 1465.339722 518.496948
0 10 1438.722290 408.275787
0 11 812.298401 582.064209
0 12 1311.459229 309.688110
0 13 593.363953 452.394867
0 14 1225.405518 286.206940
0 15 1470.004761 436.696686
0 16 487.675507 369.451172
0 17 1456.213867 341.130951
0 18 519.979431 407.533569
0 19 763.195251 418.162567
0 20 1498.769287 477.680634
0 21 810.345154 352.454803
0 22 1553.204468 431.096893
0 23 1100.353027 258.041260
0 24 760.852905 554.104126
0 25 838.496826 367.586670
0 26 1080.989258 271.587769
0 27 1240.874023 695.843689
0 28 1623.800049 378.201141
0 29 1002.783386 282.036652
0 30 1100.259766 527.904724
0 31 564.373657 431.641083
0 32 1283.945312 578.683228
0 33 1166.600586 250.076599
0 34 1414.287231 460.925873
0 35 926.107971 627.937378
0 36 744.865601 396.915466
0 37 1027.907837 544.313660
0 38 1565.887573 358.032104
0 39 1337.491211 548.089172
