0 1578512666 914.255493 508.484985
0 1524823287 1039.344238 305.177826
0 1478234209 255.178497 725.562073
0 1707269176 722.259644 517.087769
0 1438989626 919.769409 450.092743
0 1524801259 1053.003906 354.674957
0 1438992629 876.836182 473.908234
0 1478227200 246.171768 844.666443
0 1524854327 991.270203 356.199738
0 1478249229 258.617340 929.498657
0 1524807266 1186.836426 367.111206
0 1524863340 1100.076660 310.607910
0 1524831297 1173.432739 351.700348
0 1478229202 289.993439 841.055664
0 1568509654 851.084717 474.937866
0 1524790246 1105.342896 317.191498
0 1578523681 692.409180 469.710724
0 1478207175 176.500290 906.748047
0 1524861337 982.898926 306.189545
0 1478210178 125.958092 828.243225
0 1524862338 1146.149170 368.205048
0 1478186149 213.605026 821.300537
0 1524797254 1160.705811 337.067474
0 1578518674 750.288879 515.831848
0 1438985621 719.634644 480.193756
0 1524857331 1024.911865 312.022308
0 1478203170 111.816360 855.736755
0 1438994632 891.189209 522.438538
0 1578520676 898.715088 461.771790
0 1478237213 487.808411 689.705627
0 1568511657 863.703308 523.717468
0 1775370079 940.901672 507.291077
0 1478195160 187.115387 709.344849
0 1568510655 918.475159 521.168945
0 1478257240 446.580841 712.574951
0 1578521677 810.593140 539.720642
0 1524794250 990.687439 319.454193
0 1524812272 1027.807373 347.582367
0 1769859072 833.161133 512.118591
0 1578525683 906.230774 484.363403
0 1770636073 782.001709 541.101990
0 1524846317 1124.107666 316.821198
0 1524833300 1048.017700 347.104340
0 1568511656 692.037903 458.524963
0 1438985620 772.760681 478.069580
0 1478185148 176.010773 730.933777
0 1707993177 726.216858 572.705872
0 1478189152 483.785980 710.050537
0 1524791247 1086.480957 317.563751
0 1524830296 1110.739502 323.938049
0 2088218948 774.485718 489.835754
0 1524827292 1043.847900 311.665985
0 1606348170 720.480225 492.078979
0 1524855329 1084.249512 369.869202
0 1478183145 523.852722 687.351501
0 1438990627 836.015259 525.005737
0 1524840309 1005.877869 312.380493
0 1478222194 396.831146 759.313232
0 1709860179 960.560181 560.500305
0 1478188151 418.674652 830.452759
0 1438988624 776.269165 502.000702
0 1478243222 449.717773 882.362549
0 1524843313 1113.280273 303.852631
0 1524844315 1166.987915 344.290375
0 1524858333 1076.499023 304.511902
0 1524811271 1104.999878 369.311340
0 1524859334 1057.968628 304.844025
0 1478216186 409.024017 715.123291
0 1524851324 971.226562 319.838196
0 1524814275 1037.400635 362.981628
0 1578514668 753.193848 542.493896
0 1478184146 441.508179 734.002258
0 1524829294 1091.657593 324.332611
0 1478176143 465.739136 801.328613
0 1524860336 1042.392334 370.994507
0 1478222193 324.615356 865.177307
0 1438997636 825.156189 475.974609
0 1478194158 475.181244 753.572083
0 1478201168 189.522232 876.760132
0 1478187150 205.148758 750.666443
0 1478205172 201.873672 848.316345
0 1524838306 1133.731323 352.680969
0 1568514660 694.463501 531.592041
0 1524865342 1000.052979 372.132782
0 2085418945 845.206970 566.508362
0 1524808268 1032.540649 355.180359
0 1478200167 266.783997 792.406738
0 1478194159 235.053146 872.856323
0 1568501643 751.715759 528.928101
0 1478239216 517.291260 728.659302
0 1524820283 1007.485535 348.063019
0 1438989625 784.051514 555.083557
0 1568505649 748.910583 503.181091
0 1478255237 225.947083 706.808655
0 1524804262 1021.283325 371.562012
0 1568506650 754.725769 556.554688
0 1478217187 340.267822 699.342041
0 1568505648 813.152832 553.623718
0 1568497640 693.599548 505.567413
0 1578511665 694.023987 518.352905
0 1478258241 235.385391 771.143066
0 1524796253 1107.988525 345.685852
0 1478206173 223.334305 902.567932
0 1524826291 1099.219727 361.388153
0 1578529688 874.379639 564.988953
0 1478233207 152.192993 777.239014
0 1708834178 778.114136 514.585144
0 1478189153 376.237427 833.949463
0 1568499641 910.176392 496.223389
0 1478245224 164.382599 753.540527
0 1524852325 1119.595703 360.862946
0 1478219190 493.497284 878.455078
0 1578525682 867.136414 536.988831
0 1478232206 412.232452 857.665100
0 1524818280 1043.159424 339.727936
0 1524850322 1160.008301 359.821228
0 1438996635 723.196472 530.255127
0 1524832299 1063.015015 339.278564
0 1478242220 182.302856 798.842041
0 1524789245 1131.532593 303.525513
0 1438999639 870.334045 451.923187
0 1478196161 285.481110 745.002686
0 1478252234 377.666840 696.899353
0 1524803261 1029.304565 318.692108
0 1478211179 352.275482 920.793030
0 1578523680 922.842712 534.297424
0 1578530689 848.181885 463.716400
0 1568508653 794.942444 454.714722
0 1524826290 1180.046631 359.304688
0 1524847319 1121.943604 337.944794
0 1524810270 987.051331 348.546356
0 1524835302 1068.117432 346.628937
0 1524821284 1094.936035 304.181427
0 1524799257 1082.763794 338.831543
0 1478233208 390.295929 782.998291
0 1608354172 786.177185 569.582886
0 1524835303 1016.560730 363.518829
0 1478251232 264.412903 704.296326
0 1524812273 1058.123047 362.447510
0 1706512175 923.728699 460.809235
0 1438986622 955.383606 546.488770
0 1478211180 256.735260 817.884155
0 1524823286 1081.429443 310.958801
0 1478223195 371.110535 717.695862
0 1478244223 308.376068 789.238464
0 1438987623 842.032532 552.174988
0 1478193157 341.645477 811.158264
0 1478198164 194.000153 774.175598
0 1524862339 1053.192383 325.127899
0 1478236212 513.783386 750.743530
0 1478240217 479.581116 731.317932
0 1478214183 157.091187 852.006287
0 1578521678 796.962646 465.687378
0 1524844314 1139.858276 360.340607
0 1524848320 998.872620 333.394348
0 1524806265 1088.107300 346.156097
0 1524787243 1141.376465 337.504944
0 1478241219 424.801788 804.571289
0 1524799256 1073.353516 354.172302
0 1478190154 506.258057 798.119080
0 1478226198 383.439484 807.847717
0 1478208176 269.637390 898.435242
0 1478214184 451.432434 692.081482
0 2084722944 838.970581 538.349609
0 1578522679 854.083313 486.529480
0 1524825289 1137.086914 309.911469
0 1774531078 822.658875 464.698547
0 1525674169 880.247559 485.442688
0 1478197162 113.966568 942.943970
0 1524815276 1078.729004 361.916321
0 1768901071 950.387756 532.966614
0 1578526684 860.387329 510.898651
0 1478182144 170.015060 824.753418
0 1524853326 1166.550049 367.656616
0 1478218189 520.644409 707.549622
0 1578513667 805.737488 513.347412
0 1438983618 780.023804 527.611023
0 1478224196 436.199036 756.428528
0 1478247227 96.918671 884.699951
0 1524792248 967.513489 313.102448
0 1524795252 1118.628906 310.258820
0 1524808267 1038.424194 332.538422
0 1478191155 460.665009 826.992920
0 1524856330 1154.580200 330.024628
0 1478236211 302.518127 701.807556
0 1478258242 64.599663 947.532715
0 1478212181 470.572296 776.883240
0 1478185147 403.067139 736.712463
0 1568502645 746.289917 479.128021
0 1568508652 808.122864 526.303589
0 1438984619 725.173157 558.037170
0 1659977623 818.197205 506.435852
0 1478209177 139.400101 802.110107
0 1438982617 830.403015 499.665161
0 1524805264 994.728577 326.336639
0 1771287074 718.816467 468.694550
0 2087111947 895.093018 535.638123
0 1524817279 1125.632690 368.756653
0 1524795251 1127.761719 345.218201
0 1478230204 349.544556 786.102478
0 1478230203 129.126297 910.976379
0 1524847318 1048.462646 318.313995
0 1578516671 693.189392 493.212585
0 1568513659 857.182434 498.509796
0 1578529687 745.043213 467.685303
0 1524819282 1113.716309 353.175354
0 1478253235 430.636444 779.925293
0 1524836304 1077.554810 331.691559
0 1478243221 143.480362 880.707703
0 1568501644 695.390991 559.531189
0 1438998637 769.474976 455.657745
0 1524816278 982.941650 341.090881
0 1705773174 932.034912 483.291565
0 1524845316 1142.776245 316.452789
0 1524842312 1148.605591 323.155182
0 1568507651 895.133240 451.004974
0 1438999638 899.136658 549.310425
0 1478252233 414.720093 694.479248
0 1438993630 945.563354 519.908569
0 1478237214 405.450287 886.313538
0 1524857332 1001.809937 305.850586
0 1478248228 357.071747 762.226501
0 1478225197 497.967224 850.314270
0 1524859335 1116.271362 330.853668
0 1524832298 1102.406372 338.386993
0 1478200166 488.787689 908.104126
0 1478250231 294.193024 722.914856
0 1478245225 360.686707 890.308899
0 1438995633 927.815125 471.869873
0 1524804263 1033.807373 325.528687
0 1524839308 1096.964478 331.271484
0 1524849321 1011.963013 355.688629
0 1568512658 902.412415 472.885590
0 1568514661 799.048889 477.018463
0 1478231205 215.786255 728.234924
0 1773608077 887.418030 509.687531
0 1438977615 721.354736 504.369965
0 1524834301 1010.046509 319.072144
0 1607644171 724.166992 543.896240
0 1524800258 1129.721924 323.545593
0 1568504647 927.366089 547.894348
0 1568500642 803.432617 500.828766
0 1478256239 316.915009 765.169006
0 1524815277 978.936890 333.825775
0 1568503646 692.792847 481.267029
0 1478220191 315.418579 894.349182
0 1478207174 224.761871 795.607727
0 1524841311 1020.624878 305.513367
0 1478213182 368.663086 861.400696
0 1524813274 1018.701416 332.965210
0 1568516663 870.692932 550.737305
0 1578517672 932.053711 561.984985
0 1578527685 694.918823 545.309387
0 1478240218 325.059113 742.212341
0 1478215185 455.331360 853.969849
0 1524838307 975.033203 326.743835
0 1478197163 276.354919 768.141052
0 1478221192 332.835297 720.292847
0 1524819281 1135.476318 330.438049
0 2086284946 827.736206 487.623871
0 1524824288 1063.380615 370.430237
0 1524802260 963.890747 306.530243
0 1478226199 299.413025 814.503601
0 1578518673 815.807007 568.039673
0 1438981616 936.394775 495.092224
0 1478238215 502.215515 823.569336
0 1609135173 771.091370 466.682922
0 1524837305 986.745422 312.740540
0 1524793249 1023.195862 340.179779
0 1568515662 743.836182 456.607056
0 1568516664 845.370300 452.847534
0 1438991628 820.240295 453.778046
0 1478249230 510.109619 773.871521
0 1438996634 883.772888 497.362579
0 1578519675 756.314697 571.138245
0 1524829295 1062.686890 311.311523
0 1524864341 1014.319702 325.931580
0 1478255238 398.300446 916.515015
0 1438993631 718.024475 457.562775
0 1524788244 1003.123657 340.634094
0 1772785076 903.327698 563.481201
0 1524828293 1093.590820 353.672424
0 1478203171 305.717529 925.120667
0 1524798255 1147.427856 344.753052
0 1478199165 333.346100 837.483521
0 1578528686 801.204346 488.725922
0 1478192156 280.081421 868.995605
0 1478228201 245.512939 747.820618
0 1772037075 873.533386 462.740814
0 1578515670 747.578369 490.953430
0 1524851323 1058.041748 332.113831
0 1478218188 210.965286 933.927917
0 1478202169 364.252563 739.449036
0 1478254236 162.751694 938.409424
0 1478246226 443.801605 912.285645
0 1524809269 1067.521118 317.937897
0 1524822285 1153.636475 352.189270
0 1524841310 995.602478 364.059082
0 1478235210 81.202866 915.253601
0 1578515669 695.880798 574.285889
0 1524854328 1072.475464 324.729187
0 0 1389.368652 548.522949
0 1 511.622192 316.777832
0 2 363.353851 346.939819
0 3 993.904358 780.029419
0 4 257.511963 559.649109
0 5 876.348450 294.234192
0 6 1112.168091 925.052246
0 7 760.258240 612.439026
0 8 622.291443 611.421265
0 9 415.561920 417.640564
0 10 494.007690 603.963806
0 11 451.974609 304.615540
0 12 570.262146 909.318909
0 13 493.992188 353.460632
0 14 411.729462 895.683167
0 15 860.806946 320.957794
0 16 1079.306519 293.060760
0 17 290.027435 698.154663
0 18 1001.334351 290.486328
0 19 484.416779 335.857361
0 20 381.043701 450.312134
0 21 1126.027344 598.696655
0 22 377.612061 520.668701
0 23 712.969910 919.809875
0 24 746.106445 302.394775
0 25 791.784607 328.356018
0 26 736.184204 335.158936
0 27 429.921173 375.116577
0 28 666.576843 306.422607
0 29 186.528259 548.309998
0 30 388.391815 624.245850
0 31 932.075500 293.128998
0 32 1034.316772 342.073792
0 33 911.385437 341.423767
0 34 955.145081 318.538147
0 35 433.245789 329.024017
0 36 1094.123169 359.429230
0 37 1066.104370 378.027313
0 38 917.139954 307.564240
0 39 1009.941467 319.439850
