0 1578512666 938.313171 655.960022
0 1478234209 1470.774414 523.557861
0 1707269176 1154.956177 664.141968
0 1438989626 892.347473 746.379272
0 1524801259 504.016846 990.219849
0 1438992629 964.185669 710.008240
0 1478227200 1414.193604 469.249878
0 1524854327 632.407715 996.570740
0 1478249229 1375.085327 440.240112
0 1524807266 292.307953 917.060486
0 1524831297 250.492996 977.679077
0 1478229202 1390.184570 468.502228
0 1568509654 996.963501 711.303284
0 1578523681 1198.371582 738.633911
0 1478207175 1426.580322 450.804199
0 1478210178 1493.307983 481.584259
0 1524862338 372.021545 920.835632
0 1478186149 1444.341919 480.043854
0 1524797254 203.766022 1045.418579
0 1578518674 1123.818237 662.966003
0 1438985621 1161.917358 717.820740
0 1478203170 1486.445190 471.499725
0 1438994632 970.576660 640.869141
0 1578520676 929.003113 727.820801
0 1478237213 1319.543701 530.093506
0 1568511657 1000.799438 641.994385
0 1775370079 907.614075 654.800659
0 1478195160 1531.101440 537.119568
0 1568510655 940.413757 639.746155
0 1478257240 1340.877563 519.292358
0 1578521677 1061.130127 628.510559
0 1524812272 532.299438 1025.993896
0 1769859072 1030.783691 659.452393
0 1578525683 933.850952 690.402283
0 1770636073 1090.949097 629.605347
0 1524833300 488.417175 1023.772949
0 1568511656 1201.765381 759.004150
0 1438985620 1095.721924 715.205261
0 1478185148 1523.040283 525.274170
0 1707993177 1146.879150 601.859497
0 1478189152 1315.029053 518.443542
0 2088218948 1094.687744 696.659668
0 1606348170 1159.500122 699.181213
0 1524855329 492.395782 926.536560
0 1478183145 1293.301880 529.221985
0 1438990627 1031.082275 643.121887
0 1478222194 1356.502686 497.869202
0 1709860179 917.804626 593.671814
0 1478188151 1318.380981 466.266296
0 1438988624 1093.695923 678.870483
0 1478243222 1287.167114 446.547913
0 1524844315 227.796021 1010.582581
0 1524811271 452.163269 924.631165
0 1478216186 1366.769653 520.142578
0 1524814275 560.300110 960.502441
0 1578514668 1120.826416 630.702332
0 1478184146 1336.085815 507.997650
0 1478176143 1298.368286 475.451782
0 1524860336 573.186279 930.362732
0 1478222193 1361.392944 458.069855
0 1438997636 1029.811890 712.601196
0 1478194158 1306.432495 496.260620
0 1478201168 1432.322144 460.256592
0 1478187150 1489.521362 512.980652
0 1478205172 1438.239868 469.998657
0 1524838306 334.523071 981.835693
0 1568514660 1183.403931 648.792969
0 1524865342 654.413574 934.209595
0 2085418945 1031.911865 597.750305
0 1524808268 546.691956 992.330750
0 1478200167 1425.820923 489.617737
0 1478194159 1408.642822 459.526581
0 1568501643 1122.292969 646.517761
0 1478239216 1285.277954 506.347626
0 1524820283 576.310364 1028.221313
0 1438989625 1090.102661 614.422241
0 1568505649 1125.405884 680.085815
0 1478255237 1504.498047 536.236084
0 1524804262 613.745117 932.283569
0 1568506650 1119.415161 615.483948
0 1478217187 1424.960571 533.594543
0 1568505648 1060.846191 613.362549
0 1568497640 1189.023560 682.523865
0 1578511665 1186.157349 665.320312
0 1478258241 1457.133667 501.102081
0 1524796253 357.537323 1017.148926
0 1478206173 1403.257080 450.092133
0 1524826291 436.046082 954.490601
0 1578529688 1003.304810 596.727844
0 1478233207 1507.695923 502.726471
0 1708834178 1092.743774 661.792419
0 1478189153 1342.278320 467.010468
0 1568499641 936.127258 672.831787
0 1478245224 1515.242676 513.816040
0 1524852325 394.856262 952.497681
0 1478219190 1264.053833 445.842255
0 1578525682 1001.666565 626.327332
0 1478232206 1314.287476 456.617554
0 1524818280 471.892944 1059.314575
0 1524850322 312.816010 948.528259
0 1438996635 1152.817993 647.654236
0 1524832299 426.869110 1056.981201
0 1478242220 1475.492310 491.196655
0 1438999639 960.566284 749.162720
0 1478196161 1438.206543 511.314148
0 1478252234 1398.538574 532.717041
0 1478211179 1329.300415 438.855621
0 1578523680 942.434082 624.152527
0 1578530689 995.900696 730.506226
0 1568508653 1063.471313 753.361389
0 1524826290 271.964752 946.551758
0 1524847319 292.606506 1050.022827
0 1524810270 620.450623 1030.455322
0 1524835302 444.663116 1021.558533
0 1524799257 381.980530 1054.654785
0 1478233208 1351.611938 487.258881
0 1608354172 1089.287354 599.801025
0 1524835303 601.947876 962.517517
0 1478251232 1477.940063 535.354065
0 1524812273 518.767578 958.492981
0 1706512175 895.664368 726.482483
0 1438986622 915.400269 608.094482
0 1478211180 1419.916870 479.275482
0 1478223195 1392.705200 520.994263
0 1478244223 1401.044922 488.830170
0 1438987623 1031.645752 612.304932
0 1478193157 1371.182373 477.742371
0 1478198164 1482.394165 501.913605
0 1478236212 1281.458252 495.458313
0 1478240217 1310.660889 507.171997
0 1478214183 1462.323730 470.748596
0 1578521678 1063.093262 733.203491
0 1524844314 353.779694 950.510254
0 1524806265 401.036682 1019.350525
0 1524787243 248.119843 1047.717285
0 1478241219 1322.601440 476.214111
0 1524799256 461.462952 988.114929
0 1478190154 1274.173340 474.690643
0 1478226198 1346.872803 476.977631
0 1478208176 1379.968994 449.381165
0 1478214184 1345.830444 530.966492
0 2084722944 1031.369385 627.417847
0 1578522679 997.982117 692.897278
0 1774531078 1029.459961 731.853394
0 1525674169 965.882690 691.648499
0 1478197162 1444.018555 442.324524
0 1524815276 477.349670 956.488953
0 1768901071 912.904053 623.068298
0 1578526684 999.897766 658.285889
0 1478182144 1468.805542 480.813416
0 1524853326 332.111420 918.945618
0 1478218189 1289.223755 517.596191
0 1578513667 1061.732300 660.621216
0 1438983618 1091.828857 645.383545
0 1478224196 1331.447144 497.064270
0 1478247227 1479.789795 461.720062
0 1478191155 1294.520630 465.523315
0 1478236211 1451.427490 534.473511
0 1478258242 1467.064819 443.021393
0 1478212181 1302.336914 485.692566
0 1478185147 1361.552734 508.824738
0 1568502645 1128.783813 716.511597
0 1568508652 1061.425293 644.251587
0 1438984619 1148.783936 616.547668
0 1659977623 1046.252197 668.458679
0 1478209177 1500.388062 491.988007
0 1438982617 1030.472900 676.447510
0 1771287074 1164.439819 737.271790
0 2087111947 972.021423 625.238831
0 1524817279 412.038696 922.730835
0 1524795251 314.164429 1014.953796
0 1478230204 1376.308594 488.043884
0 1478230203 1449.938721 451.517334
0 1578516671 1192.009399 700.445984
0 1568513659 998.959473 675.239807
0 1578529687 1130.583008 735.912720
0 1524819282 376.716522 983.922913
0 1478253235 1326.954712 486.475098
0 1478243221 1456.037720 460.987793
0 1568501644 1178.209229 617.613464
0 1438998637 1097.927734 754.767395
0 1524816278 607.781677 1066.357178
0 1705773174 901.886475 689.158691
0 1568507651 926.418579 747.769470
0 1438999638 973.411987 610.195679
0 1478252233 1372.162109 531.841003
0 1438993630 910.310608 638.625427
0 1478237214 1310.315186 447.254608
0 1478248228 1381.598999 498.675446
0 1478225197 1267.325684 455.169739
0 1524832298 337.226532 1052.335327
0 1478200166 1260.877319 436.786621
0 1478250231 1444.707520 522.701904
0 1478245225 1333.498169 447.962402
0 1438995633 898.841125 707.426453
0 1524849321 589.488708 994.447754
0 1568512658 931.478210 708.715942
0 1568514661 1062.731323 713.901855
0 1478231205 1496.885254 524.415283
0 1773608077 969.074219 657.121765
0 1438977615 1157.181641 681.303528
0 1607644171 1150.762085 631.801453
0 1568504647 944.378479 609.144104
0 1568500642 1062.051758 677.657776
0 1478256239 1406.736084 499.483002
0 1568503646 1195.122681 719.132629
0 1478220191 1356.716064 448.671234
0 1478207174 1450.636719 490.406586
0 1478213182 1337.822266 457.343140
0 1568516663 1002.501099 611.249268
0 1578517672 946.251282 594.688599
0 1578527685 1180.756592 632.902771
0 1478240218 1412.613037 510.482971
0 1478215185 1290.788696 455.893127
0 1478197163 1431.914429 500.291901
0 1478221192 1418.684448 521.847351
0 2086284946 1030.149292 694.148804
0 1524824288 532.736633 928.447083
0 1478226199 1395.530273 478.508331
0 1578518673 1060.572632 598.774780
0 1438981616 904.808289 671.631470
0 1478238215 1270.697388 464.781494
0 1609135173 1096.800781 734.556641
0 1524793249 517.052612 1061.655029
0 1568515662 1132.462158 756.176453
0 1568516664 994.790833 750.559143
0 1438991628 1029.092285 751.958740
0 1478249230 1277.758545 484.911285
0 1438996634 967.510986 674.034546
0 1578519675 1118.056152 600.829346
0 1478255238 1306.458862 438.164948
0 1438993631 1167.074585 757.588623
0 1524788244 562.348572 1064.002563
0 1772785076 974.751343 595.707275
0 1524828293 419.029724 986.015930
0 1478203171 1352.175903 439.547363
0 1524798255 270.917572 1012.764954
0 1478199165 1366.212891 467.755768
0 1578528686 1062.384399 695.402893
0 1478192156 1384.999756 458.797668
0 1478228201 1463.842773 512.146729
0 1772037075 962.415039 729.162048
0 1578515670 1127.059692 697.919128
0 1478218188 1398.028931 440.933899
0 1478202169 1387.061646 509.653168
0 1478254236 1421.006592 441.628693
0 1478246226 1283.651123 437.475250
0 1524822285 292.448700 979.754456
0 1524841310 643.711365 964.538086
0 1478235210 1473.332642 452.231537
0 1578515669 1175.756592 602.891663
0 6 680.255310 470.559906
0 7 526.661133 485.350861
0 10 609.976685 443.366455
0 12 421.529938 1071.435669
0 13 565.572815 501.123444
0 14 792.319885 348.921692
0 17 342.907776 760.802124
0 21 330.377563 1020.413696
0 22 1309.342041 274.533936
0 23 1466.985352 804.352600
0 24 1446.122437 399.584473
0 25 1412.917236 520.933411
0 26 1422.017090 584.752075
0 27 1384.204468 832.297546
0 28 806.117310 562.746216
0 29 1494.256836 704.947510
0 30 1687.781860 396.998383
0 31 1313.080078 489.388916
0 33 1329.837280 467.019592
0 35 1755.292114 411.195526
0 37 1636.793457 403.426483
0 39 1296.883789 286.280731
0 40 1355.744873 380.954590
0 43 546.506104 429.752167
0 46 1661.336426 320.400543
0 55 1693.428345 312.663757
0 59 1076.546143 263.663757
0 104 425.629669 867.497375
0 132 580.765381 589.529114
0 138 487.200226 801.189880
0 165 364.887787 526.667664
0 167 0.000000 0.000000
0 168 0.000000 0.000000
0 170 808.536255 308.340240
0 175 1597.922607 328.430237
0 177 1797.603394 220.671692
0 181 1811.750732 408.064941
