0 1578512666 1010.805237 456.912537
0 1524823287 813.730896 343.835236
0 1478234209 929.611755 724.299377
0 1707269176 917.784851 512.180542
0 1438989626 940.615662 433.936890
0 1524801259 890.173645 362.281403
0 1438992629 947.709961 454.083710
0 1478227200 1076.831665 753.087769
0 1524854327 856.185425 377.982971
0 1478249229 1179.416626 765.114197
0 1524807266 979.268738 336.802765
0 1524863340 857.946411 331.901733
0 1524831297 953.054138 333.232483
0 1478229202 1094.305420 737.236084
0 1568509654 934.812805 461.313507
0 1524790246 869.998962 333.622192
0 1578523681 834.521790 504.123230
0 1478207175 1115.637817 789.364380
0 1524861337 779.760864 358.160004
0 1478210178 993.100464 793.607300
0 1524862338 959.180359 346.352448
0 1478186149 1031.511597 759.940186
0 1524797254 927.554688 329.759552
0 1578518674 931.994141 503.738098
0 1438985621 865.934692 499.924500
0 1524857331 814.584045 350.412720
0 1478203170 1020.752563 803.961060
0 1438994632 1015.897156 467.817627
0 1578520676 944.095093 443.818115
0 1478237213 1011.829163 636.172302
0 1568511657 1003.282593 475.467804
0 1775370079 1022.958069 449.691895
0 1478195160 865.892517 745.976868
0 1568510655 1028.237061 460.334167
0 1478257240 1018.607056 655.420227
0 1578521677 995.270264 495.231018
0 1524794250 803.993652 362.153717
0 1524812272 865.957764 365.317596
0 1769859072 972.718994 479.541443
0 1578525683 976.862732 450.250000
0 1770636073 981.853394 503.541077
0 1524846317 880.374817 329.137146
0 1524833300 877.120239 360.231812
0 1568511656 818.145691 500.143646
0 1438985620 894.403381 483.965820
0 1478185148 889.959900 754.988342
0 1707993177 991.800415 529.675903
0 1478189152 1034.868896 642.834167
0 1524791247 859.451843 338.181305
0 1524830296 882.216370 335.366180
0 2088218948 911.242798 487.735260
0 1524827292 825.695557 345.669281
0 1606348170 882.889282 503.932129
0 1524855329 927.719177 361.308563
0 1478183145 1027.768677 624.179260
0 1438990627 990.383728 483.290314
0 1524840309 803.284180 355.236481
0 1478222194 1050.253662 683.256470
0 1709860179 1094.282959 463.338898
0 1478188151 1143.466675 692.638611
0 1438988624 928.398315 491.575439
0 1478243222 1212.969116 694.331482
0 1524843313 856.485046 325.806274
0 1524844315 940.216858 331.484070
0 1524858333 835.455872 334.674011
0 1524811271 938.389587 356.236023
0 1524859334 824.682556 339.217041
0 1478216186 1001.863159 668.379395
0 1524851324 792.324341 367.197876
0 1524814275 892.325134 369.558868
0 1578514668 968.120605 512.046814
0 1478184146 1042.353149 662.498474
0 1524829294 871.698059 339.971191
0 1478176143 1132.809326 671.153442
0 1524860336 905.803589 371.726868
0 1478222193 1138.589722 730.576782
0 1438997636 921.635498 468.700287
0 1478194158 1082.640259 656.647095
0 1478201168 1086.799805 779.277893
0 1478187150 934.699585 748.296387
0 1478205172 1058.768921 769.473755
0 1524838306 932.804138 342.587372
0 1568514660 921.270264 525.204224
0 1524865342 883.086670 382.526123
0 2085418945 1045.417236 494.969727
0 1524808268 879.044678 367.422668
0 1478200167 1023.442932 735.022461
0 1478194159 1104.643433 762.498535
0 1568501643 949.882568 507.852234
0 1478239216 1074.115479 637.184509
0 1524820283 854.597534 370.493530
0 1438989625 1000.366882 507.685242
0 1568505649 914.445374 499.702087
0 1478255237 886.151855 730.733521
0 1524804262 894.548035 377.077606
0 1568506650 986.718628 516.324158
0 1478217187 943.263062 687.762329
0 1568505648 1013.697998 499.246948
0 1568497640 885.559448 516.526001
0 1578511665 903.239624 520.822571
0 1478258241 979.193237 741.641113
0 1524796253 909.471436 345.492157
0 1478206173 1133.242432 772.175598
0 1524826291 925.027344 354.236053
0 1578529688 1058.053589 486.790192
0 1478233207 940.098816 773.761841
0 1708834178 945.879028 495.488403
0 1478189153 1127.597168 707.034912
0 1568499641 993.683167 453.551666
0 1478245224 914.686218 764.246643
0 1524852325 935.552917 349.304230
0 1478219190 1227.434937 680.207275
0 1578525682 1021.198792 479.171478
0 1478232206 1170.397461 700.666138
0 1524818280 864.254089 358.211670
0 1524850322 956.069885 339.690948
0 1438996635 935.745178 516.425903
0 1524832299 875.256165 353.266510
0 1478242220 985.934692 766.831482
0 1524789245 866.748962 321.478088
0 1438999639 915.389648 447.573944
0 1478196161 972.839478 717.899597
0 1478252234 961.168701 674.289917
0 1524803261 826.739990 352.321381
0 1478211179 1211.272949 732.760132
0 1578523680 1045.986938 463.818298
0 1578530689 918.451782 457.931305
0 1568508653 875.510986 469.132202
0 1524826290 966.070190 335.005188
0 1524847319 907.159546 338.926697
0 1524810270 843.034180 375.761902
0 1524835302 888.090088 355.233795
0 1524821284 846.055359 330.204376
0 1524799257 886.071289 348.405334
0 1478233208 1075.376221 690.980164
0 1608354172 1019.244934 511.911041
0 1524835303 881.032410 374.850128
0 1478251232 905.781067 715.964233
0 1524812273 903.418457 364.361023
0 1706512175 956.519958 436.979980
0 1438986622 1075.964355 459.833893
0 1478211180 1049.775024 743.932434
0 1524823286 847.372314 336.415741
0 1478223195 984.615540 681.728394
0 1478244223 1041.303711 719.875488
0 1438987623 1026.723022 491.002380
0 1478193157 1084.566528 713.437927
0 1478198164 959.967529 757.437439
0 1524862339 850.128296 349.414642
0 1478236212 1098.127441 643.922485
0 1478240217 1058.465698 649.657104
0 1478214183 1040.086670 786.421692
0 1578521678 891.692505 472.658569
0 1524844314 945.898865 344.456573
0 1524848320 828.928894 366.263153
0 1524806265 898.872192 350.321289
0 1524787243 917.441589 334.305176
0 1478241219 1117.222046 684.815613
0 1524799256 901.109131 357.229523
0 1478190154 1147.932373 657.898193
0 1478226198 1101.148804 698.903625
0 1478208176 1150.256714 755.562866
0 1478214184 995.429626 648.511475
0 2084722944 1008.381958 487.109924
0 1578522679 951.468262 464.756561
0 1524825289 878.587158 323.090424
0 1774531078 905.216125 465.215698
0 1525674169 964.301636 457.425507
0 1478197162 1127.352783 817.991577
0 1524815276 914.317505 359.254211
0 1768901071 1057.976562 456.392212
0 1578526684 985.694641 471.831970
0 1478182144 1012.630676 776.489136
0 1524853326 969.310120 341.536957
0 1478218189 1050.669189 630.605286
0 1578513667 959.450500 487.424927
0 1438983618 963.694153 499.476227
0 1478224196 1066.689331 669.752686
0 1478247227 1049.217285 814.619080
0 1524792248 780.100281 365.133484
0 1524795252 868.349976 327.460541
0 1524808267 851.571289 356.220245
0 1478191155 1158.850220 678.683105
0 1524856330 915.064026 328.058411
0 1478236211 924.809021 701.647339
0 1478258242 1108.732178 836.903198
0 1478212181 1107.413940 663.810425
0 1478185147 1025.757080 675.725281
0 1568502645 880.328796 491.855591
0 1568508652 977.190979 491.291077
0 1438984619 972.742065 525.171021
0 1659977623 957.393738 481.584076
0 1478209177 966.226746 783.544922
0 1438982617 955.378601 475.861359
0 1524805264 816.371582 364.193665
0 1771287074 849.296692 495.991669
0 2087111947 1033.730591 471.409546
0 1524817279 948.875061 351.251404
0 1524795251 919.892273 340.744263
0 1478230204 1058.606323 705.202026
0 1478230203 1097.411865 807.159973
0 1524847318 837.826904 347.528931
0 1578516671 868.219482 512.312195
0 1568513659 968.426025 468.262146
0 1578529687 863.742859 488.040985
0 1524819282 922.419678 347.384705
0 1478253235 1091.637817 677.189392
0 1524836304 873.449646 346.516205
0 1478243221 1068.335327 796.641113
0 1568501644 958.425049 534.233276
0 1438998637 861.638550 476.631561
0 1524816278 830.076599 373.573608
0 1705773174 989.160095 443.225189
0 1524845316 890.583557 324.724274
0 1524842312 902.741455 326.380127
0 1568507651 928.132996 440.684967
0 1438999638 1051.896240 475.068359
0 1478252233 978.549927 661.212036
0 1438993630 1040.310669 453.012054
0 1478237214 1198.041748 708.906433
0 1524857332 791.274719 353.304749
0 1478248228 1033.310913 697.177002
0 1478225197 1200.262329 672.582397
0 1524859335 894.602051 337.134155
0 1524832298 896.704224 343.626099
0 1478200166 1255.314209 688.030457
0 1478250231 948.515137 709.668884
0 1478245225 1182.630005 723.954163
0 1438995633 972.699036 440.075592
0 1524804263 839.067810 354.257050
0 1524839308 884.114319 341.785950
0 1524849321 867.717041 372.655670
0 1568512658 960.335876 447.006012
0 1568514661 908.168884 476.249237
0 1478231205 910.103210 739.398254
0 1773608077 998.387024 464.290802
0 1438977615 900.169495 508.016724
0 1524834301 815.463806 357.195557
0 1607644171 954.060669 520.755188
0 1524800258 892.562744 330.836426
0 1568504647 1064.063843 467.366608
0 1568500642 942.039307 483.630554
0 1478256239 1015.837097 711.533875
0 1524815277 817.308533 371.417297
0 1568503646 851.210083 508.178680
0 1478220191 1166.710327 739.498047
0 1478207174 1004.996338 750.666077
0 1524841311 802.596497 348.530487
0 1478213182 1154.748169 715.382141
0 1524813274 840.348022 361.198242
0 1568516663 1039.452515 482.944946
0 1578517672 1082.476929 470.980865
0 1578527685 939.661743 529.673584
0 1478240218 991.024475 703.406494
0 1478215185 1185.561401 686.406555
0 1524838307 804.725769 369.292297
0 1478197163 997.806824 726.347839
0 1478221192 966.840942 695.485229
0 1524819281 904.917236 332.558960
0 2086284946 938.353638 472.248260
0 1524824288 916.858887 366.471375
0 1524802260 768.049988 363.098358
0 1478226199 1067.450684 728.439819
0 1578518673 1032.484497 503.341034
0 1438981616 1005.910583 446.430115
0 1478238215 1173.769897 665.148438
0 1609135173 877.871399 480.265228
0 1524837305 791.791321 360.142700
0 1524793249 853.060242 363.243042
0 1568515662 847.460388 484.296204
0 1568516664 902.377319 454.608368
0 1438991628 889.087402 461.792816
0 1478249230 1122.725952 650.825012
0 1438996634 981.191284 460.827332
0 1578519675 1005.687439 520.686829
0 1524829295 836.623474 341.004303
0 1524864341 827.817200 359.182648
0 1478255238 1226.428223 717.367920
0 1438993631 832.966370 492.131653
0 1524788244 841.669434 368.362915
0 1772785076 1070.403564 478.795990
0 1524828293 911.856262 352.264679
0 1478203171 1195.610962 748.666748
0 1524798255 930.139343 336.075562
0 1478199165 1111.218384 721.893250
0 1578528686 924.948364 479.905945
0 1478192156 1121.897217 746.273804
0 1478228201 954.074036 732.855286
0 1772037075 931.408569 450.800385
0 1578515670 897.226624 495.741943
0 1524851323 862.603516 351.326935
0 1478218188 1162.662109 782.130493
0 1478202169 1008.655334 689.355042
0 1478254236 1145.318237 799.745483
0 1478246226 1241.101074 702.465698
0 1524809269 848.729309 342.816223
0 1524822285 943.014221 337.870636
0 1524841310 869.534729 380.237427
0 1478235210 1078.531006 825.595032
0 1578515669 977.571594 538.886169
0 1524854328 861.003540 344.653351
0 0 1457.770264 396.433624
0 1 800.712830 357.481384
0 2 1146.661987 396.845764
0 3 1589.248779 412.048706
0 4 969.058899 353.969849
0 5 1152.989624 337.156036
0 6 1389.243896 621.495056
0 7 843.023926 358.945312
0 8 585.479431 472.492157
0 9 642.932800 569.506653
0 10 900.597595 356.473724
0 11 888.974731 302.289001
0 12 1140.761108 695.392090
0 13 1345.590454 375.009918
0 14 999.051392 670.725891
0 15 1175.258057 484.048431
0 16 1445.475708 379.360382
0 17 733.362732 599.619995
0 18 791.414795 341.228516
0 19 897.559937 606.838440
0 20 594.129211 554.007507
0 21 522.540771 613.208984
0 22 520.457031 511.044403
0 23 1237.863281 715.358765
0 24 924.304932 305.066711
0 25 780.108215 665.881470
0 26 967.734863 630.492432
0 27 965.687012 306.123077
0 28 443.566803 505.409180
0 29 490.632690 493.248260
0 30 1034.098755 374.610596
0 31 1309.679321 361.761993
0 32 921.018433 677.897217
0 33 668.447449 640.187622
0 34 1142.697510 512.853821
0 35 1208.893433 344.162689
0 36 1252.358154 398.176514
0 37 851.210999 691.449158
0 38 508.741486 536.764893
0 39 995.409973 589.319519
