0 1578512666 981.763916 636.657227
0 1524823287 506.005493 538.536560
0 1478234209 1411.030029 1044.084106
0 1707269176 969.022888 739.626343
0 1438989626 851.413940 626.111755
0 1524801259 651.999390 544.452881
0 1438992629 897.840149 650.907471
0 1478227200 1622.567749 1014.504700
0 1524854327 632.081482 574.043457
0 1478249229 1738.961426 985.108521
0 1524807266 727.933472 491.652435
0 1524863340 550.630005 511.925629
0 1524831297 686.852966 492.673309
0 1478229202 1607.181763 984.123474
0 1568509654 894.638733 664.434082
0 1524790246 571.362549 511.432587
0 1578523681 841.447632 757.704712
0 1478207175 1731.854248 1047.736206
0 1524861337 479.833038 567.079834
0 1524862338 718.126709 507.942047
0 1478186149 1592.767822 1046.152954
0 1524797254 645.996460 493.688660
0 1578518674 971.063721 723.132935
0 1438985621 876.662720 740.385681
0 1524857331 519.412720 547.296448
0 1438994632 1007.777344 649.357727
0 1578520676 874.170776 638.265991
0 1478237213 1322.360352 877.638489
0 1568511657 1006.611572 662.954895
0 1775370079 983.326294 624.030762
0 1568510655 1008.901062 636.251526
0 1478257240 1367.758789 901.885254
0 1578521677 1033.492188 691.404358
0 1524794250 524.942078 566.170166
0 1524812272 622.969849 554.483093
0 1769859072 976.719604 677.423706
0 1578525683 927.777344 637.464478
0 1770636073 1032.765869 706.675415
0 1524846317 578.341309 503.203400
0 1524833300 629.737122 544.930359
0 1568511656 810.406982 757.925049
0 1438985620 884.277954 708.210205
0 1707993177 1093.932129 738.599243
0 1478189152 1360.389771 877.668762
0 1524791247 564.182800 519.898743
0 1524830296 592.152954 510.938080
0 2088218948 913.745056 707.905640
0 1524827292 527.563660 538.061035
0 1606348170 907.325073 740.133606
0 1524855329 702.314880 534.206360
0 1478183145 1316.280273 854.647156
0 1438990627 1005.401245 677.071228
0 1524840309 511.013092 556.813660
0 1478222194 1456.216919 927.682861
0 1709860179 1090.521240 622.339539
0 1478188151 1565.768677 902.348816
0 1438988624 943.326782 707.599915
0 1478243222 1631.868530 877.884949
0 1524843313 537.492737 504.197021
0 1524844315 666.396851 493.181702
0 1524858333 522.201172 520.873718
0 1524811271 707.741028 525.193237
0 1524859334 514.221252 529.576538
0 1478216186 1375.511597 927.362915
0 1524851324 516.351868 576.299561
0 1524814275 668.227722 553.540955
0 1578514668 1032.010254 722.566040
0 1478184146 1406.964478 901.977051
0 1524829294 585.262817 519.409119
0 1478176143 1514.376587 877.791443
0 1524860336 690.959839 553.067749
0 1478222193 1635.089233 955.629272
0 1438997636 891.315979 678.473206
0 1478194158 1437.006592 877.729736
0 1478201168 1685.222412 1047.205444
0 1478187150 1467.664917 1078.259277
0 1478205172 1638.861084 1046.677612
0 1524838306 675.899414 508.946320
0 1568514660 998.583496 756.589478
0 1524865342 678.881104 573.131104
0 2085418945 1092.095825 676.005798
0 1524808268 645.564514 554.012695
0 1478200167 1533.356445 1013.668335
0 1478194159 1667.551392 1014.926392
0 1568501643 1001.476257 722.850098
0 1478239216 1390.649780 854.596863
0 1524820283 615.991150 564.334045
0 1438989625 1062.812744 706.364807
0 1568505649 940.771667 723.414612
0 1478255237 1375.084717 1077.008545
0 1524804262 685.015137 562.942078
0 1568506650 1062.666260 722.280945
0 1478217187 1350.012451 982.201172
0 1568505648 1062.953369 691.070557
0 1568497640 935.339478 757.038330
0 1578511665 966.895996 756.814331
0 1478258241 1501.376465 1045.112549
0 1524796253 648.863220 517.932007
0 1478206173 1712.789795 1015.350586
0 1524826291 685.989563 525.685913
0 1578529688 1091.679932 661.831177
0 1708834178 973.023743 707.292908
0 1478189153 1578.844727 928.169067
0 1568499641 954.722900 637.061584
0 1524852325 691.566223 516.940186
0 1478219190 1618.069092 854.443237
0 1578525682 1034.863037 662.581726
0 1478232206 1605.972534 902.442932
0 1524818280 607.541077 545.406372
0 1524850322 702.247437 500.189331
0 1438996635 1000.059814 739.371094
0 1524832299 614.427429 536.145020
0 1478242220 1561.344971 1079.524902
0 1524789245 544.822754 496.202972
0 1438999639 843.461548 651.674072
0 1478196161 1445.139038 1012.841248
0 1478252234 1342.546509 953.969421
0 1524803261 541.346985 546.826050
0 1478211179 1703.395996 928.662964
0 1578523680 1036.134521 635.844299
0 1578530689 866.901001 664.800476
0 1568508653 830.385498 693.705872
0 1524826290 707.365173 492.163574
0 1524847319 633.908813 509.945007
0 1524810270 608.791260 574.497498
0 1524835302 636.302673 535.662476
0 1524821284 529.955200 512.417358
0 1524799257 621.111755 527.155396
0 1478233208 1496.881958 927.844055
0 1608354172 1092.977417 706.053040
0 1524835303 661.936279 563.407532
0 1478251232 1366.242798 1043.574219
0 1524812273 674.328125 543.973938
0 1706512175 877.614014 625.698425
0 1438986622 1063.581787 622.764587
0 1478211180 1577.836792 1014.085327
0 1524823286 543.162292 520.386902
0 1478223195 1383.679077 954.202759
0 1478244223 1520.524902 983.475708
0 1438987623 1063.088745 676.362305
0 1478193157 1550.395264 955.148743
0 1478198164 1514.366211 1078.890259
0 1524862339 570.868713 537.105835
0 1478236212 1428.100830 854.571594
0 1478240217 1398.604736 877.699219
0 1578521678 859.070740 693.380859
0 1524844314 696.983337 508.444885
0 1524848320 570.327271 565.254944
0 1524806265 642.675171 526.666992
0 1524787243 640.037537 501.702637
0 1478241219 1525.767334 902.255188
0 1524799256 658.242065 535.178528
0 1478190154 1503.541504 854.520630
0 1478226198 1537.757324 928.006165
0 1478208176 1694.792969 984.778320
0 1478214184 1328.748291 901.793945
0 2084722944 1034.190674 676.717407
0 1578522679 922.478088 664.066284
0 1524825289 564.947754 495.702850
0 1774531078 863.059875 678.820435
0 1525674169 925.176208 650.522156
0 1524815276 680.246094 534.693176
0 1768901071 1036.736572 623.188110
0 1578526684 978.463867 663.326721
0 1524853326 723.099426 499.682129
0 1478218189 1353.376587 854.622009
0 1578513667 974.907532 692.068237
0 1438983618 1002.836487 706.984741
0 1478224196 1446.366821 902.069336
0 1524792248 493.420837 576.746582
0 1524795252 557.888916 503.700897
0 1524808267 585.410889 545.880981
0 1478191155 1553.347656 877.822449
0 1524856330 625.651550 494.194244
0 1478236211 1357.899048 1012.023315
0 1478212181 1475.596802 877.760498
0 1478185147 1415.760742 927.522461
0 1568502645 880.546814 723.974792
0 1568508652 1004.143860 691.736938
0 1438984619 1062.513672 738.857605
0 1659977623 961.385193 684.846130
0 1438982617 948.145264 677.774841
0 1524805264 547.600037 565.713196
0 1771287074 846.123779 740.636780
0 2087111947 1035.510498 648.966797
0 1524817279 713.009399 516.442200
0 1524795251 654.874573 509.446381
0 1478230204 1508.384888 954.910339
0 1524847318 549.184631 537.584106
0 1578516671 903.913147 757.261353
0 1568513659 950.419617 663.697205
0 1578529687 850.612488 724.253235
0 1524819282 670.184326 517.436829
0 1478253235 1485.967285 902.161987
0 1524836304 599.610474 527.642395
0 1568501644 1062.354736 756.136780
0 1438998637 825.684753 708.815918
0 1524816278 585.573425 574.950134
0 1705773174 930.286743 624.867493
0 1524845316 585.127441 495.201324
0 1524842312 605.361938 494.698486
0 1568507651 847.508728 638.664673
0 1438999638 1063.344360 648.574341
0 1478252233 1335.468140 927.204163
0 1438993630 1009.984802 623.610107
0 1478237214 1646.380737 902.537537
0 1524857332 488.822998 557.275574
0 1478248228 1466.596558 954.673279
0 1478225197 1579.709351 854.469177
0 1524859335 613.001709 510.442261
0 1524832298 627.602783 518.425781
0 1478200166 1656.614746 854.417236
0 1478250231 1401.397949 1012.431213
0 1478245225 1661.662476 928.497437
0 1438995633 903.904724 625.283691
0 1524804263 563.346252 546.354187
0 1524839308 606.402771 518.918152
0 1524849321 638.928467 563.871521
0 1568512658 900.926819 637.865906
0 1568514661 887.864929 693.054565
0 1478231205 1421.238525 1077.632080
0 1773608077 980.144226 649.747253
0 1438977615 938.111511 739.880493
0 1524834301 533.269836 556.350281
0 1607644171 1031.223145 739.114868
0 1524800258 598.850037 502.704498
0 1568504647 1063.465210 635.435608
0 1568500642 945.782715 692.398315
0 1478256239 1477.549438 983.154480
0 1524815277 562.427856 575.401306
0 1568503646 872.616089 757.483521
0 1478220191 1677.776489 955.871521
0 1478207174 1546.940430 1045.631226
0 1524841311 497.543091 547.765503
0 1478213182 1620.145874 928.332886
0 1524813274 577.984680 555.419556
0 1568516663 1063.218994 662.207153
0 1578517672 1090.893555 635.025513
0 1578527685 1030.402832 756.363586
0 1478240218 1434.806885 982.834961
0 1478215185 1592.511108 877.853577
0 1524838307 539.354126 575.851135
0 1478197163 1489.124512 1013.253601
0 1478221192 1392.295044 982.517212
0 1524819281 619.415344 502.204254
0 2086284946 919.677612 678.124695
0 1524824288 696.723633 543.493652
0 1524802260 470.560669 577.192200
0 1478226199 1563.734985 983.798706
0 1578518673 1092.527954 690.735413
0 1438981616 956.760437 624.449829
0 1478238215 1541.533936 854.494934
0 1609135173 854.924683 708.513672
0 1524837305 502.353241 566.625732
0 1524793249 600.443298 554.951965
0 1568515662 820.795959 724.530518
0 1568516664 839.264343 665.165527
0 1438991628 834.908691 679.166443
0 1478249230 1465.730957 854.546204
0 1438996634 952.610657 650.135437
0 1578519675 1093.444946 721.994690
0 1524829295 535.476746 529.095093
0 1524864341 555.593628 555.885559
0 1478255238 1686.994629 902.632629
0 1438993631 815.707520 740.886902
0 1524788244 593.124207 564.795227
0 1772785076 1091.279419 648.180603
0 1524828293 664.301025 526.177124
0 1478203171 1720.692993 956.114990
0 1524798255 660.716797 501.199585
0 1478199165 1592.629395 955.388306
0 1578528686 916.768738 692.727051
0 1478192156 1650.867065 984.450012
0 1478228201 1456.073730 1044.596802
0 1772037075 870.602112 651.291504
0 1578515670 910.599670 723.695312
0 1524851323 592.616272 536.626099
0 1478218188 1758.285278 1015.777039
0 1478202169 1425.028442 954.437378
0 1478254236 1778.758789 1048.270264
0 1478246226 1671.421265 877.916443
0 1524809269 556.793213 528.612244
0 1524822285 681.453369 500.695160
0 1524841310 655.444702 573.587952
0 1578515669 1094.440063 755.909119
0 1524854328 578.171082 528.128052
0 0 595.985474 876.020630
0 1 1298.975098 610.060181
0 2 1264.129883 767.608032
0 3 562.572266 486.932343
0 4 1203.920288 531.178955
0 5 287.583282 940.591614
0 6 683.781982 453.589996
0 7 770.266113 529.449707
0 8 671.415894 525.474121
0 9 1779.502686 915.320374
0 10 983.639160 525.628113
0 11 811.232788 950.592102
0 12 1527.914307 463.137299
0 13 558.531799 933.405884
0 14 1278.284180 441.697418
0 15 1172.140991 1066.666748
0 16 395.202728 731.958923
0 17 1532.810181 510.101227
0 18 294.496338 793.751160
0 19 1297.218018 944.851440
0 20 1772.675903 852.717346
0 21 453.586426 690.290222
0 22 1695.639893 696.480591
0 23 1189.205200 459.725464
0 24 691.825073 956.653198
0 26 1015.543457 1004.047485
0 27 1450.797607 937.037903
0 28 931.091003 456.904907
0 29 955.975281 504.063477
0 30 1069.905151 527.983704
0 31 244.326355 863.733276
0 33 545.065796 1038.799438
0 35 980.221924 922.480103
0 37 244.337906 1021.393250
0 38 1544.910767 536.043640
