0 1578512666 995.780884 587.373840
0 1478234209 1516.678467 414.515717
0 1707269176 1217.252563 584.069641
0 1438989626 963.044250 687.671204
0 1524801259 607.005615 971.773682
0 1438992629 1030.498291 644.349243
0 1478227200 1452.037354 358.367188
0 1524854327 738.768433 970.598755
0 1478249229 1408.336792 328.706085
0 1524807266 377.299133 906.685059
0 1524831297 345.121185 974.108887
0 1478229202 1427.608032 358.816589
0 1568509654 1064.018799 643.879517
0 1578523681 1271.981567 661.811462
0 1478207175 1462.032349 337.565155
0 1478210178 1533.736328 367.648285
0 1524862338 459.946411 905.859802
0 1478186149 1484.039185 368.554108
0 1524797254 309.286224 1049.195557
0 1578518674 1185.519165 584.543091
0 1438985621 1232.152588 641.523315
0 1478203170 1525.437988 357.016968
0 1438994632 1026.347778 569.205627
0 1578520676 997.458557 665.568787
0 1478237213 1364.676147 429.726196
0 1568511657 1057.324707 568.734863
0 1775370079 964.267700 587.843994
0 1478195160 1579.293457 426.012726
0 1568510655 995.401123 569.676025
0 1478257240 1384.765259 416.824097
0 1578521677 1116.694580 550.754272
0 1524812272 641.845215 1007.995605
0 1769859072 1090.508423 585.960571
0 1578525683 996.586060 624.901428
0 1770636073 1147.182251 550.282776
0 1524833300 596.774902 1008.371460
0 1568511656 1278.338623 683.463318
0 1438985620 1164.792358 642.467285
0 1478185148 1569.596436 413.589691
0 1707993177 1199.885620 517.104309
0 1478189152 1358.447754 417.284668
0 2088218948 1160.986694 622.545898
0 1606348170 1226.985840 621.600342
0 1524855329 584.325684 904.617859
0 1478183145 1337.950073 430.188629
0 1438990627 1088.331787 568.263611
0 1478222194 1397.582764 392.648041
0 1709860179 965.088867 520.855164
0 1478188151 1354.431641 360.162689
0 1438988624 1157.331421 603.410767
0 1478243222 1319.872070 340.226105
0 1524844315 327.698700 1010.614990
0 1524811271 542.811340 905.032410
0 1478216186 1411.104370 416.363190
0 1524814275 659.411133 936.695801
0 1578514668 1177.699097 549.810791
0 1478184146 1378.315918 404.777100
0 1478176143 1335.409302 371.263153
0 1524860336 667.518799 903.787170
0 1478222193 1396.945068 348.932434
0 1438997636 1097.574463 643.409241
0 1478194158 1346.571167 393.559814
0 1478201168 1469.153198 347.592316
0 1478187150 1534.158447 402.020294
0 1478205172 1476.485596 357.917450
0 1524838306 432.174042 973.332642
0 1568514660 1243.822266 565.900391
0 1524865342 750.931641 902.954224
0 2085418945 1082.270386 518.983215
0 1524808268 650.865479 971.382568
0 1478200167 1466.621216 379.971588
0 1478194159 1445.065674 348.039337
0 1568501643 1181.534790 566.847107
0 1478239216 1326.536865 405.693085
0 1524820283 686.980103 1007.619324
0 1438989625 1144.046631 533.868896
0 1568505649 1189.660767 602.937744
0 1478255237 1552.387451 426.478271
0 1524804262 709.197693 903.370972
0 1568506650 1174.003662 533.397827
0 1478217187 1471.804688 427.872559
0 1568505648 1114.117676 534.339539
0 1568497640 1254.418213 601.990417
0 1578511665 1249.017700 583.595703
0 1478258241 1499.851074 390.820038
0 1524796253 461.949158 1009.495667
0 1478206173 1438.295044 338.009491
0 1524826291 531.446350 937.906982
0 1578529688 1052.934326 519.451843
0 1478233207 1551.108276 389.903839
0 1708834178 1153.817383 585.016052
0 1478189153 1378.805054 359.714355
0 1568499641 996.175598 605.768311
0 1478245224 1560.206177 401.559509
0 1524852325 488.906586 938.309631
0 1478219190 1296.240112 340.668427
0 1578525682 1055.806885 551.695984
0 1478232206 1348.896729 349.824158
0 1524818280 585.960144 1047.058105
0 1524850322 403.999237 939.113342
0 1438996635 1212.663330 566.374023
0 1524832299 539.678589 1047.415649
0 1478242220 1517.046631 379.061249
0 1438999639 1032.839844 686.739685
0 1478196161 1482.126465 402.940735
0 1478252234 1444.988770 428.336578
0 1478211179 1361.627808 329.587585
0 1578523680 995.035645 552.635986
0 1578530689 1065.867432 664.632507
0 1568508653 1137.821655 685.338623
0 1524826290 361.631378 939.514343
0 1524847319 401.240692 1048.485107
0 1524810270 732.179504 1007.242493
0 1524835302 551.768799 1008.746704
0 1524799257 493.464935 1047.772583
0 1478233208 1391.132080 381.334412
0 1608354172 1141.023682 518.044617
0 1524835303 702.181641 936.291016
0 1478251232 1525.503906 426.943451
0 1524812273 616.698486 937.100098
0 1706512175 963.309387 666.036194
0 1438986622 964.894775 536.686157
0 1478211180 1459.219482 369.006500
0 1478223195 1437.465210 415.901886
0 1478244223 1441.438354 380.426208
0 1438987623 1084.217041 534.809753
0 1478193157 1409.637817 369.910248
0 1478198164 1525.469360 390.362152
0 1478236212 1321.095947 394.015198
0 1478240217 1352.415894 405.235291
0 1478214183 1500.952393 357.467377
0 1578521678 1134.423828 663.694153
0 1524844314 446.424255 938.711792
0 1524806265 506.826965 1009.121460
0 1524787243 355.229828 1048.840576
0 1478241219 1360.132935 370.812561
0 1524799256 563.206665 972.164246
0 1478190154 1310.704834 371.713440
0 1478226198 1384.875732 370.361542
0 1478208176 1414.575317 338.453461
0 1478214184 1391.424683 429.263367
0 2084722944 1086.236084 551.225342
0 1578522679 1062.244263 623.960693
0 1774531078 1100.127197 664.163574
0 1525674169 1029.398193 624.431335
0 1478197162 1478.528809 327.381409
0 1524815276 574.043579 937.503845
0 1768901071 964.693542 553.105225
0 1578526684 1058.901245 586.432129
0 1478182144 1508.878052 368.101379
0 1524853326 418.595581 906.272705
0 1478218189 1332.152100 417.744781
0 1578513667 1122.147095 585.488525
0 1438983618 1150.436768 567.319702
0 1478224196 1372.066772 393.104126
0 1478247227 1517.382812 346.697205
0 1478191155 1330.076660 360.610718
0 1478236211 1498.643066 427.408203
0 1478258242 1501.960327 326.939178
0 1478212181 1340.904907 382.241180
0 1478185147 1404.236816 404.318573
0 1568502645 1198.454712 641.995544
0 1568508652 1119.369141 567.791870
0 1438984619 1203.989014 532.926270
0 1659977623 1107.598633 594.832153
0 1478209177 1542.289062 378.605530
0 1438982617 1092.770874 604.355164
0 1771287074 1237.536377 662.282898
0 2087111947 1025.406616 552.166260
0 1524817279 501.351654 905.446350
0 1524795251 417.135284 1009.869263
0 1478230204 1416.275391 380.880493
0 1478230203 1485.787476 337.120483
0 1578516671 1260.036743 621.126831
0 1568513659 1060.539795 604.826721
0 1578529687 1203.128418 662.753845
0 1524819282 475.791016 972.943726
0 1478253235 1366.008667 381.787964
0 1478243221 1493.258911 347.144897
0 1568501644 1234.002563 532.454285
0 1438998637 1172.892822 684.870544
0 1524816278 725.213684 1045.982178
0 1705773174 963.807800 625.371033
0 1568507651 997.922852 687.205688
0 1438999638 1024.499756 535.748840
0 1478252233 1418.195557 428.800140
0 1438993630 964.484741 570.145874
0 1478237214 1343.521484 339.783447
0 1478248228 1423.119141 392.191559
0 1478225197 1300.920898 350.714539
0 1524832298 447.319031 1048.129150
0 1478200166 1291.692139 330.907471
0 1478250231 1490.252319 414.978149
0 1478245225 1367.188599 339.340424
0 1438995633 963.563721 645.287292
0 1524849321 694.786377 970.990906
0 1568512658 997.013428 644.818542
0 1568514661 1131.165771 642.938477
0 1478231205 1543.126465 414.052917
0 1773608077 1027.325317 586.903198
0 1438977615 1222.022949 602.464355
0 1607644171 1208.245361 549.338257
0 1568504647 994.683289 536.217712
0 1568500642 1125.034790 603.883179
0 1478256239 1448.676025 391.734772
0 1568503646 1265.886230 641.050598
0 1478220191 1390.873169 338.897125
0 1478207174 1491.823975 379.516602
0 1478213182 1372.911865 349.378418
0 1568516663 1054.344360 535.279480
0 1578517672 994.343750 520.387817
0 1578527685 1238.820923 548.865417
0 1478240218 1456.142212 403.400391
0 1478215185 1324.899780 350.269501
0 1478197163 1474.253296 391.277618
0 1478221192 1463.847900 415.440216
0 2086284946 1095.124390 623.489624
0 1524824288 625.894836 904.202759
0 1478226199 1434.418945 369.458527
0 1578518673 1111.633423 518.514099
0 1438981616 964.042297 606.238403
0 1478238215 1305.740356 361.058411
0 1609135173 1168.757568 663.224304
0 1524793249 632.309753 1046.699951
0 1568515662 1208.002686 684.401978
0 1568516664 1067.795166 686.273193
0 1438991628 1102.789185 685.806152
0 1478249230 1315.820923 382.694000
0 1438996634 1028.341309 605.297791
0 1578519675 1170.441040 517.574646
0 1478255238 1338.298828 330.027863
0 1438993631 1243.151245 683.932922
0 1524788244 678.727539 1046.341309
0 1772785076 1023.625488 519.920044
0 1524828293 519.468506 972.554260
0 1478203171 1384.973877 329.147003
0 1524798255 372.385162 1010.242432
0 1478199165 1403.197144 359.265656
0 1578528686 1128.038574 623.018005
0 1478192156 1420.996338 348.486053
0 1478228201 1508.131836 402.480713
0 1772037075 1031.644531 665.100891
0 1578515670 1193.969238 622.073364
0 1478218188 1431.717041 328.264862
0 1478202169 1430.179077 403.859650
0 1478254236 1455.114380 327.823273
0 1478246226 1314.987061 330.467834
0 1524822285 388.617462 973.721069
0 1524841310 745.010254 935.885620
0 1478235210 1509.560181 336.675507
0 1578515669 1229.357666 516.633484
0 1 601.894104 350.794434
0 2 1081.060791 154.791977
0 6 650.519287 410.416870
0 7 516.786987 444.556671
0 10 834.334900 391.101715
0 13 758.853577 394.725311
0 22 1540.939697 173.877838
0 23 887.421997 648.562134
0 24 1638.330688 301.029480
0 25 1018.052002 714.997070
0 26 977.310425 766.694580
0 27 1479.029297 519.712158
0 28 1091.879272 382.985565
0 29 1195.754883 405.559082
0 30 1759.230469 273.557709
0 31 943.755920 420.092346
0 33 1573.838257 516.627502
0 35 1566.430664 281.471924
0 37 1686.057861 273.665955
0 39 1480.811157 169.104996
0 40 1596.358521 261.087708
0 46 1420.141357 151.225357
0 53 535.549377 359.476379
0 55 1370.639282 157.182785
0 59 400.979126 809.840698
0 187 625.271118 619.214783
0 218 1772.045532 373.367615
0 227 1491.631348 276.080536
0 228 960.118225 249.570450
0 229 516.554138 337.885315
0 231 1032.210327 220.465561
