0 1578512666 924.539246 667.656006
0 1524823287 1275.320923 1035.383667
0 1478234209 1021.822144 502.758667
0 1707269176 1029.726929 621.253357
0 1438989626 1001.342590 714.997986
0 1524801259 1085.753906 909.755188
0 1438992629 995.107849 682.949219
0 1478227200 944.888611 486.445160
0 1524854327 1142.021362 869.577271
0 1478249229 896.196411 478.459564
0 1524807266 900.543579 971.237549
0 1524863340 1181.755371 1074.670776
0 1524831297 953.813232 1003.967529
0 1478229202 933.371216 489.986511
0 1568509654 1010.680176 675.495850
0 1524790246 1149.037109 1055.764893
0 1578523681 1114.878052 641.099792
0 1478207175 931.324646 475.461639
0 1524861337 1328.388184 983.035889
0 1478210178 990.915649 479.908295
0 1524862338 948.221252 939.724548
0 1478186149 968.927551 486.803925
0 1524797254 1010.717468 1038.930786
0 1578518674 1015.747131 627.420410
0 1438985621 1083.014282 640.874573
0 1524857331 1261.089600 1000.410706
0 1478203170 978.248047 476.187836
0 1438994632 923.296570 653.379700
0 1578520676 998.149536 698.584656
0 1478237213 965.595703 531.244568
0 1568511657 939.088013 646.592102
0 1775370079 907.992798 674.955383
0 1478195160 1057.208496 499.378448
0 1568510655 907.114990 660.334961
0 1478257240 963.891113 522.482178
0 1578521677 952.666931 626.932495
0 1524794250 1265.459351 952.106567
0 1524812272 1131.994751 909.440918
0 1769859072 971.789490 646.812012
0 1578525683 960.535950 682.780640
0 1770636073 967.417847 620.751343
0 1524846317 1126.855103 1075.514893
0 1524833300 1112.782349 923.729980
0 1568511656 1133.668335 647.900452
0 1438985620 1055.132446 654.219666
0 1478185148 1043.540771 495.364227
0 1707993177 963.405640 596.832947
0 1478189152 951.633667 526.655396
0 1524791247 1170.347412 1036.790894
0 1524830296 1117.429199 1037.500244
0 2088218948 1036.864990 647.249573
0 1524827292 1242.399780 1017.905212
0 1606348170 1064.893555 634.202332
0 1524855329 1013.668091 896.466919
0 1478183145 953.130798 535.580261
0 1438990627 954.503357 639.966187
0 1524840309 1279.087769 983.563843
0 1478222194 948.795288 509.734436
0 1709860179 840.322571 645.928040
0 1478188151 897.549622 501.000824
0 1438988624 1018.970947 640.421875
0 1478243222 860.041321 496.550110
0 1524844315 981.788208 1021.156006
0 1524858333 1236.344971 1073.831421
0 1524811271 992.605835 910.388245
0 1524859334 1256.221436 1054.224365
0 1478216186 975.916199 518.388062
0 1524851324 1282.475464 936.955994
0 1524814275 1079.062012 882.767151
0 1578514668 981.832947 614.710876
0 1478184146 950.189453 518.045593
0 1524829294 1138.995605 1019.195007
0 1478176143 898.032104 509.037231
0 1524860336 1053.717896 869.995728
0 1478222193 909.042969 489.628052
0 1438997636 1025.865601 668.227661
0 1478194158 924.394653 517.702271
0 1478201168 943.670837 479.185699
0 1478187150 1019.283508 495.011505
0 1478205172 956.203735 482.966003
0 1524838306 1001.039795 970.245422
0 1568514660 1026.381836 609.070984
0 1524865342 1091.221313 845.207458
0 2085418945 904.708374 620.245972
0 1524808268 1105.143433 895.910034
0 1478200167 970.586914 494.303406
0 1478194159 932.331177 482.605255
0 1568501643 998.622192 621.002747
0 1478239216 925.376770 526.317505
0 1524820283 1150.559448 895.633545
0 1438989625 950.908325 614.451965
0 1568505649 1033.218018 633.967712
0 1478255237 1046.487549 503.107574
0 1524804262 1072.772461 857.401367
0 1568506650 965.369690 608.541260
0 1478217187 1013.119019 514.714294
0 1568505648 936.113403 620.499023
0 1568497640 1060.732422 621.503235
0 1578511665 1043.389160 615.226379
0 1478258241 994.965576 494.657867
0 1524796253 1050.901855 969.753174
0 1478206173 919.962463 478.823059
0 1524826291 1018.360535 924.440735
0 1578529688 889.176331 626.441345
0 1478233207 1016.828247 487.518799
0 1708834178 1001.438965 633.732361
0 1478189153 909.707458 497.262573
0 1568499641 942.342041 675.136169
0 1478245224 1030.082275 491.411469
0 1524852325 996.682800 939.323181
0 1478219190 847.395020 500.291412
0 1578525682 922.109070 639.737244
0 1478232206 884.905884 496.906799
0 1524818280 1140.635010 938.130859
0 1524850322 950.921021 970.740173
0 1438996635 1012.659790 614.968994
0 1524832299 1120.933960 953.416504
0 1478242220 992.907349 487.161835
0 1438999639 1033.428467 698.728394
0 1478196161 997.093994 502.408905
0 1478252234 1001.575378 518.729553
0 1524803261 1229.532593 984.094421
0 1478211179 872.415039 485.363525
0 1578523680 890.057495 653.167969
0 1578530689 1029.557495 683.117249
0 1568508653 1078.541748 675.853088
0 1524826290 926.746216 987.336975
0 1524847319 1057.324829 1002.769287
0 1524810270 1168.508789 882.283875
0 1524835302 1092.887939 938.526367
0 1524799257 1100.509399 969.263489
0 1478233208 935.558594 505.510956
0 1608354172 934.719910 608.275024
0 1524835303 1097.970215 869.786072
0 1478251232 1035.569336 506.905273
0 1524812273 1059.513428 896.187866
0 1706512175 981.822876 706.625000
0 1438986622 856.705200 652.955444
0 1478211180 957.639038 490.344086
0 1524823286 1202.778320 1054.992432
0 1478223195 987.715759 514.370728
0 1478244223 959.122803 497.971405
0 1438987623 920.973145 626.687317
0 1478193157 934.446350 497.617462
0 1478198164 1005.994263 491.056549
0 1524862339 1179.721191 984.627930
0 1478236212 911.843384 521.800781
0 1478240217 937.901855 522.141968
0 1478214183 967.321838 479.547424
0 1578521678 1059.408081 668.416870
0 1524844314 974.217468 954.746338
0 1524848320 1206.292480 923.026123
0 1524806265 1072.274292 953.857605
0 1524787243 1034.473877 1020.498779
0 1478241219 910.394897 505.160156
0 1524799256 1065.686279 924.084473
0 1478190154 885.436035 512.987427
0 1478226198 922.530945 501.354218
0 1478208176 908.400208 482.243622
0 1478214184 977.820190 526.992432
0 2084722944 937.568115 633.259399
0 1578522679 992.206970 668.037781
0 1774531078 1044.670166 675.674805
0 1525674169 976.570923 675.316345
0 1478197162 930.349976 468.544403
0 1524815276 1039.291382 910.070923
0 1768901071 873.436890 660.132507
0 1578526684 956.423035 653.590759
0 1478182144 980.018005 483.325867
0 1524853326 924.816589 955.194092
0 1478218189 939.137329 530.910034
0 1578513667 986.790527 640.194397
0 1438983618 984.258057 627.176819
0 1478224196 936.709717 513.680908
0 1478247227 965.767334 472.522278
0 1524792248 1313.156250 951.674255
0 1524808267 1169.350098 952.977661
0 1478191155 885.166321 504.808441
0 1524856330 1040.651001 1057.322510
0 1478236211 1024.448486 510.773529
0 1478258242 941.350098 465.350952
0 1478212181 911.106445 513.334595
0 1478185147 962.246033 514.026245
0 1568502645 1069.240234 647.467224
0 1568508652 969.555786 633.496277
0 1438984619 979.508545 602.762268
0 1659977623 988.099121 646.921631
0 1478209177 1003.774231 483.684845
0 1438982617 989.437500 653.801086
0 1524805264 1235.427124 937.345764
0 1771287074 1101.507812 647.684143
0 2087111947 906.276733 646.371521
0 1524817279 970.803467 924.798645
0 1524795251 1028.727905 986.244873
0 1478230204 947.448608 501.706635
0 1478230203 942.491943 472.157928
0 1524847318 1210.550293 1000.995728
0 1578516671 1078.421143 627.905212
0 1568513659 974.125427 660.737732
0 1578529687 1087.814087 654.427856
0 1524819282 1023.369507 954.300842
0 1478253235 923.446594 509.386292
0 1524836304 1129.651367 985.164124
0 1478243221 954.814575 475.825195
0 1568501644 993.335510 597.110779
0 1438998637 1092.835083 668.605469
0 1524816278 1195.763184 895.358337
0 1705773174 944.086426 690.437805
0 1524842312 1071.641602 1076.363892
0 1568507651 1017.597107 706.755859
0 1438999638 889.607117 639.507507
0 1478252233 989.811157 522.821533
0 1438993630 890.528809 667.464172
0 1478237214 872.458923 492.876465
0 1524857332 1311.364502 999.828735
0 1478248228 960.657593 505.860901
0 1478225197 859.872681 504.455811
0 1524859335 1086.875610 1019.845154
0 1524832298 1079.320923 985.703064
0 1478200166 835.113525 496.192535
0 1478250231 1010.662781 506.558044
0 1478245225 884.654053 489.268677
0 1438995633 962.742371 698.440369
0 1524804263 1198.968262 968.291443
0 1524839308 1108.669922 1002.175049
0 1524849321 1123.888794 882.524963
0 1568512658 979.133850 690.594849
0 1568514661 1040.678589 661.137695
0 1478231205 1032.779663 499.028015
0 1773608077 940.677673 660.536682
0 1438977615 1047.134766 627.663208
0 1524834301 1247.823364 967.809143
0 1607644171 995.923462 608.806519
0 1524800258 1094.995483 1056.541504
0 1568504647 873.355103 646.150146
0 1568500642 1004.381592 647.031128
0 1478256239 972.302856 502.058228
0 1524815277 1223.818115 908.816895
0 1568503646 1096.466064 634.436096
0 1478220191 896.632568 485.724945
0 1478207174 981.846680 490.700775
0 1524841311 1293.688232 1017.265442
0 1478213182 897.083374 493.234558
0 1524813274 1188.147583 937.737366
0 1568516663 905.475342 633.021729
0 1578517672 856.997009 639.276978
0 1578527685 1009.700317 603.033569
0 1478240218 985.692200 506.209930
0 1478215185 872.504395 500.646576
0 1524838307 1252.709595 922.676697
0 1478197163 983.737000 498.324524
0 1478221192 999.295898 510.428070
0 1524819281 1064.219971 1038.213501
0 2086284946 1007.458862 660.938110
0 1524824288 1034.027100 883.010376
0 1524802260 1344.794556 966.851807
0 1478226199 946.147156 493.947998
0 1578518673 919.885559 614.192139
0 1438981616 925.841064 682.611389
0 1478238215 872.551392 508.687256
0 1609135173 1073.785034 661.336670
0 1524837305 1296.431519 967.329285
0 1524793249 1159.650513 923.377197
0 1568515662 1106.778931 661.535034
0 1568516664 1048.852783 690.907288
0 1438991628 1063.885742 683.284668
0 1478249230 898.531616 517.358032
0 1438996634 958.431763 667.847229
0 1578519675 949.222961 602.490112
0 1524829295 1222.977173 1036.085327
0 1524864341 1217.524658 952.541016
0 1478255238 860.204346 488.908417
0 1438993631 1120.385986 654.635376
0 1524788244 1178.015625 909.128113
0 1772785076 873.276978 632.783264
0 1524828293 1044.904419 938.923767
0 1478203171 884.410522 481.881104
0 1524798255 1005.706543 1003.366882
0 1478199165 921.646057 493.591736
0 1578528686 1022.340454 654.010742
0 1478192156 920.790283 486.085510
0 1478228201 1008.289124 498.676697
0 1772037075 1014.055725 690.751343
0 1578515670 1051.045410 640.648621
0 1524851323 1149.864136 968.776184
0 1478218188 907.778076 475.097260
0 1478202169 974.078308 510.081696
0 1478254236 919.160950 471.792694
0 1478246226 847.772461 492.517487
0 1524809269 1190.836304 1018.548340
0 1524822285 977.870422 986.789490
0 1524841310 1116.268921 857.223328
0 1478235210 953.469360 468.910370
0 1578515669 977.278503 591.299377
0 1524854328 1159.744507 1001.583801
0 0 573.813660 512.357483
0 1 1056.958984 782.036926
0 2 1029.391113 812.054871
0 3 640.721619 506.944153
0 4 1258.529053 749.842041
0 5 432.074585 620.759705
0 6 957.674438 470.511780
0 7 1376.931885 664.251526
0 8 1390.413086 564.331726
0 9 1556.268066 643.984924
0 10 1320.508179 680.003235
0 11 671.304016 818.868408
0 12 1136.499146 527.564575
0 13 488.689606 639.356445
0 14 1204.130615 537.764587
0 15 1005.538452 476.611694
0 16 520.094177 524.521118
0 17 1471.331421 605.156189
0 18 902.759888 892.299133
0 19 847.333313 555.766235
0 20 1521.543945 665.460205
0 21 1498.163940 627.220581
0 22 1448.005859 710.624756
0 23 1049.766602 502.586700
0 24 646.715942 775.608398
0 25 945.741089 524.938477
0 26 880.830505 536.523499
0 27 559.329773 742.543152
0 28 1405.271851 753.616638
0 29 1386.297363 719.015259
0 30 1131.686401 797.889282
0 31 407.810974 569.532532
0 32 1207.144287 504.762054
0 33 1045.998901 488.414520
0 34 1038.128540 466.891113
0 35 441.233887 596.748291
0 36 935.183655 768.110779
0 37 1252.464600 517.075500
0 38 1489.229126 691.189026
0 39 1082.863281 475.480103
