0 1578512666 1033.096313 459.580414
0 1707269176 1190.269897 369.530121
0 1438989626 1127.374878 547.242371
0 1438992629 1126.676270 486.390533
0 1568509654 1150.374146 471.904358
0 1578523681 1307.120239 403.319885
0 1578518674 1169.211670 381.595154
0 1438985621 1261.259644 404.121704
0 1438994632 1035.159302 433.156586
0 1578520676 1127.015869 515.973877
0 1568511657 1058.461426 420.074707
0 1775370079 1008.637390 473.593719
0 1568510655 1011.350220 446.523071
0 1578521677 1082.075684 383.296021
0 1769859072 1103.335938 419.337585
0 1578525683 1078.604736 486.905670
0 1770636073 1103.867310 371.301453
0 1568511656 1332.954102 415.565735
0 1438985620 1218.359741 430.345734
0 1707993177 1104.350098 327.663483
0 2088218948 1194.122070 417.846283
0 1606348170 1236.918945 392.261108
0 1438990627 1081.272705 407.268463
0 1709860179 925.864807 422.252838
0 1438988624 1170.583008 405.707031
0 1578514668 1125.220093 359.548553
0 1438997636 1173.542358 457.741913
0 1568514660 1188.480103 347.081970
0 2085418945 1018.713318 373.047241
0 1568501643 1146.910889 370.419006
0 1438989625 1082.840820 360.458008
0 1568505649 1192.148315 393.089996
0 1568506650 1104.114380 348.971344
0 1568505648 1061.135986 372.177521
0 1568497640 1233.947876 368.634644
0 1578511665 1210.901001 357.709869
0 1578529688 996.211731 384.972046
0 1708834178 1147.712646 393.912689
0 1568499641 1055.504272 473.035126
0 1578525682 1037.120239 408.040405
0 1438996635 1167.905640 358.632538
0 1438999639 1176.831055 515.564819
0 1578523680 990.237122 433.845825
0 1578530689 1175.142334 485.871155
0 1568508653 1246.789917 470.755157
0 1608354172 1062.379639 349.906006
0 1706512175 1102.094604 531.561951
0 1438986622 945.657898 434.529816
0 1438987623 1038.986572 384.137085
0 1578521678 1221.109131 457.119263
0 2084722944 1059.831543 395.539703
0 1578522679 1126.354370 458.359619
0 1774531078 1198.386475 471.332092
0 1525674169 1102.748169 472.472015
0 1768901071 966.033447 447.167999
0 1578526684 1080.428711 432.462036
0 1578513667 1125.759033 406.490692
0 1438983618 1125.482910 382.448730
0 1568502645 1240.041626 417.091949
0 1568508652 1103.608276 394.729218
0 1438984619 1124.969360 337.710754
0 1659977623 1125.902100 418.966888
0 1438982617 1126.049072 431.762085
0 1771287074 1286.317505 416.331818
0 2087111947 1013.927307 420.806274
0 1578516671 1257.647827 379.868896
0 1568513659 1103.049805 445.218109
0 1578529687 1265.058350 429.629272
0 1568501644 1145.417847 326.669556
0 1438998637 1269.058960 456.491547
0 1705773174 1053.905151 501.671722
0 1568507651 1152.398071 531.214539
0 1438999638 993.298096 408.806580
0 1438993630 987.017334 460.183563
0 1438995633 1077.617310 516.379517
0 1568512658 1102.430420 501.211639
0 1568514661 1196.198730 443.892456
0 2079485312 1125.901978 418.914124
0 1773608077 1057.020996 445.873138
0 1438977615 1213.265259 380.735229
0 1607644171 1146.146851 348.030029
0 1568504647 969.729675 421.532288
0 1568500642 1148.554932 418.594788
0 1568503646 1282.028564 391.425964
0 1568516663 1016.378662 396.344177
0 1578517672 949.802368 409.567017
0 1578527685 1166.660400 336.738953
0 2086284946 1149.440918 444.557892
0 1578518673 1040.764771 361.360931
0 1438981616 1030.922974 487.416687
0 1609135173 1243.327515 443.221771
0 1568515662 1290.831787 442.545715
0 1568516664 1200.694458 500.280029
0 1438991628 1224.007812 485.347473
0 1438996634 1079.540527 458.972443
0 1578519675 1083.570557 338.675720
0 1438993631 1312.125000 428.907135
0 1772785076 973.246338 397.142761
0 1578528686 1172.024658 431.056671
0 1772037075 1151.358521 500.747772
0 1578515670 1215.748535 404.917389
0 1578515669 1124.729980 316.863037
0 0 1171.025146 579.158936
0 1 1284.907959 632.369507
0 2 1166.464600 676.643982
0 3 1210.762817 492.055603
0 4 1242.972168 227.158859
0 5 1076.977295 187.832932
0 6 1112.316162 160.705536
0 7 1320.085938 239.180923
0 8 1456.954346 410.994812
0 9 989.594543 284.153778
