0 1578512666 1010.142090 532.012024
0 1524823287 842.347534 375.057312
0 1478234209 815.669556 877.739197
0 1707269176 888.076904 592.489319
0 1438989626 942.402649 496.091125
0 1524801259 915.256531 403.684235
0 1438992629 942.555176 521.985046
0 1478227200 972.744690 940.388916
0 1524854327 873.663147 419.587463
0 1478249229 1089.257202 973.845276
0 1524807266 1018.873108 380.783020
0 1524863340 892.742798 364.626617
0 1524831297 992.246460 374.247101
0 1478229202 999.362305 920.249939
0 1568509654 925.916504 529.753357
0 1524790246 904.679321 367.678864
0 1578523681 801.708130 573.257751
0 1478207175 1004.063843 999.287231
0 1524861337 801.761902 389.162445
0 1478210178 859.018127 985.970337
0 1524862338 994.095032 390.543274
0 1478186149 917.324036 943.324524
0 1524797254 966.507202 367.929047
0 1578518674 906.753540 583.235962
0 1438985621 836.954773 571.287781
0 1524857331 840.731934 382.936737
0 1478203170 886.759155 1005.445801
0 1438994632 1011.771912 546.380371
0 1578520676 942.477295 508.760986
0 1478237213 944.001038 767.442932
0 1568511657 995.145752 554.791443
0 1775370079 1026.054688 524.128113
0 1478195160 734.944946 898.865173
0 1568510655 1028.026367 538.157410
0 1478257240 944.161316 794.656494
0 1578521677 979.074890 579.202698
0 1524794250 825.270081 396.003479
0 1524812272 888.674561 405.203613
0 1769859072 960.221008 556.745483
0 1578525683 975.560852 520.129211
0 1770636073 961.254761 588.413025
0 1524846317 917.172607 363.222626
0 1524833300 902.286926 400.073547
0 1568511656 785.880737 566.499878
0 1438985620 873.745300 554.111023
0 1478185148 757.983215 915.039124
0 1707993177 962.393860 623.310242
0 1478189152 967.494873 779.569092
0 1524791247 891.982727 372.207672
0 1524830296 916.814636 370.782013
0 2088218948 890.428223 560.650391
0 1524827292 854.054504 378.246613
0 1606348170 853.587524 578.185730
0 1524855329 955.294373 405.827026
0 1478183145 966.634460 753.214478
0 1438990627 978.134766 563.397095
0 1524840309 827.187195 387.705017
0 1478222194 969.386353 837.510925
0 1709860179 1100.033447 548.922913
0 1478188151 1073.808960 863.923279
0 1438988624 907.506104 567.344604
0 1478243222 1155.158203 876.429749
0 1524843313 893.478577 357.287201
0 1524844315 979.268738 371.061554
0 1524858333 868.322205 366.030090
0 1524811271 968.453308 400.643646
0 1524859334 855.439575 370.507294
0 1478216186 920.089417 810.221375
0 1524851324 811.242920 401.006836
0 1524814275 914.832031 412.647705
0 1578514668 943.002014 597.846741
0 1478184146 968.410278 807.612000
0 1524829294 904.111023 375.374237
0 1478176143 1069.341675 832.136353
0 1524860336 928.270142 416.472015
0 1478222193 1053.852417 917.355652
0 1438997636 908.910339 537.693176
0 1478194158 1016.767395 805.000671
0 1478201168 974.034912 979.913208
0 1478187150 811.307556 912.199280
0 1478205172 945.142700 961.272583
0 1524838306 967.447144 383.729156
0 1568514660 886.813599 609.595520
0 1524865342 900.261108 427.504944
0 2085418945 1034.515625 584.332031
0 1524808268 901.635620 408.892181
0 1478200167 918.088806 906.512573
0 1478194159 1001.625000 958.289246
0 1568501643 924.655457 590.451721
0 1478239216 1014.350159 777.028564
0 1524820283 874.823059 410.423828
0 1438989625 980.061401 595.784790
0 1568505649 889.280457 576.192993
0 1478255237 764.165588 880.495728
0 1524804262 914.392029 421.938660
0 1568506650 961.810120 605.427795
0 1478217187 846.192322 828.929993
0 1568505648 997.874817 586.373108
0 1568497640 851.519165 594.525757
0 1578511665 868.947327 601.967102
0 1478258241 864.676086 909.357178
0 1524796253 941.749451 385.201385
0 1478206173 1031.620361 976.880615
0 1524826291 955.008118 397.058319
0 1578529688 1051.477539 575.164978
0 1478233207 806.625427 949.188232
0 1708834178 924.993103 574.199158
0 1478189153 1049.847900 882.052307
0 1568499641 992.658020 526.004150
0 1478245224 781.861145 931.802490
0 1524852325 967.941528 392.039886
0 1478219190 1177.354614 858.381409
0 1578525682 1013.478149 561.421753
0 1478232206 1102.481567 879.242188
0 1524818280 889.544556 396.526093
0 1524850322 993.155029 382.256378
0 1438996635 905.964050 599.907532
0 1524832299 902.915833 391.557709
0 1478242220 861.950989 946.257568
0 1524789245 905.761963 353.018250
0 1438999639 910.194336 510.579498
0 1478196161 867.214783 874.980469
0 1478252234 871.804749 812.828796
0 1524803261 852.622620 386.247070
0 1478211179 1139.292969 931.566833
0 1578523680 1046.324707 544.445129
0 1578530689 909.566345 523.839966
0 1568508653 859.244080 533.498596
0 1524826290 1005.446106 377.487122
0 1524847319 941.702026 377.145935
0 1524810270 860.726074 415.736511
0 1524835302 915.666260 395.031281
0 1524821284 881.000244 361.623962
0 1524799257 916.062134 386.672974
0 1478233208 995.293579 851.852478
0 1608354172 999.341125 603.342163
0 1524835303 900.960815 418.030090
0 1478251232 792.415833 862.736328
0 1524812273 928.459473 407.359924
0 1706512175 958.416138 501.458221
0 1438986622 1080.896240 542.508789
0 1478211180 944.918091 923.141663
0 1524823286 880.054749 369.093384
0 1478223195 895.243469 826.286743
0 1478244223 944.709167 887.665710
0 1438987623 1015.266052 577.184448
0 1478193157 997.257019 884.860168
0 1478198164 836.167664 928.918030
0 1524862339 878.068054 384.788513
0 1478236212 1039.350098 789.505615
0 1478240217 991.738159 792.082031
0 1478214183 916.500854 982.943115
0 1578521678 875.201660 539.584900
0 1524844314 980.655212 387.106598
0 1524848320 849.608887 403.086243
0 1524806265 928.818542 390.074615
0 1524787243 954.206421 372.499664
0 1478241219 1046.113037 849.126160
0 1524799256 928.642151 398.566284
0 1478190154 1091.822266 815.693665
0 1478226198 1022.098267 866.690857
0 1478208176 1058.156860 955.303223
0 1478214184 920.673523 782.107666
0 2084722944 996.477905 570.208130
0 1578522679 942.636597 535.800476
0 1524825289 917.519165 355.904236
0 1774531078 892.571716 531.626465
0 1525674169 959.278625 527.879211
0 1478197162 1006.700012 1043.603149
0 1524815276 941.849365 402.164276
0 1768901071 1062.197144 536.241638
0 1578526684 977.237549 548.314636
0 1478182144 888.709900 964.253296
0 1524853326 1006.589233 385.621704
0 1478218189 990.123474 764.937378
0 1578513667 942.810730 565.371399
0 1438983618 942.904114 581.219910
0 1478224196 993.457947 820.994202
0 1478247227 915.612488 1025.702148
0 1524792248 799.408875 397.484222
0 1524795252 905.229309 360.230774
0 1524808267 877.023499 393.040222
0 1478191155 1096.972412 846.397705
0 1524856330 953.956665 364.848328
0 1478236211 819.743286 845.557068
0 1478258242 976.934937 1068.753540
0 1478212181 1042.621460 818.344910
0 1478185147 944.332092 823.641479
0 1568502645 855.560181 562.601318
0 1568508652 960.725586 572.204224
0 1438984619 943.104919 615.310730
0 1659977623 942.765686 557.722107
0 1478209177 832.326416 967.231506
0 1438982617 942.721680 550.247803
0 1524805264 837.332886 399.513885
0 1771287074 820.711060 564.551086
0 2087111947 1030.089355 552.836304
0 1524817279 981.384888 395.549835
0 1524795251 954.464600 380.409454
0 1478230204 970.429138 869.456299
0 1478230203 975.427429 1022.572021
0 1524847318 865.959595 381.489868
0 1578516671 834.513245 587.264648
0 1568513659 959.739136 541.985962
0 1578529687 839.284790 556.041138
0 1524819282 954.731689 388.590912
0 1478253235 1019.344604 834.824707
0 1524836304 903.523499 383.329407
0 1478243221 945.384827 1002.367920
0 1568501644 923.928467 625.442566
0 1438998637 841.510681 541.475708
0 1524816278 848.021606 411.954773
0 1705773174 991.494934 512.544983
0 1524845316 929.467590 358.837097
0 1524842312 941.611755 361.818085
0 1568507651 926.466980 503.259521
0 1438999638 1048.840820 559.445251
0 1478252233 896.619568 797.229126
0 1438993630 1043.921387 530.116272
0 1478237214 1132.183350 895.110962
0 1524857332 815.514038 384.382996
0 1478248228 944.514282 854.576721
0 1478225197 1147.871948 843.667114
0 1524859335 929.153809 373.937256
0 1524832298 928.989014 381.869720
0 1478200166 1207.877808 873.615051
0 1478250231 843.075439 860.018555
0 1478245225 1108.388550 914.458923
0 1438995633 974.776489 506.941589
0 1524804263 864.718018 389.614441
0 1524839308 916.444641 378.594482
0 1524849321 887.773376 414.192444
0 1568512658 958.838074 514.382874
0 1568514661 891.524170 545.810425
0 1478231205 787.321960 896.068726
0 1773608077 993.873718 540.072144
0 1438977615 870.623230 585.250854
0 1524834301 839.061279 391.084259
0 1607644171 924.300964 607.512268
0 1524800258 929.313232 366.263885
0 1568504647 1065.051880 550.880127
0 1568500642 925.315125 558.698486
0 1478256239 918.801331 872.219482
0 1524815277 835.543640 408.240448
0 1568503646 817.914307 580.177368
0 1478220191 1083.729004 934.510010
0 1478207174 890.519958 926.031067
0 1524841311 829.040771 379.681946
0 1478213182 1078.593018 897.964966
0 1524813274 863.433411 398.020294
0 1568516663 1032.250000 568.210938
0 1578517672 1084.222900 557.467712
0 1578527685 905.134766 617.418152
0 1478240218 893.774902 857.298706
0 1478215185 1125.561035 861.153503
0 1524838307 823.285950 404.591705
0 1478197163 892.204041 890.468994
0 1478221192 869.585693 842.877075
0 1524819281 941.656128 369.355835
0 2086284946 925.622620 543.898682
0 1524824288 941.902100 411.102325
0 1524802260 787.778564 394.022217
0 1478226199 971.545837 903.665771
0 1578518673 1017.141968 593.721680
0 1438981616 1008.583618 518.272461
0 1478238215 1119.377563 829.445984
0 1609135173 857.443787 547.721130
0 1524837305 813.414795 392.553528
0 1524793249 875.942505 401.580231
0 1568515662 823.381348 549.630859
0 1568516664 893.573853 518.055969
0 1438991628 876.594360 525.693848
0 1478249230 1065.160767 802.387329
0 1438996634 976.380493 533.906738
0 1578519675 981.097412 613.201965
0 1524829295 867.160339 373.632782
0 1524864341 851.141541 394.522156
0 1478255238 1162.970947 911.559814
0 1438993631 804.842712 557.970154
0 1524788244 862.103577 406.722321
0 1772785076 1068.042114 566.212708
0 1524828293 941.798584 393.535889
0 1478203171 1114.738281 952.314697
0 1524798255 966.969360 375.696777
0 1478199165 1025.047363 900.816528
0 1578528686 908.224243 552.179871
0 1478192156 1028.213013 937.450745
0 1478228201 839.741638 893.269958
0 1772037075 926.197693 516.219910
0 1578515670 872.220764 569.316772
0 1524851323 890.384949 388.143982
0 1478218188 1062.796387 996.203796
0 1478202169 919.466675 840.195007
0 1478254236 1035.297974 1019.438904
0 1478246226 1185.818115 892.254639
0 1524809269 879.077881 376.810699
0 1524822285 979.950256 378.948608
0 1524841310 886.839233 423.509613
0 1478235210 945.646423 1046.787476
0 1578515669 943.213135 633.676575
0 1524854328 891.197205 380.042450
0 2 208.651886 611.834778
0 3 52.868317 655.458984
0 5 764.600708 275.106171
0 6 1415.234619 425.982025
0 7 1361.344849 488.050110
0 10 1312.022949 491.042175
0 12 166.281876 593.880737
0 13 1375.752686 450.996582
0 14 811.842529 349.483704
0 17 725.061035 368.850464
0 18 483.956573 326.665558
0 20 387.944092 459.017548
0 21 239.431198 561.419495
0 23 1098.782104 602.754700
0 24 978.205139 1068.724609
0 25 1211.405029 546.710815
0 26 655.878479 675.003845
0 27 800.810547 690.854309
0 28 1189.042725 608.791321
0 29 698.986389 722.966431
0 31 1163.530029 575.767334
0 33 719.772217 687.571655
0 35 1225.970825 899.745850
0 36 250.374359 637.965088
0 37 1180.134277 1002.992126
0 38 677.675964 311.091583
0 44 452.876740 374.763153
0 53 1597.087891 508.976807
0 59 1796.155151 862.038086
0 77 1351.374878 911.339722
0 81 1628.323853 709.233093
0 84 1357.046875 378.186157
0 85 1395.948608 393.713898
0 96 752.098938 198.134048
0 98 843.001038 230.655228
0 101 961.110168 253.446014
0 102 978.145752 272.226715
0 103 947.608765 280.522400
0 106 99.130196 660.370422
