0 1578512666 1016.556458 380.919098
0 1524823287 540.752686 279.842865
0 1478234209 1419.226807 761.302917
0 1707269176 1003.893555 479.664124
0 1438989626 887.338318 369.402344
0 1524801259 686.582153 286.995270
0 1438992629 933.573792 393.972595
0 1478227200 1621.891479 738.089417
0 1524854327 668.162231 316.227051
0 1478249229 1735.827271 713.556335
0 1524807266 760.533630 234.494156
0 1524863340 583.562378 253.535690
0 1524831297 719.221680 235.197510
0 1478229202 1609.807373 711.036926
0 1568509654 930.551697 407.034668
0 1524790246 604.276428 253.210144
0 1578523681 879.801392 495.379669
0 1478207175 1722.723755 768.625854
0 1524861337 516.736328 307.995209
0 1478210178 1615.945312 826.500000
0 1524862338 751.261780 250.900131
0 1478186149 1590.945190 765.446228
0 1524797254 678.183716 235.896240
0 1578518674 1005.896545 464.045380
0 1438985621 913.803467 479.423584
0 1524857331 554.674866 288.693390
0 1478203170 1661.973755 827.820312
0 1438994632 1042.276855 393.524506
0 1578520676 910.037537 381.465057
0 1478237213 1343.423462 611.772949
0 1568511657 1041.045044 406.693787
0 1775370079 1018.135620 368.604919
0 1478195160 1390.495605 820.033264
0 1568510655 1043.468994 380.781158
0 1478257240 1385.919678 634.356140
0 1578521677 1067.342529 434.372498
0 1524794250 561.391235 307.489349
0 1524812272 658.133789 296.740540
0 1769859072 1011.497620 420.367645
0 1578525683 963.072144 381.193207
0 1770636073 1066.484497 448.989410
0 1524846317 610.787292 244.969345
0 1524833300 664.400024 287.280823
0 1568511656 849.664429 495.260620
0 1438985620 920.853149 448.953613
0 1478185148 1434.970581 821.308960
0 1707993177 1126.042236 479.990326
0 1478189152 1380.117432 612.241333
0 1524791247 597.595459 261.666138
0 1524830296 625.060669 252.883484
0 2088218948 949.712036 448.960693
0 1524827292 562.186707 279.551086
0 1606348170 943.690674 479.503357
0 1524855329 736.409973 277.179199
0 1478183145 1338.650635 590.657104
0 1438990627 1039.771118 420.310730
0 1524840309 546.956543 298.087067
0 1478222194 1469.410889 658.720276
0 1709860179 1124.754150 367.954895
0 1478188151 1576.786865 637.115173
0 1438988624 978.703735 448.967834
0 1478243222 1642.893921 615.595642
0 1524843313 569.931885 245.638550
0 1524844315 698.668640 235.547470
0 1524858333 555.721924 262.295654
0 1524811271 741.493225 268.184937
0 1524859334 548.335999 270.953583
0 1478216186 1391.982666 657.464478
0 1524851324 553.534912 317.432922
0 1524814275 703.174133 296.195007
0 1578514668 1065.595947 464.131134
0 1478184146 1423.651367 634.901611
0 1524829294 618.640137 261.349731
0 1478176143 1528.989136 614.141663
0 1524860336 725.818115 295.920807
0 1478222193 1639.016968 685.982361
0 1438997636 927.427795 420.536865
0 1478194158 1454.130615 613.186157
0 1478201168 1678.507202 767.559021
0 1478187150 1470.515137 791.696045
0 1478205172 1634.581909 766.499146
0 1524838306 708.907471 251.565750
0 1568514660 1032.692261 495.983734
0 1524865342 714.618103 315.738312
0 2085418945 1125.354248 420.138489
0 1524808268 680.612854 296.468292
0 1478200167 1537.099731 736.222961
0 1478194159 1664.697388 739.031616
0 1568501643 1035.676025 464.088165
0 1478239216 1410.667114 591.459656
0 1524820283 651.691284 306.466492
0 1438989625 1096.016602 448.996674
0 1568505649 976.256470 464.002838
0 1478255237 1383.572876 789.405151
0 1524804262 720.297302 305.689331
0 1568506650 1095.657104 464.174316
0 1478217187 1364.752197 706.137756
0 1568505648 1096.363403 434.346283
0 1568497640 971.090454 495.740326
0 1578511665 1001.816467 495.861755
0 1478258241 1504.525757 763.361023
0 1524796253 682.210083 260.394012
0 1478206173 1707.780273 739.979980
0 1524826291 719.729797 268.496857
0 1578529688 1125.196655 406.434143
0 1478233207 1524.836792 823.886658
0 1708834178 1007.829102 448.974976
0 1478189153 1587.291870 660.632263
0 1568499641 989.757751 381.056458
0 1478245224 1479.749878 822.593445
0 1524852325 724.957153 259.751312
0 1478219190 1631.587646 593.921692
0 1578525682 1068.972168 406.607605
0 1478232206 1615.632690 637.676636
0 1524818280 642.297485 287.565369
0 1524850322 735.008728 242.934662
0 1438996635 1034.211304 479.745117
0 1524832299 648.681580 278.373535
0 1478242220 1558.624756 794.017700
0 1524789245 576.769958 237.622864
0 1438999639 879.917358 394.193787
0 1478196161 1453.384155 734.380310
0 1478252234 1359.053589 680.925293
0 1524803261 576.463257 288.412872
0 1478211179 1707.309692 662.578918
0 1578523680 1070.495972 380.642639
0 1578530689 903.228333 407.118988
0 1568508653 867.836487 434.552673
0 1524826290 739.843262 234.846420
0 1524847319 666.841431 252.226868
0 1524810270 645.064819 316.470001
0 1524835302 670.496948 278.076538
0 1524821284 562.918152 253.860123
0 1524799257 654.895813 269.426178
0 1478233208 1508.470581 659.353821
0 1608354172 1125.685913 449.003967
0 1524835303 697.343872 305.949341
0 1478251232 1376.990723 760.283813
0 1524812273 708.844299 286.708679
0 1706512175 913.281311 369.244171
0 1438986622 1097.931763 368.118439
0 1478211180 1579.359741 737.153259
0 1524823286 576.622864 261.981415
0 1478223195 1398.324219 681.634583
0 1478244223 1527.103638 709.383484
0 1438987623 1096.698486 420.196167
0 1478193157 1557.805664 684.515442
0 1478198164 1514.422485 792.853027
0 1524862339 605.281555 278.964355
0 1478236212 1446.975464 591.864319
0 1478240217 1417.019287 612.712402
0 1478214183 1647.925415 796.370789
0 1578521678 895.953369 434.527283
0 1524844314 730.048401 251.233521
0 1524848320 606.375000 306.979797
0 1524806265 676.431519 269.117493
0 1524787243 672.585144 243.957138
0 1478241219 1538.167725 636.556946
0 1524799256 692.389954 277.778473
0 1478190154 1520.201172 592.680359
0 1478226198 1547.763550 659.991089
0 1478208176 1693.555298 712.711243
0 1478214184 1348.405151 633.813904
0 2084722944 1068.171143 420.253571
0 1578522679 957.994324 406.950012
0 1524825289 596.919067 237.279800
0 1774531078 899.651978 420.592773
0 1525674169 960.574707 393.861267
0 1478197162 1784.162964 799.960693
0 1524815276 714.360840 277.479401
0 1768901071 1071.221558 368.281281
0 1578526684 1013.240234 406.779572
0 1478182144 1603.124756 795.190369
0 1524853326 755.957397 242.591537
0 1478218189 1374.559326 591.057251
0 1578513667 1009.695068 434.424561
0 1438983618 1037.089111 448.982178
0 1478224196 1461.601807 635.450195
0 1478247227 1708.322510 829.149841
0 1524792248 530.864929 317.671448
0 1524795252 590.325562 245.304520
0 1524808267 620.274109 287.848877
0 1478191155 1566.739990 614.623596
0 1524856330 657.766602 236.243851
0 1478236211 1370.724609 732.560791
0 1478258242 1801.994873 831.836670
0 1478212181 1491.453369 613.662537
0 1478185147 1430.582153 658.090515
0 1568502645 917.390869 463.918274
0 1568508652 1038.453247 434.398590
0 1438984619 1095.284668 479.908203
0 1659977623 996.395081 427.356781
0 1478209177 1570.234131 825.188904
0 1438982617 983.349854 420.424316
0 1524805264 583.841736 307.235016
0 1771287074 884.057678 479.344147
0 2087111947 1069.746704 393.411255
0 1524817279 746.442017 259.428314
0 1524795251 687.838623 251.896896
0 1478230204 1517.571045 683.788635
0 1478230203 1738.441406 798.755920
0 1524847318 583.696228 279.258270
0 1578516671 940.513428 495.619537
0 1568513659 985.556824 406.864990
0 1578529687 888.163330 463.876312
0 1524819282 703.546631 260.073242
0 1478253235 1499.773438 636.001953
0 1524836304 633.435242 269.733795
0 1478243221 1693.030029 797.559326
0 1568501644 1094.898193 496.229462
0 1438998637 863.529968 448.939514
0 1524816278 622.053955 316.712097
0 1705773174 965.490662 368.925873
0 1524845316 617.134644 236.935623
0 1524842312 637.417114 236.590286
0 1568507651 883.687073 381.600128
0 1438999638 1097.335449 393.297546
0 1478252233 1353.610107 656.842041
0 1438993630 1044.623047 368.443420
0 1478237214 1654.707397 638.241516
0 1524857332 524.961548 298.353485
0 1478248228 1477.580811 683.066284
0 1478225197 1594.250122 593.505554
0 1524859335 645.915588 252.555756
0 1524832298 660.947083 260.713684
0 1478200166 1669.135986 594.340088
0 1478250231 1411.923584 733.467712
0 1478245225 1667.062744 661.926086
0 1438995633 939.331848 369.085327
0 1524804263 598.329529 288.131378
0 1524839308 639.757202 261.032257
0 1524849321 674.475281 306.208374
0 1568512658 936.499023 381.329437
0 1568514661 924.196838 434.501770
0 1478231205 1426.899536 790.546814
0 1773608077 1014.925476 393.637238
0 1438977615 973.720337 479.583588
0 1524834301 569.031067 297.819733
0 1607644171 1064.674683 479.826447
0 1524800258 631.317627 244.633072
0 1568504647 1097.638428 380.503510
0 1568500642 981.066772 434.450439
0 1478256239 1486.137329 708.564453
0 1524815277 599.128967 316.953278
0 1568503646 910.084106 495.499329
0 1478220191 1679.998169 686.722656
0 1478207174 1547.593994 764.400269
0 1524841311 532.963989 288.972839
0 1478213182 1627.057617 661.277283
0 1524813274 613.420654 297.282074
0 1568516663 1097.022461 406.521057
0 1578517672 1124.896851 380.363800
0 1578527685 1063.719238 496.106293
0 1478240218 1445.424927 707.750549
0 1478215185 1604.707642 615.108154
0 1524838307 576.289429 317.193573
0 1478197163 1495.108643 735.298706
0 1478221192 1404.963989 706.941711
0 1524819281 651.916748 244.295685
0 2086284946 955.326782 420.480713
0 1524824288 731.186951 286.421082
0 1524802260 508.278992 317.909058
0 1478226199 1568.326172 710.207581
0 1578518673 1125.517212 434.319946
0 1438981616 991.758362 368.765717
0 1478238215 1557.121948 593.091797
0 1609135173 892.126038 448.946564
0 1524837305 539.022888 307.742737
0 1524793249 635.736572 297.011780
0 1568515662 859.071350 463.834534
0 1568516664 876.023254 407.202942
0 1438991628 871.998535 420.648438
0 1478249230 1483.486328 592.271240
0 1438996634 987.691711 393.749481
0 1578519675 1125.860962 464.217712
0 1524829295 569.500122 270.650238
0 1524864341 591.185669 297.551392
0 1478255238 1694.012817 638.809692
0 1438993631 854.452454 479.265076
0 1524788244 628.991333 306.723602
0 1772785076 1125.044312 393.183289
0 1524828293 698.042725 268.807739
0 1478203171 1721.232666 687.467468
0 1524798255 693.322937 243.617462
0 1478199165 1598.286865 685.246643
0 1578528686 952.567627 434.476135
0 1478192156 1651.549561 711.871460
0 1478228201 1461.737549 762.328674
0 1772037075 906.688293 394.083435
0 1578515670 946.754883 463.960449
0 1524851323 626.943237 278.669495
0 1478218188 1751.142822 740.934448
0 1478202169 1437.832520 682.348328
0 1478254236 1767.234619 769.699829
0 1478246226 1681.301025 616.085876
0 1524809269 590.737793 270.345825
0 1524822285 714.130737 243.276642
0 1524841310 691.346436 315.983124
0 1478235210 1754.995117 830.488525
0 1578515669 1126.230347 496.353271
0 1524854328 612.049377 270.040375
0 0 878.464661 639.574646
0 1 553.674622 428.810791
0 2 671.212402 297.228668
0 3 297.251251 641.019592
0 4 475.912537 576.403381
0 5 1512.930908 639.078125
0 6 341.690460 546.819641
0 7 811.333008 762.347534
0 8 918.593567 745.846802
0 9 1413.427368 390.409821
0 10 534.723938 743.133362
0 11 1739.832397 615.260803
0 12 1154.876831 713.978149
0 13 1259.766602 643.328918
0 14 647.647034 214.901428
0 15 1049.751465 258.766144
0 16 773.007812 647.178467
0 17 938.614380 201.076859
0 18 984.372498 652.424561
0 19 703.411438 267.181335
0 20 1299.949707 204.988434
0 21 744.628784 831.486450
0 22 1368.223267 206.380096
0 23 822.936340 696.003906
0 24 1655.380493 665.707581
0 25 886.663208 276.046143
0 26 1160.228516 273.987244
0 27 1662.698486 356.597900
0 28 1166.781372 202.549637
0 29 416.381165 815.853638
0 30 538.969910 519.400330
0 31 1126.731323 649.891663
0 32 1264.520020 301.084656
0 33 1326.044922 307.942291
0 34 1178.214478 251.917877
0 35 1733.474243 473.997650
0 36 822.359619 272.255005
0 37 1330.936890 427.175720
0 38 1027.721313 195.876083
0 39 1239.174561 270.122955
