0 1578512666 906.069885 616.958069
0 1524823287 1229.355713 986.110291
0 1478234209 1011.181641 460.051697
0 1707269176 1012.531494 576.638611
0 1438989626 979.439148 666.569031
0 1524801259 1051.771606 858.076050
0 1438992629 974.993958 635.143799
0 1478227200 935.583313 440.276764
0 1524854327 1109.125732 822.138245
0 1478249229 887.539551 430.050751
0 1524807266 867.326843 908.483154
0 1524863340 1136.046265 1019.156311
0 1524831297 917.776062 942.036987
0 1478229202 923.942810 443.216370
0 1568509654 990.768250 628.620544
0 1524790246 1105.314209 999.835144
0 1578523681 1095.571777 600.004150
0 1478207175 922.658508 428.783051
0 1524861337 1284.250854 938.806030
0 1478210178 981.706604 436.041626
0 1524862338 915.561462 880.537659
0 1478186149 959.472534 441.786743
0 1524797254 971.508667 977.774475
0 1578518674 998.369385 582.002075
0 1438985621 1064.114258 598.289246
0 1524857331 1217.646729 952.317688
0 1478203170 969.307373 431.760254
0 1438994632 905.566711 602.985596
0 1578520676 977.163940 650.484131
0 1478237213 953.811218 485.393433
0 1568511657 921.533875 597.106995
0 1775370079 889.343567 623.292725
0 1478195160 1046.513184 458.419220
0 1568510655 889.210205 609.007507
0 1478257240 952.580505 476.693298
0 1578521677 935.985474 578.555603
0 1524794250 1224.859375 906.574524
0 1524812272 1097.029785 859.859924
0 1769859072 953.864380 598.857178
0 1578525683 940.862549 633.365356
0 1770636073 950.908020 573.212158
0 1524846317 1082.617798 1017.541260
0 1524833300 1077.430786 872.654175
0 1568511656 1113.729370 607.511353
0 1438985620 1035.828003 609.986694
0 1478185148 1033.163086 453.809418
0 1707993177 948.189758 549.632690
0 1478189152 940.187073 480.212799
0 1524791247 1127.142944 982.805969
0 1524830296 1075.576294 981.138794
0 2088218948 1018.165833 602.338074
0 1524827292 1198.391357 968.089722
0 1606348170 1046.584595 590.931580
0 1524855329 981.905396 842.100159
0 1478183145 941.207092 489.060913
0 1438990627 937.125427 591.366699
0 1524840309 1236.207886 937.114380
0 1478222194 938.251343 463.421448
0 1709860179 823.815552 591.817139
0 1478188151 887.747803 452.356842
0 1438988624 1000.852783 594.840637
0 1478243222 850.649231 446.165558
0 1524843313 1145.624634 1058.263062
0 1524844315 944.212158 959.619629
0 1524858333 1189.144287 1020.761292
0 1524811271 960.537659 854.479858
0 1524859334 1209.639526 1003.100159
0 1478216186 964.741150 473.239899
0 1524851324 1242.391602 892.897095
0 1524814275 1046.714233 831.931091
0 1578514668 965.494629 567.989075
0 1478184146 939.202393 471.671509
0 1524829294 1097.618042 964.731628
0 1478176143 887.821960 460.300659
0 1524860336 1022.579834 818.534668
0 1478222193 899.758545 441.692871
0 1438997636 1006.156067 622.257141
0 1478194158 913.588440 470.098511
0 1478201168 934.750671 433.054352
0 1478187150 1009.084290 452.297760
0 1478205172 947.020691 437.388428
0 1524838306 965.658875 912.033875
0 1568514660 1009.887329 564.578247
0 1524865342 1060.720703 796.437134
0 2085418945 888.843872 569.761230
0 1524808268 1071.521362 845.700867
0 1478200167 960.724609 449.261688
0 1478194159 923.290344 435.883545
0 1568501643 981.774536 574.928406
0 1478239216 914.121765 478.624756
0 1524820283 1115.982666 847.487366
0 1438989625 934.892944 566.276855
0 1568505649 1015.288452 589.213928
0 1478255237 1035.658813 461.577606
0 1524804262 1041.951904 807.311096
0 1568506650 949.520996 561.180176
0 1478217187 1001.885132 471.404968
0 1568505648 919.931335 571.489807
0 1568497640 1043.179321 578.342712
0 1578511665 1026.375854 571.395447
0 1478258241 984.938171 450.781830
0 1524796253 1014.410156 913.794128
0 1478206173 911.177185 431.554565
0 1524826291 985.015991 869.084351
0 1578529688 873.150269 575.084106
0 1478233207 1007.054565 444.794250
0 1708834178 983.878662 587.490112
0 1478189153 900.030823 449.254974
0 1568499641 923.283569 625.075562
0 1478245224 1020.011658 449.268280
0 1524852325 963.015991 882.332153
0 1478219190 837.879456 449.248077
0 1578525682 905.085388 589.620117
0 1478232206 875.375000 447.712463
0 1524818280 1103.838135 887.657532
0 1524850322 916.631897 910.263550
0 1438996635 995.988831 569.695190
0 1524832299 1083.723389 901.355774
0 1478242220 983.296265 443.292542
0 1524789245 1122.494141 1078.195068
0 1438999639 1011.960999 652.266663
0 1478196161 986.635071 458.521454
0 1478252234 990.204834 474.803680
0 1524803261 1187.892944 935.413147
0 1478211179 863.518921 435.721771
0 1578523680 872.693787 601.218750
0 1578530689 1008.991455 636.915222
0 1568508653 1057.730957 632.138123
0 1524826290 892.160156 924.999817
0 1524847319 1018.895630 945.503723
0 1524810270 1134.321045 835.515991
0 1524835302 1057.152222 885.892029
0 1524821284 1167.822998 1039.134277
0 1524799257 1062.888062 915.544739
0 1478233208 925.313965 458.626190
0 1608354172 919.179504 559.472168
0 1524835303 1065.961426 820.340942
0 1478251232 1024.606323 464.793610
0 1524812273 1026.829590 843.905212
0 1706512175 960.628540 657.533569
0 1438986622 839.696350 599.445251
0 1478211180 948.059998 444.735657
0 1524823286 1157.635620 1001.472595
0 1478223195 976.675415 469.850800
0 1478244223 949.133850 452.326935
0 1438987623 904.624634 576.822998
0 1478193157 924.617004 450.793121
0 1478198164 996.094116 447.761566
0 1524862339 1139.303711 933.702209
0 1478236212 900.905029 473.532288
0 1478240217 926.781250 475.115112
0 1478214183 958.260376 434.550018
0 1578521678 1039.262817 624.009949
0 1524844314 940.235352 896.050110
0 1524848320 1168.864502 876.186157
0 1524806265 1036.158203 899.596985
0 1524787243 995.650513 961.333740
0 1478241219 900.312378 457.073242
0 1524799256 1031.347046 870.874023
0 1478190154 875.097717 463.588531
0 1478226198 912.575317 453.904602
0 1478208176 899.494995 434.374573
0 1478214184 966.174316 481.796021
0 2084722944 920.715393 584.023438
0 1578522679 972.922241 620.497559
0 1524825289 1090.194946 1056.712891
0 1774531078 1024.314453 630.382751
0 1525674169 957.091553 626.851501
0 1478197162 922.046387 421.904053
0 1524815276 1006.274963 856.282715
0 1768901071 855.904419 607.230591
0 1578526684 938.315979 604.745728
0 1478182144 970.686401 438.889160
0 1524853326 891.873230 894.261841
0 1478218189 927.554077 483.800323
0 1578513667 969.047729 593.106873
0 1438983618 967.233582 580.281921
0 1478224196 926.034973 466.728790
0 1478247227 957.086243 427.540344
0 1524792248 1271.392090 908.295105
0 1524795252 1113.584106 1037.554932
0 1524808267 1131.027100 903.104858
0 1478191155 875.238708 455.515808
0 1524856330 999.707886 996.529907
0 1478236211 1013.350281 468.068878
0 1478258242 933.162720 419.279602
0 1478212181 900.603638 465.160950
0 1478185147 951.392151 468.292084
0 1568502645 1050.138184 604.068848
0 1568508652 952.354492 585.759888
0 1438984619 963.826416 556.195862
0 1659977623 969.984497 599.729858
0 1478209177 994.287537 440.385834
0 1438982617 970.942139 606.499268
0 1524805264 1196.455933 891.159973
0 1771287074 1081.992554 605.793274
0 2087111947 889.082764 595.350281
0 1524817279 938.435852 867.284973
0 1524795251 991.866638 928.510681
0 1478230204 937.332153 455.447937
0 1478230203 933.944214 426.058807
0 1524847318 1168.388672 950.628967
0 1578516671 1060.306763 585.424011
0 1568513659 955.441833 612.540894
0 1578529687 1068.089233 611.720581
0 1524819282 988.329590 897.828491
0 1478253235 913.073242 461.863312
0 1524836304 1090.437866 931.981506
0 1478243221 946.014282 430.273651
0 1568501644 977.820068 551.320251
0 1438998637 1072.242920 625.756042
0 1524816278 1160.215088 849.264648
0 1705773174 924.220032 640.045105
0 1524845316 1059.000732 1035.965576
0 1524842312 1028.855835 1015.916077
0 1568507651 995.911316 659.324890
0 1438999638 872.927002 587.867065
0 1478252233 978.303345 478.266754
0 1438993630 872.449951 615.178040
0 1478237214 863.189636 443.138367
0 1524857332 1266.622437 953.996765
0 1478248228 950.243896 460.174683
0 1478225197 850.092651 453.953918
0 1524859335 1046.784912 963.037720
0 1524832298 1041.292969 930.251038
0 1478200166 825.853149 444.614258
0 1478250231 999.889771 463.258392
0 1478245225 875.506836 440.165100
0 1438995633 942.226501 648.694336
0 1524804263 1159.032959 919.016357
0 1524839308 1069.015625 947.222107
0 1524849321 1090.629150 833.728088
0 1568512658 958.818542 641.832886
0 1568514661 1021.171509 616.047668
0 1478231205 1022.270996 456.902557
0 1773608077 922.389099 610.777527
0 1438977615 1029.393555 583.716125
0 1524834301 1206.704346 920.737732
0 1607644171 979.756714 562.882141
0 1524800258 1052.672607 998.187561
0 1568504647 856.510132 593.586975
0 1568500642 986.074768 600.600891
0 1478256239 962.018616 456.986877
0 1524815277 1186.837158 863.399780
0 1568503646 1077.767578 592.643066
0 1478220191 887.606750 437.244293
0 1478207174 972.110352 446.250702
0 1524841311 1248.336548 969.754089
0 1478213182 887.676086 444.675659
0 1524813274 1150.271973 889.413452
0 1568516663 888.960693 582.280579
0 1578517672 840.649414 586.107483
0 1578527685 993.704773 557.887695
0 1478240218 975.102417 461.718750
0 1478215185 862.849243 450.804688
0 1524838307 1214.218384 877.938171
0 1478197163 973.581482 453.856445
0 1478221192 988.389587 466.524200
0 1524819281 1023.699097 979.461731
0 2086284946 988.369080 614.297607
0 1524824288 1002.574890 830.124939
0 1524802260 1301.256348 924.151917
0 1478226199 936.443298 447.737305
0 1578518673 904.182922 564.558655
0 1438981616 906.596436 631.579895
0 1478238215 862.497253 458.733490
0 1609135173 1053.849976 617.791077
0 1524837305 1254.111572 922.449524
0 1524793249 1123.269165 874.424927
0 1568515662 1086.405151 619.527832
0 1568516664 1027.604004 645.387207
0 1438991628 1042.855957 638.679871
0 1478249230 887.898682 468.520813
0 1438996634 939.560425 618.731201
0 1578519675 933.844788 554.498169
0 1524829295 1178.401855 984.463013
0 1524864341 1178.071899 904.844482
0 1478255238 851.187439 438.633087
0 1438993631 1100.229980 613.447998
0 1524788244 1142.050903 861.634521
0 1772785076 857.089783 580.531372
0 1524828293 1010.212219 884.116943
0 1478203171 875.634399 432.861450
0 1524798255 968.483276 943.775452
0 1478199165 912.093872 446.208649
0 1578528686 1003.445923 608.246216
0 1478192156 911.628052 438.762604
0 1478228201 997.960510 455.381653
0 1772037075 993.279663 643.613586
0 1578515670 1032.541504 596.568115
0 1524851323 1111.094971 917.285400
0 1478218188 899.239807 427.288452
0 1478202169 963.356812 464.975098
0 1478254236 910.740417 424.573303
0 1478246226 838.634277 441.596802
0 1524809269 1148.152710 966.415588
0 1524822285 942.156555 926.760315
0 1524841310 1084.601074 809.116638
0 1478235210 945.039246 423.380554
0 1578515669 962.224731 544.872437
0 1524854328 1118.845825 948.930420
0 0 766.041931 414.364532
0 1 893.274780 462.596558
0 2 1118.927612 455.299103
0 3 959.505188 427.095398
0 4 1007.740295 455.687897
0 5 480.863678 480.096832
0 6 1290.704712 799.247620
0 7 688.733154 533.195862
0 8 666.123962 555.426636
0 9 1196.851685 809.639099
0 10 803.427551 518.298950
0 11 797.588623 465.814697
0 12 1490.732056 627.290039
0 13 592.314880 437.873016
0 14 1513.996338 609.537109
0 15 1403.003906 569.588745
0 16 894.351868 857.805176
0 17 1448.303223 663.500061
0 18 511.016754 639.048401
0 19 1399.293579 550.324951
0 20 1129.712524 484.837280
0 21 772.809021 637.261719
0 22 1038.651855 446.194061
0 23 1220.419312 519.052551
0 24 487.172516 588.315613
0 25 1432.151245 600.241272
0 26 1459.733398 586.293457
0 27 523.707764 609.898560
0 28 1047.130249 921.607422
0 29 636.777588 584.566223
0 30 1074.333252 455.420166
0 31 721.564209 420.477509
0 32 1247.626709 750.267212
0 33 1226.431885 686.197083
0 34 1438.213257 634.762939
0 35 537.767212 446.194031
0 36 1444.448242 564.904114
0 37 1186.449463 764.840149
0 38 1162.622925 851.459961
0 39 1359.117554 674.737122
