0 1578512666 958.459106 466.037872
0 1524823287 426.233124 526.798706
0 1478234209 1455.638794 526.436340
0 1707269176 1066.273315 507.045135
0 1438989626 865.810059 485.993805
0 1524801259 584.545410 492.360291
0 1438992629 926.692566 487.092987
0 1478227200 1488.357178 491.632874
0 1524854327 619.367188 511.086243
0 1478249229 1498.292969 470.491882
0 1524807266 558.534241 448.754700
0 1524863340 418.596252 501.254608
0 1524831297 521.092712 458.237701
0 1478229202 1468.273560 485.783722
0 1568509654 941.427551 493.043060
0 1524790246 440.113647 495.629547
0 1578523681 1020.622925 537.825867
0 1478207175 1528.674805 486.867432
0 1524861337 457.893494 547.973816
0 1478210178 1541.174194 515.703125
0 1524862338 579.183472 459.273712
0 1478186149 1498.647461 503.135406
0 1524797254 482.188232 468.091217
0 1578518674 1049.896484 500.816132
0 1438985621 1019.966553 524.757568
0 1524857331 459.066467 527.407837
0 1478203170 1551.164185 509.924683
0 1438994632 987.755676 466.560364
0 1578520676 896.241943 486.543243
0 1478237213 1324.273560 494.271027
0 1568511657 1002.529663 472.073242
0 1775370079 944.267517 460.640106
0 1478195160 1487.939819 546.495544
0 1568510655 973.272034 461.155853
0 1478257240 1354.989868 494.825562
0 1578521677 1047.519775 478.234467
0 1524794250 502.986877 534.934631
0 1524812272 575.974548 504.133484
0 1769859072 1002.775269 482.893585
0 1578525683 927.960999 476.089355
0 1770636073 1063.212158 483.981293
0 1524846317 430.403778 489.559387
0 1524833300 564.708130 497.901031
0 1568511656 1004.167786 544.266907
0 1438985620 987.536316 511.662018
0 1478185148 1499.048584 540.069946
0 1707993177 1123.723389 485.070343
0 1478189152 1336.099243 488.892609
0 1524791247 450.031525 501.829651
0 1524830296 461.193268 490.118866
0 2088218948 1003.297119 505.897003
0 1524827292 448.613251 520.652588
0 1606348170 1035.728149 518.728699
0 1524855329 611.734741 475.855774
0 1478183145 1305.703857 488.345581
0 1438990627 1017.602905 477.697723
0 1524840309 469.756134 534.315857
0 1478222194 1396.946167 489.987701
0 1709860179 1001.848083 442.032806
0 1478188151 1410.401001 468.928986
0 1438988624 1018.735657 500.249939
0 1478243222 1412.717529 454.046265
0 1524843313 387.181244 500.679962
0 1524844315 501.828644 463.116791
0 1524858333 406.280151 513.453735
0 1524811271 600.665588 470.216980
0 1524859334 416.146301 520.052429
0 1478216186 1374.276245 500.882812
0 1524851324 514.305115 542.010193
0 1524814275 615.431946 492.921539
0 1578514668 1079.229004 489.846924
0 1478184146 1366.513428 489.439972
0 1524829294 471.232574 496.196869
0 1478176143 1381.138306 468.408630
0 1524860336 634.563721 487.485168
0 1478222193 1458.884766 474.962708
0 1438997636 956.473145 499.118561
0 1478194158 1359.058350 478.450745
0 1478201168 1518.865234 492.181946
0 1478187150 1488.088013 527.031982
0 1478205172 1508.858154 497.603546
0 1524838306 541.391113 469.153442
0 1568514660 1097.791504 507.619751
0 1524865342 658.362305 499.608429
0 2085418945 1060.388428 462.705017
0 1524808268 595.906311 498.469818
0 1478200167 1467.525391 502.571716
0 1478194159 1498.464844 486.325439
0 1568501643 1064.711304 495.275970
0 1478239216 1329.249023 477.917511
0 1524820283 587.485229 510.501038
0 1438989625 1077.454956 478.771606
0 1568505649 1034.775146 506.470886
0 1478255237 1465.881348 539.456909
0 1524804262 646.338013 493.483124
0 1568506650 1093.458618 484.525665
0 1478217187 1402.567749 519.254028
0 1568505648 1061.772461 473.132935
0 1568497640 1067.902344 519.319275
0 1578511665 1083.003174 513.408386
0 1478258241 1477.589844 514.543884
0 1524796253 532.298767 479.972504
0 1478206173 1508.375000 481.121674
0 1524826291 581.783325 475.316742
0 1578529688 1045.325684 457.385956
0 1478233207 1520.558350 527.627930
0 1708834178 1033.861450 494.717224
0 1478189153 1429.307251 474.435211
0 1568499641 943.358215 471.014771
0 1478245224 1509.918823 533.782227
0 1524852325 571.019409 469.685059
0 1478219190 1394.676636 448.939850
0 1578525682 1017.069763 467.083160
0 1478232206 1420.852539 464.044373
0 1524818280 544.458435 503.556976
0 1524850322 550.129517 458.755554
0 1438996635 1081.076904 501.382721
0 1524832299 533.529785 497.332642
0 1478242220 1509.371826 515.123291
0 1524789245 377.935089 494.495941
0 1438999639 894.289429 497.988617
0 1478196161 1445.828247 513.964844
0 1478252234 1382.366089 512.807861
0 1524803261 481.101715 521.253174
0 1478211179 1459.843506 459.759613
0 1578523680 987.805359 456.366058
0 1578530689 925.371460 498.553436
0 1568508653 939.331482 516.959351
0 1524826290 539.991150 453.451202
0 1524847319 502.091675 479.427155
0 1524810270 599.247986 517.008118
0 1524835302 553.678223 491.799408
0 1524821284 396.627441 506.997742
0 1524799257 522.830505 491.238892
0 1478233208 1407.945923 484.701324
0 1608354172 1091.420532 473.663300
0 1524835303 627.124390 499.038971
0 1478251232 1444.310425 532.573792
0 1524812273 603.982605 486.931274
0 1706512175 882.123413 480.722137
0 1438986622 987.853088 446.555359
0 1478211180 1478.046265 497.047272
0 1524823286 428.385437 507.580688
0 1478223195 1393.970825 507.068298
0 1478244223 1447.253418 496.491302
0 1438987623 1046.401245 467.606293
0 1478193157 1438.100464 485.242340
0 1478198164 1498.841675 521.015137
0 1524862339 491.963318 508.747711
0 1478236212 1340.680420 472.854584
0 1478240217 1347.691895 483.620209
0 1478214183 1529.789185 503.699463
0 1578521678 955.755066 511.080688
0 1524844314 560.470215 464.165741
0 1524848320 546.143433 522.455444
0 1524806265 542.877441 485.824524
0 1524787243 492.038666 473.701508
0 1478241219 1399.747192 473.908020
0 1524799256 573.420532 486.377716
0 1478190154 1362.892944 463.016693
0 1478226198 1418.730835 479.518127
0 1478208176 1488.480103 475.490540
0 1478214184 1343.232178 500.320526
0 2084722944 1032.142212 472.602936
0 1578522679 957.162109 487.643097
0 1524825289 399.633545 489.000275
0 1774531078 940.401489 504.750336
0 1525674169 942.412292 481.807190
0 1478197162 1558.903076 487.409821
0 1524815276 592.768799 481.064240
0 1768901071 973.596252 451.162476
0 1578526684 987.704102 477.161285
0 1478182144 1519.685425 509.352661
0 1524853326 568.757812 453.962738
0 1478218189 1317.592407 483.080200
0 1578513667 1018.157715 488.744324
0 1438983618 1048.683960 489.295471
0 1478224196 1377.809692 484.160583
0 1478247227 1560.950562 504.263855
0 1524792248 491.877594 548.611450
0 1524795252 409.014496 495.062592
0 1524808267 523.783264 509.331757
0 1478191155 1391.864258 463.530396
0 1524856330 462.160278 473.163788
0 1478236211 1423.210938 525.841125
0 1478258242 1579.937500 493.281128
0 1478212181 1370.204956 473.381165
0 1478185147 1385.725220 495.380463
0 1568502645 1003.574951 518.138550
0 1568508652 1032.984497 483.437256
0 1438984619 1109.793091 490.398712
0 1659977623 1002.901733 488.468872
0 1478209177 1530.974609 521.602905
0 1438982617 987.650391 488.193542
0 1524805264 524.799316 528.627319
0 1771287074 1003.864868 530.916504
0 2087111947 1002.293701 461.671936
0 1524817279 589.817322 464.690704
0 1524795251 521.935303 474.239624
0 1478230204 1427.397827 490.535767
0 1478230203 1549.391968 492.731384
0 1524847318 470.518341 514.636963
0 1578516671 1052.479004 525.356445
0 1568513659 972.584473 482.350220
0 1578529687 987.475464 524.159058
0 1524819282 551.850159 474.778015
0 1478253235 1388.885498 478.984283
0 1524836304 502.371246 496.764557
0 1478243221 1539.689331 498.160187
0 1568501644 1126.469116 496.394531
0 1438998637 955.005798 523.560974
0 1524816278 578.696594 523.057190
0 1705773174 913.799194 470.486023
0 1524845316 420.895294 483.615234
0 1524842312 441.733368 478.337433
0 1568507651 879.901306 491.928711
0 1438999638 1016.557129 456.875824
0 1478252233 1362.592041 506.498138
0 1438993630 959.070312 455.856537
0 1478237214 1431.107788 459.251556
0 1524857332 447.098663 540.754028
0 1478248228 1416.479736 495.935699
0 1478225197 1384.279175 453.544861
0 1524859335 481.848389 484.719177
0 1524832298 512.353394 485.271698
0 1478200166 1404.884155 444.418945
0 1478250231 1434.638184 519.840698
0 1478245225 1449.857788 464.558685
0 1438995633 898.116638 475.553894
0 1524804263 502.669098 515.229187
0 1524839308 492.002228 490.678711
0 1524849321 607.510986 504.710388
0 1568512658 912.258606 481.264496
0 1568514661 971.839233 505.323486
0 1478231205 1477.103638 533.177795
0 1773608077 972.935059 471.543823
0 1438977615 1051.160278 512.825867
0 1524834301 491.921875 528.017334
0 1607644171 1095.580444 495.835083
0 1524800258 451.362335 484.167023
0 1568504647 1002.066650 451.665833
0 1568500642 1003.030823 494.158813
0 1478256239 1436.422729 502.008392
0 1524815277 557.698914 529.237671
0 1568503646 1036.722900 531.523865
0 1478220191 1468.978271 469.970612
0 1478207174 1488.226929 508.781006
0 1524841311 436.547913 533.697449
0 1478213182 1439.680908 469.449646
0 1524813274 534.840942 515.821777
0 1568516663 1031.332520 462.188324
0 1578517672 1016.063721 447.052734
0 1578527685 1112.277100 501.949646
0 1478240218 1425.369507 507.638855
0 1478215185 1402.388794 458.743774
0 1524838307 536.240173 535.553833
0 1478197163 1456.788208 508.209778
0 1478221192 1414.086914 513.386169
0 1524819281 471.903229 478.882141
0 2086284946 972.219543 493.600769
0 1524824288 623.031799 481.610657
0 1524802260 468.940948 555.362610
0 1478226199 1457.868286 491.084167
0 1578518673 1075.750366 468.129730
0 1438981616 929.179932 465.515717
0 1478238215 1373.686401 458.236328
0 1609135173 971.442749 517.548706
0 1524837305 480.690369 541.381897
0 1524793249 555.623901 509.916199
0 1568515662 971.028809 530.309509
0 1568516664 908.983765 504.177582
0 1438991628 923.994324 510.499695
0 1478249230 1351.892944 467.888580
0 1438996634 957.823486 476.625153
0 1578519675 1107.408203 479.309021
0 1524829295 438.388733 514.045166
0 1524864341 513.611755 521.854126
0 1478255238 1441.172241 454.547943
0 1438993631 987.411926 537.209778
0 1524788244 567.033936 516.414734
0 1772785076 1030.553589 452.169525
0 1524828293 562.524414 480.518250
0 1478203171 1478.880127 465.073242
0 1524798255 511.780701 468.622162
0 1478199165 1448.594116 480.052338
0 1578528686 987.594543 499.684082
0 1478192156 1478.475464 480.586853
0 1478228201 1466.729492 520.427734
0 1772037075 910.654846 492.485718
0 1578515670 1019.338074 512.243774
0 1524851323 512.962585 502.980835
0 1478218188 1518.093262 476.018646
0 1478202169 1405.339722 501.445435
0 1478254236 1538.292480 481.656830
0 1478246226 1422.855713 449.435303
0 1524809269 460.164062 508.164001
0 1524822285 531.140625 463.641113
0 1524841310 639.067627 505.287628
0 1478235210 1570.539795 498.717163
0 1578515669 1140.376221 490.950897
0 1524854328 481.486938 502.405060
0 0 954.503479 674.437866
0 1 1250.708008 431.674622
0 2 752.369629 529.133972
0 3 915.805054 731.057556
0 4 1068.026001 699.317810
0 5 1396.262207 498.565491
0 6 584.420898 546.640442
0 7 1201.522461 680.685852
0 8 1414.627808 555.162659
0 9 830.106262 357.429565
0 10 1137.970825 697.697754
0 11 1493.593628 421.269318
0 12 514.015015 431.983765
0 13 1190.519165 609.819641
0 14 569.574158 419.561523
0 15 1096.221558 761.553467
0 16 1114.034424 617.130676
0 17 859.365540 345.068359
0 18 1360.207153 381.030548
0 19 878.654175 400.789093
0 20 788.607361 367.988129
0 21 791.906616 423.557007
0 22 1331.222290 428.758606
0 23 507.091949 459.393433
0 24 1406.135010 399.694122
0 25 924.444580 387.333191
0 26 732.248962 438.407593
0 27 1492.844360 442.683167
0 28 1091.404785 309.658875
0 29 931.528503 370.225433
0 30 860.880859 586.012939
0 31 1275.667236 565.872375
0 32 737.800537 570.649170
0 33 1006.289612 375.543854
0 34 1018.172119 723.686401
0 35 1354.488770 513.681580
0 36 995.478271 646.248047
0 37 697.257996 543.944031
0 38 1433.391235 453.138367
0 39 870.424744 638.325195
