0 1578512666 1029.675293 360.613342
0 1707269176 753.821777 363.775330
0 1438989626 1067.851807 233.410263
0 1438992629 992.824280 282.616638
0 1568509654 955.169861 283.192993
0 1578523681 737.448608 262.479736
0 1578518674 792.772644 363.328857
0 1438985621 768.963318 286.043152
0 1438994632 988.725342 389.173279
0 1578520676 1030.911133 257.637604
0 1568511657 948.274353 389.581238
0 1775370079 1069.700317 360.154541
0 1568510655 1029.337402 388.763702
0 1578521677 864.452148 419.410797
0 1769859072 910.533447 361.979004
0 1578525683 1030.315186 307.302551
0 1770636073 823.731567 419.763275
0 1568511656 742.590881 239.152252
0 1438985620 843.035767 284.909363
0 1707993177 730.874756 481.578369
0 2088218948 839.445740 309.988220
0 1606348170 764.092468 311.048462
0 1438990627 907.983459 389.987610
0 1709860179 1071.443237 479.662292
0 1438988624 835.727600 335.962341
0 1578514668 783.174316 420.114319
0 1438997636 917.654053 283.767212
0 1568514660 708.898010 391.995422
0 2085418945 899.731262 480.628357
0 1568501643 788.062134 391.197052
0 1438989625 819.425476 449.844727
0 1568505649 797.315308 336.453674
0 1568506650 778.098938 450.141052
0 1568505648 860.921509 449.547180
0 1568497640 720.926331 337.430664
0 1578511665 715.020874 364.220093
0 1578529688 942.388733 480.388367
0 1708834178 831.874268 362.880646
0 1568499641 1030.000977 333.477600
0 1578525682 946.386902 418.701630
0 1438996635 748.402344 391.597015
0 1438999639 994.667480 234.702225
0 1578523680 1028.986694 417.986664
0 1578530689 956.746826 258.861328
0 1568508653 885.866516 236.622940
0 1608354172 814.950562 481.105316
0 1706512175 1068.196167 257.022400
0 1438986622 1070.982056 448.041016
0 1438987623 902.588135 449.248444
0 1578521678 883.118896 260.076202
0 2084722944 905.336914 419.056946
0 1578522679 953.537170 308.382874
0 1774531078 919.866211 259.469849
0 1525674169 991.853943 307.843750
0 1768901071 1070.538452 417.627014
0 1578526684 950.092712 361.525543
0 1578513667 871.127563 362.430695
0 1438983618 827.878296 390.795471
0 1568502645 805.931702 285.477295
0 1568508652 867.851746 390.392334
0 1438984619 736.940979 450.436188
0 1659977623 892.228699 348.591675
0 1438982617 912.992065 334.974121
0 1771287074 773.669678 261.882111
0 2087111947 987.603149 418.344879
0 1578516671 726.625854 311.575623
0 1568513659 951.845825 334.477203
0 1578529687 810.021362 261.282288
0 1568501644 695.950500 450.730072
0 1438998637 849.856934 237.258652
0 1705773174 1068.921631 306.759338
0 1568507651 1031.194092 234.057388
0 1438999638 986.437561 448.647217
0 1438993630 1070.111572 388.352509
0 1438995633 1068.552612 281.457489
0 1568512658 1030.618286 282.038147
0 1568514661 880.276367 284.339355
0 2079485312 892.221497 348.533539
0 1773608077 989.806396 361.070343
0 1438977615 759.048462 336.943085
0 1607644171 742.779297 420.463989
0 1568504647 1028.622314 448.344727
0 1568500642 874.286194 335.469177
0 1568503646 732.129944 286.606964
0 1568516663 944.426453 448.948456
0 1578517672 1028.243652 479.905334
0 1578527685 702.545654 420.812195
0 2086284946 915.364075 308.919983
0 1578518673 857.252197 480.867340
0 1438981616 1069.303955 332.974884
0 1609135173 846.504150 260.680359
0 1568515662 813.974915 237.892075
0 1568516664 958.271057 235.344757
0 1438991628 922.004333 235.984985
0 1438996634 990.848572 333.978363
0 1578519675 772.825073 481.342346
0 1438993631 778.219788 238.523285
0 1772785076 985.225769 480.147339
0 1578528686 877.333862 309.455109
0 1772037075 993.761658 258.250580
0 1578515670 801.698914 310.519348
0 1578515669 689.098511 481.813385
0 0 1052.300049 546.144409
0 1 1052.638184 381.052612
0 2 1008.656616 453.435181
0 3 1053.775391 60.388515
0 4 341.333954 664.292053
0 5 501.160919 641.826416
0 6 295.836426 583.071899
0 7 426.054718 545.172607
0 8 583.738953 71.360023
0 9 648.667358 385.068207
