0 1578512666 962.119568 365.250275
0 1707269176 1127.518066 293.417633
0 1438989626 1043.252930 459.197876
0 1438992629 1050.311279 400.519226
0 1568509654 1075.257446 388.852448
0 1578523681 1236.495605 338.095062
0 1578518674 1105.366333 303.038177
0 1438985621 1191.971436 334.267731
0 1438994632 967.414856 339.724487
0 1578520676 1046.874146 429.093506
0 1568511657 991.944336 329.320404
0 1775370079 936.367676 376.434357
0 1568510655 942.347595 350.356598
0 1578521677 1019.777893 295.789459
0 1769859072 1036.052979 333.140991
0 1578525683 1003.316101 396.282471
0 1770636073 1042.707886 286.286774
0 1568511656 1259.763184 352.518097
0 1438985620 1146.818970 355.384613
0 1707993177 1048.782959 243.515793
0 2088218948 1124.899048 340.836548
0 1606348170 1169.932739 320.299713
0 1438990627 1015.953247 319.137146
0 1709860179 860.858765 317.966156
0 1438988624 1103.549561 326.666962
0 1578514668 1065.172119 276.977081
0 1438997636 1099.645142 377.446808
0 1568514660 1128.739746 271.299408
0 2085418945 958.660156 279.219940
0 1568501643 1085.017090 289.844116
0 1438989625 1023.430359 273.492340
0 1568505649 1126.239258 316.571838
0 1568506650 1045.813110 264.424988
0 1568505648 1000.589355 282.745361
0 1568497640 1170.212280 297.007385
0 1578511665 1149.217896 283.993408
0 1578529688 934.966797 288.606598
0 1708834178 1082.748169 312.861237
0 1568499641 982.434875 380.553192
0 1578525682 972.461243 315.398560
0 1438996635 1107.100830 280.477356
0 1438999639 1095.332520 433.536987
0 1578523680 923.097412 335.856049
0 1578530689 1097.543823 404.777374
0 1568508653 1169.009155 397.234772
0 1608354172 1004.623718 261.010468
0 1706512175 1020.635925 441.685059
0 1438986622 878.990417 332.005920
0 1438987623 977.275757 292.189850
0 1578521678 1145.939575 381.552460
0 2084722944 996.367371 305.491302
0 1578522679 1053.578125 373.361328
0 1774531078 1122.016357 393.033142
0 1525674169 1028.730957 384.692535
0 1768901071 897.605896 346.420288
0 1578526684 1011.944153 343.611450
0 1578513667 1059.648804 322.893250
0 1438983618 1062.474243 299.405518
0 1568502645 1169.639648 344.711884
0 1568508652 1039.458008 309.167755
0 1438984619 1067.751099 255.537720
0 1659977623 1058.185669 335.058044
0 1438982617 1056.686890 347.517029
0 1771287074 1214.593872 348.605621
0 2087111947 948.043457 325.517822
0 1578516671 1191.742798 310.353638
0 1568513659 1032.481445 358.286499
0 1578529687 1192.211304 359.346924
0 1568501644 1089.257568 246.825302
0 1438998637 1192.463135 385.678406
0 1705773174 977.314331 408.140198
0 1568507651 1069.603027 446.214539
0 1438999638 929.171265 311.677338
0 1438993630 916.724731 361.224426
0 1438995633 998.665588 424.672913
0 1568512658 1024.787354 412.456238
0 1568514661 1123.493164 366.293640
0 2079485312 1058.190063 335.005188
0 1773608077 987.305603 354.311981
0 1438977615 1148.455200 306.687500
0 1607644171 1087.184570 267.854584
0 1568504647 904.348694 321.733124
0 1568500642 1080.370850 336.979645
0 1568503646 1213.829834 324.045013
0 1568516663 953.474915 301.831757
0 1578517672 886.082031 307.973389
0 1578527685 1108.758911 258.913727
0 2086284946 1077.876831 362.280334
0 1578518673 981.874268 270.023132
0 1438981616 956.556458 392.066986
0 1609135173 1169.332153 370.326508
0 1568515662 1215.395508 374.379120
0 1568516664 1120.463135 421.154541
0 1438991628 1145.015381 409.057037
0 1438996634 1007.736877 369.295868
0 1578519675 1026.922119 252.176437
0 1438993631 1237.823364 363.328339
0 1772785076 910.779297 298.188995
0 1578528686 1101.644653 351.441376
0 1772037075 1072.503052 416.794250
0 1578515670 1147.656494 330.458435
0 1578515669 1070.218750 235.023499
0 0 863.398804 342.587433
0 1 794.595215 304.143341
0 2 1008.759277 517.028076
0 3 886.226868 275.760803
0 4 1082.683960 99.315651
0 5 1017.407349 101.551025
0 6 1338.316162 238.575592
0 7 1209.342285 165.478958
0 8 1185.027222 128.340042
0 9 946.737183 176.927979
