0 1578512666 1024.817871 521.413513
0 1707269176 873.085144 464.586243
0 1438989626 1135.437744 463.864227
0 1438992629 1055.362793 473.410889
0 1568509654 1032.835815 465.682434
0 1578523681 925.626587 412.013062
0 1578518674 893.227417 472.129944
0 1438985621 927.802185 429.648193
0 1438994632 982.614685 526.466675
0 1578520676 1095.418823 468.635345
0 1568511657 959.826477 517.670471
0 1775370079 1048.723145 530.366516
0 1568510655 1005.988892 535.489136
0 1578521677 896.383606 514.016663
0 1769859072 956.609314 495.867889
0 1578525683 1061.025024 494.346649
0 1770636073 875.197815 505.583923
0 1568511656 942.662292 401.350159
0 1438985620 968.365295 443.564331
0 1707993177 793.632874 515.318298
0 2088218948 950.633179 455.368225
0 1606348170 909.994263 441.018921
0 1438990627 937.602722 509.092102
0 1709860179 970.546753 590.320923
0 1438988624 932.466919 467.461121
0 1578514668 854.524231 497.355133
0 1438997636 1010.839478 458.136047
0 1568514660 834.258972 469.201416
0 2085418945 877.532349 550.887390
0 1568501643 874.115723 484.586151
0 1438989625 855.125183 518.945862
0 1568505649 911.876526 459.975159
0 1568506650 834.434509 510.448822
0 1568505648 876.335144 527.656128
0 1568497640 872.102417 445.514679
0 1578511665 853.407043 457.216370
0 1578529688 899.875610 560.359924
0 1708834178 913.850403 479.853729
0 1568499641 1043.156860 507.704041
0 1578525682 940.370117 531.524780
0 1438996635 853.952209 476.803040
0 1438999639 1089.070068 448.827911
0 1578523680 986.650208 549.945862
0 1578530689 1049.972534 453.479889
0 1568508653 1023.471191 427.555237
0 1608354172 834.529053 532.656189
0 1706512175 1118.973999 476.490479
0 1438986622 990.906128 574.706970
0 1438987623 898.084351 536.587891
0 1578521678 1006.616943 439.021698
0 2084722944 918.100952 522.660889
0 1578522679 1015.269714 478.190826
0 1774531078 1028.042480 446.166687
0 1525674169 1037.867920 486.170105
0 1768901071 1010.707153 559.521423
0 1578526684 978.782593 504.172302
0 1578513667 934.971619 487.764099
0 1438983618 894.766602 492.557373
0 1568502645 947.853027 436.527100
0 1568508652 915.922668 500.723602
0 1438984619 814.244446 502.157349
0 1659977623 955.060120 485.369110
0 1438982617 975.139282 482.975250
0 1771287074 945.198853 418.540009
0 2087111947 963.212463 540.616821
0 1578516671 890.360779 434.086487
0 1568513659 997.257751 491.016693
0 1578529687 965.211182 425.213715
0 1568501644 794.536926 494.064056
0 1438998637 1002.587952 420.783081
0 1705773174 1084.761963 502.728027
0 1568507651 1111.977905 456.256561
0 1438999638 943.284729 555.150269
0 1438993630 1029.972412 544.746765
0 1438995633 1102.087524 489.440857
0 1568512658 1078.439941 481.328033
0 1568514661 989.355103 450.765381
0 2079485312 955.054810 485.320404
0 1773608077 1001.511719 512.684875
0 1438977615 891.760437 452.661652
0 1607644171 834.344604 489.322937
0 1568504647 966.780762 564.799438
0 1568500642 953.548584 475.125641
0 1568503646 908.197327 422.922272
0 1568516663 920.393555 545.749634
0 1578517672 946.358398 580.066284
0 1578527685 814.641357 481.480347
0 2086284946 993.210388 470.401886
0 1578518673 855.757263 541.655945
0 1438981616 1066.979980 516.365234
0 1609135173 985.678711 432.039215
0 1568515662 982.168701 414.161469
0 1568516664 1066.695190 441.572083
0 1438991628 1044.834717 434.483093
0 1438996634 1019.923340 499.257172
0 1578519675 813.827393 523.879761
0 1438993631 962.198425 407.685394
0 1772785076 922.809753 570.082825
0 1578528686 971.670898 462.796478
0 1772037075 1072.424927 460.967346
0 1578515670 930.079834 448.110962
0 1578515669 773.927124 506.964020
0 0 1198.338745 419.412994
0 1 1090.544800 336.480499
0 2 1085.868408 444.517334
0 3 983.786743 504.573792
0 4 1005.307068 348.808258
0 5 575.096252 506.905853
0 6 826.514771 355.529144
0 7 946.422424 339.754913
0 8 632.484253 552.972107
0 9 726.909546 382.909271
