0 1578512666 999.640503 621.543213
0 1524823287 1431.584839 529.258972
0 1478234209 539.412720 592.988403
0 1707269176 889.108765 585.176392
0 1438989626 1086.077148 591.875122
0 1524801259 1347.151245 566.009521
0 1438992629 1025.585815 595.172668
0 1478227200 454.323425 632.422729
0 1524854327 1291.180420 552.439514
0 1478249229 402.113953 661.077515
0 1524807266 1450.435425 609.928406
0 1524863340 1481.326172 547.587952
0 1524831297 1469.568115 595.689331
0 1478229202 465.430054 638.053284
0 1568509654 1009.251587 590.145935
0 1524790246 1472.751709 553.565857
0 1578523681 931.506470 556.073120
0 1478207175 402.090485 641.521729
0 1524861337 1376.567261 517.458191
0 1478210178 442.172394 609.382935
0 1524862338 1407.427490 599.108154
0 1478186149 463.456665 619.833313
0 1524797254 1487.875000 582.065002
0 1578518674 903.963440 590.063843
0 1438985621 932.227661 566.442505
0 1524857331 1404.067627 530.734436
0 1478203170 422.332581 616.204712
0 1438994632 967.991394 623.284485
0 1578520676 1055.849976 593.522888
0 1478237213 628.752502 616.804993
0 1568511657 951.535400 617.743835
0 1775370079 1016.770813 627.179382
0 1478195160 535.451172 577.309570
0 1568510655 984.796814 628.942810
0 1478257240 597.962891 618.483459
0 1578521677 904.360291 614.017822
0 1524794250 1358.328003 528.174744
0 1524812272 1338.203979 555.323486
0 1769859072 950.341492 605.323059
0 1578525683 1028.357666 607.227844
0 1770636073 888.877686 608.681030
0 1524846317 1493.125122 558.086670
0 1524833300 1357.124634 559.828308
0 1568511656 945.051880 550.292419
0 1438985620 962.143677 575.648926
0 1478185148 517.545166 583.466370
0 1707993177 827.261292 612.047424
0 1478189152 610.392822 623.895935
0 1524791247 1452.768555 549.131470
0 1524830296 1463.999756 559.667480
0 2088218948 948.097839 581.981506
0 1524827292 1422.843506 534.830261
0 1606348170 918.146851 572.560181
0 1524855329 1346.171997 583.696960
0 1478183145 641.489929 622.196960
0 1438990627 935.417847 612.317078
0 1524840309 1385.634644 526.713379
0 1478222194 548.082092 627.300232
0 1709860179 955.445007 658.418457
0 1478188151 500.178497 655.669312
0 1438988624 933.757812 588.446716
0 1478243222 469.778809 678.204346
0 1524843313 1509.850708 546.046265
0 1524844315 1478.821411 588.802856
0 1524858333 1469.983521 537.495178
0 1524811271 1366.174072 588.729309
0 1524859334 1450.605835 533.338806
0 1478216186 585.782532 613.179626
0 1524851324 1340.465576 524.211060
0 1524814275 1317.852051 567.599792
0 1578514668 873.707520 603.451904
0 1478184146 579.256897 625.597046
0 1524829294 1443.896118 555.128662
0 1478176143 532.781433 653.871277
0 1524860336 1307.355591 573.931274
0 1478222193 456.043335 651.450134
0 1438997636 993.239380 585.218384
0 1478194158 572.449524 638.550537
0 1478201168 422.992249 634.134460
0 1478187150 510.039368 594.572754
0 1478205172 443.442810 626.906738
0 1524838306 1427.099976 585.393005
0 1568514660 859.561584 586.776733
0 1524865342 1270.045776 564.544556
0 2085418945 888.626465 634.246521
0 1524808268 1328.132568 561.398499
0 1478200167 494.094269 618.166809
0 1478194159 433.780304 639.786438
0 1568501643 888.995667 596.687012
0 1478239216 604.261536 636.804443
0 1524820283 1319.642822 550.904297
0 1438989625 873.263794 615.720642
0 1568505649 918.620850 583.578003
0 1478255237 546.341187 581.919373
0 1524804262 1288.517822 569.191956
0 1568506650 858.088623 610.363159
0 1478217187 580.283997 596.287842
0 1568505648 888.754822 621.189636
0 1568497640 889.217468 574.120605
0 1578511665 874.541870 580.383667
0 1478258241 502.228760 606.130188
0 1524796253 1416.151855 573.881958
0 1478206173 412.779144 647.314270
0 1524826291 1376.358643 582.047729
0 1578529688 904.792358 640.094604
0 1478233207 480.631531 596.158936
0 1708834178 919.114441 595.048767
0 1478189153 488.350006 649.672729
0 1568499641 1014.157227 614.306702
0 1478245224 499.275696 589.748230
0 1524852325 1396.655884 587.060059
0 1478219190 481.945770 684.798096
0 1578525682 936.301819 625.027954
0 1478232206 479.271912 663.619751
0 1524818280 1366.895264 553.772705
0 1524850322 1438.517578 597.397705
0 1438996635 874.133179 591.682922
0 1524832299 1386.082520 558.259949
0 1478242220 472.218628 607.755554
0 1524789245 1530.361572 550.445618
0 1438999639 1052.578369 581.997681
0 1478196161 532.202942 604.506714
0 1478252234 592.043579 601.265747
0 1524803261 1395.049805 536.323486
0 1478211179 424.444641 673.608398
0 1578523680 969.615112 636.510864
0 1578530689 1022.926697 583.607056
0 1568508653 1004.732788 567.889954
0 1524826290 1460.108398 602.729431
0 1524847319 1445.940186 572.258179
0 1524810270 1301.431152 546.568298
0 1524835302 1376.415527 564.421204
0 1524821284 1489.728394 541.730225
0 1524799257 1405.645020 562.834778
0 1478233208 528.609558 634.593628
0 1608354172 857.304810 622.915771
0 1524835303 1299.106323 562.970581
0 1478251232 557.439209 586.617310
0 1524812273 1336.968506 572.320557
0 1706512175 1072.812988 598.631836
0 1438986622 971.312256 650.335815
0 1478211180 474.423370 625.217896
0 1524823286 1461.462646 543.254822
0 1478223195 573.844360 607.981262
0 1478244223 505.365540 623.531128
0 1438987623 904.571655 626.773621
0 1478193157 497.039795 636.322388
0 1478198164 491.324799 601.095886
0 1524862339 1404.833008 546.309326
0 1478236212 585.020203 644.354248
0 1478240217 591.629700 631.142700
0 1478214183 432.781403 621.501770
0 1578521678 991.275696 574.074402
0 1524844314 1417.371094 592.175659
0 1524848320 1339.367676 539.314880
0 1524806265 1396.087524 569.104858
0 1524787243 1466.696411 577.112183
0 1478241219 520.614990 647.897644
0 1524799256 1366.545776 570.711731
0 1478190154 545.211365 659.974304
0 1478226198 508.703735 642.049316
0 1478208176 423.694855 653.229858
0 1478214184 616.270569 611.521301
0 2084722944 920.164917 619.465576
0 1578522679 995.284668 596.824463
0 1524825289 1522.215820 556.507812
0 1774531078 1006.946777 578.794189
0 1525674169 1011.653015 601.973267
0 1478197162 370.360535 643.259216
0 1524815276 1356.466797 577.135559
0 1768901071 986.814087 642.439209
0 1578526684 966.436646 610.618530
0 1478182144 452.708496 614.555969
0 1524853326 1428.705078 604.461365
0 1478218189 623.080200 629.420471
0 1578513667 934.570679 600.134094
0 1438983618 904.157776 601.792053
0 1478224196 560.139526 632.867065
0 1478247227 402.068512 623.172363
0 1524792248 1349.760132 518.887573
0 1524795252 1501.573608 552.004822
0 1524808267 1376.468994 547.839233
0 1478191155 512.263428 661.795776
0 1524856330 1496.735229 575.471069
0 1478236211 568.751465 591.405884
0 1478258242 360.212067 637.564453
0 1478212181 552.838379 646.124817
0 1478185147 567.135254 620.163940
0 1568502645 947.042480 571.001648
0 1568508652 919.628662 607.000977
0 1438984619 843.219849 605.113892
0 1659977623 949.763062 599.305969
0 1478209177 461.601196 602.702393
0 1438982617 964.946228 598.478333
0 1524805264 1348.940552 533.690369
0 1771287074 946.027893 560.446655
0 2087111947 952.781494 630.708374
0 1524817279 1386.588257 593.865234
0 1524795251 1436.620850 578.755371
0 1478230204 516.868286 629.005615
0 1478230203 391.621796 635.848389
0 1524847318 1413.927979 540.512573
0 1578516671 903.597595 567.983643
0 1568513659 981.016296 603.647095
0 1578529687 960.824524 564.903137
0 1524819282 1406.508179 580.400574
0 1478253235 540.596985 640.298828
0 1524836304 1415.006348 556.693359
0 1478243221 412.423889 628.597595
0 1568501644 828.648193 599.969543
0 1438998637 989.388550 563.365540
0 1524816278 1311.479248 540.813232
0 1705773174 1045.408691 612.591370
0 1524845316 1513.899902 562.696716
0 1524842312 1505.408081 569.016418
0 1568507651 1069.161133 586.887329
0 1438999638 937.224915 638.301575
0 1478252233 604.036682 606.342590
0 1438993630 1001.962952 634.722473
0 1478237214 457.878693 671.755249
0 1524857332 1394.574707 521.320679
0 1478248228 536.269531 621.846497
0 1478225197 503.530243 676.328918
0 1524859335 1455.064453 565.896973
0 1524832298 1425.593750 567.499939
0 1478200166 459.841583 693.471252
0 1478250231 550.666138 597.888611
0 1478245225 446.236816 665.446167
0 1438995633 1059.260132 605.535583
0 1524804263 1385.852051 542.023926
0 1524839308 1434.839722 561.250183
0 1524849321 1309.479248 556.876038
0 1568512658 1042.251953 600.301514
0 1568514661 977.539795 580.386902
0 1478231205 528.374390 588.181885
0 1773608077 982.866089 616.024170
0 1438977615 903.776917 578.803528
0 1524834301 1376.519653 532.211548
0 1607644171 858.840210 598.327209
0 1524800258 1484.499756 564.295837
0 1568504647 954.083435 644.253296
0 1568500642 949.196594 593.412537
0 1478256239 524.694458 616.502380
0 1524815277 1321.330444 535.170776
0 1568503646 917.691162 561.969055
0 1478220191 434.844849 659.272461
0 1478207174 483.047516 612.909302
0 1524841311 1412.911011 525.253601
0 1478213182 467.533020 657.469666
0 1524813274 1357.744019 543.536987
0 1568516663 920.724731 632.476318
0 1578517672 938.189819 652.176270
0 1578527685 844.266968 593.303955
0 1478240218 543.615356 609.622009
0 1478215185 491.268127 669.904663
0 1524838307 1330.990845 529.637756
0 1478197163 513.349792 611.264648
0 1478221192 562.141174 602.885315
0 1524819281 1475.692139 570.636292
0 2086284946 979.242310 591.778259
0 1524824288 1326.569824 578.765320
0 1524802260 1358.879517 513.664307
0 1478226199 485.615387 630.713074
0 1578518673 872.800781 628.521545
0 1438981616 1031.249146 619.804199
0 1478238215 524.613037 668.056519
0 1609135173 975.904419 569.444885
0 1524837305 1367.535156 522.765076
0 1524793249 1348.072388 549.370850
0 1568515662 974.332214 558.926025
0 1568516664 1036.318848 577.203430
0 1438991628 1020.373291 572.501709
0 1478249230 565.341858 652.075623
0 1438996634 997.416443 608.922119
0 1578519675 842.128174 617.425598
0 1524829295 1441.971802 539.003052
0 1524864341 1367.224487 537.818359
0 1478255238 435.981720 680.082397
0 1438993631 959.555969 554.569092
0 1524788244 1329.603638 545.051819
0 1772785076 921.309570 646.069824
0 1524828293 1386.327515 575.507751
0 1478203171 413.158051 667.274902
0 1524798255 1457.506348 583.727966
0 1478199165 476.769775 643.802063
0 1578528686 963.516541 586.831543
0 1478192156 444.794952 645.557068
0 1478228201 521.013123 599.491272
0 1772037075 1039.224609 588.515625
0 1578515670 932.977478 577.225281
0 1524851323 1395.553101 552.223877
0 1478218188 391.304504 655.011841
0 1478202169 555.257141 614.840027
0 1478254236 380.722443 649.073792
0 1478246226 447.777771 686.701660
0 1524809269 1433.164062 544.781189
0 1524822285 1448.115601 590.488220
0 1524841310 1280.720825 558.430359
0 1478235210 381.366455 630.290649
0 1578515669 812.694702 606.777893
0 1524854328 1424.177490 550.676758
0 0 1191.424316 470.369843
0 1 707.747742 474.045593
0 2 676.417053 573.539734
0 3 1222.594360 482.601105
0 4 832.632019 655.622620
0 5 867.645020 461.452667
0 6 1498.637573 540.534119
0 7 1183.160645 584.265808
0 8 1297.829224 530.968079
0 9 828.253418 870.350647
0 10 1135.315063 606.091064
0 11 1387.322998 517.625427
0 12 1271.826294 675.354736
0 13 1158.731323 453.277954
0 14 1223.559204 700.710327
0 15 1284.853882 549.832703
0 16 1139.856323 464.338501
0 17 982.784302 843.329468
0 18 518.706299 578.293701
0 19 652.561218 509.380524
0 20 1248.162964 735.592346
0 21 707.637756 639.070862
0 22 1299.425659 711.099670
0 23 1419.117920 582.907654
0 24 637.591797 539.297180
0 25 853.976013 441.078735
0 26 796.797607 461.531891
0 27 578.379395 563.396423
0 28 522.310730 777.410889
0 29 551.200012 552.753784
0 30 711.270935 585.930420
0 31 1028.779663 437.354462
0 32 1121.135864 652.965027
0 33 964.834900 446.203400
0 34 1230.881348 599.740906
0 35 993.093201 429.219086
0 36 626.029785 571.698364
0 37 1067.714600 673.860352
0 38 639.703064 823.466248
0 39 1161.643799 629.649658
