0 1578512666 917.071167 575.103333
0 1524823287 1235.090210 941.909241
0 1478234209 1022.698486 419.393585
0 1707269176 1023.335815 535.914978
0 1438989626 989.864258 625.007935
0 1524801259 1060.495483 814.690125
0 1438992629 985.602966 593.782654
0 1478227200 947.179626 398.956390
0 1524854327 1117.630249 779.922302
0 1478249229 899.169006 388.314575
0 1524807266 877.835449 862.256287
0 1524863340 1142.543335 973.154297
0 1524831297 927.546692 895.592896
0 1478229202 935.526611 401.811310
0 1568509654 1001.343933 587.443298
0 1524790246 1112.365967 953.989746
0 1578523681 1106.002441 559.909424
0 1478207175 934.297363 387.321808
0 1524861337 1290.008057 896.225464
0 1478210178 993.343872 395.076477
0 1524862338 925.578186 835.367981
0 1478186149 971.068604 400.662354
0 1524797254 980.426453 931.054382
0 1578518674 1009.180786 541.135071
0 1438985621 1074.637207 557.926331
0 1524857331 1223.887329 908.757385
0 1478203170 980.957764 390.681000
0 1438994632 916.617004 561.208435
0 1578520676 987.683960 609.031494
0 1478237213 965.204224 444.306427
0 1568511657 932.538330 555.501160
0 1775370079 900.406006 581.249084
0 1478195160 1058.062134 418.043396
0 1568510655 900.315002 567.052246
0 1478257240 964.014343 435.587585
0 1578521677 947.009399 537.161499
0 1524794250 1231.547119 864.031677
0 1524812272 1105.322876 816.893982
0 1769859072 964.736023 557.525452
0 1578525683 951.637329 591.711731
0 1770636073 961.906494 531.968323
0 1524846317 1089.818481 971.008667
0 1524833300 1085.804565 829.261047
0 1568511656 1124.053223 567.541626
0 1438985620 1046.351562 569.317749
0 1478185148 1044.732910 413.313171
0 1707993177 959.301453 508.440430
0 1478189152 951.614258 439.009399
0 1524791247 1134.075317 937.603516
0 1524830296 1083.144897 935.432678
0 2088218948 1028.795410 561.552795
0 1524827292 1204.661499 923.977844
0 1606348170 1057.206665 550.447632
0 1524855329 991.394226 798.301025
0 1478183145 952.595581 447.872528
0 1438990627 948.092285 549.925537
0 1524840309 1242.438110 894.071533
0 1478222194 949.750793 422.178772
0 1709860179 835.266296 549.385742
0 1478188151 899.312439 410.683533
0 1438988624 1011.582642 553.939697
0 1478243222 862.255737 404.179962
0 1524843313 1151.636719 1011.330688
0 1524844315 953.571838 913.045471
0 1524858333 1194.965210 975.287659
0 1524811271 970.177673 810.250000
0 1524859334 1215.405518 958.284119
0 1478216186 976.185242 432.229004
0 1524851324 1249.085693 850.793579
0 1524814275 1055.665894 788.943726
0 1578514668 976.474243 526.889832
0 1478184146 950.666565 430.449951
0 1524829294 1105.051270 919.640808
0 1478176143 899.363464 418.643494
0 1524860336 1031.830566 775.527649
0 1478222193 911.350708 400.089722
0 1438997636 1016.706848 581.256348
0 1478194158 925.076965 428.665924
0 1478201168 946.376709 391.704163
0 1478187150 1020.647156 411.602905
0 1478205172 958.632507 396.150543
0 1524838306 974.969666 866.734680
0 1568514660 1020.771362 523.872314
0 1524865342 1069.807373 754.139526
0 2085418945 900.064575 527.995117
0 1524808268 1080.154175 802.727417
0 1478200167 972.285339 408.168793
0 1478194159 934.902222 394.451294
0 1568501643 992.672424 533.944946
0 1478239216 925.579346 437.206360
0 1524820283 1124.213623 804.924500
0 1438989625 945.970947 524.920166
0 1568505649 1026.008179 548.464233
0 1478255237 1047.178345 421.121643
0 1524804262 1051.112183 764.668457
0 1568506650 960.577576 519.966125
0 1478217187 1013.332092 430.694397
0 1568505648 931.037354 529.985046
0 1568497640 1053.897095 537.878479
0 1578511665 1037.179077 530.809814
0 1478258241 996.498047 409.888092
0 1524796253 1023.155457 868.956421
0 1478206173 922.803040 390.011536
0 1524826291 994.331482 824.830688
0 1578529688 884.415955 533.160889
0 1478233207 1018.661255 404.061035
0 1708834178 994.703308 546.474121
0 1478189153 911.598572 407.673523
0 1568499641 934.174988 583.321350
0 1478245224 1031.600708 408.652893
0 1524852325 972.498413 837.605286
0 1478219190 849.492371 407.166626
0 1578525682 916.182312 547.908020
0 1478232206 886.960083 405.929077
0 1524818280 1111.838867 844.249329
0 1524850322 926.530396 864.501404
0 1438996635 1006.876831 528.853088
0 1524832299 1091.813232 857.477234
0 1478242220 994.895752 402.363892
0 1524789245 1128.648926 1030.453125
0 1438999639 1022.307678 611.114014
0 1478196161 998.153198 417.660889
0 1478252234 1001.633362 434.003143
0 1524803261 1194.617432 891.906311
0 1478211179 875.139343 393.811951
0 1578523680 883.896057 559.163208
0 1578530689 1019.443604 595.845886
0 1568508653 1068.025635 591.535339
0 1524826290 902.313049 878.671082
0 1524847319 1027.395874 900.028564
0 1524810270 1142.506714 793.333801
0 1524835302 1065.627075 842.045837
0 1524821284 1173.724854 992.956482
0 1524799257 1071.089478 871.166382
0 1478233208 936.838074 417.269409
0 1608354172 930.332458 518.003357
0 1524835303 1074.830933 777.730103
0 1478251232 1036.098999 424.255219
0 1524812273 1035.881592 800.519592
0 1706512175 971.196533 615.876526
0 1438986622 851.058899 557.110657
0 1478211180 959.639343 403.528442
0 1524823286 1164.031372 956.143005
0 1478223195 988.133118 428.931946
0 1478244223 960.679199 411.148499
0 1438987623 915.765747 535.164612
0 1478193157 936.171570 409.413330
0 1478198164 1007.676086 406.949188
0 1524862339 1146.543823 889.729492
0 1478236212 912.393738 432.000580
0 1478240217 938.240234 433.796570
0 1478214183 969.890198 393.392487
0 1578521678 1049.680298 583.292603
0 1524844314 949.911377 850.821106
0 1524848320 1176.372070 833.647583
0 1524806265 1044.756104 855.269958
0 1524787243 1004.343201 915.256042
0 1478241219 911.854736 415.511108
0 1524799256 1040.182129 827.051392
0 1478190154 886.642029 421.833618
0 1478226198 924.122131 412.434875
0 1478208176 911.110718 392.747620
0 1478214184 977.575745 440.807373
0 2084722944 931.771973 542.473328
0 1578522679 983.614624 579.212708
0 1524825289 1096.986206 1009.220032
0 1774531078 1034.745361 589.493042
0 1525674169 967.820801 585.386108
0 1478197162 933.711121 380.412262
0 1524815276 1015.447632 812.475525
0 1768901071 867.172974 564.992981
0 1578526684 949.222412 563.246521
0 1478182144 982.301758 397.845459
0 1524853326 902.120056 848.579407
0 1478218189 938.978210 442.496307
0 1578513667 979.892212 551.936096
0 1438983618 978.147583 539.151611
0 1478224196 937.527161 425.392548
0 1478247227 968.748413 386.348175
0 1524792248 1277.651733 866.194275
0 1524795252 1120.211792 990.833252
0 1524808267 1138.629639 859.673218
0 1478191155 886.803711 413.748077
0 1524856330 1008.150757 949.646423
0 1478236211 1024.818726 427.445648
0 1478258242 944.844482 377.865265
0 1478212181 912.119690 423.615509
0 1478185147 962.864929 427.164703
0 1568502645 1060.658325 563.556030
0 1568508652 963.291443 544.477173
0 1438984619 974.867920 515.119385
0 1659977623 980.792786 558.534912
0 1478209177 1005.910400 399.536011
0 1438982617 981.712891 565.277405
0 1524805264 1203.566406 848.623108
0 1771287074 1092.410645 565.552307
0 2087111947 900.227905 553.469788
0 1524817279 948.251099 822.598816
0 1524795251 1000.786255 883.129822
0 1478230204 948.865356 414.181549
0 1478230203 945.598694 384.677246
0 1524847318 1175.159912 906.592834
0 1578516671 1070.934082 545.081970
0 1568513659 966.244385 571.148743
0 1578529687 1078.500732 571.327271
0 1524819282 997.456055 853.051270
0 1478253235 924.591553 420.413574
0 1524836304 1098.215576 887.541260
0 1478243221 957.657166 389.003540
0 1568501644 988.852173 510.376434
0 1438998637 1082.535400 585.321594
0 1524816278 1168.061523 807.111206
0 1705773174 935.049988 598.195251
0 1524845316 1066.383301 988.697510
0 1524842312 1036.787842 968.850586
0 1568507651 1006.292480 617.972534
0 1438999638 884.161560 545.883484
0 1478252233 989.716675 437.373535
0 1438993630 883.618591 573.037415
0 1478237214 874.793396 401.246063
0 1524857332 1272.354736 910.910583
0 1478248228 961.753784 419.022949
0 1478225197 861.684631 411.980225
0 1524859335 1054.835571 917.454468
0 1524832298 1049.630371 885.341431
0 1478200166 837.485291 402.426178
0 1478250231 1011.383972 422.515839
0 1478245225 887.111328 398.363586
0 1438995633 952.929382 606.941040
0 1524804263 1166.210693 875.552124
0 1524839308 1076.916260 902.228455
0 1524849321 1099.189331 791.143982
0 1568512658 969.469727 600.279846
0 1568514661 1031.705078 575.216187
0 1478231205 1033.812988 416.326508
0 1773608077 933.338562 569.104187
0 1438977615 1040.109375 543.111877
0 1524834301 1213.401733 877.727905
0 1607644171 990.723755 521.922424
0 1524800258 1060.406616 951.824341
0 1568504647 867.804077 551.431335
0 1568500642 996.821594 559.542603
0 1478256239 973.542236 415.923553
0 1524815277 1194.322754 821.269409
0 1568503646 1088.299316 552.424255
0 1478220191 899.215271 395.531219
0 1478207174 983.689026 405.241058
0 1524841311 1254.060669 926.128662
0 1478213182 899.263062 402.983612
0 1524813274 1157.817993 846.441711
0 1568516663 900.144531 540.462708
0 1578517672 852.029602 543.851929
0 1578527685 1004.665039 517.062378
0 1478240218 986.602356 420.771729
0 1478215185 874.435913 408.927460
0 1524838307 1221.320435 835.824524
0 1478197163 985.121826 412.879089
0 1478221192 999.864136 425.694763
0 1524819281 1031.929443 933.249634
0 2086284946 999.033081 573.186096
0 1524824288 1011.934570 786.732910
0 1524802260 1307.053711 882.045837
0 1478226199 948.008789 406.444946
0 1578518673 915.366333 522.943909
0 1438981616 917.546082 589.633179
0 1478238215 874.066345 416.868652
0 1609135173 1064.261230 577.239014
0 1524837305 1260.348877 879.892395
0 1524793249 1131.200806 831.459717
0 1568515662 1096.702026 579.254700
0 1568516664 1037.925293 604.425781
0 1438991628 1053.160034 597.901550
0 1478249230 899.416260 426.876984
0 1438996634 950.402954 577.161682
0 1578519675 944.974060 513.170044
0 1524829295 1184.722900 939.762329
0 1524864341 1185.207031 861.858093
0 1478255238 862.808228 396.632965
0 1438993631 1110.537476 573.329712
0 1524788244 1149.931519 819.087036
0 1772785076 868.408447 538.445190
0 1524828293 1019.180847 839.831238
0 1478203171 887.257812 391.039551
0 1524798255 977.606628 897.816711
0 1478199165 923.668091 404.716553
0 1578528686 1014.088989 567.301086
0 1478192156 923.228638 397.246033
0 1478228201 1009.499695 414.605103
0 1772037075 1003.761292 602.356689
0 1578515670 1043.164062 555.936462
0 1524851323 1118.773926 873.364990
0 1478218188 910.878235 385.635834
0 1478202169 974.841492 423.939148
0 1478254236 922.390686 383.002106
0 1478246226 850.258850 399.503937
0 1524809269 1154.992432 921.815247
0 1524822285 951.681152 880.906433
0 1524841310 1093.405518 766.862061
0 1478235210 956.711853 382.076691
0 1578515669 973.324707 503.811188
0 1524854328 1126.170288 904.416504
0 0 687.075073 750.157898
0 1 1255.761475 708.934875
0 2 1066.319336 409.285706
0 3 901.424011 360.404327
0 4 808.660828 480.356537
0 5 773.674316 735.174683
0 6 966.291382 379.584534
0 7 837.929688 588.462830
0 8 745.450562 544.353149
0 9 1418.763916 647.186035
0 10 700.868652 528.411926
0 11 1269.286499 778.024902
0 12 1121.338745 446.102051
0 13 1140.419678 436.318420
0 14 1198.406128 474.987488
0 15 839.732239 624.396729
0 16 589.828735 610.406128
0 17 1315.082886 512.750488
0 18 664.076233 661.825378
0 19 1270.199219 458.326050
0 20 1465.233032 626.049866
0 21 1000.299561 402.492004
0 22 1507.753052 581.748901
0 23 1077.115601 430.817505
0 24 885.945007 803.306580
0 25 1376.604614 499.921783
0 26 1308.592529 477.488007
0 27 1369.359863 657.804504
0 28 971.113708 853.101929
0 29 1507.164185 546.414246
0 30 679.239807 509.555084
0 31 705.656311 703.704712
0 32 620.833557 510.551971
0 33 1442.312622 536.728333
0 34 784.184753 599.305847
0 35 1337.722290 716.216431
0 36 1240.860840 637.966980
0 37 700.907227 495.059448
0 38 1463.288330 679.090027
0 39 651.822754 539.002258
