0 1578512666 978.845764 549.446960
0 1524823287 1314.031616 866.089172
0 1478234209 1086.531616 404.409210
0 1707269176 1087.572510 507.466156
0 1438989626 1053.360352 589.290039
0 1524801259 1127.374268 757.206421
0 1438992629 1048.932739 561.606445
0 1478227200 1009.680847 392.039124
0 1524854327 1187.116455 722.055298
0 1478249229 961.221558 386.288574
0 1524807266 937.709290 810.644287
0 1524863340 1215.336182 899.990601
0 1524831297 988.963135 838.644836
0 1478229202 997.884277 395.392273
0 1568509654 1065.100342 554.907410
0 1524790246 1183.051758 883.522217
0 1578523681 1173.142090 523.274902
0 1478207175 996.660217 382.826721
0 1524861337 1372.415771 820.376831
0 1478210178 1056.537476 385.230408
0 1524862338 987.035156 783.533997
0 1478186149 1033.903687 391.770660
0 1524797254 1043.990479 868.706848
0 1578518674 1073.042969 513.076294
0 1438985621 1140.603516 523.622986
0 1524857331 1301.496094 835.587463
0 1478203170 1043.938721 382.301422
0 1438994632 978.415039 537.132568
0 1578520676 1051.092896 575.112915
0 1478237213 1027.963135 430.491669
0 1568511657 994.641357 531.006104
0 1775370079 961.867554 556.002441
0 1478195160 1122.733398 400.619965
0 1568510655 961.819580 543.398315
0 1478257240 1026.751343 422.914917
0 1578521677 1009.414551 513.758911
0 1524794250 1309.026978 793.433044
0 1524812272 1174.470459 756.734741
0 1769859072 1027.515259 530.655090
0 1578525683 1014.111328 561.975098
0 1770636073 1024.618774 508.142578
0 1524846317 1159.270996 900.528687
0 1524833300 1154.026855 769.204041
0 1568511656 1191.979004 528.898804
0 1438985620 1111.421265 535.714539
0 1478185148 1109.049316 397.438599
0 1707993177 1021.959778 487.476135
0 1478189152 1014.155029 426.814270
0 1524791247 1205.964233 867.136719
0 1524830296 1151.955933 867.660278
0 2088218948 1093.281860 529.952759
0 1524827292 1281.114868 850.822083
0 1606348170 1122.538574 518.119202
0 1524855329 1055.228516 746.053711
0 1478183145 1015.147827 434.531097
0 1438990627 1010.510925 525.014404
0 1524840309 1321.171509 820.880310
0 1478222194 1012.272400 412.181976
0 1709860179 896.057495 532.058838
0 1478188151 961.295837 405.792389
0 1438988624 1075.544922 524.318787
0 1478243222 924.046692 402.816315
0 1524843313 1225.450073 935.444702
0 1524844315 1015.979553 853.404175
0 1524858333 1271.419922 899.452271
0 1524811271 1033.220947 758.149475
0 1524859334 1293.122070 882.460388
0 1478216186 1039.126709 419.083954
0 1524851324 1327.604614 780.147583
0 1524814275 1122.181030 733.870972
0 1578514668 1039.502808 502.644501
0 1478184146 1013.197144 419.369293
0 1524829294 1175.011597 851.855408
0 1478176143 961.322266 412.743683
0 1524860336 1097.238037 722.964539
0 1478222193 973.465698 395.662659
0 1438997636 1080.895874 548.362549
0 1478194158 987.271484 419.654541
0 1478201168 1008.872925 385.759552
0 1478187150 1084.410522 397.711212
0 1478205172 1021.285767 388.740479
0 1524838306 1038.237915 809.652527
0 1568514660 1084.897217 496.928955
0 1524865342 1136.770264 701.236877
0 2085418945 961.687988 508.818695
0 1524808268 1147.912598 745.122192
0 1478200167 1035.143799 398.256287
0 1478194159 997.262329 389.006927
0 1568501643 1056.092773 507.804413
0 1478239216 987.764526 427.104095
0 1524820283 1194.273315 744.656250
0 1438989625 1008.364441 502.979553
0 1568505649 1090.364868 518.463806
0 1478255237 1111.589722 404.132477
0 1524804262 1117.299805 711.938232
0 1568506650 1023.261475 497.593079
0 1478217187 1076.996094 415.036469
0 1568505648 993.150452 508.480682
0 1568497640 1119.058228 507.127899
0 1578511665 1101.796265 501.974243
0 1478258241 1059.775391 397.983765
0 1524796253 1088.524414 809.156433
0 1478206173 985.045654 386.024078
0 1524826291 1058.329956 770.159119
0 1578529688 945.809814 514.441284
0 1478233207 1082.359375 391.233643
0 1708834178 1058.197021 518.808411
0 1478189153 973.696838 402.267456
0 1568499641 996.271606 555.637512
0 1478245224 1095.593140 394.310242
0 1524852325 1035.646606 783.050598
0 1478219190 911.227112 406.345367
0 1578525682 978.003174 525.362061
0 1478232206 948.869934 402.541870
0 1524818280 1181.563599 781.599731
0 1524850322 987.966248 810.148499
0 1438996635 1070.646729 502.309418
0 1524832299 1160.551880 794.903687
0 1478242220 1058.129761 391.502167
0 1524789245 1201.079346 954.526062
0 1438999639 1086.765503 574.736572
0 1478196161 1061.477173 404.685944
0 1478252234 1065.060303 418.798615
0 1524803261 1269.942505 821.383606
0 1478211179 937.032959 392.844269
0 1578523680 945.179504 537.486938
0 1578530689 1083.761230 561.237671
0 1568508653 1133.956543 554.177063
0 1524826290 962.889282 824.400391
0 1524847319 1093.077637 837.626343
0 1524810270 1213.464966 732.950439
0 1524835302 1132.910767 782.083496
0 1524821284 1248.879150 917.100769
0 1524799257 1138.825439 808.660217
0 1478233208 999.192383 408.820190
0 1608354172 992.451904 497.925049
0 1524835303 1142.171387 722.510010
0 1478251232 1100.255493 407.705017
0 1524812273 1101.564209 745.587952
0 1706512175 1034.160400 582.304565
0 1438986622 911.950500 537.841125
0 1478211180 1022.306335 395.121826
0 1524823286 1238.078003 882.991394
0 1478223195 1051.286987 415.319611
0 1478244223 1023.361328 401.718414
0 1438987623 977.609253 514.100159
0 1478193157 998.527222 401.992981
0 1478198164 1071.160645 394.580811
0 1524862339 1218.728882 821.886780
0 1478236212 974.439209 423.489960
0 1478240217 1000.593323 423.202454
0 1478214183 1032.703491 385.494995
0 1578521678 1114.926147 548.000977
0 1524844314 1012.204956 796.373047
0 1524848320 1249.776978 768.248413
0 1524806265 1111.088623 795.393616
0 1524787243 1068.973877 852.888062
0 1478241219 973.935791 409.098877
0 1524799256 1106.171753 769.681641
0 1478190154 948.489502 416.451813
0 1478226198 986.335693 405.515808
0 1478208176 973.242188 389.273376
0 1478214184 1040.549561 426.524414
0 2084722944 993.879639 519.497375
0 1578522679 1046.872437 548.724060
0 1524825289 1167.164551 935.998047
0 1774531078 1099.525024 554.542297
0 1525674169 1030.682495 555.272522
0 1478197162 996.077271 376.841766
0 1524815276 1080.291138 757.677979
0 1768901071 928.207947 543.756104
0 1578526684 1011.656921 536.778137
0 1478182144 1045.312500 388.473969
0 1524853326 962.784485 796.862549
0 1478218189 1001.331848 430.783844
0 1578513667 1043.024780 524.666626
0 1438983618 1041.225830 513.417603
0 1478224196 999.880615 415.885803
0 1478247227 1031.541748 379.419281
0 1524792248 1358.547241 792.942505
0 1524795252 1191.715698 917.646545
0 1524808267 1210.029297 794.413635
0 1478191155 948.682983 409.377533
0 1524856330 1073.051880 884.583313
0 1478236211 1088.725952 411.339142
0 1478258242 1007.333008 373.791168
0 1478212181 974.183105 416.168823
0 1478185147 1025.581909 415.602722
0 1568502645 1126.174561 529.601501
0 1568508652 1026.035400 519.152954
0 1438984619 1037.851196 492.317688
0 1659977623 1043.954590 530.479492
0 1478209177 1069.342529 388.207428
0 1438982617 1044.905151 536.423706
0 1524805264 1278.910400 780.631836
0 1771287074 1159.073608 529.250183
0 2087111947 961.773804 531.357056
0 1524817279 1010.501526 770.636475
0 1524795251 1065.179321 823.395386
0 1478230204 1011.379150 405.239227
0 1478230203 1008.090698 379.680023
0 1524847318 1249.367798 836.097412
0 1578516671 1136.694824 512.393433
0 1568513659 1029.062744 542.682617
0 1578529687 1144.688843 535.359863
0 1524819282 1061.639648 795.883423
0 1478253235 986.795410 412.462860
0 1524836304 1167.530518 822.389832
0 1478243221 1020.297913 382.564087
0 1568501644 1052.143066 487.150024
0 1438998637 1148.963013 547.639343
0 1524816278 1240.646606 744.190186
0 1705773174 997.145264 568.837463
0 1524845316 1134.571411 918.192139
0 1524842312 1103.223877 901.066589
0 1568507651 1070.266846 581.924500
0 1438999638 945.501587 525.709656
0 1478252233 1052.913330 422.627319
0 1438993630 944.842590 549.808167
0 1478237214 936.652771 399.345978
0 1524857332 1353.640137 835.077332
0 1478248228 1024.452515 408.541443
0 1478225197 923.433960 409.656128
0 1524859335 1121.984619 852.371826
0 1524832298 1116.347290 822.892700
0 1478200166 899.226990 403.090668
0 1478250231 1074.984131 407.983887
0 1478245225 949.050720 395.932983
0 1438995633 1015.427734 575.489075
0 1524804263 1239.471924 807.667236
0 1524839308 1145.158569 837.116821
0 1524849321 1167.816895 733.410767
0 1568512658 1032.379883 568.465027
0 1568514661 1096.332031 541.966675
0 1478231205 1097.885010 400.894653
0 1773608077 995.437866 543.040527
0 1438977615 1104.865845 512.734863
0 1524834301 1289.817261 807.170532
0 1607644171 1054.076660 497.261047
0 1524800258 1128.042969 884.052856
0 1568504647 928.912537 531.708008
0 1568500642 1060.395386 530.303955
0 1478256239 1036.426270 404.962585
0 1524815277 1268.701294 755.790894
0 1568503646 1154.718506 517.774475
0 1478220191 961.245483 392.575958
0 1478207174 1046.731812 394.851349
0 1524841311 1334.191040 850.305115
0 1478213182 961.270264 399.073639
0 1524813274 1230.229980 781.115845
0 1568516663 961.729980 519.841797
0 1578517672 913.006165 526.057251
0 1578527685 1068.349854 491.988617
0 1478240218 1049.716553 408.262695
0 1478215185 936.259644 406.068878
0 1524838307 1297.672119 767.770447
0 1478197163 1048.198975 401.443878
0 1478221192 1063.237671 411.620117
0 1524819281 1097.964722 868.183594
0 2086284946 1062.694092 542.324707
0 1524824288 1076.557251 734.331055
0 1524802260 1390.552246 806.176758
0 1478226199 1010.515808 398.528778
0 1578518673 977.231812 503.314514
0 1438981616 979.296997 562.343689
0 1478238215 935.852905 413.024445
0 1609135173 1129.976685 541.608582
0 1524837305 1340.177368 806.673706
0 1524793249 1201.895264 768.726318
0 1568515662 1163.627930 541.250366
0 1568516664 1102.870850 567.720032
0 1438991628 1118.596802 560.868835
0 1478249230 961.349731 419.939758
0 1438996634 1012.855774 549.085571
0 1578519675 1007.357910 492.646729
0 1524829295 1259.989380 866.613037
0 1524864341 1259.521118 793.923401
0 1478255238 924.639099 396.203339
0 1438993631 1177.962891 535.005127
0 1524788244 1221.579468 756.262878
0 1772785076 929.586304 520.186096
0 1524828293 1084.271729 782.567139
0 1478203171 949.225525 389.539795
0 1524798255 1041.012451 838.135620
0 1478199165 985.891235 398.801239
0 1578528686 1078.160034 536.069153
0 1478192156 985.461487 392.307526
0 1478228201 1073.040161 401.169281
0 1772037075 1067.621704 568.092590
0 1578515670 1108.071045 523.970886
0 1524851323 1189.141235 808.163818
0 1478218188 973.025879 383.089294
0 1478202169 1037.753174 411.901062
0 1478254236 984.642883 379.940735
0 1478246226 912.038818 399.618347
0 1524809269 1228.055054 851.338806
0 1524822285 1014.026611 823.898010
0 1524841310 1161.563477 711.489014
0 1478235210 1019.341309 376.582916
0 1578515669 1036.266602 482.410004
0 1524854328 1197.255249 836.607178
0 0 887.863403 730.031677
0 1 386.018097 537.313232
0 2 501.241669 414.380249
0 3 440.945282 489.941956
0 4 415.705902 578.123108
0 6 506.807373 554.226074
0 7 534.028687 529.942078
0 8 1531.051392 327.747772
0 9 1661.278442 444.548248
0 10 631.433350 520.214905
0 11 741.036926 704.759766
0 12 1399.471436 287.673248
0 13 579.047302 542.496216
0 14 1339.534180 277.481903
0 16 1592.886963 756.245728
0 17 1306.767578 280.770050
0 19 1577.052612 813.043274
0 20 567.590820 341.503723
0 21 1273.464478 279.826385
0 22 915.496094 299.578522
0 23 1108.095703 571.801941
0 24 998.671326 330.382446
0 25 1238.087891 535.454224
0 26 1364.991333 462.095032
0 27 779.132690 467.838196
0 28 1003.091125 390.589142
0 29 813.664429 477.481567
0 30 1125.179810 319.483337
0 31 895.914490 540.228333
0 33 1337.499390 443.773499
0 35 1086.079956 316.911469
0 36 1139.102905 751.121033
0 37 1030.684814 333.420502
0 38 980.302612 338.537384
0 39 704.250977 330.932709
0 40 1100.993774 308.283203
0 41 719.280640 583.056946
0 43 552.815063 355.684662
0 44 713.713196 391.200409
0 46 697.009460 323.432587
0 52 826.566162 663.747681
0 53 448.384308 541.118042
0 55 1016.034302 283.673065
0 59 1370.282715 793.257629
0 61 1038.176025 807.578064
0 73 863.629211 327.097076
0 77 989.407532 303.194183
0 81 1190.385376 315.561676
0 84 1246.634155 327.514435
0 85 1304.747437 343.112000
0 86 1253.826050 270.585052
0 87 1786.073242 422.026703
0 89 1785.333008 439.703583
0 91 1232.540161 199.124405
