0 1578512666 930.419006 615.760254
0 1524823287 746.757385 485.327759
0 1478234209 816.546631 886.758667
0 1707269176 830.512817 664.120972
0 1438989626 862.787292 586.571289
0 1524801259 820.850830 510.409821
0 1438992629 867.548584 607.525940
0 1478227200 964.637939 929.011414
0 1524854327 784.962463 523.092468
0 1478249229 1068.320190 949.772034
0 1524807266 912.337341 492.947968
0 1524863340 792.402466 477.402405
0 1524831297 886.772217 487.113800
0 1478229202 984.262024 913.453796
0 1568509654 853.750977 613.747009
0 1524790246 804.201599 480.173004
0 1578523681 747.161560 648.835388
0 1478207175 1000.532776 970.892578
0 1524861337 710.860229 496.582672
0 1478210178 873.703796 966.080627
0 1524862338 891.361084 500.639099
0 1478186149 917.303223 932.833069
0 1524797254 861.882385 481.433716
0 1578518674 845.879456 656.682556
0 1438985621 779.554199 647.201050
0 1524857331 746.773743 491.943390
0 1478203170 901.096924 979.385437
0 1438994632 934.309570 627.227417
0 1578520676 865.120483 596.839844
0 1478237213 911.331482 800.217896
0 1568511657 920.831177 633.915527
0 1775370079 943.351990 609.499878
0 1478195160 747.794678 904.926697
0 1568510655 947.465088 620.699402
0 1478257240 916.040100 820.940857
0 1578521677 910.576782 653.333008
0 1524794250 734.658630 502.704620
0 1524812272 796.300049 511.309662
0 1769859072 889.709961 635.465942
0 1578525683 897.207458 606.137085
0 1770636073 896.145386 660.678223
0 1524846317 815.074280 476.650330
0 1524833300 808.070862 507.223969
0 1568511656 731.046265 643.370178
0 1438985620 810.325806 633.326660
0 1478185148 771.602844 916.490295
0 1707993177 903.183105 688.249878
0 1478189152 934.017151 809.048462
0 1524791247 793.133179 483.759125
0 1524830296 816.157349 482.980347
0 2088218948 826.861877 638.596863
0 1524827292 758.492737 488.208740
0 1606348170 796.221802 652.735229
0 1524855329 858.381714 512.731262
0 1478183145 928.893005 788.973633
0 1438990627 907.017944 640.769836
0 1524840309 734.837280 495.747284
0 1478222194 945.176514 852.767578
0 1709860179 1013.006836 629.323547
0 1478188151 1039.034668 870.031250
0 1438988624 843.703247 643.964355
0 1478243222 1109.280273 877.271118
0 1524843313 791.693909 471.238678
0 1524844315 874.244568 484.254852
0 1524858333 769.625122 478.157959
0 1524811271 869.584534 508.623657
0 1524859334 758.293823 481.710724
0 1478216186 897.465088 833.228760
0 1524851324 722.295532 506.710205
0 1524814275 822.123596 517.848145
0 1578514668 881.338135 668.214844
0 1478184146 939.436279 830.278870
0 1524829294 805.123230 486.615936
0 1478176143 1030.419678 846.573914
0 1524860336 835.316101 521.188477
0 1478222193 1030.184326 909.813110
0 1438997636 839.622742 620.117188
0 1478194158 981.045105 827.354492
0 1478201168 971.997437 957.843750
0 1478187150 818.809570 912.814331
0 1478205172 944.265320 945.162354
0 1524838306 865.609802 494.592407
0 1568514660 832.464233 677.764282
0 1524865342 811.326477 529.984497
0 2085418945 960.900330 657.281555
0 1524808268 809.119568 514.555542
0 1478200167 911.872803 905.567444
0 1478194159 992.129028 941.226013
0 1568501643 863.439880 662.393738
0 1478239216 974.489624 806.294617
0 1524820283 784.300781 515.474609
0 1438989625 914.296204 666.463074
0 1568505649 828.647156 651.078064
0 1478255237 770.797974 890.198242
0 1524804262 823.440247 525.542908
0 1568506650 899.583862 674.148926
0 1478217187 835.118958 849.014954
0 1568505648 928.631470 658.974182
0 1568497640 797.361694 665.859863
0 1578511665 814.743042 671.754456
0 1478258241 865.564026 909.173523
0 1524796253 842.076294 495.420593
0 1478206173 1020.401489 953.787598
0 1524826291 856.527283 505.466064
0 1578529688 974.419800 650.027649
0 1478233207 821.221924 940.590210
0 1708834178 860.858276 649.431885
0 1478189153 1021.424011 883.992554
0 1568499641 913.669006 610.906860
0 1478245224 796.069336 928.373657
0 1524852325 867.564758 501.493591
0 1478219190 1125.216064 863.551819
0 1578525682 938.367493 639.188049
0 1478232206 1065.555054 880.616272
0 1524818280 795.469299 504.082520
0 1524850322 889.029907 493.768188
0 1438996635 848.154541 669.978577
0 1524832299 807.056335 500.131012
0 1478242220 869.500244 936.692444
0 1524789245 802.441711 467.868896
0 1438999639 835.868652 598.177063
0 1478196161 861.870544 883.351074
0 1478252234 855.126831 836.204407
0 1524803261 758.697998 494.915955
0 1478211179 1103.899536 917.768005
0 1578523680 964.815308 625.726685
0 1578530689 837.707397 608.923340
0 1568508653 793.085449 616.622620
0 1524826290 899.468689 490.011230
0 1524847319 840.551147 488.708282
0 1524810270 772.066467 519.721191
0 1524835302 819.619812 503.215302
0 1524821284 780.756714 474.667847
0 1524799257 818.428406 496.252808
0 1478233208 969.944458 862.910583
0 1608354172 932.798157 672.359863
0 1524835303 810.204163 522.138000
0 1478251232 792.992371 875.987671
0 1524812273 833.812866 513.641113
0 1706512175 878.360840 591.003540
0 1438986622 995.128784 624.235474
0 1478211180 937.895874 917.129700
0 1524823286 781.301453 480.940033
0 1478223195 878.261841 845.932251
0 1478244223 931.922363 890.839966
0 1438987623 942.604004 651.674805
0 1478193157 976.881775 887.400330
0 1478198164 843.806213 924.589111
0 1524862339 782.443420 494.088623
0 1478236212 998.106750 815.266235
0 1478240217 957.248413 818.091431
0 1478214183 923.100769 961.941223
0 1578521678 808.976440 621.587769
0 1524844314 878.397095 497.594971
0 1524848320 759.129150 508.999451
0 1524806265 830.952942 499.281555
0 1524787243 851.312988 485.038177
0 1478241219 1013.187195 859.714905
0 1524799256 832.359314 506.342834
0 1478190154 1047.079346 833.869690
0 1478226198 995.351929 873.315491
0 1478208176 1039.519775 937.328552
0 1478214184 893.202209 811.825623
0 2084722944 924.646362 646.171875
0 1578522679 870.077393 618.655762
0 1524825289 814.023926 470.512054
0 1774531078 823.512512 615.180359
0 1525674169 883.802551 612.322571
0 1478197162 1009.530151 1002.654297
0 1524815276 845.278625 509.514526
0 1768901071 977.565674 619.237061
0 1578526684 903.609558 628.737671
0 1478182144 895.921326 949.138306
0 1524853326 901.946472 496.757874
0 1478218189 951.424683 797.532898
0 1578513667 875.463867 642.361938
0 1438983618 878.335999 655.002197
0 1478224196 963.411499 839.848022
0 1478247227 929.303711 993.085449
0 1524792248 710.286987 503.570953
0 1524795252 803.308228 473.926910
0 1524808267 783.042358 500.984680
0 1478191155 1056.042480 856.547791
0 1524856330 849.682251 478.649597
0 1478236211 814.419678 862.268250
0 1478258242 988.307983 1021.743774
0 1478212181 1005.428223 836.845825
0 1478185147 921.024292 842.876709
0 1568502645 795.131226 640.177612
0 1568508652 892.857361 647.796509
0 1438984619 884.479370 682.039612
0 1659977623 874.073975 636.244873
0 1478209177 847.089722 953.154175
0 1438982617 872.713562 630.257507
0 1524805264 746.808044 505.829956
0 1771287074 763.193298 641.768738
0 2087111947 951.753174 632.375061
0 1524817279 880.575684 504.593658
0 1524795251 852.995667 491.630432
0 1478230204 951.267395 876.629944
0 1478230203 979.869019 988.682251
0 1524847318 770.387024 491.128784
0 1578516671 780.310486 660.077271
0 1568513659 886.694336 623.651917
0 1578529687 778.830261 634.876038
0 1524819282 854.732910 498.436218
0 1478253235 987.987427 849.656982
0 1524836304 806.074341 493.265259
0 1478243221 951.071594 975.117065
0 1568501644 868.966797 690.143494
0 1438998637 778.136658 623.067627
0 1524816278 759.355652 516.398376
0 1705773174 910.303223 600.094299
0 1524845316 825.756104 473.189423
0 1524842312 837.641235 475.901733
0 1568507651 849.481018 592.308228
0 1438999638 969.514526 637.616516
0 1478252233 874.477356 823.814758
0 1438993630 960.309448 614.325989
0 1478237214 1092.775024 891.480591
0 1524857332 723.046509 492.761902
0 1478248228 926.309082 866.135315
0 1478225197 1098.515381 853.408997
0 1524859335 828.272766 485.825195
0 1524832298 829.591431 492.445892
0 1478200166 1152.605591 873.956482
0 1478250231 837.838501 872.673462
0 1478245225 1075.669189 906.207153
0 1438995633 894.197205 595.510498
0 1524804263 770.786438 497.929443
0 1524839308 817.274902 489.511292
0 1524849321 797.159058 518.782288
0 1568512658 881.027039 601.448730
0 1568514661 825.151917 626.641846
0 1478231205 794.482300 901.354858
0 1773608077 917.175293 622.171021
0 1438977615 813.205017 658.374207
0 1524834301 746.790649 498.773865
0 1607644171 866.139954 675.950317
0 1524800258 826.994995 479.409515
0 1568504647 982.477783 630.844482
0 1568500642 858.387512 637.026367
0 1478256239 906.775513 879.974976
0 1524815277 746.826111 513.122925
0 1568503646 763.580078 654.403442
0 1478220191 1057.929443 921.479431
0 1478207174 891.079468 920.841309
0 1524841311 735.010254 489.010864
0 1478213182 1048.187134 894.952637
0 1524813274 771.199036 504.954071
0 1568516663 956.227417 644.557861
0 1578517672 1000.460938 636.055176
0 1578527685 850.535400 683.892822
0 1478240218 882.275574 869.389465
0 1478215185 1082.320801 866.776855
0 1524838307 734.473999 509.893860
0 1478197163 886.540039 894.311890
0 1478221192 858.397888 859.072815
0 1524819281 839.073547 482.205231
0 2086284946 856.020508 625.142151
0 1524824288 846.961060 516.918762
0 1524802260 698.445068 500.475250
0 1478226199 957.742065 901.995605
0 1578518673 947.031006 664.723145
0 1438981616 926.685730 604.756714
0 1478238215 1072.478027 843.518005
0 1609135173 794.086731 628.151062
0 1524837305 722.677124 499.622467
0 1524793249 783.661133 508.109467
0 1568515662 762.822998 629.669983
0 1568516664 821.939453 604.182495
0 1438991628 807.682312 610.329346
0 1478249230 1022.296387 824.455200
0 1438996634 900.342285 617.203552
0 1578519675 918.187317 680.199341
0 1524829295 770.000122 484.541595
0 1524864341 758.910095 501.842499
0 1478255238 1120.722900 902.635254
0 1438993631 747.130920 636.435486
0 1524788244 771.625488 512.213989
0 1772785076 987.602478 642.954407
0 1524828293 843.651306 502.352356
0 1478203171 1086.444092 933.469421
0 1524798255 863.716675 487.909149
0 1478199165 1003.178223 898.457458
0 1578528686 841.619629 631.787170
0 1478192156 1011.510986 925.227051
0 1478228201 840.728699 897.816772
0 1772037075 851.572937 602.811462
0 1578515670 811.734009 645.577393
0 1524851323 794.665405 497.089081
0 1478218188 1049.488525 966.711243
0 1478202169 901.981689 855.906067
0 1478254236 1029.907104 984.324951
0 1478246226 1136.947754 888.040833
0 1524809269 781.863464 487.410461
0 1524822285 876.287842 490.818878
0 1524841310 798.047668 526.513184
0 1478235210 958.361084 1007.198608
0 1578515669 887.769592 696.520081
0 1524854328 793.887146 490.318085
0 0 766.212708 470.895050
0 1 864.320801 497.634216
0 2 486.510498 573.507935
0 3 1018.128784 492.519958
0 4 353.265717 667.475403
0 5 533.417480 542.390503
0 6 977.123108 831.108398
0 7 462.286133 773.887146
0 8 578.018372 800.479675
0 9 870.114563 458.342468
0 10 521.303406 785.324341
0 11 408.957703 572.169312
0 12 1182.136353 529.944397
0 13 622.963928 525.058533
0 14 1446.156738 619.636658
0 15 974.496216 723.161621
0 16 688.477051 777.617249
0 17 1378.664307 696.766418
0 18 386.170746 605.462769
0 19 757.173950 516.445679
0 20 854.688477 793.284363
0 21 481.231262 596.135376
0 22 762.232788 763.204895
0 23 1223.717773 528.132690
0 24 399.973572 587.602051
0 25 827.361633 509.448914
0 26 826.308044 492.996704
0 27 407.722931 635.522827
0 28 875.801514 838.006653
0 29 529.865479 574.922607
0 30 340.216888 642.180603
0 31 659.166748 506.323547
0 32 572.194946 757.745422
0 33 1063.098633 556.278503
0 34 930.474243 774.608215
0 35 460.812988 559.548950
0 36 771.970337 501.346680
0 37 503.223785 746.784912
0 38 1189.496704 879.180054
0 39 784.619873 808.600098
