0 1578512666 952.940430 488.844727
0 1524823287 1291.832764 827.217407
0 1478234209 1046.758667 327.659729
0 1707269176 1055.747314 443.823273
0 1438989626 1028.848877 533.700745
0 1524801259 1111.913818 714.384094
0 1438992629 1022.357239 503.237122
0 1478227200 969.556396 311.827057
0 1524854327 1165.983032 677.617859
0 1478249229 920.673401 304.124695
0 1524807266 936.123474 769.969238
0 1524863340 1202.833130 861.858093
0 1524831297 987.182495 799.199707
0 1478229202 958.105896 315.414093
0 1568509654 1037.540161 496.068634
0 1524790246 1172.045654 845.183350
0 1578523681 1139.904663 462.688721
0 1478207175 955.764771 300.943756
0 1524861337 1343.376221 780.506348
0 1478210178 1015.540222 305.063385
0 1524862338 980.829529 741.619019
0 1478186149 993.619202 312.057892
0 1524797254 1041.398804 830.237671
0 1578518674 1042.009766 449.839294
0 1438985621 1108.460449 462.584106
0 1524857331 1278.850220 796.067871
0 1478203170 1002.790039 301.415985
0 1438994632 951.431335 475.167114
0 1578520676 1025.529907 518.125366
0 1478237213 991.012024 356.139984
0 1568511657 966.809326 468.592560
0 1775370079 936.885071 495.875732
0 1478195160 1082.151367 324.118469
0 1568510655 935.702759 481.891541
0 1478257240 989.169739 347.494659
0 1578521677 979.815674 449.599823
0 1524794250 1283.764404 752.669495
0 1524812272 1156.242310 714.063416
0 1769859072 998.962097 468.690826
0 1578525683 988.484802 503.182373
0 1770636073 994.253052 443.570862
0 1524846317 1151.067017 862.555603
0 1524833300 1137.817993 727.059265
0 1568511656 1158.441406 469.178253
0 1438985620 1081.046265 475.527496
0 1478185148 1068.433716 320.194305
0 1707993177 989.907776 420.390564
0 1478189152 977.026611 351.677002
0 1524791247 1192.291382 828.417847
0 1524830296 1142.205933 829.021912
0 2088218948 1063.009766 468.886536
0 1524827292 1260.822632 811.670166
0 1606348170 1090.553711 456.211029
0 1524855329 1042.762695 702.344116
0 1478183145 978.675842 360.474274
0 1438990627 981.848267 462.162903
0 1524840309 1296.280762 780.982361
0 1478222194 973.891052 334.950531
0 1709860179 869.830933 468.296112
0 1478188151 922.569092 326.546631
0 1438988624 1045.322021 462.374054
0 1478243222 885.033142 322.319916
0 1524843313 1214.115479 897.648071
0 1524844315 1013.877991 814.482422
0 1524858333 1254.374512 861.163635
0 1524811271 1022.759399 715.029236
0 1524859334 1273.435181 843.890076
0 1478216186 1001.096985 343.386627
0 1524851324 1300.323853 738.956787
0 1524814275 1105.410400 689.772766
0 1578514668 1008.385254 437.669373
0 1478184146 975.432678 343.173889
0 1524829294 1162.658691 812.788147
0 1478176143 923.242615 334.513367
0 1524860336 1080.989258 678.102844
0 1478222193 933.780151 315.184448
0 1438997636 1052.374756 489.064575
0 1478194158 949.713379 342.960724
0 1478201168 968.200623 304.594971
0 1478187150 1044.138428 319.968781
0 1478205172 980.817505 308.299286
0 1524838306 1031.501587 769.063416
0 1568514660 1052.330078 432.029755
0 1524865342 1117.012939 655.258545
0 2085418945 932.441467 443.317169
0 1524808268 1130.485840 701.755371
0 1478200167 995.399414 319.516327
0 1478194159 956.917114 308.066376
0 1568501643 1025.039795 443.697235
0 1478239216 950.871216 351.469452
0 1524820283 1174.106323 701.462646
0 1438989625 977.864014 437.536499
0 1568505649 1059.304443 456.098785
0 1478255237 1071.442627 327.880920
0 1524804262 1099.264404 666.513733
0 1568506650 992.037598 431.752563
0 1478217187 1038.185669 339.565674
0 1568505648 963.387085 443.444183
0 1568497640 1086.376343 443.948944
0 1578511665 1069.195312 437.934113
0 1478258241 1019.793762 319.742767
0 1524796253 1078.906982 768.613159
0 1478206173 944.460571 304.360016
0 1524826291 1047.527466 727.761414
0 1578529688 917.297241 449.359100
0 1478233207 1041.600220 312.518219
0 1708834178 1027.973022 455.986298
0 1478189153 934.617310 322.772308
0 1568499641 970.530762 495.940216
0 1478245224 1054.918213 316.327972
0 1524852325 1026.999146 741.234314
0 1478219190 872.531128 326.098175
0 1578525682 949.984863 462.056915
0 1478232206 909.850769 322.546356
0 1524818280 1164.446655 740.088989
0 1524850322 983.907410 769.515442
0 1438996635 1038.828979 437.801910
0 1524832299 1145.595337 753.900085
0 1478242220 1017.633728 312.288269
0 1524789245 1192.835815 916.932739
0 1438999639 1060.062866 518.159668
0 1478196161 1022.023560 327.438019
0 1478252234 1026.706299 343.598907
0 1524803261 1248.996826 781.460327
0 1478211179 897.077087 311.131653
0 1578523680 918.807312 475.076416
0 1578530689 1056.134155 503.291687
0 1568508653 1104.176025 496.196320
0 1524826290 961.275757 784.368530
0 1524847319 1085.200439 798.147217
0 1524810270 1191.435425 689.239319
0 1524835302 1118.806519 740.469299
0 1524821284 1234.614380 879.071167
0 1524799257 1126.124878 768.164673
0 1478233208 960.599915 330.829132
0 1608354172 961.777161 431.613434
0 1524835303 1123.561890 677.859924
0 1478251232 1060.548706 331.708496
0 1524812273 1086.704956 702.049194
0 1706512175 1009.670105 525.812500
0 1438986622 886.094543 474.985443
0 1478211180 982.382446 315.643280
0 1524823286 1222.848755 844.535278
0 1478223195 1012.814026 339.351013
0 1478244223 983.997559 323.222870
0 1438987623 948.597168 449.479584
0 1478193157 959.332886 322.997833
0 1478198164 1030.788452 316.100189
0 1524862339 1201.523682 781.940186
0 1478236212 937.298523 347.073822
0 1478240217 963.262146 347.284454
0 1478214183 991.893860 304.829376
0 1578521678 1085.336670 489.137421
0 1524844314 1005.803345 755.145020
0 1524848320 1227.428833 726.362549
0 1524806265 1099.179688 754.313416
0 1524787243 1063.677856 813.915283
0 1478241219 935.481812 330.608124
0 1524799256 1092.758057 727.409668
0 1478190154 910.786865 338.487701
0 1478226198 947.510132 326.770172
0 1478208176 932.969055 307.832977
0 1478214184 1003.125244 351.884094
0 2084722944 965.063110 455.760376
0 1578522679 1019.321594 488.991486
0 1524825289 1160.552002 898.450867
0 1774531078 1070.904541 496.132568
0 1525674169 1004.082275 496.004517
0 1478197162 954.647156 294.036102
0 1524815276 1067.419678 714.706116
0 1768901071 902.684814 481.809052
0 1578526684 983.966919 475.257538
0 1478182144 1004.670288 308.531738
0 1524853326 958.840454 755.563293
0 1478218189 964.661865 355.935699
0 1578513667 1013.627258 462.268616
0 1438983618 1010.953125 449.719696
0 1478224196 961.908997 338.920258
0 1478247227 990.220886 297.820404
0 1524792248 1329.465088 752.262512
0 1524795252 1182.081299 879.817993
0 1524808267 1191.830688 753.488281
0 1478191155 910.311157 330.386658
0 1524856330 1069.783936 846.487671
0 1478236211 1049.464722 335.602844
0 1478258242 965.610901 290.780396
0 1478212181 936.375122 338.704224
0 1478185147 987.388550 339.135834
0 1568502645 1094.905273 468.984039
0 1568508652 996.559326 455.873474
0 1438984619 1005.917480 426.088531
0 1659977623 1015.006165 468.739838
0 1478209177 1028.475586 308.763763
0 1438982617 1016.414307 475.347778
0 1524805264 1255.204224 739.332764
0 1771287074 1126.715698 469.081268
0 2087111947 934.570068 468.493988
0 1524817279 1002.125000 728.114502
0 1524795251 1057.955933 783.391357
0 1478230204 972.399414 326.993256
0 1478230203 966.886108 297.582703
0 1524847318 1230.733032 796.584534
0 1578516671 1103.881836 450.077484
0 1568513659 1001.467529 482.055847
0 1578529687 1113.231445 475.616974
0 1524819282 1052.582764 754.728455
0 1478253235 948.593628 334.732178
0 1524836304 1153.859863 782.421936
0 1478243221 979.300476 301.180115
0 1568501644 1019.512573 420.540710
0 1438998637 1118.207764 489.210114
0 1524816278 1217.567505 701.170959
0 1705773174 972.516296 510.530975
0 1524845316 1129.314941 880.568237
0 1524842312 1099.074707 863.256042
0 1568507651 1044.645142 525.835999
0 1438999638 918.036621 461.950653
0 1478252233 1015.021362 347.704376
0 1438993630 919.611511 488.771057
0 1478237214 897.322571 318.605835
0 1524857332 1326.772583 795.553284
0 1478248228 985.665405 331.049652
0 1478225197 885.087646 330.164734
0 1524859335 1113.271118 813.350464
0 1524832298 1106.004272 782.905640
0 1478200166 860.164185 322.092987
0 1478250231 1035.639771 331.489319
0 1478245225 909.404968 314.954346
0 1438995633 990.896851 518.090942
0 1524804263 1220.002563 767.273071
0 1524839308 1133.909302 797.624207
0 1524849321 1148.500732 689.505554
0 1568512658 1006.813904 510.575836
0 1568514661 1066.873047 482.219299
0 1478231205 1057.688354 323.895233
0 1773608077 968.630249 481.973816
0 1438977615 1072.985962 449.958527
0 1524834301 1266.664429 766.829895
0 1607644171 1022.221863 431.891357
0 1524800258 1121.024414 845.834106
0 1568504647 902.244080 468.395203
0 1568500642 1031.028809 468.788818
0 1478256239 997.237244 327.215851
0 1524815277 1244.406616 713.425476
0 1568503646 1121.721436 456.322968
0 1478220191 921.285461 311.363922
0 1478207174 1006.609863 315.871948
0 1524841311 1309.601318 811.114685
0 1478213182 921.917053 318.834137
0 1524813274 1209.912231 739.710144
0 1568516663 933.483948 455.646942
0 1578517672 886.003174 461.844086
0 1578527685 1035.771851 426.232910
0 1478240218 1010.678650 331.269714
0 1478215185 897.576172 326.322662
0 1524838307 1271.981689 726.016052
0 1478197163 1008.611633 323.447479
0 1478221192 1024.326538 335.385834
0 1524819281 1091.908813 829.628479
0 2086284946 1034.214966 482.137695
0 1524824288 1062.163818 690.041016
0 1524802260 1359.439941 765.948792
0 1478226199 970.955322 319.289398
0 1578518673 947.264771 437.403290
0 1438981616 954.516296 503.127502
0 1478238215 897.838013 334.294098
0 1609135173 1099.442017 482.300659
0 1524837305 1313.143311 766.388428
0 1524793249 1182.707886 726.710266
0 1568515662 1131.922363 482.381836
0 1568516664 1075.115601 510.665192
0 1438991628 1089.815796 503.346100
0 1478249230 923.938721 342.747070
0 1438996634 986.177002 488.918213
0 1578519675 975.988403 425.943787
0 1524829295 1242.166504 827.816345
0 1524864341 1237.886719 753.078125
0 1478255238 884.980347 314.723785
0 1438993631 1145.330078 475.706238
0 1524788244 1200.406250 713.743774
0 1772785076 901.821411 455.533264
0 1524828293 1072.991089 740.851074
0 1478203171 908.973083 307.599121
0 1524798255 1036.291870 798.672363
0 1478199165 946.461182 319.062012
0 1578528686 1048.774048 475.437744
0 1478192156 945.445190 311.595734
0 1478228201 1033.175293 323.671570
0 1772037075 1041.013428 510.620575
0 1578515670 1076.932861 462.479218
0 1524851323 1173.156372 767.718018
0 1478218188 932.182800 300.706970
0 1478202169 999.135376 335.168396
0 1478254236 943.505920 297.344543
0 1478246226 872.677795 318.377075
0 1524809269 1211.842163 812.228027
0 1524822285 1009.713501 783.878906
0 1524841310 1141.183716 666.294678
0 1478235210 977.829102 294.275574
0 1578515669 1003.543945 414.950256
0 1524854328 1182.419800 797.103333
0 0 721.536682 311.445557
0 1 1239.345825 333.122406
0 2 834.634949 388.839966
0 3 1014.816284 294.980194
0 4 872.696350 513.256409
0 5 455.286133 385.472290
0 6 1098.497437 320.537872
0 7 1199.094727 591.617371
0 8 1239.412231 565.534790
0 9 1109.824585 336.513062
0 10 1045.612427 583.531250
0 11 483.380798 443.804413
0 12 1520.628906 517.602173
0 13 558.240356 351.835236
0 14 1421.894775 419.732666
0 15 1383.586914 514.445251
0 16 777.567444 297.780670
0 17 1451.858521 516.084778
0 18 649.154602 328.677124
0 19 884.119995 373.376678
0 20 1269.546753 689.672363
0 21 803.335693 374.643005
0 22 1220.770508 728.633606
0 23 1420.259277 597.876892
0 24 666.242065 361.725861
0 25 1030.530884 327.547821
0 26 1060.737061 307.155212
0 27 575.276550 528.097717
0 28 1324.285522 650.039124
0 29 923.261414 339.874146
0 30 807.105591 474.919922
0 31 593.478699 336.140656
0 32 1180.267456 644.965881
0 33 1210.186768 340.134949
0 34 1313.831421 578.597961
0 35 474.059540 421.462341
0 36 1003.935608 340.201050
0 37 966.671570 597.986938
0 38 1401.323608 557.931702
0 39 1250.562378 623.016541
