0 1578512666 998.922058 413.011597
0 1524823287 474.370789 503.636871
0 1478234209 1507.285767 446.090607
0 1707269176 1111.006958 448.357117
0 1438989626 907.732849 438.364471
0 1524801259 627.789612 460.458405
0 1438992629 968.882812 436.054413
0 1478227200 1537.966919 408.839447
0 1524854327 664.165100 477.303192
0 1478249229 1546.480591 386.737152
0 1524807266 597.771545 418.160187
0 1524863340 464.305756 478.537140
0 1524831297 561.532898 429.776215
0 1478229202 1517.002930 404.032806
0 1568509654 984.203674 441.228302
0 1524790246 485.012238 471.726837
0 1578523681 1067.715332 481.963806
0 1478207175 1578.808838 401.680603
0 1524861337 507.724731 523.051270
0 1478210178 1593.800537 430.333374
0 1524862338 619.293335 427.562347
0 1478186149 1549.368896 419.960388
0 1524797254 523.938293 441.826965
0 1578518674 1093.969727 442.984467
0 1438985621 1065.918701 468.823639
0 1524857331 506.869019 502.449829
0 1478203170 1603.577881 423.882660
0 1438994632 1028.428467 411.880676
0 1578520676 938.284180 437.210327
0 1478237213 1371.011353 420.863434
0 1568511657 1043.777710 416.615204
0 1775370079 984.181946 408.363373
0 1478195160 1541.791992 464.647186
0 1568510655 1013.384155 407.240204
0 1478257240 1402.282715 419.682098
0 1578521677 1089.621094 420.298157
0 1524794250 551.043518 507.569427
0 1524812272 620.408508 472.733582
0 1769859072 1044.971680 427.533173
0 1578525683 969.176880 424.882019
0 1770636073 1105.933838 425.221527
0 1524846317 474.816315 466.192383
0 1524833300 608.629822 467.111938
0 1568511656 1051.733398 489.366699
0 1438985620 1032.166138 457.425293
0 1478185148 1552.631958 457.495300
0 1707993177 1167.083374 422.902832
0 1478189152 1382.595947 414.730896
0 1524791247 495.426971 477.380127
0 1524830296 505.315582 465.049164
0 2088218948 1047.508057 450.727661
0 1524827292 495.874573 496.272949
0 1606348170 1081.254517 461.862427
0 1524855329 653.228455 442.387512
0 1478183145 1351.665771 415.903717
0 1438990627 1059.441528 421.446716
0 1524840309 518.112671 508.766632
0 1478222194 1444.599976 412.379791
0 1709860179 1040.460205 386.277893
0 1478188151 1456.638672 390.192505
0 1438988624 1062.547119 444.162292
0 1478243222 1457.820923 374.908936
0 1524843313 433.233948 479.692291
0 1524844315 542.909790 435.745758
0 1524858333 453.352020 491.402466
0 1524811271 641.687439 437.345642
0 1524859334 463.745056 497.451935
0 1478216186 1422.388550 424.738831
0 1524851324 562.932190 514.022766
0 1524814275 658.527893 459.306274
0 1578514668 1122.587891 430.247986
0 1478184146 1413.573975 413.556244
0 1524829294 515.843628 470.575867
0 1478176143 1426.780518 391.340881
0 1524860336 677.034241 452.787506
0 1478222193 1506.572876 393.553925
0 1438997636 999.850708 446.512360
0 1478194158 1405.106689 402.814331
0 1478201168 1569.185791 407.655640
0 1478187150 1540.436035 444.863373
0 1478205172 1559.374512 413.747742
0 1524838306 582.724487 439.589661
0 1568514660 1142.832764 447.169006
0 1524865342 701.856567 463.631592
0 2085418945 1101.249878 403.860901
0 1524808268 639.656311 465.953644
0 1478200167 1517.548462 421.157806
0 1478194159 1547.882080 402.857605
0 1568501643 1108.418823 436.553925
0 1478239216 1374.744995 403.973999
0 1524820283 632.443604 478.477539
0 1438989625 1119.846558 419.147797
0 1568505649 1079.232178 449.543335
0 1478255237 1518.745728 458.738770
0 1524804262 689.314331 458.152283
0 1568506650 1136.485229 424.063080
0 1478217187 1452.646973 441.792725
0 1568505648 1103.546021 414.332336
0 1568497640 1113.705078 460.661102
0 1578511665 1128.415894 453.846924
0 1478258241 1528.752075 432.761810
0 1524796253 574.752441 450.943268
0 1478206173 1557.608765 396.989563
0 1524826291 623.414246 443.518036
0 1578529688 1085.602783 399.335114
0 1478233207 1573.640991 443.634094
0 1708834178 1077.292114 437.725281
0 1478189153 1476.351562 394.712280
0 1568499641 984.188904 418.891174
0 1478245224 1563.245972 450.492462
0 1524852325 612.183899 438.468506
0 1478219190 1439.021729 370.749115
0 1578525682 1057.978760 410.748016
0 1478232206 1466.908691 384.620758
0 1524818280 589.088379 473.897980
0 1524850322 590.391846 428.670074
0 1438996635 1125.442017 441.804779
0 1524832299 577.652283 468.268402
0 1478242220 1561.250000 431.548553
0 1524789245 423.494812 474.023438
0 1438999639 937.352051 448.855011
0 1478196161 1496.306519 433.973053
0 1478252234 1431.572388 436.389740
0 1524803261 528.056885 495.092041
0 1478211179 1506.362061 378.013672
0 1578523680 1027.582642 401.574066
0 1578530689 968.576782 447.684601
0 1568508653 984.219849 465.454651
0 1524826290 579.817078 423.915375
0 1524847319 544.759216 452.076294
0 1524810270 644.743408 484.347900
0 1524835302 597.099365 461.608795
0 1524821284 443.184052 485.483978
0 1524799257 566.457031 462.757355
0 1478233208 1455.386597 406.377808
0 1608354172 1133.497681 413.188385
0 1524835303 670.731873 464.793549
0 1478251232 1496.217529 452.963074
0 1524812273 646.578857 453.933594
0 1706512175 923.606384 432.135162
0 1438986622 1026.768311 391.651062
0 1478211180 1527.857544 414.938324
0 1524823286 474.600586 484.320953
0 1478223195 1442.927490 429.904388
0 1478244223 1496.390137 416.127075
0 1438987623 1087.573120 409.613708
0 1478193157 1486.171143 405.206207
0 1478198164 1550.949219 438.138031
0 1524862339 537.585388 481.989227
0 1478236212 1385.960083 398.176910
0 1478240217 1393.958984 408.715607
0 1478214183 1581.239746 418.761017
0 1578521678 1000.186279 458.614227
0 1524844314 601.178650 433.520172
0 1524848320 592.580505 492.724365
0 1524806265 585.809387 456.220428
0 1524787243 534.242432 446.899323
0 1478241219 1446.175781 395.868866
0 1524799256 616.170593 455.077881
0 1478190154 1407.770752 386.902832
0 1478226198 1465.968628 400.489716
0 1478208176 1536.839722 392.393860
0 1478214184 1390.768799 425.928711
0 2084722944 1073.639404 415.474640
0 1578522679 999.528809 434.896729
0 1524825289 444.364441 467.333801
0 1774531078 984.211548 453.090668
0 1525674169 984.196106 429.837677
0 1478197162 1609.783081 400.501770
0 1524815276 634.876892 448.671997
0 1768901071 1012.829102 397.121246
0 1578526684 1029.307617 422.593567
0 1478182144 1571.344849 425.090881
0 1524853326 608.426575 422.815002
0 1478218189 1363.315674 409.881866
0 1578513667 1060.963135 432.575958
0 1438983618 1091.751587 431.412903
0 1478224196 1424.649292 407.547638
0 1478247227 1613.161255 417.559784
0 1524792248 541.381836 521.839600
0 1524795252 454.229340 472.876038
0 1524808267 569.153870 480.820526
0 1478191155 1437.317993 385.762634
0 1524856330 504.608398 448.023010
0 1478236211 1474.190186 447.315826
0 1478258242 1631.769531 405.282562
0 1478212181 1416.045288 397.023773
0 1478185147 1433.602783 418.498962
0 1568502645 1048.856812 463.061798
0 1568508652 1075.429321 426.378235
0 1438984619 1153.472046 429.081299
0 1659977623 1045.586548 433.156830
0 1478209177 1583.823730 436.915863
0 1438982617 1030.222046 433.737244
0 1524805264 572.027771 500.069763
0 1771287074 1050.264038 475.929657
0 2087111947 1042.629517 406.115417
0 1524817279 630.378052 432.404907
0 1524795251 563.921387 445.773926
0 1478230204 1475.674072 411.201477
0 1478230203 1600.453369 406.470032
0 1524847318 516.941772 489.058563
0 1578516671 1098.691040 467.615662
0 1568513659 1014.560608 428.686310
0 1578529687 1033.200562 470.029602
0 1524819282 593.645325 444.646851
0 1478253235 1435.514648 401.652893
0 1524836304 546.723572 469.423035
0 1478243221 1590.940796 412.555267
0 1568501644 1170.818726 434.205719
0 1438998637 1000.536133 471.233582
0 1524816278 624.921997 491.537567
0 1705773174 954.461487 420.026611
0 1524845316 464.832336 460.772980
0 1524842312 484.909973 454.337219
0 1568507651 922.386658 443.554565
0 1438999638 1056.571533 400.455383
0 1478252233 1410.951172 431.102966
0 1438993630 998.635925 402.691101
0 1478237214 1476.991089 379.150787
0 1524857332 496.352173 516.431641
0 1478248228 1464.971924 417.313934
0 1478225197 1428.792969 376.036346
0 1524859335 525.227539 458.500214
0 1524832298 555.495056 457.361206
0 1478200166 1449.068848 365.555725
0 1478250231 1485.360962 440.576477
0 1478245225 1496.543091 383.477203
0 1438995633 939.179749 426.023651
0 1524804263 548.814209 487.883789
0 1524839308 535.862488 463.904175
0 1524849321 651.778687 471.567291
0 1568512658 953.878113 430.987305
0 1568514661 1015.834595 451.910095
0 1478231205 1529.703857 451.728790
0 1773608077 1013.960938 417.754028
0 1438977615 1096.280762 455.041656
0 1524834301 539.421326 501.260803
0 1607644171 1139.594360 435.380737
0 1524800258 495.006653 459.637482
0 1568504647 1041.524536 396.010284
0 1568500642 1046.214111 438.894775
0 1478256239 1485.778320 422.353363
0 1524815277 604.688477 498.876770
0 1568503646 1083.364502 474.715057
0 1478220191 1516.488647 387.890656
0 1478207174 1539.163574 426.297150
0 1524841311 485.237061 509.961853
0 1478213182 1486.541382 389.042450
0 1524813274 580.738525 486.707062
0 1568516663 1071.918091 404.988983
0 1578517672 1055.216797 390.546143
0 1578527685 1156.964111 440.623230
0 1478240218 1474.954834 428.703888
0 1478215185 1447.662964 380.286255
0 1524838307 584.029724 506.370209
0 1478197163 1507.033569 427.501465
0 1478221192 1463.913330 435.182343
0 1524819281 514.811707 453.207642
0 2086284946 1015.184692 440.062439
0 1524824288 665.008240 447.533722
0 1524802260 519.363831 529.826050
0 1478226199 1506.796265 410.021393
0 1578518673 1117.211548 408.477722
0 1438981616 969.459595 414.140869
0 1478238215 1418.377808 381.420074
0 1609135173 1016.511963 464.259186
0 1524837305 529.613892 515.228210
0 1524793249 600.773193 479.649963
0 1568515662 1017.218750 477.142273
0 1568516664 952.638916 454.269348
0 1438991628 968.257812 459.801270
0 1478249230 1396.966797 392.487488
0 1438996634 999.219482 423.738678
0 1578519675 1150.118164 417.995758
0 1524829295 485.121063 490.231476
0 1524864341 560.292175 493.909180
0 1478255238 1486.890991 373.779816
0 1438993631 1034.280151 483.185089
0 1524788244 612.714905 485.528442
0 1772785076 1070.261475 394.897705
0 1524828293 604.791626 449.808502
0 1478203171 1526.221436 382.331909
0 1524798255 553.309387 440.709137
0 1478199165 1496.468750 399.324768
0 1578528686 1031.174194 445.338257
0 1478192156 1527.015625 398.158051
0 1478228201 1518.128296 439.358246
0 1772037075 953.271057 442.392365
0 1578515670 1064.197632 456.234467
0 1524851323 557.818237 475.060547
0 1478218188 1567.152222 391.232025
0 1478202169 1454.058472 423.547028
0 1478254236 1588.248535 395.819275
0 1478246226 1467.796875 369.627960
0 1524809269 506.067627 483.156006
0 1524822285 572.022583 434.633789
0 1524841310 683.198975 470.399139
0 1478235210 1622.556641 411.360962
0 1578515669 1184.404297 427.912781
0 1524854328 526.597778 476.221252
0 0 968.998352 282.531586
0 1 683.118042 467.969849
0 2 958.331970 338.331238
0 3 1214.323242 265.877930
0 4 720.160645 440.153168
0 5 555.878052 449.175446
0 6 1301.604126 289.879333
0 7 770.125488 400.144501
0 8 762.013977 477.648132
0 9 1524.426758 374.662994
0 10 623.622559 474.602509
0 11 1236.518677 526.697754
0 12 1487.393311 334.069305
0 13 784.563049 591.146484
0 14 1423.047485 397.952606
0 15 653.313965 448.902100
0 16 545.328064 432.815643
0 17 1531.247437 355.951080
0 18 601.086304 453.087433
0 19 973.382507 323.319244
0 20 1439.945068 424.286560
0 21 1507.550293 427.989075
0 22 1404.679932 436.172760
0 23 647.968445 376.255188
0 24 695.721985 549.244751
0 25 1019.973083 320.610992
0 26 1067.609497 320.470856
0 27 1257.848755 492.796265
0 28 718.835144 516.569885
0 29 1420.176636 520.913391
0 30 1120.706909 632.684143
0 31 881.271362 618.943359
0 32 1302.312622 361.698181
0 33 1267.180908 370.642242
0 34 996.398621 308.247009
0 35 554.421448 472.164307
0 36 1477.174561 408.936005
0 37 1119.972168 336.900757
0 38 801.220337 551.845581
0 39 1216.309082 339.701202
