0 1578512666 927.424133 630.398376
0 1524823287 747.721558 497.435638
0 1478234209 805.910706 899.887939
0 1707269176 826.222839 677.218323
0 1438989626 860.663269 600.212708
0 1524801259 820.943298 523.552124
0 1438992629 864.829102 621.218140
0 1478227200 952.972839 944.635864
0 1524854327 784.758850 535.673767
0 1478249229 1056.292358 967.143555
0 1524807266 912.776794 507.484436
0 1524863340 793.491882 490.205322
0 1524831297 887.412231 501.285339
0 1478229202 973.058594 929.340149
0 1568509654 850.868896 627.225159
0 1524790246 805.187195 493.142487
0 1578523681 743.397766 660.668091
0 1478207175 987.779297 987.254578
0 1524861337 711.584656 508.129395
0 1478210178 860.866394 980.372253
0 1524862338 891.615356 514.848389
0 1478186149 905.460510 947.710022
0 1524797254 862.722839 495.251190
0 1578518674 841.789062 670.016663
0 1438985621 775.797180 659.528259
0 1524857331 747.546814 504.033569
0 1478203170 887.924683 994.170959
0 1438994632 930.994263 641.918762
0 1578520676 862.704590 610.505310
0 1478237213 903.193420 814.663818
0 1568511657 917.335815 648.399414
0 1775370079 940.524414 624.337585
0 1478195160 736.607849 917.005127
0 1568510655 944.325562 635.593323
0 1478257240 907.325439 835.498657
0 1578521677 906.544128 667.655334
0 1524794250 735.148315 514.587402
0 1524812272 796.412170 524.085571
0 1769859072 886.187927 649.475891
0 1578525683 894.502136 620.279053
0 1770636073 891.913269 674.779175
0 1524846317 816.138000 489.789520
0 1524833300 808.277405 520.183838
0 1568511656 727.463379 654.961670
0 1438985620 806.931702 646.131165
0 1478185148 760.089844 928.980103
0 1707993177 898.176636 702.460632
0 1478189152 925.646667 823.866272
0 1524791247 794.039246 496.555847
0 1524830296 817.038818 496.118958
0 2088218948 823.300903 651.649414
0 1524827292 759.346741 500.482117
0 1606348170 792.287720 665.313354
0 1524855329 858.345825 526.425781
0 1478183145 921.078369 803.676331
0 1438990627 903.337891 655.041077
0 1524840309 735.528015 507.650879
0 1478222194 935.600037 867.855835
0 1709860179 1009.618408 645.209961
0 1478188151 1029.110840 886.655518
0 1438988624 839.974854 657.270325
0 1478243222 1099.294434 895.035461
0 1524843313 792.961243 484.048126
0 1524844315 874.984802 498.248047
0 1524858333 770.743103 490.622986
0 1524811271 869.647095 522.493042
0 1524859334 759.335449 493.998779
0 1478216186 888.393799 847.518555
0 1524851324 722.697815 518.399597
0 1524814275 822.002319 530.993225
0 1578514668 876.901001 682.088745
0 1478184146 930.479309 845.224609
0 1524829294 805.923096 499.582275
0 1478176143 1021.121094 862.996338
0 1524860336 835.077881 534.522766
0 1478222193 1019.161499 926.422729
0 1438997636 836.574097 633.376160
0 1478194158 972.209839 842.950073
0 1478201168 959.547302 973.692383
0 1478187150 807.429993 926.049438
0 1478205172 932.119019 960.516296
0 1524838306 866.073547 508.433685
0 1568514660 827.785095 690.889099
0 1524865342 810.878357 542.943909
0 2085418945 956.745911 672.372009
0 1524808268 809.115112 527.514526
0 1478200167 900.786377 920.270081
0 1478194159 980.174683 957.336365
0 1568501643 859.176270 675.994690
0 1478239216 966.228210 821.742981
0 1524820283 784.316895 528.062927
0 1438989625 909.895691 680.841248
0 1568505649 824.729553 664.151428
0 1478255237 760.044128 902.607178
0 1524804262 823.098022 538.691589
0 1568506650 894.973083 688.302185
0 1478217187 825.568542 862.352478
0 1568505648 924.435791 673.571716
0 1568497640 793.050598 678.449951
0 1578511665 810.248230 684.608765
0 1478258241 854.326782 923.146240
0 1524796253 842.556396 508.911682
0 1478206173 1008.158203 970.401855
0 1524826291 856.699219 519.148560
0 1578529688 970.464355 665.324402
0 1478233207 809.050171 953.948059
0 1708834178 856.962280 662.996948
0 1478189153 1011.090454 900.378418
0 1568499641 910.818909 625.294373
0 1478245224 784.228027 941.289673
0 1524852325 867.831055 515.348389
0 1478219190 1115.630249 881.526184
0 1578525682 934.718689 653.937012
0 1478232206 1055.391602 897.694885
0 1524818280 795.789673 516.862976
0 1524850322 889.480103 507.957947
0 1438996635 843.685913 683.344543
0 1524832299 807.467041 513.092468
0 1478242220 857.488586 950.813904
0 1524789245 803.781982 480.846008
0 1438999639 833.446289 611.399658
0 1478196161 851.360962 897.193420
0 1478252234 845.948608 849.832031
0 1524803261 759.358276 507.174652
0 1478211179 1092.816650 935.587585
0 1578523680 961.531128 640.881897
0 1578530689 834.978149 622.162964
0 1568508653 790.189270 629.179565
0 1524826290 900.008423 504.363831
0 1524847319 841.223938 502.192902
0 1524810270 771.984741 532.118225
0 1524835302 819.919067 516.355652
0 1524821284 781.949951 487.306641
0 1524799257 818.927917 509.391937
0 1478233208 960.115234 878.417419
0 1608354172 928.229431 687.021729
0 1524835303 809.981567 535.096802
0 1478251232 782.654907 888.716309
0 1524812273 833.791138 526.968811
0 1706512175 876.096191 604.874817
0 1438986622 991.880005 639.851440
0 1478211180 926.520203 932.285156
0 1524823286 782.313660 493.569672
0 1478223195 868.820923 859.945618
0 1478244223 921.271423 905.819214
0 1438987623 938.607605 666.486145
0 1478193157 966.385559 903.086426
0 1478198164 832.111267 938.259521
0 1524862339 783.076233 506.700684
0 1478236212 989.622437 831.104248
0 1478240217 948.645386 833.292297
0 1478214183 910.452454 977.015747
0 1578521678 805.918945 634.380920
0 1524844314 878.756165 511.618835
0 1524848320 759.382690 521.229309
0 1524806265 831.343323 512.598938
0 1524787243 852.070312 498.690735
0 1478241219 1003.504395 875.899292
0 1524799256 832.546997 519.664978
0 1478190154 1038.151001 850.522949
0 1478226198 985.270264 889.254639
0 1478208176 1027.765625 954.187195
0 1478214184 884.729492 826.007080
0 2084722944 920.808105 660.710144
0 1578522679 867.042297 632.377502
0 1524825289 815.264526 483.652344
0 1774531078 820.621094 628.199402
0 1525674169 880.934265 626.256897
0 1478197162 995.924377 1019.299500
0 1524815276 845.354614 523.021301
0 1768901071 974.457092 634.588257
0 1578526684 900.267700 642.962036
0 1478182144 883.591736 963.727478
0 1524853326 902.294128 511.132263
0 1478218189 943.386658 812.602966
0 1578513667 871.757263 656.152161
0 1438983618 874.271973 668.832153
0 1478224196 954.212341 855.193848
0 1478247227 915.795837 1008.384155
0 1524792248 710.809387 515.090515
0 1524795252 804.473816 486.900055
0 1524808267 783.476257 513.588440
0 1478191155 1046.513306 873.403320
0 1524856330 850.622925 492.294006
0 1478236211 804.483093 875.306213
0 1478258242 974.127625 1038.131226
0 1478212181 996.360962 852.848389
0 1478185147 911.700562 857.559509
0 1568502645 791.557922 652.746460
0 1568508652 888.987732 661.849854
0 1438984619 879.652405 695.962097
0 1659977623 870.540466 650.016724
0 1478209177 834.585938 966.970276
0 1438982617 869.349548 644.011841
0 1524805264 747.179871 517.884888
0 1771287074 759.612671 653.850525
0 2087111947 948.288940 647.329590
0 1524817279 880.734985 518.634644
0 1524795251 853.563965 505.291992
0 1478230204 941.035278 891.877136
0 1478230203 966.582153 1004.783691
0 1524847318 771.130554 503.570190
0 1578516671 776.182556 672.409119
0 1568513659 883.505859 637.622314
0 1578529687 775.428284 647.200806
0 1524819282 855.106140 512.107727
0 1478253235 978.546265 865.415527
0 1524836304 806.682617 506.228882
0 1478243221 938.104126 990.695312
0 1568501644 863.917664 703.828979
0 1438998637 775.074951 635.391968
0 1524816278 759.395508 528.614075
0 1705773174 907.757080 614.439087
0 1524845316 826.896851 486.495300
0 1524842312 838.682007 489.375610
0 1568507651 847.209534 605.742615
0 1438999638 965.901611 652.839905
0 1478252233 865.658081 837.723511
0 1438993630 957.341187 629.417725
0 1478237214 1082.373169 909.028748
0 1524857332 723.852051 504.499146
0 1478248228 916.340881 880.957886
0 1478225197 1089.147217 870.929077
0 1524859335 829.049988 499.135498
0 1524832298 830.178284 505.759338
0 1478200166 1142.804199 892.399902
0 1478250231 827.616089 886.106995
0 1478245225 1064.834595 923.532410
0 1438995633 891.791870 609.616211
0 1524804263 771.333679 510.359283
0 1524839308 817.968323 502.649841
0 1524849321 797.055908 531.554321
0 1568512658 878.466431 615.350098
0 1568514661 821.932617 639.676331
0 1478231205 783.416504 914.169739
0 1773608077 914.009033 636.604736
0 1438977615 809.093201 671.208923
0 1524834301 747.366333 510.846436
0 1607644171 861.492371 689.591309
0 1524800258 827.956665 492.717285
0 1568504647 979.049133 646.266479
0 1568500642 854.843628 650.559265
0 1478256239 896.400635 894.523254
0 1524815277 746.987183 525.160339
0 1568503646 759.634583 666.482849
0 1478220191 1046.644531 938.575073
0 1478207174 879.539856 935.258179
0 1524841311 735.895691 500.935181
0 1478213182 1037.602539 911.800354
0 1524813274 771.543579 517.372681
0 1568516663 952.425232 659.577759
0 1578517672 996.888306 651.749756
0 1578527685 845.671387 697.294617
0 1478240218 872.176270 883.520935
0 1478215185 1072.562622 884.079529
0 1524838307 734.755859 521.755859
0 1478197163 875.742432 908.577087
0 1478221192 848.573486 872.800903
0 1524819281 839.933105 495.684082
0 2086284946 852.814331 638.646118
0 1524824288 846.824890 530.434937
0 1524802260 699.087036 511.827728
0 1478226199 946.814941 917.420654
0 1578518673 942.672241 679.602051
0 1438981616 923.998840 619.345459
0 1478238215 1063.329102 860.597900
0 1609135173 790.859070 640.712952
0 1524837305 723.284424 511.335907
0 1524793249 783.889587 520.705322
0 1568515662 759.591736 641.755981
0 1568516664 819.362793 617.188416
0 1438991628 804.947693 623.113403
0 1478249230 1013.589600 840.694641
0 1438996634 897.325012 631.384888
0 1578519675 913.402710 694.638611
0 1524829295 770.933777 496.994690
0 1524864341 759.370300 514.086731
0 1478255238 1110.084229 920.669006
0 1438993631 743.726013 648.277283
0 1524788244 771.760437 524.621643
0 1772785076 983.841003 658.452515
0 1524828293 843.932617 515.850830
0 1478203171 1074.898438 951.068359
0 1524798255 864.371643 501.738037
0 1478199165 992.418274 914.597534
0 1578528686 838.238159 645.068237
0 1478192156 1000.031982 941.591003
0 1478228201 829.792725 911.360535
0 1772037075 849.002136 616.266541
0 1578515670 807.988831 658.395691
0 1524851323 795.187256 509.874451
0 1478218188 1036.957520 983.848206
0 1478202169 892.277405 870.317505
0 1478254236 1016.850586 1001.219910
0 1478246226 1126.735962 906.282410
0 1524809269 782.688904 500.031158
0 1524822285 876.840393 504.826843
0 1524841310 797.721985 539.281921
0 1478235210 944.516968 1023.030884
0 1578515669 882.534851 710.496277
0 1524854328 794.604126 503.108917
0 0 677.212097 513.478821
0 1 613.334106 848.340637
0 2 511.490814 769.804504
0 3 898.751343 476.603516
0 4 780.818909 801.831726
0 5 586.120239 722.596375
0 6 995.982971 501.748779
0 7 737.632324 843.538269
0 8 1099.146729 649.752502
0 9 1423.136475 605.516174
0 10 1140.545166 631.835083
0 11 1460.682617 701.589417
0 12 1187.336792 560.176697
0 13 1157.558838 920.805969
0 14 1304.672485 586.517090
0 15 286.816711 691.007507
0 16 532.038940 696.316956
0 17 1247.343994 568.145264
0 18 657.374573 737.047546
0 19 421.555542 705.881531
0 20 1416.692749 622.790955
0 21 1113.750732 578.572754
0 22 1360.430908 614.586670
0 23 1044.857788 507.920929
0 24 1022.120850 904.236511
0 25 367.926239 672.850464
0 26 332.620392 652.205139
0 27 1468.286865 654.067749
0 28 1128.702148 536.329834
0 29 1091.514282 619.404541
0 30 1095.223999 595.397278
0 31 1215.173462 843.773865
0 32 824.211792 507.118652
0 33 513.932251 599.362732
0 34 442.069183 600.193176
0 35 1230.717163 553.330933
0 36 682.227478 545.161255
0 37 715.236328 523.256165
0 38 1076.470703 527.212891
0 39 746.830322 503.370605
