0 1578512666 958.970215 457.648956
0 1524823287 1295.120483 797.127136
0 1478234209 1054.269897 295.386566
0 1707269176 1062.388306 412.579956
0 1438989626 1034.724243 502.880005
0 1524801259 1116.401855 684.006531
0 1438992629 1028.443848 472.268768
0 1478227200 976.776367 279.269653
0 1524854327 1170.826660 647.440369
0 1478249229 927.702271 271.413879
0 1524807266 940.449158 738.851929
0 1524863340 1205.841919 831.256226
0 1524831297 991.190430 768.132141
0 1478229202 965.245972 282.878235
0 1568509654 1043.718628 465.099304
0 1524790246 1175.273193 814.558472
0 1578523681 1146.710083 431.747650
0 1478207175 962.984985 268.247955
0 1524861337 1347.232544 750.765259
0 1478210178 1023.050171 272.498199
0 1524862338 985.235840 710.752380
0 1478186149 1000.961182 279.538086
0 1524797254 1045.042236 799.207214
0 1578518674 1048.555054 418.608429
0 1438985621 1115.142334 431.575714
0 1524857331 1282.498291 766.051819
0 1478203170 1010.255676 268.791779
0 1438994632 957.543091 443.896912
0 1578520676 1031.513916 487.232666
0 1478237213 998.036865 324.063110
0 1568511657 972.999146 437.319031
0 1775370079 942.841187 464.677887
0 1478195160 1089.890747 291.861176
0 1568510655 941.740234 450.622437
0 1478257240 996.245483 315.332123
0 1578521677 986.165405 418.239197
0 1524794250 1287.909546 722.788879
0 1524812272 1160.733765 683.828369
0 1769859072 1005.235657 437.486755
0 1578525683 994.494873 472.136139
0 1770636073 1000.687317 412.200745
0 1524846317 1154.171387 831.750916
0 1524833300 1142.188232 696.744019
0 1568511656 1165.262207 438.319366
0 1438985620 1087.519287 444.540924
0 1478185148 1076.125977 287.873688
0 1707993177 996.487061 388.850098
0 1478189152 984.019104 319.534882
0 1524791247 1195.652588 797.954468
0 1524830296 1145.638062 798.370483
0 2088218948 1069.476685 437.821014
0 1524827292 1264.299927 781.531494
0 1606348170 1097.222656 425.123169
0 1524855329 1047.376465 671.764832
0 1478183145 985.616821 328.417297
0 1438990627 988.119629 430.883972
0 1524840309 1300.104980 751.075378
0 1478222194 980.980103 302.640076
0 1709860179 875.822266 436.813446
0 1478188151 929.477173 294.072632
0 1438988624 1051.781860 431.230652
0 1478243222 891.804749 289.746613
0 1524843313 1216.736206 866.862244
0 1524844315 1017.709900 783.435120
0 1524858333 1257.312256 830.763489
0 1524811271 1027.293945 684.364807
0 1524859334 1276.544312 813.653564
0 1478216186 1008.257568 311.203033
0 1524851324 1304.642334 709.155884
0 1524814275 1110.112305 659.403442
0 1578514668 1014.906677 406.288025
0 1478184146 982.474365 310.947296
0 1524829294 1166.211182 782.288696
0 1478176143 930.107544 302.119659
0 1524860336 1085.786377 647.666138
0 1478222193 940.805664 282.610382
0 1438997636 1058.648682 458.091736
0 1478194158 956.641479 310.691010
0 1478201168 975.460938 271.957001
0 1478187150 1051.695068 287.609344
0 1478205172 988.118347 275.720001
0 1524838306 1035.625854 738.277405
0 1568514660 1059.051270 400.696381
0 1524865342 1122.021729 624.931702
0 2085418945 938.700684 411.819763
0 1524808268 1135.086060 671.453308
0 1478200167 1002.698853 287.079285
0 1478194159 964.098022 275.450073
0 1568501643 1031.573364 412.390564
0 1478239216 957.751404 319.282715
0 1524820283 1178.725464 671.298279
0 1438989625 984.288269 406.092987
0 1568505649 1065.860718 424.944885
0 1478255237 1079.089355 295.647888
0 1524804262 1104.164062 636.135681
0 1568506650 998.546204 400.297638
0 1478217187 1045.559448 307.402740
0 1568505648 969.729736 412.010468
0 1568497640 1093.132446 412.768921
0 1578511665 1075.934082 406.676819
0 1478258241 1027.219360 287.344543
0 1524796253 1082.961548 737.991638
0 1478206173 951.602905 271.685669
0 1524826291 1051.942627 697.150330
0 1578529688 923.483826 417.868286
0 1478233207 1049.200195 280.073547
0 1708834178 1034.425049 424.766205
0 1478189153 941.601379 290.278168
0 1568499641 976.551453 464.818695
0 1478245224 1062.563843 283.944855
0 1524852325 1031.336426 710.521912
0 1478219190 879.233215 293.543640
0 1578525682 956.174622 430.709991
0 1478232206 916.726196 290.012634
0 1524818280 1168.691040 709.835388
0 1524850322 988.122009 738.564148
0 1438996635 1045.455200 406.482635
0 1524832299 1149.716064 723.550232
0 1478242220 1025.102295 279.806030
0 1524789245 1195.313477 885.921021
0 1438999639 1066.127930 487.348572
0 1478196161 1029.404297 295.124756
0 1478252234 1033.991089 311.458344
0 1524803261 1252.809204 751.386597
0 1478211179 903.959106 278.461395
0 1578523680 924.851013 443.734955
0 1578530689 1062.306763 472.401093
0 1568508653 1110.550293 465.378510
0 1524826290 965.448059 753.277527
0 1524847319 1089.002075 767.433594
0 1524810270 1196.187744 659.136902
0 1524835302 1123.063110 710.063477
0 1524821284 1237.388916 848.488403
0 1524799257 1130.129883 737.706909
0 1478233208 967.653564 298.456573
0 1608354172 968.190857 400.097595
0 1524835303 1128.374268 647.553101
0 1478251232 1068.103638 299.499268
0 1524812273 1091.303223 671.608826
0 1706512175 1015.565430 494.914368
0 1438986622 892.079224 443.572571
0 1478211180 989.641907 283.145599
0 1524823286 1226.005371 814.105103
0 1478223195 1020.060669 307.145813
0 1478244223 991.213867 290.807800
0 1438987623 954.861267 418.053986
0 1478193157 966.430664 290.543243
0 1478198164 1038.300659 283.678955
0 1524862339 1205.344116 751.698975
0 1478236212 944.148560 314.823578
0 1478240217 970.222290 315.078064
0 1478214183 999.276672 272.227844
0 1578521678 1091.710449 458.238617
0 1524844314 1010.073364 724.319641
0 1524848320 1231.826538 696.340515
0 1524806265 1103.330566 723.805847
0 1524787243 1067.394043 783.051575
0 1478241219 942.422913 298.194641
0 1524799256 1097.141724 696.946838
0 1478190154 917.577148 306.113190
0 1478226198 954.528870 294.336426
0 1478208176 940.034607 275.179688
0 1478214184 1010.235352 319.786560
0 2084722944 971.331238 424.407562
0 1578522679 1025.505005 457.944519
0 1524825289 1163.296509 867.445618
0 1774531078 1077.176270 465.239075
0 1525674169 1010.177185 464.959198
0 1478197162 961.905334 261.261627
0 1524815276 1071.922241 684.185364
0 1768901071 908.661377 450.466919
0 1578526684 990.155640 444.058533
0 1478182144 1012.095825 275.989441
0 1524853326 963.199890 724.577881
0 1478218189 971.572388 323.813354
0 1578513667 1019.988525 431.057526
0 1438983618 1017.396606 418.424072
0 1478224196 968.916748 306.630463
0 1478247227 997.643066 265.138031
0 1524792248 1333.655884 722.536804
0 1524795252 1184.952271 849.025085
0 1524808267 1195.940430 723.295593
0 1478191155 917.144714 297.932251
0 1524856330 1073.225464 815.470215
0 1478236211 1056.928589 303.416962
0 1478258242 972.947632 257.984009
0 1478212181 943.271545 306.372070
0 1478185147 994.513062 306.888397
0 1568502645 1101.481689 437.987549
0 1568508652 1002.915344 424.587097
0 1438984619 1012.512939 394.620728
0 1659977623 1021.324890 437.570465
0 1478209177 1036.030273 276.258331
0 1438982617 1022.689026 444.219696
0 1524805264 1259.479858 709.381653
0 1771287074 1133.410156 438.153656
0 2087111947 940.684937 437.150909
0 1524817279 1006.590149 697.354492
0 1524795251 1061.924316 752.642700
0 1478230204 979.533813 294.599701
0 1478230203 974.185303 264.865051
0 1524847318 1234.387695 766.395386
0 1578516671 1110.654907 418.975891
0 1568513659 1007.654114 450.932343
0 1578529687 1119.816895 444.700958
0 1524819282 1056.783325 724.062256
0 1478253235 955.567932 302.380096
0 1524836304 1157.708862 752.012390
0 1478243221 986.641174 268.520111
0 1568501644 1026.197266 389.058563
0 1438998637 1124.690430 458.385132
0 1524816278 1222.222046 671.143860
0 1705773174 978.445557 479.481049
0 1524845316 1132.308228 849.563904
0 1524842312 1102.299683 832.247559
0 1568507651 1050.613525 495.021606
0 1438999638 924.153381 430.535583
0 1478252233 1022.218201 315.585663
0 1438993630 925.578552 457.500610
0 1478237214 904.165527 286.013275
0 1524857332 1330.434814 765.709534
0 1478248228 992.836853 298.717957
0 1478225197 891.818909 297.669342
0 1524859335 1116.894165 782.669434
0 1524832298 1109.902588 752.326904
0 1478200166 866.837158 289.480072
0 1478250231 1043.061646 299.239319
0 1478245225 916.320740 282.341980
0 1438995633 996.810059 487.116486
0 1524804263 1223.968506 737.140442
0 1524839308 1137.640503 767.086304
0 1524849321 1153.219604 659.269958
0 1568512658 1012.811829 479.605835
0 1568514661 1073.245239 451.240692
0 1478231205 1065.289795 291.598572
0 1773608077 974.737671 450.777588
0 1438977615 1079.641113 418.792358
0 1524834301 1270.640503 736.858643
0 1607644171 1028.832886 400.497223
0 1524800258 1124.347046 815.013489
0 1568504647 908.292725 436.982391
0 1568500642 1037.394653 437.654083
0 1478256239 1004.492249 294.862457
0 1524815277 1248.956543 683.473755
0 1568503646 1128.510986 425.300995
0 1478220191 928.275452 278.731293
0 1478207174 1013.993469 283.412506
0 1524841311 1313.073730 781.154968
0 1478213182 928.866821 286.280487
0 1524813274 1214.162964 709.608093
0 1568516663 939.672607 424.227600
0 1578517672 892.055603 430.360779
0 1578527685 1042.474976 394.824615
0 1478240218 1017.972778 298.978912
0 1478215185 904.378662 293.808380
0 1524838307 1276.419922 696.139771
0 1478197163 1015.951416 291.071869
0 1478221192 1031.660278 303.158508
0 1524819281 1095.434814 798.788025
0 2086284946 1040.489990 451.086700
0 1524824288 1066.865234 659.537354
0 1524802260 1363.494019 736.298096
0 1478226199 978.133301 286.813477
0 1578518673 953.599731 405.897491
0 1438981616 960.459839 472.003143
0 1478238215 904.598755 301.858734
0 1609135173 1105.920410 451.394318
0 1524837305 1317.148682 736.577881
0 1524793249 1187.082886 696.541931
0 1568515662 1138.515747 451.547546
0 1568516664 1081.280640 479.854462
0 1438991628 1096.084106 472.533081
0 1478249230 930.758850 310.434265
0 1438996634 992.278870 457.796906
0 1578519675 982.483765 394.416321
0 1524829295 1245.479736 797.540039
0 1524864341 1242.004639 723.041748
0 1478255238 891.791077 282.073151
0 1438993631 1152.036377 444.860596
0 1524788244 1204.918335 683.650757
0 1772785076 907.939087 424.047241
0 1524828293 1077.278442 710.292297
0 1478203171 915.927856 274.908783
0 1524798255 1040.185669 767.782227
0 1478199165 953.522644 286.547241
0 1578528686 1055.143555 444.380524
0 1478192156 952.547852 279.000702
0 1478228201 1040.643433 291.335449
0 1772037075 1047.090088 479.730316
0 1578515670 1083.499756 431.403412
0 1524851323 1177.131958 737.423157
0 1478218188 939.286926 267.975281
0 1478202169 1006.344238 302.899536
0 1478254236 950.686462 264.591614
0 1478246226 879.418823 285.745514
0 1524809269 1215.346069 781.909424
0 1524822285 1013.773071 752.959534
0 1524841310 1146.112793 636.042419
0 1478235210 985.208252 261.535797
0 1578515669 1010.209900 383.395416
0 1524854328 1186.102051 766.740234
0 0 1429.208740 537.117676
0 1 1265.211914 297.304321
0 2 1051.347412 301.080048
0 3 1379.543823 553.461304
0 4 870.732788 348.819519
0 5 1331.939819 358.865692
0 6 1153.630127 774.010071
0 7 910.611511 487.464050
0 8 1105.552734 572.365967
0 9 482.099945 375.047363
0 10 859.377380 461.297424
0 11 1131.467896 713.543579
0 12 723.120056 562.146240
0 13 1483.832153 561.614685
0 14 671.191528 527.682739
0 15 1075.418457 606.221497
0 16 1465.920898 506.347229
0 17 504.182098 420.649261
0 18 976.401917 253.388092
0 19 1236.319824 307.252014
0 20 573.109375 474.900360
0 21 833.096130 335.831055
0 22 571.559326 508.028015
0 23 975.799927 680.079102
0 24 1088.726074 281.493927
0 25 1510.893555 381.678894
0 26 1420.849365 356.391266
0 27 1003.159424 268.141571
0 28 625.899475 298.634247
0 29 1046.346924 272.040070
0 30 1017.969482 310.102478
0 31 1557.563599 444.576263
0 32 820.963562 487.613312
0 33 1444.862305 440.171478
0 34 958.698730 555.087708
0 35 1528.182373 417.260956
0 36 1055.820068 288.951996
0 37 783.421692 462.671509
0 38 537.590637 329.006470
0 39 869.824280 511.731110
