0 1578512666 1031.466553 692.383301
0 1707269176 1325.749878 742.785278
0 1438989626 940.401733 854.516663
0 1438992629 1048.079712 798.287598
0 1568509654 1091.834961 806.415039
0 1578523681 1364.742432 896.531738
0 1578518674 1282.224731 735.330750
0 1438985621 1318.936035 848.598877
0 1438994632 1079.389404 669.119629
0 1578520676 995.159668 825.922302
0 1568511657 1119.629883 675.834534
0 1775370079 991.327026 685.508545
0 1568510655 1039.596924 662.479553
0 1578521677 1206.076416 659.608032
0 1769859072 1154.670410 713.484436
0 1578525683 1014.120728 756.182129
0 1770636073 1246.858521 666.241455
0 1568511656 1363.321045 937.672363
0 1438985620 1226.388916 831.408325
0 1707993177 1333.539185 621.820923
0 2088218948 1230.858276 795.345581
0 1606348170 1321.312744 811.690369
0 1438990627 1160.325806 682.625427
0 1709860179 1024.908691 574.059937
0 1438988624 1235.127319 760.899414
0 1578514668 1288.100464 672.949707
0 1438997636 1136.131470 814.643066
0 1568514660 1370.918091 717.766602
0 2085418945 1175.938965 597.432068
0 1568501643 1285.225952 703.467285
0 1438989625 1250.447266 637.284790
0 1568505649 1279.088257 768.631042
0 1568506650 1290.855957 643.694458
0 1568505648 1210.479858 630.945190
0 1568497640 1368.616943 784.376892
0 1578511665 1369.793091 750.328613
0 1578529688 1137.581787 591.496277
0 1708834178 1239.209229 727.963440
0 1568499641 1022.982300 723.588501
0 1578525682 1125.860962 646.560547
0 1438996635 1327.823853 710.575562
0 1438999639 1030.171631 872.167480
0 1578523680 1047.395020 633.797607
0 1578530689 1084.067139 842.908203
0 1568508653 1169.221680 899.507935
0 1608354172 1253.891235 609.495300
0 1706512175 951.529419 817.586609
0 1438986622 1017.014832 600.257690
0 1438987623 1170.946289 624.674316
0 1578521678 1175.240845 860.327148
0 2084722944 1165.746338 653.048096
0 1578522679 1099.252930 771.565125
0 1774531078 1129.365356 851.562500
0 1525674169 1056.432617 763.827698
0 1768901071 1008.800232 627.519958
0 1578526684 1113.130127 706.369812
0 1578513667 1196.693970 720.681885
0 1438983618 1243.115845 696.440491
0 1568502645 1272.370850 839.949463
0 1568508652 1201.485229 689.493591
0 1438984619 1331.713257 650.175232
0 1659977623 1172.922241 733.095337
0 1438982617 1148.764404 745.710388
0 1771287074 1316.443604 887.304199
0 2087111947 1086.412964 640.144043
0 1578516671 1367.385742 820.015625
0 1568513659 1106.344238 738.249756
0 1578529687 1268.768433 878.195740
0 1568501644 1373.026733 656.728394
0 1438998637 1216.789917 908.860901
0 1705773174 972.308350 748.626770
0 1568507651 985.001099 863.285950
0 1438999638 1093.153687 612.334839
0 1438993630 1000.244873 655.912964
0 1438995633 962.153870 782.326965
0 1568512658 1004.855896 790.258789
0 1568514661 1180.979370 822.973572
0 2079485312 1172.929321 733.041138
0 1773608077 1072.064941 699.336609
0 1438977615 1323.581543 776.456299
0 1607644171 1329.809814 679.734009
0 1568504647 1054.880859 606.263977
0 1568500642 1191.689087 753.259766
0 1568503646 1366.095703 857.358765
0 1568516663 1131.839966 618.471313
0 1578517672 1062.072998 579.811157
0 1578527685 1371.994873 686.595642
0 2086284946 1142.591064 779.396118
0 1578518673 1214.706543 603.431458
0 1438981616 982.023438 716.384827
0 1609135173 1221.704712 869.204102
0 1568515662 1264.987549 918.337708
0 1568516664 1075.924316 881.163452
0 1438991628 1122.270508 890.276245
0 1438996634 1064.419922 730.876282
0 1578519675 1293.499878 615.624756
0 1438993631 1313.826904 927.940613
0 1772785076 1099.628540 585.622986
0 1578528686 1186.456299 787.322388
0 1772037075 1039.335449 834.362122
0 1578515670 1275.807007 803.467712
0 1578515669 1374.016235 628.084839
0 0 907.645325 958.789856
0 1 1093.334839 981.523071
0 3 1128.573120 496.634613
0 4 1533.554443 473.219910
0 5 1474.899170 413.877258
0 6 1364.448608 443.103973
0 7 1615.515991 457.452972
0 8 1670.590332 838.575928
0 9 1387.067505 618.029236
