0 1578512666 950.619202 381.537567
0 1524823287 1381.922729 292.390991
0 1478234209 490.273529 352.006897
0 1707269176 841.472412 345.505127
0 1438989626 1037.042358 352.786743
0 1524801259 1295.910034 328.329437
0 1438992629 977.027100 355.819061
0 1478227200 406.156219 390.687836
0 1524854327 1241.759155 314.725433
0 1478249229 355.134796 418.625061
0 1524807266 1393.314453 371.561981
0 1524863340 1429.119995 310.737366
0 1524831297 1413.204468 357.796600
0 1478229202 417.643860 396.245483
0 1568509654 960.966431 350.824219
0 1524790246 1420.164917 316.590118
0 1578523681 884.226624 316.828033
0 1478207175 353.947113 399.488678
0 1524861337 1328.643921 280.396606
0 1478210178 392.645905 367.931274
0 1524862338 1352.336426 360.920471
0 1478186149 414.727020 378.319366
0 1524797254 1432.296631 344.583344
0 1578518674 856.235107 350.378723
0 1438985621 884.778503 327.129913
0 1524857331 1354.697266 293.727783
0 1478203170 372.935211 374.615753
0 1438994632 919.274536 383.146271
0 1578520676 1007.064148 354.301422
0 1478237213 581.097168 375.823517
0 1568511657 903.088440 377.691681
0 1775370079 967.391174 387.074463
0 1478195160 485.624420 336.399506
0 1568510655 935.767151 388.704102
0 1478257240 550.215698 377.383789
0 1578521677 856.337769 373.908936
0 1524794250 1309.786865 290.974152
0 1524812272 1287.901978 317.768127
0 1769859072 902.137268 365.532288
0 1578525683 979.416260 367.642242
0 1770636073 841.005615 368.632843
0 1524846317 1439.681519 321.119476
0 1524833300 1306.178467 322.285553
0 1568511656 897.881592 311.131256
0 1438985620 914.459290 336.360565
0 1478185148 467.736694 342.465790
0 1707993177 779.629517 371.745728
0 1478189152 562.866699 382.739716
0 1524791247 1400.981934 312.138245
0 1524830296 1411.036621 322.555969
0 2088218948 900.340454 342.563751
0 1524827292 1372.837891 297.873901
0 1606348170 870.619324 333.137817
0 1524855329 1293.633911 345.676056
0 1478183145 594.019714 381.159637
0 1438990627 887.200256 372.337524
0 1524840309 1336.853882 289.649597
0 1478222194 500.372192 385.909332
0 1709860179 906.179626 417.207520
0 1478188151 453.432098 413.559662
0 1438988624 885.944153 348.888855
0 1478243222 424.017487 435.415894
0 1524843313 1457.205566 309.339050
0 1524844315 1422.847290 351.123047
0 1524858333 1418.932373 300.722809
0 1524811271 1312.846191 350.665283
0 1524859334 1400.273560 296.522217
0 1478216186 537.793518 372.124786
0 1524851324 1292.437988 286.947937
0 1524814275 1266.990845 329.779755
0 1578514668 825.950806 363.452209
0 1478184146 531.651001 384.322937
0 1524829294 1391.748901 318.009979
0 1478176143 486.060333 411.878265
0 1524860336 1256.227905 335.962128
0 1478222193 408.877686 409.341095
0 1438997636 945.189880 345.917725
0 1478194158 525.264832 397.005005
0 1478201168 374.623688 392.287170
0 1478187150 460.625031 353.477783
0 1478205172 394.879395 385.232208
0 1524838306 1372.689575 347.618286
0 1568514660 811.953430 346.980072
0 1524865342 1220.120850 326.585541
0 2085418945 840.501343 393.613312
0 1524808268 1277.546875 323.716187
0 1478200167 445.585144 376.766113
0 1478194159 385.828064 397.865448
0 1568501643 841.243408 356.850525
0 1478239216 557.105652 395.377380
0 1524820283 1269.936523 313.327545
0 1438989625 825.413086 375.483490
0 1568505649 870.934692 344.033020
0 1478255237 496.842438 341.031830
0 1524804262 1238.016235 331.232758
0 1568506650 810.348206 370.187744
0 1478217187 531.680908 355.417816
0 1568505648 840.758423 380.877808
0 1568497640 841.693115 334.572876
0 1578511665 826.967041 340.716492
0 1478258241 453.246277 364.903290
0 1524796253 1362.957397 336.319824
0 1478206173 365.073517 405.193542
0 1524826291 1323.335083 344.169647
0 1578529688 856.448730 399.342224
0 1478233207 430.919830 354.951447
0 1708834178 871.262024 355.339539
0 1478189153 441.275513 407.678345
0 1568499641 965.165894 374.518463
0 1478245224 449.505157 348.648651
0 1524852325 1342.797607 349.140289
0 1478219190 436.515076 441.823792
0 1578525682 887.865601 384.758270
0 1478232206 432.823364 421.262817
0 1524818280 1316.251465 316.356689
0 1524850322 1382.801147 359.356964
0 1438996635 826.468445 351.871490
0 1524832299 1334.755859 320.857666
0 1478242220 422.975616 366.415802
0 1524789245 1476.836182 313.758484
0 1438999639 1004.207031 342.958099
0 1478196161 483.458130 363.393768
0 1478252234 543.705994 360.383392
0 1524803261 1345.352539 299.228058
0 1478211179 378.310333 430.872314
0 1578523680 920.599854 396.022705
0 1578530689 974.726929 344.436493
0 1568508653 957.071716 328.848877
0 1524826290 1403.362305 364.608124
0 1524847319 1392.240967 334.840271
0 1524810270 1252.274414 308.961914
0 1524835302 1324.774170 326.881927
0 1524821284 1437.906860 304.994476
0 1524799257 1353.583130 325.437195
0 1478233208 481.080963 393.015533
0 1608354172 809.498169 382.475739
0 1524835303 1248.861084 325.149536
0 1478251232 508.254486 345.744263
0 1524812273 1285.440674 334.491699
0 1706512175 1023.672974 359.368164
0 1438986622 921.979675 409.429504
0 1478211180 426.071106 383.656219
0 1524823286 1410.041382 306.376892
0 1478223195 525.593994 366.960052
0 1478244223 457.200378 382.083405
0 1438987623 856.392090 386.373535
0 1478193157 449.394745 394.628876
0 1478198164 441.984558 359.883453
0 1524862339 1354.155518 309.149414
0 1478236212 538.065552 402.710846
0 1478240217 544.259827 389.798706
0 1478214183 383.807587 379.875732
0 1578521678 943.512695 334.914093
0 1524844314 1362.616455 354.201874
0 1524848320 1290.230957 301.943756
0 1524806265 1343.697510 331.559296
0 1524787243 1412.089355 339.668152
0 1478241219 473.605927 406.019043
0 1524799256 1314.597168 333.024078
0 1478190154 498.756287 417.851105
0 1478226198 461.386230 400.270294
0 1478208176 376.412323 411.007294
0 1478214184 568.408203 370.583771
0 2084722944 871.955078 379.283142
0 1578522679 946.930847 357.339661
0 1524825289 1468.271973 319.685669
0 1774531078 958.983154 339.633575
0 1525674169 963.025818 362.444122
0 1478197162 322.000854 401.115295
0 1524815276 1304.218994 339.287567
0 1768901071 937.441223 401.818146
0 1578526684 918.000671 370.769287
0 1478182144 403.587067 373.078583
0 1524853326 1372.634277 366.191559
0 1478218189 575.753052 388.195190
0 1578513667 886.560242 360.389893
0 1438983618 856.285461 361.919556
0 1478224196 512.702576 391.405487
0 1478247227 352.826599 381.435120
0 1524792248 1302.029907 281.690491
0 1524795252 1448.527222 315.172974
0 1524808267 1326.134644 310.539551
0 1478191155 465.824799 419.555145
0 1524856330 1441.558350 338.173492
0 1478236211 519.865540 350.538849
0 1478258242 311.366516 395.495483
0 1478212181 505.869202 404.363251
0 1478185147 519.272522 378.947205
0 1568502645 899.491028 331.705505
0 1568508652 871.601868 367.081055
0 1438984619 795.556152 364.987885
0 1659977623 901.675171 359.626190
0 1478209177 411.970337 361.377777
0 1438982617 916.775330 358.863281
0 1524805264 1300.098755 296.408569
0 1771287074 898.671936 321.234772
0 2087111947 904.077637 390.337128
0 1524817279 1332.410400 355.745911
0 1524795251 1382.562500 341.165710
0 1478230204 469.030365 387.498962
0 1478230203 343.027161 393.889709
0 1524847318 1363.583740 303.459106
0 1578516671 856.139832 328.545715
0 1568513659 932.611816 363.986664
0 1578529687 913.363770 325.716736
0 1524819282 1352.977905 342.666229
0 1478253235 493.358398 398.635986
0 1524836304 1363.279297 319.432465
0 1478243221 363.625092 386.811340
0 1568501644 781.029602 359.881409
0 1438998637 941.895752 324.306213
0 1524816278 1262.594727 303.305267
0 1705773174 996.110229 372.936676
0 1524845316 1459.540771 325.728302
0 1524842312 1450.637939 331.889740
0 1568507651 1020.478455 347.828644
0 1438999638 888.557861 397.680725
0 1478252233 555.946472 365.437927
0 1438993630 952.574890 394.368164
0 1478237214 411.765411 429.133881
0 1524857332 1346.115112 284.329773
0 1478248228 488.267487 380.513733
0 1478225197 457.718353 433.657196
0 1524859335 1401.730469 328.638214
0 1524832298 1372.741943 330.097351
0 1478200166 414.835114 450.173981
0 1478250231 501.839661 356.903503
0 1478245225 399.751740 422.974091
0 1438995633 1010.031738 366.083435
0 1524804263 1335.833252 304.831024
0 1524839308 1382.337280 323.995209
0 1524849321 1259.499268 319.182220
0 1568512658 993.379578 360.904602
0 1568514661 929.689880 341.097260
0 1478231205 478.907593 347.195068
0 1773608077 934.158630 376.103455
0 1438977615 856.186584 339.261749
0 1524834301 1327.422607 295.066986
0 1607644171 811.165955 358.364471
0 1524800258 1430.663330 327.181885
0 1568504647 905.107239 403.498291
0 1568500642 901.221863 353.831451
0 1478256239 476.382111 375.215912
0 1524815277 1272.725220 297.752655
0 1568503646 870.315186 322.631866
0 1478220191 387.969574 416.933044
0 1478207174 434.178741 371.544434
0 1524841311 1363.872314 288.327423
0 1478213182 420.735291 415.244568
0 1524813274 1308.031494 306.205444
0 1568516663 872.322449 391.973511
0 1578517672 889.278687 411.136017
0 1578527685 796.643921 353.367188
0 1478240218 495.182007 368.485168
0 1478215185 445.148712 427.399170
0 1524838307 1282.671387 292.301086
0 1478197163 464.710327 370.013336
0 1478221192 513.611328 361.887115
0 1524819281 1421.467773 333.363556
0 2086284946 931.123352 352.326385
0 1524824288 1274.764160 340.775787
0 1524802260 1311.451904 276.526245
0 1478226199 437.625061 389.091827
0 1578518673 824.854004 387.992157
0 1438981616 981.899780 379.932190
0 1478238215 478.460449 425.668213
0 1609135173 928.308472 330.275848
0 1524837305 1319.300415 285.637695
0 1524793249 1298.061646 311.932251
0 1568515662 926.976318 319.840332
0 1568516664 988.220337 338.172729
0 1438991628 972.511047 333.470367
0 1478249230 518.620117 410.200409
0 1438996634 948.739319 369.204193
0 1578519675 794.425964 377.061218
0 1524829295 1391.283569 302.089691
0 1524864341 1317.816895 300.584656
0 1478255238 390.243439 437.178406
0 1438993631 912.307007 315.449280
0 1524788244 1280.178711 307.582428
0 1772785076 872.704834 405.182037
0 1524828293 1333.616699 337.802277
0 1478203171 366.609711 424.689056
0 1524798255 1402.522705 346.099304
0 1478199165 429.348206 401.907990
0 1578528686 915.595642 347.401855
0 1478192156 397.244019 403.549072
0 1478228201 471.940948 358.392059
0 1772037075 990.751404 349.324982
0 1578515670 885.350586 337.809784
0 1524851323 1344.547852 314.947906
0 1478218188 343.879150 412.676971
0 1478202169 507.118195 373.668823
0 1478254236 332.836487 406.841431
0 1478246226 402.415894 443.610992
0 1524809269 1382.124390 307.761841
0 1524822285 1392.761841 352.660919
0 1524841310 1231.043213 320.598938
0 1478235210 332.307922 388.393616
0 1578515669 765.101196 366.526642
0 1524854328 1372.791260 313.541779
0 0 664.328918 277.045746
0 1 1132.838379 374.135742
0 2 536.024353 313.180450
0 3 1122.924683 237.344772
0 4 813.772827 405.325684
0 5 526.575989 579.710388
0 6 1063.132935 218.902969
0 7 1076.843018 365.334717
0 8 1033.255493 389.126953
0 9 1182.836182 454.117889
0 10 953.230896 444.912018
0 11 1011.376892 551.236450
0 12 1133.570312 223.957184
0 13 1165.374634 510.800354
0 14 893.743652 198.753311
0 15 762.775818 418.070801
0 16 425.183167 351.137939
0 17 1349.656982 280.403107
0 18 319.256592 396.096191
0 19 611.949158 264.673370
0 20 1238.384277 433.910919
0 21 715.565735 213.976807
0 22 1348.318115 366.189301
0 23 1091.792969 210.854675
0 24 637.420166 616.595642
0 25 781.941711 211.991577
0 26 742.799744 222.300018
0 27 1132.670898 478.171692
0 28 645.208252 426.017975
0 29 1137.904419 254.431259
0 30 872.595886 437.608765
0 31 345.903137 421.671082
0 32 582.073242 354.808350
0 33 817.327454 201.440918
0 34 718.262817 403.505493
0 35 1086.123169 504.716339
0 36 842.604736 191.557495
0 37 459.688721 309.891052
0 38 1394.640503 325.272064
0 39 627.430176 371.162689
