0 1578512666 1037.948486 450.648285
0 1707269176 910.260315 578.944824
0 1438989626 926.956055 396.592468
0 1438992629 942.254089 442.534607
0 1568509654 924.552246 458.851929
0 1578523681 780.615417 557.043518
0 1578518674 930.194702 558.915405
0 1438985621 827.994568 547.857361
0 1438994632 1048.816650 476.061005
0 1578520676 934.420349 419.008728
0 1568511657 1031.869751 493.624207
0 1775370079 1054.152588 434.367004
0 1568510655 1065.278442 459.000702
0 1578521677 1025.271118 540.274170
0 1769859072 986.461243 502.380798
0 1578525683 985.063721 434.485992
0 1770636073 1006.956482 559.876099
0 1568511656 754.948303 547.026001
0 1438985620 868.322083 510.684082
0 1707993177 1029.865479 624.142639
0 2088218948 894.759033 520.064758
0 1606348170 854.759033 557.971375
0 1438990627 1014.415771 511.712799
0 1709860179 1166.357666 467.689392
0 1438988624 921.818176 529.666260
0 1578514668 988.061157 580.099548
0 1438997636 906.344543 475.635498
0 1568514660 918.680725 610.928772
0 2085418945 1102.343262 541.065552
0 1568501643 958.773804 569.377869
0 1438989625 1036.737793 570.443420
0 1568505649 902.298584 548.703064
0 1568506650 1018.083435 591.090271
0 1568505648 1054.811890 550.438843
0 1568497640 861.412720 588.577759
0 1578511665 889.689392 599.613770
0 1578529688 1119.079712 521.881470
0 1708834178 949.521729 539.496338
0 1568499641 1011.216675 442.478699
0 1578525682 1060.262207 502.823792
0 1438996635 939.046143 589.822754
0 1438999639 892.370239 426.840302
0 1578523680 1093.226807 467.542114
0 1578530689 899.183899 450.632233
0 1568508653 836.814575 475.427887
0 1608354172 1067.263916 581.275085
0 1706512175 951.331543 403.831482
0 1438986622 1137.357178 459.076904
0 1438987623 1072.332397 531.047058
0 1578521678 861.927246 484.068878
0 2084722944 1043.031494 521.265564
0 1578522679 950.485474 467.254639
0 1774531078 880.818787 467.114288
0 1525674169 968.017395 450.640198
0 1768901071 1109.003540 450.656525
0 1578526684 1004.123718 484.634155
0 1578513667 968.268677 520.660095
0 1438983618 977.893066 549.563354
0 1568502645 848.459351 528.993225
0 1568508652 996.431702 530.350769
0 1438984619 998.820312 612.410889
0 1659977623 963.646912 506.780334
0 1438982617 959.145508 493.262024
0 1771287074 801.856812 537.980103
0 2087111947 1076.986694 484.923798
0 1578516671 833.824463 577.810364
0 1568513659 977.002625 475.846558
0 1578529687 822.471252 519.479309
0 1568501644 978.918213 634.438782
0 1438998637 817.230896 492.555267
0 1705773174 1001.644165 418.773193
0 1568507651 909.895142 411.513519
0 1438999638 1105.811157 493.992432
0 1438993630 1081.275513 442.421936
0 1438995633 976.222107 411.223389
0 1568512658 959.470825 426.664490
0 1568514661 887.608887 492.905762
0 2079485312 963.641052 506.728149
0 1773608077 1021.278992 467.397217
0 1438977615 882.173035 568.330872
0 1607644171 968.557007 600.974609
0 1568504647 1121.815063 476.279053
0 1568500642 940.758728 511.194122
0 1568503646 806.899963 567.302063
0 1568516663 1089.324219 512.240234
0 1578517672 1151.065308 485.218262
0 1578527685 948.414001 622.533264
0 2086284946 932.446838 484.349243
0 1578518673 1085.079712 560.853760
0 1438981616 1027.614990 426.485931
0 1609135173 842.486084 501.516632
0 1568515662 797.075806 510.182373
0 1568516664 874.362244 442.589661
0 1438991628 855.850830 458.779266
0 1438996634 994.352661 458.925690
0 1578519675 1048.868652 602.360413
0 1438993631 776.323853 528.331482
0 1772785076 1135.312988 503.274261
0 1578528686 913.879211 501.945160
0 1772037075 917.044250 434.603180
0 1578515670 875.061157 538.731812
0 1578515669 1010.223755 646.656860
0 0 911.708618 312.264252
0 1 689.899841 407.933472
0 2 1011.560669 377.406799
0 3 1110.160034 428.702148
0 4 699.934509 457.274933
0 5 1139.025146 767.109070
0 6 733.783691 622.003113
0 7 658.544006 508.026611
0 8 1218.298218 655.152832
0 9 800.296631 714.045898
