0 1578512666 938.909363 427.563934
0 1524823287 1701.046021 599.195923
0 1478234209 708.154175 205.868820
0 1707269176 941.121216 333.098145
0 1438989626 1085.064941 440.810547
0 1524801259 1446.317505 581.041321
0 1438992629 1024.199585 411.478668
0 1478227200 596.545044 216.173599
0 1524854327 1418.694214 521.741821
0 1478249229 526.049988 226.027466
0 1524807266 1435.144287 724.945557
0 1524863340 1712.320801 669.342590
0 1524831297 1512.905273 723.987305
0 1478229202 591.841248 224.974655
0 1568509654 1023.143250 397.132782
0 1524790246 1675.013062 669.816284
0 1578523681 1042.841553 319.664734
0 1478207175 558.366638 208.284363
0 1524861337 1658.078003 537.600403
0 1478210178 630.827637 190.731842
0 1524862338 1414.415283 673.125000
0 1478186149 622.521667 207.249756
0 1524797254 1590.753052 723.027954
0 1578518674 940.834351 345.347992
0 1438985621 1018.341431 331.925598
0 1524857331 1651.835693 578.296997
0 1478203170 609.961487 191.070816
0 1438994632 910.965698 413.133270
0 1578520676 1054.109863 425.892883
0 1478237213 710.696655 260.396606
0 1568511657 911.765259 398.771790
0 1775370079 938.549744 442.919708
0 1478195160 735.252258 189.035477
0 1568510655 910.138977 427.981293
0 1478257240 691.189331 250.995712
0 1578521677 886.353882 371.817444
0 1524794250 1592.134277 538.500122
0 1524812272 1470.283203 560.044495
0 1769859072 939.918335 384.467651
0 1578525683 996.485840 426.728760
0 1770636073 887.500122 358.776428
0 1524846317 1690.985352 695.123535
0 1524833300 1480.528564 580.584534
0 1568511656 1068.225220 319.277161
0 1438985620 1020.172119 356.785583
0 1478185148 714.354797 189.374969
0 1707993177 838.294006 334.659546
0 1478189152 687.518066 260.761292
0 1524791247 1659.723511 645.591003
0 1524830296 1637.725220 670.289673
0 2088218948 993.617493 357.184082
0 1524827292 1666.026733 599.658203
0 1606348170 992.591858 332.316589
0 1524855329 1386.503174 603.347656
0 1478183145 707.244324 270.429535
0 1438990627 912.539124 384.873291
0 1524840309 1638.203735 557.777344
0 1478222194 649.659119 242.205872
0 1709860179 821.559570 444.603790
0 1478188151 576.969299 252.800781
0 1438988624 967.072876 357.582397
0 1478243222 525.484375 263.310638
0 1524843313 1767.296997 694.168518
0 1524844315 1551.818237 723.507690
0 1524858333 1732.754517 644.651001
0 1524811271 1395.418457 625.634949
0 1524859334 1716.568359 621.447571
0 1478216186 694.762878 241.489990
0 1524851324 1580.153198 519.516785
0 1524814275 1403.227783 560.949890
0 1578514668 888.611206 346.136414
0 1478184146 668.330261 251.356949
0 1524829294 1623.236450 646.060669
0 1478176143 594.881042 262.218781
0 1524860336 1369.724365 561.402222
0 1478222193 564.789673 234.360855
0 1438997636 1022.120911 383.249817
0 1478194158 641.184082 261.490295
0 1478201168 579.745117 207.939621
0 1478187150 690.141846 197.861389
0 1478205172 601.130127 207.594757
0 1524838306 1488.772583 672.180908
0 1568514660 916.062012 321.600739
0 1524865342 1354.215088 522.630432
0 2085418945 830.466003 386.089264
0 1524808268 1436.747437 560.497253
0 1478200167 639.880615 215.477386
0 1478194159 574.887390 216.521561
0 1568501643 914.717834 345.742279
0 1478239216 660.253845 271.165436
0 1524820283 1460.433228 540.297058
0 1438989625 860.996155 359.174164
0 1568505649 966.960632 344.953583
0 1478255237 732.450928 197.176529
0 1524804262 1361.820312 541.642517
0 1568506650 862.514282 346.530365
0 1478217187 723.611084 222.866028
0 1568505648 859.429810 372.218933
0 1568497640 966.746094 320.826752
0 1578511665 941.399475 321.213806
0 1478258241 665.324707 206.559525
0 1524796253 1513.889893 647.468018
0 1478206173 553.236511 216.869370
0 1524826291 1431.028931 625.170654
0 1578529688 828.348694 399.999298
0 1478233207 672.578674 190.053604
0 1708834178 940.538574 357.980560
0 1478189153 582.058411 243.278793
0 1568499641 967.691589 427.146454
0 1478245224 693.463562 189.714310
0 1524852325 1441.087036 648.405151
0 1478219190 519.473022 273.370300
0 1578525682 883.948608 399.181122
0 1478232206 554.147766 253.161438
0 1524818280 1514.756348 580.127502
0 1524850322 1462.548950 697.982178
0 1438996635 915.400146 333.488739
0 1524832299 1526.125122 601.504822
0 1478242220 647.858459 198.545792
0 1524789245 1785.752441 720.624817
0 1438999639 1080.885864 410.650299
0 1478196161 683.243347 214.780792
0 1478252234 720.509644 231.879028
0 1524803261 1617.540649 578.754944
0 1478211179 514.523499 244.350677
0 1578523680 881.380493 428.398438
0 1578530689 1051.015625 396.722626
0 1568508653 1075.115112 369.002625
0 1524826290 1474.013916 724.466553
0 1524847319 1563.209106 671.235779
0 1524810270 1450.956055 521.297241
0 1524835302 1491.193604 601.965881
0 1524821284 1749.648315 668.868652
0 1524799257 1537.969482 623.776245
0 1478233208 627.118225 242.563614
0 1608354172 834.502136 359.571747
0 1524835303 1394.675659 541.194275
0 1478251232 729.578735 205.523315
0 1524812273 1412.123047 581.497986
0 1706512175 1055.737183 441.232727
0 1438986622 850.788635 444.183014
0 1478211180 618.209412 215.825546
0 1524823286 1696.229492 645.121155
0 1478223195 698.242554 232.233902
0 1478244223 635.736694 224.272232
0 1438987623 857.812927 385.684113
0 1478193157 609.245483 233.652328
0 1478198164 668.996887 198.203613
0 1524862339 1596.041016 600.581970
0 1478236212 636.770508 271.533234
0 1478240217 664.347229 261.125854
0 1478214183 605.600830 199.229767
0 1578521678 1048.117920 369.405212
0 1524844314 1451.584106 672.653076
0 1524848320 1526.252686 539.399048
0 1524806265 1502.304443 624.241272
0 1524787243 1576.673828 696.554016
0 1478241219 599.798218 252.440002
0 1524799256 1456.279175 602.426697
0 1478190154 589.827698 272.268433
0 1478226198 604.584595 242.921249
0 1478208176 547.973511 225.676666
0 1478214184 714.055908 250.634323
0 2084722944 885.170654 385.278778
0 1578522679 995.282043 397.542786
0 1524825289 1746.709106 721.106018
0 1774531078 1049.543335 382.843506
0 1525674169 995.873901 411.892548
0 1478197162 542.262695 200.255005
0 1524815276 1421.382568 602.887329
0 1768901071 880.030029 443.762085
0 1578526684 939.593079 398.362274
0 1478182144 626.726440 198.887833
0 1524853326 1424.548706 698.457764
0 1478218189 683.745056 270.797516
0 1578513667 940.233398 371.013977
0 1438983618 914.014343 358.378571
0 1478224196 645.478699 251.718094
0 1478247227 589.101685 191.409653
0 1524792248 1612.489868 519.071167
0 1524795252 1729.130859 694.646179
0 1524808267 1549.000977 579.670166
0 1478191155 571.741089 262.582886
0 1524856330 1629.709351 722.547852
0 1478236211 726.633118 214.083694
0 1478258242 547.400818 192.087051
0 1478212181 618.028748 261.854614
0 1478185147 672.207275 241.847977
0 1568502645 1019.242737 344.164307
0 1568508652 913.288452 371.415802
0 1438984619 863.986511 334.269409
0 1659977623 953.661377 377.485107
0 1478209177 651.699951 190.392761
0 1438982617 967.308411 384.061859
0 1524805264 1559.185791 538.949707
0 1771287074 1044.100586 331.534424
0 2087111947 882.685974 413.546509
0 1524817279 1404.714233 648.873291
0 1524795251 1525.980957 671.708496
0 1478230204 631.484009 233.297882
0 1478230203 563.369019 199.913376
0 1524847318 1631.025146 600.120239
0 1578516671 992.101929 320.439575
0 1568513659 967.432007 397.952606
0 1578529687 1045.398438 343.769440
0 1524819282 1477.479004 647.936768
0 1478253235 622.634705 252.079102
0 1524836304 1573.652710 623.310974
0 1478243221 584.481689 199.571625
0 1568501644 865.414856 322.374115
0 1438998637 1073.311890 355.988190
0 1524816278 1483.233032 520.852417
0 1705773174 997.118774 442.076569
0 1524845316 1707.687378 721.586853
0 1524842312 1668.687500 722.067505
0 1568507651 1082.939941 425.474670
0 1438999638 854.417725 413.959564
0 1478252233 717.325745 241.131882
0 1438993630 909.283752 443.340973
0 1478237214 531.333862 253.521988
0 1524857332 1671.836304 557.323242
0 1478248228 653.729736 232.943329
0 1478225197 542.916626 273.003174
0 1524859335 1600.457275 670.762878
0 1524832298 1550.319824 646.999146
0 1478200166 496.037292 273.737366
0 1478250231 704.934814 214.432297
0 1478245225 537.027771 243.993500
0 1438995633 1026.421875 441.654724
0 1524804263 1583.262451 579.212708
0 1524839308 1586.768677 646.530029
0 1524849321 1427.546753 540.745789
0 1568512658 1025.291870 426.310913
0 1568514661 1021.131042 369.807617
0 1478231205 711.293152 197.519012
0 1773608077 939.256897 412.719879
0 1438977615 966.851685 332.707428
0 1524834301 1604.587280 558.231201
0 1607644171 889.688599 333.879120
0 1524800258 1652.860718 695.600586
0 1568504647 852.633911 428.815430
0 1568500642 967.188843 370.612000
0 1478256239 657.694885 223.920853
0 1524815277 1515.524780 520.407410
0 1568503646 1017.467102 320.052246
0 1478220191 542.572449 234.714951
0 1478207174 643.919922 206.904694
0 1524841311 1686.147705 577.838806
0 1478213182 559.539490 243.636215
0 1524813274 1537.402954 559.138306
0 1568516663 856.143127 399.590271
0 1578517672 823.899231 429.232269
0 1578527685 890.733826 321.987488
0 1478240218 679.659973 223.569351
0 1478215185 548.608887 262.946808
0 1524838307 1547.831543 519.962219
0 1478197163 661.558594 215.129135
0 1478221192 701.632080 223.217728
0 1524819281 1614.756836 696.077454
0 2086284946 994.709229 383.655914
0 1524824288 1377.945557 581.954346
0 1524802260 1644.841431 518.625305
0 1478226199 613.785522 224.623505
0 1578518673 832.516052 372.620270
0 1438981616 967.828125 442.498230
0 1478238215 566.368164 272.635864
0 1609135173 1046.736938 356.386932
0 1524837305 1625.098511 538.050415
0 1524793249 1503.835083 559.591492
0 1568515662 1071.564087 343.374420
0 1568516664 1078.899170 396.312317
0 1438991628 1076.976562 382.437073
0 1478249230 613.295105 271.900909
0 1438996634 967.559631 412.306305
0 1578519675 836.427185 346.924194
0 1524829295 1680.812012 621.913757
0 1524864341 1570.987183 558.684875
0 1478255238 508.527374 253.882416
0 1438993631 1069.869385 331.143127
0 1524788244 1493.335205 539.848206
0 1772785076 826.161011 414.372467
0 1524828293 1466.657593 624.706055
0 1478203171 520.362366 235.068939
0 1524798255 1538.611450 697.030396
0 1478199165 587.013977 234.006668
0 1578528686 994.154663 370.209900
0 1478192156 569.903870 225.325699
0 1478228201 686.736145 206.214233
0 1772037075 1052.536987 411.064575
0 1578515670 993.096802 344.559052
0 1524851323 1561.074219 601.043518
0 1478218188 531.592346 217.217102
0 1478202169 675.982605 232.588684
0 1478254236 536.994812 208.629013
0 1478246226 502.367584 263.674377
0 1524809269 1645.073975 622.379761
0 1524822285 1500.569824 697.506409
0 1524841310 1386.447144 522.186218
0 1478235210 568.248169 191.748413
0 1578515669 840.105103 322.760590
0 1524854328 1609.354248 622.845520
0 0 1557.717896 458.805511
0 1 745.522400 143.013275
0 2 1327.675171 512.482971
0 3 805.633423 173.857162
0 4 1317.305542 276.711456
0 5 1076.338745 183.104279
0 6 662.834106 179.628998
0 7 1079.998901 155.108932
0 8 1160.156982 157.979401
0 9 455.066010 219.898834
0 10 1239.797485 172.222183
0 11 654.158508 200.038605
0 12 575.146851 654.043884
0 13 1482.220093 456.370209
0 14 586.386353 283.917358
0 15 1131.656738 140.187729
0 16 1382.245972 185.460846
0 17 217.796875 557.283875
0 18 1341.267090 169.399475
0 19 1023.714050 501.071472
0 20 429.601288 263.264679
0 21 1290.740479 474.692993
0 22 334.369781 346.319275
0 23 698.106812 654.184509
0 24 904.076233 180.649567
0 25 656.117981 503.322205
0 26 784.676514 502.465576
0 27 481.059906 194.376785
0 28 805.704834 193.944061
0 29 599.752258 406.725586
0 30 1276.306152 188.586380
0 31 1236.008179 153.222061
0 32 1295.663818 167.948349
0 33 677.723022 394.417206
0 34 1292.764771 140.152328
0 35 543.997192 184.651947
0 36 703.804260 317.437592
0 37 1337.730469 202.129272
0 38 834.777832 702.555786
0 39 1217.254883 188.633194
