0 1578512666 1035.116821 495.035095
0 1707269176 1051.417725 719.883606
0 1438989626 841.511780 478.771576
0 1438992629 917.313782 529.919617
0 1568509654 916.993164 559.365234
0 1578523681 868.523743 767.045532
0 1578518674 1048.777466 683.464355
0 1438985621 915.171631 726.665771
0 1438994632 1077.295776 521.069397
0 1578520676 878.628906 503.816681
0 1568511657 1080.253052 550.469055
0 1775370079 1033.147461 467.870819
0 1568510655 1074.454834 492.827545
0 1578521677 1129.361450 610.781433
0 1769859072 1041.518799 583.341614
0 1578525683 956.700562 499.435547
0 1770636073 1133.654907 644.107727
0 1568511656 822.411377 769.291443
0 1438985620 915.947754 655.382019
0 1707993177 1234.715088 710.759338
0 2088218948 959.276489 653.138123
0 1606348170 960.471069 724.410889
0 1438990627 1083.334106 581.099182
0 1709860179 1187.956055 459.064880
0 1438988624 1002.711182 650.888855
0 1578514668 1138.140503 678.924255
0 1438997636 916.659180 590.037476
0 1568514660 1100.900024 755.727783
0 2085418945 1209.371460 574.340210
0 1568501643 1093.402954 681.197205
0 1438989625 1177.517334 641.836243
0 1568505649 1004.263367 685.725891
0 1568506650 1182.990479 676.645691
0 1568505648 1172.278809 608.518494
0 1568497640 1007.584778 760.272644
0 1578511665 1054.181152 758.003235
0 1578529688 1203.687256 543.743042
0 1708834178 1046.252319 648.634033
0 1568499641 995.865417 497.237732
0 1578525682 1121.303101 548.232239
0 1438996635 1097.065918 717.611328
0 1438999639 837.859985 534.314941
0 1578523680 1113.880005 490.615143
0 1578530689 876.411560 561.576477
0 1568508653 831.801208 626.470581
0 1608354172 1221.487671 639.559204
0 1706512175 879.673706 476.600830
0 1438986622 1149.127808 461.273529
0 1438987623 1167.260132 576.598572
0 1578521678 874.005737 624.245300
0 2084722944 1125.247803 578.851562
0 1578522679 957.667725 557.148804
0 1774531078 875.233643 592.258972
0 1525674169 957.174438 527.714478
0 1768901071 1110.383789 463.477386
0 1578526684 1039.297363 552.700745
0 1578513667 1043.835083 615.290894
0 1438983618 1089.900024 646.373657
0 1568502645 915.568237 690.231995
0 1568508652 1086.546875 613.038818
0 1438984619 1188.714111 713.049194
0 1659977623 1021.572754 600.269226
0 1438982617 999.801392 585.578796
0 1771287074 869.987549 728.914978
0 2087111947 1117.516968 518.844360
0 1578516671 961.109985 762.536194
0 1568513659 998.435791 554.927307
0 1578529687 871.386414 692.476685
0 1568501644 1194.706055 751.158936
0 1438998637 829.606445 659.853333
0 1705773174 956.244873 472.245239
0 1568507651 839.721619 506.000000
0 1438999638 1157.828979 516.614319
0 1438993630 1071.723755 465.676483
0 1438995633 917.917969 474.425385
0 1568512658 917.621765 501.628540
0 1568514661 916.311035 622.014709
0 2079485312 1021.570007 600.214172
0 1773608077 1037.165283 523.289429
0 1438977615 1005.886230 722.150146
0 1607644171 1142.831177 715.333252
0 1568504647 1153.392456 488.397858
0 1568500642 1001.225281 617.537476
0 1568503646 914.756470 764.793884
0 1568516663 1162.447754 545.990234
0 1578517672 1192.992554 486.175629
0 1578527685 1147.741333 753.446350
0 2086284946 958.181641 587.810730
0 1578518673 1215.299561 606.250183
0 1438981616 994.654541 470.060394
0 1609135173 872.724487 657.620361
0 1568515662 827.314392 694.715698
0 1568516664 835.922668 563.782776
0 1438991628 833.904785 594.475342
0 1438996634 997.124878 525.504456
0 1578519675 1227.953125 674.361328
0 1438993631 824.918457 731.158447
0 1772785076 1198.232178 514.379211
0 1578528686 958.717407 619.778748
0 1772037075 877.542358 532.119751
0 1578515670 959.860474 687.981812
0 1578515669 1241.794312 748.865540
0 0 705.091919 388.026825
0 1 644.310242 462.114563
0 2 826.261047 444.362579
0 3 581.004700 420.021210
0 4 745.858582 787.599670
0 5 1611.959839 830.816772
0 6 626.521301 755.563660
0 7 683.734680 656.732544
0 8 1373.445068 547.440979
0 9 1231.769165 924.344543
