0 1578512666 922.814148 564.649170
0 1524823287 1144.968018 351.760895
0 1478234209 199.253845 731.651611
0 1707269176 724.659912 557.671204
0 1438989626 954.508240 501.440948
0 1524801259 1138.009766 406.710297
0 1438992629 899.508789 523.910767
0 1478227200 137.833038 852.762085
0 1524854327 1071.160522 404.388000
0 1478249229 110.036217 942.148010
0 1524807266 1280.025146 429.504852
0 1524863340 1208.587036 361.224762
0 1524831297 1271.785156 411.357605
0 1478229202 177.583282 854.197998
0 1568509654 872.654053 522.968201
0 1524790246 1211.479614 368.782257
0 1578523681 716.349487 505.083649
0 1478207175 50.005077 908.213379
0 1524861337 1084.187622 349.659058
0 1478210178 42.857246 822.214844
0 1524862338 1234.109253 427.907410
0 1478186149 120.339363 825.007690
0 1524797254 1264.002808 394.218475
0 1578518674 752.953918 558.667603
0 1438985621 738.442566 518.257324
0 1524857331 1126.456177 358.382874
0 1478203170 18.636818 848.456299
0 1438994632 892.696838 577.878784
0 1578520676 927.471924 512.486511
0 1478237213 423.736633 718.285645
0 1568511657 863.856445 576.861938
0 1775370079 951.140320 565.646667
0 1478195160 147.873535 708.435364
0 1568510655 921.541992 578.895752
0 1478257240 375.582947 737.958618
0 1578521677 802.697632 589.530640
0 1524794250 1086.655151 364.460419
0 1524812272 1113.976440 397.325989
0 1769859072 837.863281 561.657654
0 1578525683 925.224670 537.653870
0 1770636073 773.328979 588.494019
0 1524846317 1232.292358 369.502899
0 1524833300 1135.948608 398.088776
0 1568511656 720.928772 493.258698
0 1438985620 792.114746 520.141235
0 1478185148 128.772278 729.130554
0 1707993177 703.765991 617.421448
0 1478189152 410.870239 739.220825
0 1524791247 1190.669312 368.061737
0 1524830296 1214.450317 376.544006
0 2088218948 788.620789 532.854065
0 1524827292 1146.985229 359.093201
0 1606348170 734.009216 530.935181
0 1524855329 1165.258179 425.512024
0 1478183145 458.250366 719.518005
0 1438990627 835.020874 575.845337
0 1524840309 1105.929443 357.672607
0 1478222194 309.394897 781.418884
0 1709860179 947.971130 626.063477
0 1478188151 296.888580 858.507751
0 1438988624 785.002258 546.020081
0 1478243222 301.402893 917.337219
0 1524843313 1226.041504 354.564514
0 1524844315 1267.839233 402.667358
0 1524858333 1185.500000 353.162567
0 1524811271 1188.205444 426.310364
0 1524859334 1165.232910 352.461700
0 1478216186 340.302795 736.696716
0 1524851324 1065.859741 363.740417
0 1524814275 1117.521729 414.795654
0 1578514668 743.965210 587.457520
0 1478184146 361.303406 759.832947
0 1524829294 1193.358765 375.813263
0 1478176143 352.993103 833.393799
0 1524860336 1119.372437 423.915588
0 1478222193 197.046875 883.455078
0 1438997636 845.803467 522.025757
0 1478194158 383.305298 784.072266
0 1478201168 74.678459 879.024658
0 1478187150 144.837540 752.076294
0 1478205172 98.091911 851.326538
0 1524838306 1227.181885 409.808105
0 1568514660 690.914368 570.764771
0 1524865342 1073.498901 422.319611
0 2085418945 825.825745 621.740906
0 1524808268 1115.723755 405.936127
0 1478200167 179.320541 801.327942
0 1478194159 115.458389 880.501099
0 1568501643 748.542603 572.796448
0 1478239216 433.518616 762.420654
0 1524820283 1092.007202 396.563324
0 1438989625 769.139038 603.739014
0 1568505649 757.207886 545.042480
0 1478255237 182.332474 709.665771
0 1524804262 1096.434204 423.117554
0 1568506650 739.212036 602.681335
0 1478217187 285.750366 713.358521
0 1568505648 799.071167 604.796936
0 1568497640 701.632385 543.087585
0 1578511665 696.370605 556.675049
0 1478258241 161.668274 776.115479
0 1524796253 1201.881348 400.377625
0 1478206173 91.879395 909.733093
0 1524826291 1185.357178 417.153900
0 1578529688 856.354065 622.821289
0 1478233207 87.852036 773.465393
0 1708834178 781.252441 559.664185
0 1478189153 257.111023 857.070862
0 1568499641 924.040894 550.910828
0 1478245224 108.786064 750.784485
0 1524852325 1207.974854 417.940247
0 1478219190 343.337952 918.859131
0 1578525682 861.449890 591.604492
0 1478232206 278.673737 886.410461
0 1524818280 1133.944702 389.706604
0 1524850322 1253.218872 419.513123
0 1438996635 719.726074 571.780518
0 1524832299 1155.614258 390.458374
0 1478242220 103.699379 798.607727
0 1524789245 1246.315674 355.265625
0 1438999639 902.574646 499.621735
0 1478196161 216.962830 754.660828
0 1478252234 320.236633 714.589905
0 1524803261 1128.253418 365.900696
0 1478211179 196.148026 945.281128
0 1578523680 920.221924 593.679077
0 1578530689 874.667358 510.634949
0 1568508653 824.703186 496.893890
0 1524826290 1275.845337 420.299774
0 1524847319 1220.639282 392.714142
0 1524810270 1070.040649 395.800781
0 1524835302 1157.923340 398.851624
0 1524821284 1205.769531 353.863495
0 1524799257 1177.286621 391.210205
0 1478233208 292.814056 805.410400
0 1608354172 764.785217 619.580811
0 1524835303 1094.915771 414.009735
0 1478251232 216.798279 710.896484
0 1524812273 1140.130615 415.581635
0 1706512175 953.880249 513.412537
0 1438986622 948.809082 610.088989
0 1478211180 159.093338 826.404602
0 1524823286 1188.050659 360.514160
0 1478223195 305.029785 735.435059
0 1478244223 217.143463 802.688477
0 1438987623 829.008484 605.854919
0 1478193157 236.627289 829.199402
0 1478198164 124.756279 774.790283
0 1524862339 1151.183105 374.352112
0 1478236212 420.272217 785.399475
0 1478240217 397.407257 761.126648
0 1478214183 58.359810 849.891235
0 1578521678 821.878723 508.783966
0 1524844314 1230.595459 418.726654
0 1524848320 1089.257935 380.072357
0 1524806265 1179.901123 399.614594
0 1524787243 1242.319824 393.466278
0 1478241219 314.195831 831.995361
0 1524799256 1160.298462 407.484619
0 1478190154 391.799042 834.792603
0 1478226198 275.407257 830.597168
0 1478208176 133.763916 911.253235
0 1478214184 389.229797 717.053467
0 2084722944 832.071228 590.567505
0 1578522679 870.570251 535.733521
0 1524825289 1249.666992 362.646179
0 1774531078 848.271057 509.709412
0 1525674169 897.895325 536.693604
0 1524815276 1162.742432 416.367737
0 1768901071 949.615479 594.716614
0 1578526684 866.175598 562.654663
0 1478182144 81.593979 823.611084
0 1524853326 1257.065674 428.706085
0 1478218189 446.164673 740.483276
0 1578513667 809.555542 560.660828
0 1438983618 777.363892 573.812561
0 1478224196 346.346130 782.745422
0 1524792248 1064.883423 356.252319
0 1524795252 1229.125732 361.935455
0 1524808267 1131.995605 381.553986
0 1478191155 336.675232 859.944946
0 1524856330 1260.271606 386.001068
0 1478236211 251.270859 712.127380
0 1478212181 368.517609 808.133545
0 1478185147 325.207031 758.539490
0 1568502645 765.276550 519.199219
0 1568508652 806.190002 574.828918
0 1438984619 709.290222 601.623840
0 1659977623 825.218994 554.261597
0 1478209177 65.901123 797.248108
0 1438982617 840.604431 547.975952
0 1524805264 1087.938965 372.160950
0 1771287074 742.725769 506.008514
0 2087111947 890.833435 592.641663
0 1524817279 1211.155762 427.108826
0 1524795251 1223.864624 401.140778
0 1478230204 254.974625 804.049316
0 1478230203 8.140706 906.694092
0 1524847318 1149.056274 366.620941
0 1578516671 706.709900 529.975952
0 1568513659 868.412109 548.954102
0 1578529687 769.106140 506.933533
0 1524819282 1204.884521 409.033508
0 1478253235 330.661743 806.771851
0 1524836304 1174.743774 383.035980
0 1478243221 33.908211 877.548462
0 1568501644 679.373535 600.566528
0 1438998637 798.753784 495.984894
0 1524816278 1068.952026 387.451935
0 1705773174 952.558289 538.614319
0 1524845316 1253.107666 370.223572
0 1524842312 1256.641113 378.005737
0 1568507651 928.539490 500.531250
0 1438999638 888.898438 607.971680
0 1478252233 354.729767 715.821594
0 1438993630 950.391968 579.912842
0 1478237214 259.478027 915.815674
0 1524857332 1104.445435 350.359558
0 1478248228 272.451416 780.092590
0 1478225197 360.338928 889.367188
0 1524859335 1217.502441 384.518341
0 1524832298 1198.961670 391.962128
0 1478200166 325.395905 949.983643
0 1478250231 234.505325 732.912476
0 1478245225 217.563187 914.294495
0 1438995633 953.230713 525.796387
0 1524804263 1130.099243 373.621643
0 1524839308 1196.121826 383.777130
0 1524849321 1093.440796 405.161987
0 1568512658 926.367676 524.853516
0 1568514661 818.957031 521.083435
0 1478231205 164.009430 730.390930
0 1773608077 894.492615 563.651855
0 1438977615 729.417908 544.064941
0 1524834301 1107.453125 365.180511
0 1607644171 714.606445 586.421204
0 1524800258 1235.544556 377.274841
0 1568504647 918.851196 609.030212
0 1568500642 812.801086 546.997925
0 1478256239 235.515884 778.766602
0 1524815277 1067.893066 379.331665
0 1568503646 711.612610 517.315613
0 1478220191 175.658478 912.773621
0 1478207174 141.505798 799.967651
0 1524841311 1124.705566 351.060211
0 1478213182 237.855530 884.932556
0 1524813274 1110.625488 380.813141
0 1568516663 858.950928 606.913269
0 1578517672 917.426697 624.982544
0 1578527685 685.252563 585.385010
0 1478240218 253.036743 755.953430
0 1478215185 319.501495 887.888672
0 1524838307 1066.862793 371.430756
0 1478197163 198.588150 777.440918
0 1478221192 269.764008 734.173645
0 1524819281 1238.885742 385.259674
0 2086284946 843.249512 534.773499
0 1524824288 1142.313721 424.713745
0 1524802260 1063.932129 348.958588
0 1478226199 197.855972 827.801819
0 1578518673 795.302734 620.660828
0 1438981616 951.861938 551.889465
0 1478238215 376.470947 861.382568
0 1609135173 795.490417 507.858673
0 1524837305 1085.405151 356.962402
0 1524793249 1112.277710 388.954956
0 1568515662 772.808228 495.075989
0 1568516664 876.613586 498.712311
0 1438991628 850.656433 497.803040
0 1478249230 406.381775 809.495544
0 1438996634 896.224304 549.932373
0 1578519675 734.272888 618.501038
0 1524829295 1167.516724 359.803650
0 1524864341 1109.017822 372.891266
0 1478255238 239.220016 946.848206
0 1438993631 746.866577 494.167267
0 1524788244 1090.613525 388.203400
0 1772785076 886.887695 623.901855
0 1524828293 1182.590088 408.259003
0 1478203171 153.086823 943.714355
0 1524798255 1245.850586 401.904022
0 1478199165 217.342575 855.634277
0 1578528686 815.933044 533.813721
0 1478192156 156.247833 881.977905
0 1478228201 180.896423 753.368408
0 1772037075 901.067688 511.560669
0 1578515670 761.312866 531.894531
0 1524851323 1153.368408 382.294922
0 1478218188 66.996239 940.582092
0 1478202169 289.118134 757.246338
0 1478254236 23.967035 939.016479
0 1478246226 282.302612 948.415710
0 1524809269 1169.861572 367.341309
0 1524822285 1249.482056 410.582825
0 1524841310 1072.312744 413.223938
0 1578515669 673.264465 616.342041
0 1524854328 1172.269653 375.082642
0 0 1539.252808 671.189087
0 1 1462.171753 891.556885
0 2 414.861450 981.800842
0 4 1503.716309 1000.010986
0 6 1346.889282 693.058960
0 7 1301.204712 739.326416
0 8 305.854126 334.553650
0 9 1585.337158 768.511780
0 10 1419.145264 646.532104
0 11 1291.546875 407.300415
0 12 144.180374 351.345612
0 13 1245.319092 702.062805
0 16 999.943420 291.079041
0 17 240.986847 336.342865
0 19 1501.576782 609.570618
0 21 822.719849 281.836517
0 23 704.450500 402.585266
0 25 633.458069 406.599609
0 26 983.044067 417.463043
0 27 932.525085 678.257263
0 28 676.157166 709.136719
0 29 996.780884 483.441833
0 31 799.523132 422.809174
0 33 450.339874 472.148804
0 170 1250.318970 304.722931
0 182 1168.294556 284.993164
0 185 621.067444 216.412415
0 187 253.938477 396.378998
0 192 4.694520 555.984802
0 201 1350.531616 324.690826
0 206 1401.344727 358.324432
0 210 1768.543701 924.072571
0 212 1756.408325 1034.120728
0 217 1393.496582 142.131912
0 220 1409.596924 151.081940
0 222 1422.296509 160.805679
0 223 1410.240967 194.702667
0 224 1478.378540 244.509796
0 230 1439.937256 221.752548
