0 1578512666 933.747437 352.479340
0 1524823287 1679.208130 582.545593
0 1478234209 719.814941 107.928284
0 1707269176 944.586670 256.454865
0 1438989626 1079.512817 376.973145
0 1524801259 1427.132568 545.364441
0 1438992629 1021.075500 342.612915
0 1478227200 605.617920 109.976639
0 1524854327 1405.904785 483.800323
0 1478249229 533.244629 114.722549
0 1524807266 1400.580078 687.851624
0 1524863340 1682.239990 653.247375
0 1524831297 1477.922241 692.662659
0 1478229202 600.141541 118.697365
0 1568509654 1021.360718 327.956268
0 1524790246 1645.092529 650.946960
0 1578523681 1048.559326 250.481934
0 1478207175 567.452515 98.889992
0 1524861337 1643.498535 517.686890
0 1478210178 642.495178 86.331108
0 1524862338 1385.473755 634.869751
0 1478186149 632.720215 102.761726
0 1524797254 1555.328369 697.477661
0 1578518674 943.176880 268.944031
0 1438985621 1022.660522 261.142822
0 1524857331 1632.562866 557.984924
0 1478203170 621.256531 85.073120
0 1438994632 906.919983 335.708527
0 1578520676 1049.810303 359.508484
0 1478237213 717.834229 164.311691
0 1568511657 909.016907 321.170319
0 1775370079 931.992493 368.026459
0 1478195160 748.760864 92.625168
0 1568510655 904.754272 350.723450
0 1478257240 698.840210 153.143524
0 1578521677 885.815308 291.796844
0 1524794250 1577.503052 513.646973
0 1524812272 1453.347290 526.124390
0 1769859072 938.683228 308.753540
0 1578525683 991.760803 355.992828
0 1770636073 888.136353 278.586639
0 1524846317 1658.042480 677.252930
0 1524833300 1461.339722 547.465942
0 1568511656 1074.227905 252.021530
0 1438985620 1022.164185 286.652710
0 1478185148 727.498047 91.365807
0 1707993177 840.589783 250.210358
0 1478189152 694.310120 162.909088
0 1524791247 1632.673584 625.719116
0 1524830296 1607.960083 648.647461
0 2088218948 995.343262 285.038605
0 1524827292 1644.248657 580.393860
0 1606348170 996.628662 259.579742
0 1524855329 1365.041382 563.208679
0 1478183145 713.498779 174.361084
0 1438990627 911.048340 307.086426
0 1524840309 1621.319946 536.424927
0 1478222194 657.439941 140.904602
0 1709860179 814.143860 360.879272
0 1478188151 582.849426 146.233932
0 1438988624 968.529968 283.424896
0 1478243222 529.807373 153.100754
0 1524843313 1733.945435 681.963684
0 1524844315 1516.617310 695.069641
0 1524858333 1705.454712 630.216675
0 1524811271 1371.578979 586.137634
0 1524859334 1692.067749 605.902344
0 1478216186 703.252808 143.631256
0 1524851324 1567.677124 493.686615
0 1524814275 1386.242554 522.009277
0 1578514668 890.388184 265.770752
0 1478184146 675.630493 151.760880
0 1524829294 1596.304199 623.471619
0 1478176143 600.272949 157.302185
0 1524860336 1352.708130 519.952881
0 1478222193 571.935974 126.297997
0 1438997636 1021.636841 313.757904
0 1478194158 647.279663 160.104935
0 1478201168 589.203369 100.180267
0 1478187150 702.186829 98.270782
0 1478205172 610.959290 101.470863
0 1524838306 1459.577026 639.458679
0 1568514660 920.322266 242.790298
0 1524865342 1341.274048 479.850586
0 2085418945 828.192871 302.087952
0 1524808268 1419.788818 524.066467
0 1478200167 649.686890 112.592926
0 1478194159 583.591187 108.668930
0 1568501643 916.778809 267.357178
0 1478239216 665.822754 171.515808
0 1524820283 1445.651611 505.575562
0 1438989625 861.353882 276.974854
0 1568505649 969.582458 270.531342
0 1478255237 745.224731 100.821846
0 1524804262 1346.884888 499.529480
0 1568506650 864.005005 264.184784
0 1478217187 734.079651 126.655548
0 1568505648 858.621216 290.158295
0 1568497640 971.595947 245.865692
0 1578511665 945.955566 244.327789
0 1478258241 676.257446 105.344398
0 1524796253 1487.280762 616.734436
0 1478206173 561.569702 107.361549
0 1524826291 1407.134766 588.330383
0 1578529688 824.847778 316.086182
0 1478233207 684.986938 88.847862
0 1708834178 941.724426 281.811707
0 1478189153 588.762878 136.817093
0 1568499641 962.749573 354.235840
0 1478245224 706.240112 90.106712
0 1524852325 1414.668945 612.247314
0 1478219190 522.940979 162.988724
0 1578525682 880.952087 319.475098
0 1478232206 559.668579 144.853012
0 1524818280 1495.559326 549.568237
0 1524850322 1430.702148 663.143677
0 1438996635 918.576538 254.893097
0 1524832299 1504.540894 571.794861
0 1478242220 659.168823 95.720917
0 1524789245 1749.124146 709.532654
0 1438999639 1078.205688 346.068268
0 1478196161 693.776733 115.210464
0 1478252234 730.174316 135.707870
0 1524803261 1598.293335 555.879578
0 1478211179 520.136414 132.732605
0 1578523680 875.770081 348.968048
0 1578530689 1049.467773 329.654022
0 1568508653 1076.395874 303.279968
0 1524826290 1439.243164 690.256653
0 1524847319 1533.739258 644.051270
0 1524810270 1438.236938 485.776184
0 1524835302 1469.646484 569.647095
0 1524821284 1719.401855 655.548645
0 1524799257 1513.883057 594.913574
0 1478233208 634.541992 139.541763
0 1608354172 834.579102 275.363464
0 1524835303 1379.795654 501.544128
0 1478251232 741.601379 109.220673
0 1524812273 1392.937988 543.263733
0 1706512175 1049.990112 375.182678
0 1438986622 843.592041 362.665253
0 1478211180 627.649780 111.284622
0 1524823286 1669.057007 627.967407
0 1478223195 707.552429 134.362656
0 1478244223 644.766174 121.348831
0 1438987623 855.803223 303.753601
0 1478193157 617.119568 128.984909
0 1478198164 680.675293 96.995674
0 1524862339 1574.368774 576.092712
0 1478236212 641.993896 170.093719
0 1478240217 670.791870 161.506836
0 1478214183 616.170532 93.172173
0 1578521678 1049.146240 301.638123
0 1524844314 1422.518066 637.163757
0 1524848320 1511.554199 509.609833
0 1524806265 1478.286743 592.718323
0 1524787243 1544.303223 670.194031
0 1478241219 606.036011 147.615158
0 1524799256 1434.765137 567.500122
0 1478190154 594.354431 167.250641
0 1478226198 611.649658 138.179260
0 1478208176 555.538269 116.047165
0 1478214184 722.055725 154.526459
0 2084722944 883.421692 305.419769
0 1578522679 993.262024 326.259033
0 1524825289 1710.332886 707.119629
0 1774531078 1049.304565 315.427032
0 1525674169 992.523560 340.886017
0 1478197162 551.710449 89.351318
0 1524815276 1399.896851 565.353943
0 1768901071 873.049561 364.451752
0 1578526684 937.090210 322.866058
0 1478182144 637.667175 94.446419
0 1524853326 1392.865723 660.795471
0 1478218189 689.657715 172.938248
0 1578513667 940.227173 295.075348
0 1438983618 914.926514 280.198944
0 1478224196 652.426575 150.378647
0 1478247227 600.022766 83.815468
0 1524792248 1600.065186 495.665924
0 1524795252 1695.986084 679.607849
0 1524808267 1529.791382 551.671204
0 1478191155 576.778503 155.901367
0 1524856330 1594.055420 699.886658
0 1478236211 737.887451 117.829254
0 1478258242 557.569702 81.300980
0 1478212181 623.773376 158.703400
0 1478185147 680.343567 142.267761
0 1568502645 1022.416077 273.707306
0 1568508652 913.017273 293.435822
0 1438984619 866.578186 251.770813
0 1659977623 953.174561 302.688202
0 1478209177 663.738586 87.589363
0 1438982617 966.326294 310.421173
0 1524805264 1544.522949 511.628052
0 1771287074 1048.699585 262.706390
0 2087111947 878.402893 333.983765
0 1524817279 1378.384155 610.005066
0 1524795251 1496.650757 641.754517
0 1478230204 639.719543 130.328857
0 1478230203 573.192200 90.624672
0 1524847318 1609.302124 578.242920
0 1578516671 997.243408 247.404007
0 1568513659 965.171936 324.562286
0 1578529687 1048.843994 275.295959
0 1524819282 1450.967773 614.490417
0 1478253235 629.228394 148.996704
0 1524836304 1549.492798 597.109680
0 1478243221 594.678955 91.898293
0 1568501644 869.076721 239.716599
0 1438998637 1075.829346 289.882385
0 1524816278 1470.580078 487.752777
0 1705773174 990.972656 371.603455
0 1524845316 1671.557739 704.707642
0 1524842312 1632.798584 702.296692
0 1568507651 1078.848511 361.267151
0 1438999638 849.894531 332.259521
0 1478252233 726.167664 144.995117
0 1438993630 902.516357 366.238831
0 1478237214 536.493469 143.472488
0 1524857332 1654.950562 538.487244
0 1478248228 662.324951 131.673111
0 1478225197 546.739380 164.408997
0 1524859335 1570.842285 646.348938
0 1524832298 1523.607788 618.979248
0 1478200166 499.148590 161.568802
0 1478250231 715.829468 116.519699
0 1478245225 543.006287 134.093750
0 1438995633 1020.476746 373.392792
0 1524804263 1564.036011 553.774963
0 1524839308 1559.948975 621.225037
0 1524849321 1412.717896 503.559509
0 1568512658 1020.781067 357.750397
0 1568514661 1021.904663 299.996704
0 1478231205 723.703308 99.546158
0 1773608077 935.445801 337.433868
0 1438977615 970.604004 258.017090
0 1524834301 1587.701294 534.363342
0 1607644171 892.573730 253.331757
0 1524800258 1620.114014 674.898987
0 1568504647 846.794922 347.213226
0 1568500642 967.445068 296.715332
0 1478256239 667.086548 122.675026
0 1524815277 1502.934570 489.730042
0 1568503646 1022.897888 248.942764
0 1478220191 549.352478 124.955032
0 1478207174 654.486267 104.052948
0 1524841311 1666.845215 560.091003
0 1478213182 565.881775 135.455246
0 1524813274 1520.500122 530.242371
0 1568516663 852.895691 317.780396
0 1578517672 817.828735 345.458954
0 1578527685 894.695984 241.253220
0 1478240218 689.412231 124.001549
0 1478215185 553.289978 154.500900
0 1524838307 1535.300171 491.707977
0 1478197163 671.729248 113.901558
0 1478221192 711.743286 125.328407
0 1524819281 1582.200928 672.546021
0 2086284946 993.977539 312.089294
0 1524824288 1358.755859 541.163818
0 1524802260 1632.464478 497.645905
0 1478226199 622.451172 120.022934
0 1578518673 831.435059 288.520203
0 1438981616 961.477905 369.814667
0 1478238215 570.543884 165.829620
0 1609135173 1048.992920 288.267334
0 1524837305 1610.494995 515.666565
0 1524793249 1486.917725 528.182983
0 1568515662 1075.279541 276.885071
0 1568516664 1077.583252 331.352325
0 1438991628 1076.980347 317.096649
0 1478249230 618.171143 168.671997
0 1438996634 963.980225 339.159668
0 1578519675 837.629272 262.599274
0 1524829295 1656.403809 603.702881
0 1524864341 1554.094727 532.302490
0 1478255238 513.324158 142.092300
0 1438993631 1074.745972 264.270325
0 1524788244 1478.597168 507.592346
0 1772785076 821.394836 330.535797
0 1524828293 1442.703979 590.523926
0 1478203171 526.774353 123.612366
0 1524798255 1506.420898 667.842957
0 1478199165 594.525024 127.641273
0 1578528686 994.670898 298.355774
0 1478192156 577.837280 117.372116
0 1478228201 698.033630 106.636200
0 1772037075 1049.636230 344.340302
0 1578515670 995.995544 272.119110
0 1524851323 1539.448364 573.943359
0 1478218188 539.553467 106.054497
0 1478202169 684.935974 133.017731
0 1478254236 545.706909 97.600029
0 1478246226 506.330688 151.701004
0 1524809269 1620.753296 601.504333
0 1524822285 1468.553955 665.492798
0 1524841310 1373.583862 481.825104
0 1478235210 578.793823 82.558083
0 1578515669 843.464539 238.180374
0 1524854328 1585.116211 599.306580
0 0 759.825989 92.923012
0 1 1284.011963 162.566849
0 2 1106.773071 428.250977
0 3 1181.786499 112.352654
0 4 1342.782104 280.273590
0 5 466.041534 121.051613
0 6 1318.776489 116.982826
0 7 1278.580078 92.953217
0 8 1222.260010 88.401009
0 9 621.416260 113.295326
0 10 1321.364502 147.494492
0 11 364.039093 207.865280
0 12 1048.391968 109.691315
0 13 520.931885 83.453476
0 14 1491.878052 364.002502
0 15 1197.143555 475.465637
0 16 837.960327 96.941338
0 17 1506.294800 610.034851
0 18 692.851501 79.717918
0 19 1025.288330 427.280304
0 20 914.801453 603.775635
0 21 813.479858 48.430573
0 22 806.962585 579.090698
0 23 1248.504395 135.803177
0 24 404.528656 134.161804
0 25 781.905334 389.841705
0 26 625.269531 363.122253
0 27 82.896255 447.807129
0 28 1119.463867 637.235901
0 29 978.386414 60.800674
0 30 1346.604004 330.746033
0 31 595.541443 81.995453
0 32 802.816406 440.445099
0 33 724.980652 204.537338
0 34 1050.121460 475.303650
0 35 207.060730 309.059479
0 36 890.945312 390.848511
0 37 613.770386 323.997375
0 38 1384.549927 620.902222
0 39 891.090027 436.028290
