0 1578512666 932.188782 442.648254
0 1524823287 1053.554443 237.600769
0 1478234209 289.182678 662.676758
0 1707269176 741.537476 453.369934
0 1438989626 936.460449 384.499603
0 1524801259 1068.071045 287.306519
0 1438992629 894.162354 408.726624
0 1478227200 285.893127 777.807434
0 1524854327 1006.157227 289.621765
0 1478249229 301.864960 858.987610
0 1524807266 1202.671875 298.123077
0 1524863340 1114.730347 242.291367
0 1524831297 1189.032471 282.783203
0 1478229202 328.394318 773.944092
0 1568509654 868.530334 410.052734
0 1524790246 1120.119629 248.869125
0 1578523681 710.500061 406.716492
0 1478207175 221.139282 837.934875
0 1524861337 996.833984 239.358871
0 1478210178 168.163940 763.092346
0 1524862338 1161.795898 299.735718
0 1478186149 253.098129 755.619019
0 1524797254 1176.068237 268.202789
0 1578518674 769.329651 451.807007
0 1438985621 737.870361 416.812653
0 1524857331 1039.158203 244.697678
0 1478203170 155.824646 789.630493
0 1438994632 909.532837 456.749817
0 1578520676 915.704285 396.388123
0 1478237213 515.709656 625.492065
0 1568511657 882.225586 458.329315
0 1775370079 958.700317 441.157318
0 1478195160 221.863678 647.599976
0 1568510655 936.654785 455.181061
0 1478257240 476.104584 648.176514
0 1578521677 829.838806 474.771027
0 1524794250 1004.902466 252.637680
0 1524812272 1042.664429 280.491516
0 1769859072 851.582275 447.181366
0 1578525683 923.683838 418.780975
0 1770636073 801.491455 476.457764
0 1524846317 1138.996704 248.251678
0 1524833300 1062.945557 279.753143
0 1568511656 709.796021 395.599762
0 1438985620 790.640747 414.082489
0 1478185148 212.072235 668.658508
0 1707993177 747.045654 508.279419
0 1478189152 512.520081 645.351685
0 1524791247 1101.150757 249.489548
0 1524830296 1125.639893 255.606537
0 2088218948 792.670288 425.749268
0 1524827292 1058.188354 244.091751
0 1606348170 739.052856 428.601044
0 1524855329 1099.662231 302.187042
0 1478183145 551.048157 622.833313
0 1438990627 854.731323 459.919617
0 1524840309 1020.035583 245.306580
0 1478222194 429.217651 694.039185
0 1709860179 979.303650 493.646149
0 1478188151 453.420044 762.579407
0 1438988624 794.766663 437.800232
0 1478243222 485.718140 812.232727
0 1524843313 1127.928345 235.295456
0 1524844315 1182.468994 275.401611
0 1524858333 1090.918335 236.442627
0 1524811271 1120.483887 301.365601
0 1524859334 1072.281006 237.020325
0 1478216186 439.371765 651.026001
0 1524851324 985.367310 253.276627
0 1524814275 1052.545654 295.855499
0 1578514668 772.944397 478.156372
0 1478184146 471.964691 669.054871
0 1524829294 1106.453735 256.251160
0 1478176143 498.275360 734.045776
0 1524860336 1057.682861 303.843201
0 1478222193 363.162750 796.822510
0 1438997636 842.733765 411.387360
0 1478194158 505.714874 687.723999
0 1478201168 232.328934 809.113892
0 1478187150 241.482574 687.495972
0 1478205172 242.968719 781.709229
0 1524838306 1149.128784 284.275391
0 1568514660 714.384338 468.037476
0 1524865342 1015.249695 305.517303
0 2085418945 864.851318 500.857147
0 1524808268 1047.541260 288.074219
0 1478200167 303.582947 727.271667
0 1478194159 276.383148 804.975159
0 1568501643 771.106079 464.756592
0 1478239216 546.091431 663.124023
0 1524820283 1022.278198 281.233734
0 1438989625 803.891052 490.252045
0 1568505649 767.611816 439.285217
0 1478255237 259.715057 644.752136
0 1524804262 1036.523560 304.678009
0 1568506650 774.847656 492.030121
0 1478217187 371.314941 636.355774
0 1568505648 832.727722 488.486633
0 1568497640 712.753113 442.285309
0 1578511665 713.554932 454.943604
0 1478258241 271.966125 707.020935
0 1524796253 1123.166260 277.560669
0 1478206173 266.384277 833.539612
0 1524826291 1114.571411 293.473114
0 1578529688 893.773071 499.034943
0 1478233207 191.132278 713.694092
0 1708834178 796.933167 450.254639
0 1478189153 412.151703 766.330688
0 1568499641 927.867432 430.521362
0 1478245224 201.838669 690.667847
0 1524852325 1135.029541 292.687347
0 1478219190 528.255432 808.100464
0 1578525682 885.942810 471.432770
0 1478232206 448.214478 788.832153
0 1524818280 1057.948975 272.389618
0 1524850322 1175.625244 291.128052
0 1438996635 742.843750 466.391327
0 1524832299 1077.885498 271.682983
0 1478242220 221.533905 734.263245
0 1524789245 1146.302246 234.725922
0 1438999639 887.180603 386.912933
0 1478196161 319.696808 681.237976
0 1478252234 407.877563 633.604919
0 1524803261 1043.685303 251.369171
0 1478211179 392.426758 849.886047
0 1578523680 941.272827 468.140533
0 1578530689 865.372559 398.921417
0 1568508653 812.107483 390.589386
0 1524826290 1195.764404 290.354553
0 1524847319 1137.092163 269.584320
0 1524810270 1001.785950 281.979797
0 1524835302 1083.122437 279.018555
0 1524821284 1109.467285 235.867676
0 1524799257 1097.721069 270.979858
0 1478233208 423.790497 717.028625
0 1608354172 806.376831 504.541321
0 1524835303 1031.650391 296.658051
0 1478251232 297.237885 641.929077
0 1524812273 1073.330322 295.057159
0 1706512175 940.634521 395.133331
0 1438986622 973.886230 479.844635
0 1478211180 294.949097 751.936523
0 1524823286 1095.973755 242.888596
0 1478223195 402.317383 653.900452
0 1478244223 344.028900 723.825195
0 1438987623 861.359863 486.733704
0 1478193157 377.448334 744.677429
0 1478198164 231.737564 710.341919
0 1524862339 1067.796021 257.549927
0 1478236212 543.448181 684.608887
0 1478240217 509.191589 666.076355
0 1478214183 199.614685 785.650085
0 1578521678 814.402832 401.486847
0 1524844314 1155.380493 291.905701
0 1524848320 1013.373657 266.579010
0 1524806265 1103.195679 278.287750
0 1524787243 1156.629150 268.891815
0 1478241219 458.381866 737.556030
0 1524799256 1088.493896 286.542816
0 1478190154 537.793945 730.568542
0 1478226198 418.108002 741.099731
0 1478208176 311.160400 829.189880
0 1478214184 480.070953 628.173401
0 2084722944 857.988586 473.096069
0 1578522679 871.789429 421.541138
0 1524825289 1151.974487 241.105453
0 1774531078 839.968262 400.200104
0 1525674169 897.820618 420.156555
0 1478197162 162.351547 873.008972
0 1524815276 1094.005249 294.263062
0 1768901071 968.652527 466.511383
0 1578526684 878.631592 445.660156
0 1478182144 210.838425 759.337402
0 1524853326 1182.287964 298.927307
0 1478218189 548.622375 642.551086
0 1578513667 824.350098 448.712799
0 1438983618 799.173462 463.133148
0 1478224196 467.639618 690.867249
0 1478247227 142.857346 817.519409
0 1524792248 981.510071 246.533310
0 1524795252 1133.397095 241.696991
0 1524808267 1053.076416 265.208862
0 1478191155 494.289368 758.864441
0 1524856330 1169.823853 261.179962
0 1478236211 334.436432 639.130371
0 1478258242 114.836304 877.784363
0 1478212181 502.079834 710.357483
0 1478185147 434.406250 672.059998
0 1568502645 764.341064 415.443146
0 1568508652 827.047913 461.520874
0 1438984619 745.595276 493.821014
0 1659977623 836.563354 441.717468
0 1478209177 179.919678 737.809265
0 1438982617 848.536316 434.859741
0 1524805264 1009.085876 259.522461
0 1771287074 736.725159 405.396545
0 2087111947 913.703552 469.780945
0 1524817279 1141.194824 300.548492
0 1524795251 1143.034790 276.837311
0 1478230204 384.096283 720.411072
0 1478230203 175.417984 842.376404
0 1524847318 1062.934204 250.739548
0 1578516671 711.977539 430.041138
0 1568513659 875.154724 433.404053
0 1578529687 762.782898 404.084991
0 1524819282 1129.021973 285.027283
0 1478253235 463.116608 713.677551
0 1524836304 1092.381714 263.852448
0 1478243221 187.822662 813.295044
0 1568501644 716.131714 495.624817
0 1438998637 786.769836 391.830200
0 1524816278 997.525391 274.531403
0 1705773174 949.380432 417.414246
0 1524845316 1157.782227 247.637222
0 1524842312 1163.730347 254.326797
0 1568507651 911.896484 385.702545
0 1438999638 918.019287 483.264893
0 1478252233 444.128204 630.877563
0 1438993630 963.593445 453.622894
0 1478237214 442.746796 816.407104
0 1524857332 1015.831604 238.770020
0 1478248228 390.444183 697.240051
0 1478225197 531.589600 780.999390
0 1524859335 1131.295654 262.509552
0 1524832298 1117.456421 270.280304
0 1478200166 524.750793 836.587219
0 1478250231 327.227173 659.725525
0 1478245225 399.334564 820.624329
0 1438995633 944.939087 406.099579
0 1524804263 1048.323242 258.204193
0 1524839308 1111.887207 263.179352
0 1524849321 1026.903564 288.845978
0 1568512658 919.631409 407.408936
0 1568514661 816.771118 412.730591
0 1478231205 250.799194 665.654236
0 1773608077 905.499817 444.149170
0 1438977615 740.274597 440.780243
0 1524834301 1024.341553 252.001846
0 1607644171 744.195496 479.866943
0 1524800258 1144.731812 254.965103
0 1568504647 946.050781 481.548798
0 1568500642 821.740906 436.325104
0 1478256239 351.314453 700.470398
0 1524815277 993.371338 267.269287
0 1568503646 711.226929 418.191101
0 1478220191 355.474792 824.885010
0 1478207174 262.753082 730.750916
0 1524841311 1034.738281 238.183990
0 1478213182 405.901337 792.807312
0 1524813274 1033.275024 265.892212
0 1568516663 889.789673 484.993195
0 1578517672 950.997131 495.429565
0 1578527685 715.242737 481.589691
0 1478240218 358.276886 678.151184
0 1478215185 490.108521 784.896362
0 1524838307 989.319885 260.186554
0 1478197163 311.823395 703.730530
0 1478221192 364.937317 656.800232
0 1524819281 1150.607544 261.843109
0 2086284946 845.588379 422.934662
0 1524824288 1078.728760 303.012939
0 1524802260 977.744629 239.950592
0 1478226199 336.397217 748.289490
0 1578518673 835.719971 502.692566
0 1438981616 953.965210 429.094177
0 1478238215 534.765442 755.185242
0 1609135173 788.674927 402.781799
0 1524837305 1000.819824 245.918442
0 1524793249 1037.910522 273.099915
0 1568515662 761.273010 393.078857
0 1568516664 862.311462 388.130829
0 1438991628 837.287598 389.356262
0 1478249230 540.685120 707.067810
0 1438996634 901.597839 431.957977
0 1578519675 776.819458 506.403564
0 1524829295 1077.126587 243.488724
0 1524864341 1028.753418 258.861664
0 1478255238 436.996552 845.406616
0 1438993631 735.615540 394.335327
0 1524788244 1017.769653 273.813812
0 1772785076 922.487671 497.225800
0 1524828293 1108.810669 285.783081
0 1478203171 347.385406 854.412720
0 1524798255 1162.802124 276.117615
0 1478199165 370.478455 770.118713
0 1578528686 819.215881 424.337372
0 1478192156 319.992188 800.878235
0 1478228201 280.766998 684.352844
0 1772037075 890.617371 397.650787
0 1578515670 765.949829 427.170441
0 1524851323 1072.778320 264.528992
0 1478218188 255.857788 863.611450
0 1478202169 396.511841 675.091980
0 1478254236 209.356003 868.284912
0 1478246226 481.102173 840.973999
0 1524809269 1082.089111 250.113022
0 1524822285 1169.132080 283.527344
0 1524841310 1010.643677 297.464905
0 1478235210 129.212708 846.864929
0 1578515669 717.052979 510.169128
0 1524854328 1087.172729 256.898926
0 0 1132.163574 232.963638
0 1 409.182251 263.631287
0 2 1067.141357 520.646912
0 3 1165.962646 255.500931
0 4 1122.254150 399.330109
0 5 642.475830 241.183533
0 6 1324.524170 358.601807
0 7 852.091003 268.499878
0 8 702.487976 268.281342
0 9 869.001526 798.405457
0 10 919.138184 265.526917
0 11 800.728516 245.115265
0 12 1444.731812 642.503906
0 13 522.144409 253.949890
0 14 1524.773193 678.315430
0 15 1188.183350 410.809418
0 16 1088.555664 218.467361
0 17 1243.288452 829.269958
0 18 422.368011 389.606201
0 19 696.542725 530.906372
0 20 1240.996460 301.934052
0 21 154.151825 616.809692
0 22 1233.163086 279.244385
0 23 1303.926880 389.946350
0 24 440.567963 309.312378
0 25 248.449860 510.552155
0 26 234.797333 572.850891
0 27 439.151001 336.431885
0 28 299.540161 809.107971
0 29 219.387283 450.531799
0 30 1132.469238 503.190247
0 31 920.607422 231.235214
0 32 1004.425537 548.171448
0 33 307.124817 371.989197
0 34 1065.520874 484.890594
0 35 836.667847 229.418015
0 36 976.297852 592.003540
0 37 916.211426 558.109375
0 38 455.793488 837.333862
0 39 1086.359009 562.763672
