0 1578512666 960.646729 487.432678
0 1524823287 788.668457 359.380585
0 1478234209 840.076538 738.230774
0 1707269176 862.348572 532.968689
0 1438989626 896.844849 458.877502
0 1524801259 859.687744 384.332428
0 1438992629 900.431519 479.132172
0 1478227200 975.671875 778.094421
0 1524854327 824.334961 396.691040
0 1478249229 1071.081055 798.125366
0 1524807266 949.863708 367.306732
0 1524863340 833.373169 351.618195
0 1524831297 925.129333 361.455383
0 1478229202 994.848267 764.465027
0 1568509654 886.858582 485.035248
0 1524790246 844.763428 354.391205
0 1578523681 783.524475 517.866638
0 1478207175 1006.635498 815.825867
0 1524861337 753.512146 370.411072
0 1478210178 889.591919 809.624634
0 1524862338 928.913574 374.877747
0 1478186149 931.483459 780.814636
0 1524797254 901.050903 355.759186
0 1578518674 877.351868 526.018494
0 1438985621 814.426147 516.537415
0 1524857331 788.456177 365.920410
0 1478203170 914.223267 821.768311
0 1438994632 963.761658 498.481201
0 1578520676 898.604614 468.815552
0 1478237213 932.597778 660.783203
0 1568511657 950.400330 504.808167
0 1775370079 973.503113 481.477051
0 1478195160 775.874634 753.560303
0 1568510655 976.835266 492.290466
0 1478257240 935.971802 679.837585
0 1578521677 939.499756 523.293213
0 1524794250 776.352112 376.502625
0 1524812272 835.796631 385.146881
0 1769859072 920.376709 506.087494
0 1578525683 929.097046 477.965485
0 1770636073 925.274841 530.182129
0 1524846317 855.521423 350.914062
0 1524833300 847.399048 381.156036
0 1568511656 768.374634 512.564331
0 1438985620 844.352783 503.521790
0 1478185148 797.440918 764.192810
0 1707993177 930.598328 556.369568
0 1478189152 953.524902 669.148987
0 1524791247 833.829041 357.925323
0 1524830296 856.305237 357.201080
0 2088218948 859.955078 508.662048
0 1524827292 799.964417 362.255981
0 1606348170 830.106506 521.913757
0 1524855329 896.113281 386.731201
0 1478183145 949.759033 650.624084
0 1438990627 936.741760 511.275909
0 1524840309 776.754089 369.646454
0 1478222194 961.666382 709.198730
0 1709860179 1039.731567 501.001801
0 1478188151 1048.875366 726.066040
0 1438988624 875.840515 513.895630
0 1478243222 1114.639771 733.556091
0 1524843313 832.930481 345.493103
0 1524844315 913.009766 358.588287
0 1524858333 811.157654 352.324463
0 1524811271 907.236450 382.711487
0 1524859334 800.004761 355.823700
0 1478216186 917.908264 690.836914
0 1524851324 764.261902 380.410339
0 1524814275 860.601135 391.658813
0 1578514668 910.719482 537.231079
0 1478184146 957.488647 688.647644
0 1524829294 845.392822 360.782104
0 1478176143 1042.268066 704.624939
0 1524860336 873.272583 394.985443
0 1478222193 1038.013062 761.844971
0 1438997636 872.994202 491.065125
0 1478194158 996.854126 686.470215
0 1478201168 980.905396 803.838928
0 1478187150 841.152527 761.576111
0 1478205172 955.863831 792.172791
0 1524838306 904.049377 368.824493
0 1568514660 863.622009 545.900330
0 1524865342 849.603271 403.539154
0 2085418945 987.660706 527.419495
0 1524808268 848.110413 388.379639
0 1478200167 927.798340 756.389221
0 1478194159 1000.566528 789.381287
0 1568501643 893.879700 531.572388
0 1478239216 991.895386 667.078857
0 1524820283 823.990051 389.207947
0 1438989625 942.373535 535.815430
0 1568505649 861.127319 520.566528
0 1478255237 797.588379 740.706177
0 1524804262 861.544250 399.223846
0 1568506650 927.880066 542.997559
0 1478217187 858.874084 704.426208
0 1568505648 956.534851 528.797852
0 1568497640 830.680664 534.370972
0 1578511665 846.995239 540.080994
0 1478258241 884.604248 758.974976
0 1524796253 881.033508 369.586975
0 1478206173 1026.134155 800.973206
0 1524826291 894.654785 379.556732
0 1578529688 1001.119873 520.591064
0 1478233207 842.292297 786.305237
0 1708834178 892.016846 519.225037
0 1478189153 1031.422974 738.470032
0 1568499641 944.736328 482.658417
0 1478245224 819.572632 775.104126
0 1524852325 905.618225 375.660522
0 1478219190 1130.733765 721.296814
0 1578525682 967.001953 509.974274
0 1478232206 1073.151733 736.005981
0 1524818280 835.281799 378.023926
0 1524850322 926.992676 368.064423
0 1438996635 878.927002 538.652954
0 1524832299 846.709656 374.155243
0 1478242220 887.024414 783.551575
0 1524789245 843.558838 342.158356
0 1438999639 870.361145 469.944885
0 1478196161 882.319153 735.769653
0 1478252234 878.111206 693.038147
0 1524803261 799.922729 368.884277
0 1478211179 1106.638550 770.032166
0 1578523680 993.309509 497.233917
0 1578530689 871.652527 480.303467
0 1568508653 828.517151 487.431152
0 1524826290 937.412842 364.361298
0 1524847319 879.855530 362.934418
0 1524810270 811.973999 393.341034
0 1524835302 858.802673 377.233612
0 1524821284 822.131409 348.881348
0 1524799257 857.944763 370.351868
0 1478233208 984.349121 718.716919
0 1608354172 959.797241 541.555786
0 1524835303 848.844727 395.836823
0 1478251232 818.639954 728.244080
0 1524812273 872.151367 387.554077
0 1706512175 911.667969 463.247498
0 1438986622 1022.737183 495.991699
0 1478211180 951.424133 767.100830
0 1524823286 822.418335 355.106384
0 1478223195 899.311707 702.160889
0 1478244223 947.234619 743.441467
0 1438987623 970.375305 521.939270
0 1478193157 989.451233 740.948547
0 1478198164 863.788696 772.420227
0 1524862339 823.018311 368.124542
0 1478236212 1013.695435 675.592041
0 1478240217 974.937988 677.709045
0 1478214183 935.392212 806.722717
0 1578521678 843.540649 492.285736
0 1524844314 916.395935 371.830292
0 1524848320 799.835571 382.765808
0 1524806265 870.012512 373.377808
0 1524787243 890.540405 359.317291
0 1478241219 1025.191895 716.368713
0 1524799256 871.065186 380.355072
0 1478190154 1058.845947 693.223816
0 1478226198 1007.594238 728.471069
0 1478208176 1044.994385 786.606873
0 1478214184 914.950195 671.230225
0 2084722944 953.405212 516.558960
0 1578522679 902.329285 489.849426
0 1524825289 854.760193 344.808228
0 1774531078 857.746155 486.230835
0 1525674169 915.855042 483.844452
0 1478197162 1013.088562 843.944031
0 1524815276 883.500854 383.520660
0 1768901071 1006.039368 491.069031
0 1578526684 934.092834 499.733612
0 1478182144 910.883789 794.981628
0 1524853326 939.477173 371.060272
0 1478218189 970.588745 658.758362
0 1578513667 906.354858 512.583069
0 1438983618 908.492188 524.652954
0 1478224196 979.518372 697.667725
0 1478247227 939.545776 834.252686
0 1524792248 752.748779 377.290131
0 1524795252 844.152344 348.185913
0 1524808267 823.332275 374.935242
0 1478191155 1065.804565 714.033813
0 1524856330 889.249573 352.967346
0 1478236211 839.059204 716.156250
0 1478258242 992.383667 860.302551
0 1478212181 1019.291138 695.439636
0 1478185147 939.525879 699.908081
0 1568502645 829.555420 509.957397
0 1568508652 922.775879 517.889160
0 1438984619 913.042542 550.350159
0 1659977623 905.318298 506.729126
0 1478209177 865.623718 797.807922
0 1438982617 904.302246 500.991150
0 1524805264 788.011780 379.612305
0 1771287074 799.028870 511.258118
0 2087111947 980.300232 503.534180
0 1524817279 918.168213 378.760956
0 1524795251 891.870361 365.859497
0 1478230204 966.075928 730.889954
0 1478230203 986.465515 831.189941
0 1524847318 811.413269 365.170380
0 1578516671 814.669556 528.767212
0 1568513659 918.071594 494.748108
0 1578529687 814.192383 504.794952
0 1524819282 893.241150 372.602844
0 1478253235 1002.079590 706.905457
0 1524836304 846.041199 367.367157
0 1478243221 960.576660 818.787598
0 1568501644 897.848755 557.879395
0 1438998637 813.967773 493.511261
0 1524816278 799.789917 390.038971
0 1705773174 942.064148 472.208557
0 1524845316 866.107178 347.492584
0 1524842312 877.602661 350.212067
0 1568507651 883.738403 464.354584
0 1438999638 997.136292 508.678009
0 1478252233 896.795410 681.977539
0 1438993630 989.630493 486.231567
0 1478237214 1098.043457 746.197937
0 1524857332 765.426941 366.672760
0 1478248228 943.274658 721.078369
0 1478225197 1106.189209 711.711914
0 1524859335 868.001526 360.048553
0 1524832298 868.991821 366.612122
0 1478200166 1155.889038 731.120239
0 1478250231 860.422058 725.841858
0 1478245225 1080.921021 759.240540
0 1438995633 926.739014 467.690552
0 1524804263 811.546997 371.888977
0 1524839308 857.112610 363.677460
0 1524849321 836.328003 392.498535
0 1568512658 913.722046 473.351837
0 1568514661 858.828918 497.225861
0 1478231205 819.093018 751.008240
0 1773608077 947.513000 493.516785
0 1438977615 846.077942 527.389893
0 1524834301 788.237427 372.661163
0 1607644171 895.821960 544.445740
0 1524800258 867.040466 353.678192
0 1568504647 1010.076965 502.265381
0 1568500642 890.228577 507.372131
0 1478256239 924.318237 733.322815
0 1524815277 787.778992 386.783844
0 1568503646 798.953491 523.266724
0 1478220191 1063.246948 772.703308
0 1478207174 907.738464 769.752502
0 1524841311 777.144043 362.996399
0 1478213182 1055.857422 748.723267
0 1524813274 811.684937 378.816864
0 1568516663 983.905701 515.234375
0 1578517672 1027.145630 507.387177
0 1578527685 880.570068 551.831970
0 1478240218 901.966248 723.453369
0 1478215185 1089.921143 723.674622
0 1524838307 775.937500 383.574585
0 1478197163 904.770813 745.948914
0 1478221192 880.158142 713.824097
0 1524819281 878.712402 356.479004
0 2086284946 888.510498 495.984467
0 1524824288 884.793701 390.821869
0 1524802260 741.394714 374.212982
0 1478226199 970.737061 753.818848
0 1578518673 973.890137 534.405884
0 1438981616 957.649963 476.803406
0 1478238215 1082.233643 702.356995
0 1609135173 829.026062 498.472290
0 1524837305 764.853394 373.435852
0 1524793249 823.656006 381.959595
0 1568515662 799.101318 499.723877
0 1568516664 856.704407 475.651886
0 1438991628 842.759521 481.479401
0 1478249230 1036.006104 684.304626
0 1438996634 931.546570 488.638641
0 1578519675 945.370667 548.875000
0 1524829295 811.283569 358.651825
0 1524864341 799.879883 375.717682
0 1478255238 1123.574341 756.651489
0 1438993631 783.907227 506.073364
0 1524788244 811.827148 385.964020
0 1772785076 1014.278198 513.915283
0 1524828293 882.248108 376.445801
0 1478203171 1089.150024 783.849487
0 1524798255 902.527649 362.193756
0 1478199165 1013.422607 751.263550
0 1578528686 874.389099 502.253845
0 1478192156 1019.592346 775.390686
0 1478228201 862.057678 748.471191
0 1772037075 885.269043 474.499664
0 1578515670 845.197876 515.213745
0 1524851323 834.782715 371.119202
0 1478218188 1052.402466 812.882874
0 1478202169 921.026489 711.504883
0 1478254236 1033.082886 828.146973
0 1478246226 1139.983032 743.687317
0 1524809269 822.713806 361.517883
0 1524822285 914.677246 365.109192
0 1524841310 836.876709 400.090057
0 1478235210 965.588867 847.092224
0 1578515669 915.467773 564.045959
0 1524854328 834.298645 364.422760
0 0 327.269501 450.527527
0 1 793.889282 338.583313
0 2 1062.236450 351.156006
0 3 840.652954 332.818878
0 4 709.642395 331.666199
0 5 983.732178 374.232941
0 6 1225.708130 456.777954
0 7 1269.892212 468.617126
0 10 1266.084229 403.419006
0 11 433.868317 416.592041
0 13 1212.823730 398.205566
0 16 19.469086 675.302734
0 18 1124.522095 393.385895
0 19 99.371254 631.512024
0 20 1324.319946 403.506622
0 23 867.084473 621.411133
0 24 1136.260864 810.790649
0 25 952.390198 604.353210
0 26 1104.358887 533.740112
0 27 605.811523 495.019196
0 28 864.763672 398.105438
0 29 658.578674 477.949585
0 30 849.779114 930.477417
0 31 765.174866 629.530945
0 33 1210.204102 494.210052
0 35 810.733704 1025.421753
0 36 1369.494507 545.593567
0 37 916.935547 979.783936
0 38 241.183487 616.756409
0 41 727.883667 285.747131
0 43 1912.962646 808.049927
0 44 514.024048 744.333252
0 50 91.642906 381.782196
0 52 611.796570 278.135223
0 53 1613.075317 706.890503
0 55 1797.014771 958.890015
0 59 1240.635010 384.332092
0 61 428.370972 316.402405
0 71 679.174072 213.260101
0 73 1613.540771 471.874969
0 75 649.813538 197.023727
0 76 646.068481 204.132126
0 77 1664.211792 523.590759
0 80 872.451843 259.447388
0 81 1507.713745 744.300476
0 83 888.783447 267.087280
0 84 1398.868530 896.485596
0 85 1324.128540 962.516724
0 86 0.000000 0.000000
0 88 905.620178 308.282349
0 90 901.944458 295.297089
0 91 0.000000 0.000000
0 92 0.000000 0.000000
0 96 916.685120 284.975250
0 98 920.049255 270.104248
0 100 70.402893 697.693359
0 101 756.615967 229.125549
0 102 704.224854 131.086700
