0 1578512666 970.565186 409.401245
0 1524823287 1749.531738 557.161194
0 1478234209 731.296387 194.817719
0 1707269176 969.169434 314.211945
0 1438989626 1117.870239 417.655914
0 1524801259 1488.549561 547.093384
0 1438992629 1055.550171 390.220215
0 1478227200 620.738892 209.435867
0 1524854327 1458.430420 487.992493
0 1478249229 551.270447 221.993484
0 1524807266 1482.035645 692.843323
0 1524863340 1763.302979 628.022888
0 1524831297 1561.133545 689.519714
0 1478229202 616.434570 218.449265
0 1568509654 1053.950195 375.799530
0 1524790246 1725.052734 629.677856
0 1578523681 1070.860840 296.935760
0 1478207175 582.544373 202.970627
0 1524861337 1703.495239 496.000336
0 1478210178 653.738892 182.567825
0 1524862338 1459.219604 641.179810
0 1478186149 646.164124 199.483719
0 1524797254 1640.528809 686.183655
0 1578518674 969.350647 326.565369
0 1438985621 1046.673218 310.210541
0 1524857331 1698.391113 537.552063
0 1478203170 633.023254 183.711502
0 1438994632 942.021973 395.862610
0 1578520676 1086.163696 403.697479
0 1478237213 736.027466 249.554016
0 1568511657 942.270081 381.388855
0 1775370079 970.791870 424.858276
0 1478195160 757.629517 176.832245
0 1568510655 941.765503 410.822235
0 1478257240 716.226685 240.836990
0 1578521677 915.790710 355.174133
0 1524794250 1635.966797 499.136658
0 1524812272 1512.251465 525.050110
0 1769859072 969.928772 365.996307
0 1578525683 1028.284302 406.553314
0 1770636073 916.433105 342.011322
0 1524846317 1742.225098 654.841187
0 1524833300 1523.378784 545.509766
0 1568511656 1096.405518 295.609589
0 1438985620 1049.448364 335.224152
0 1478185148 736.809570 177.981674
0 1707993177 866.277893 319.524078
0 1478189152 712.968323 250.787247
0 1524791247 1708.615723 605.591980
0 1524830296 1686.871338 631.329834
0 2088218948 1022.777344 336.585052
0 1524827292 1713.618774 558.775574
0 1606348170 1020.806580 311.545990
0 1524855329 1428.487793 571.592773
0 1478183145 732.994019 259.765808
0 1438990627 942.510254 367.377747
0 1524840309 1683.764526 517.166382
0 1478222194 674.561646 233.567474
0 1709860179 853.872498 430.583771
0 1478188151 602.834839 246.928070
0 1438988624 996.140320 337.944214
0 1478243222 552.271118 259.381439
0 1524843313 1820.542236 651.500427
0 1524844315 1600.793945 687.853210
0 1524858333 1783.514160 602.307495
0 1524811271 1438.304932 593.821899
0 1524859334 1766.166260 579.260376
0 1478216186 719.399292 231.148651
0 1524851324 1623.090942 480.269226
0 1524814275 1444.034668 528.185791
0 1578514668 917.055908 329.249756
0 1478184146 693.498535 242.057877
0 1524829294 1671.265503 607.229919
0 1478176143 620.988281 255.706406
0 1524860336 1410.008789 529.749817
0 1478222193 589.995361 228.889282
0 1438997636 1052.401489 361.840942
0 1478194158 666.927185 253.249573
0 1478201168 603.729187 201.809509
0 1478187150 713.032776 187.453964
0 1478205172 624.935791 200.647202
0 1524838306 1534.831177 637.908325
0 1568514660 943.604492 303.542480
0 1524865342 1392.924561 491.065002
0 2085418945 860.470886 371.511230
0 1524808268 1478.115479 526.619202
0 1478200167 663.750000 207.087372
0 1478194159 599.266785 210.608261
0 1568501643 943.186768 327.908386
0 1478239216 686.273804 262.253113
0 1524820283 1501.553345 505.379364
0 1438989625 889.931763 343.363586
0 1568505649 995.547302 325.220642
0 1478255237 755.162720 185.136337
0 1524804262 1401.302368 510.035431
0 1568506650 890.957764 330.589386
0 1478217187 747.382751 211.327148
0 1568505648 888.873474 356.539093
0 1568497640 994.413879 300.904602
0 1578511665 968.993652 302.224365
0 1478258241 688.686462 197.153107
0 1524796253 1559.609009 612.126343
0 1478206173 577.817078 211.779434
0 1524826291 1474.483521 592.215088
0 1578529688 858.901489 385.561279
0 1478233207 695.232544 180.277039
0 1708834178 969.537292 339.301666
0 1478189153 607.487061 237.185974
0 1568499641 999.404785 407.978241
0 1478245224 716.010620 179.129929
0 1524852325 1485.497803 615.376282
0 1478219190 546.743530 269.681427
0 1578525682 914.443359 382.781525
0 1478232206 580.230896 248.142258
0 1524818280 1558.265381 543.923462
0 1524850322 1508.996338 664.789978
0 1438996635 943.398804 315.542419
0 1524832299 1570.572144 565.205750
0 1478242220 670.988403 189.766846
0 1524789245 1840.329468 677.788269
0 1438999639 1112.546753 387.387482
0 1478196161 706.850891 204.734009
0 1478252234 744.654602 220.511246
0 1524803261 1663.272461 539.148865
0 1478211179 540.629639 240.792694
0 1578523680 913.005615 412.241302
0 1578530689 1081.963867 374.397522
0 1568508653 1105.192261 345.569611
0 1524826290 1521.547485 691.183044
0 1524847319 1610.714600 634.625000
0 1524810270 1491.259766 486.452667
0 1524835302 1534.961182 566.806580
0 1524821284 1801.622437 626.364868
0 1524799257 1583.393555 587.378052
0 1478233208 652.179199 234.774948
0 1608354172 863.464172 344.714081
0 1524835303 1434.666382 508.485870
0 1478251232 752.634277 193.648193
0 1524812273 1453.777832 548.674377
0 1706512175 1088.371460 419.100464
0 1438986622 883.040710 429.155426
0 1478211180 642.233215 208.262207
0 1524823286 1746.031860 603.951172
0 1478223195 722.489502 221.711975
0 1478244223 659.991882 216.080231
0 1438987623 887.781372 370.135193
0 1478193157 634.065735 226.501968
0 1478198164 691.999939 188.611008
0 1524862339 1641.974609 561.996155
0 1478236212 662.953186 263.494659
0 1478240217 689.934937 252.019089
0 1478214183 629.029297 192.075058
0 1578521678 1078.029297 346.947021
0 1524844314 1496.991455 639.545532
0 1524848320 1568.653076 502.262970
0 1524806265 1547.027710 588.993164
0 1524787243 1625.289185 659.829285
0 1478241219 625.463440 245.712509
0 1524799256 1499.410278 568.404663
0 1478190154 616.390808 265.973541
0 1478226198 629.821045 235.981094
0 1478208176 572.968994 220.813339
0 1478214184 738.979919 239.614761
0 2084722944 915.127747 368.757385
0 1578522679 1025.973877 377.199677
0 1524825289 1800.218628 679.473694
0 1774531078 1079.965088 360.452209
0 1525674169 1027.109985 391.633728
0 1478197162 566.250244 195.528595
0 1524815276 1463.919312 570.000061
0 1768901071 912.250000 427.725067
0 1578526684 970.133972 379.994324
0 1478182144 649.998230 190.921524
0 1524853326 1470.374023 666.437500
0 1478218189 709.620728 261.010162
0 1578513667 969.729980 352.438873
0 1438983618 942.968262 340.657379
0 1478224196 670.795288 243.277435
0 1478247227 612.328369 184.854004
0 1524792248 1656.177612 478.717316
0 1524795252 1781.347656 653.172363
0 1524808267 1593.209961 542.334534
0 1478191155 598.057129 256.932800
0 1524856330 1680.338623 684.510864
0 1478236211 750.041748 202.375702
0 1478258242 571.000854 187.135635
0 1478212181 643.944946 254.478683
0 1478185147 696.968384 232.358719
0 1568502645 1048.039673 322.526123
0 1568508652 942.742859 353.807404
0 1438984619 891.953064 318.198517
0 1659977623 983.442444 358.475647
0 1478209177 674.475281 181.423004
0 1438982617 997.383362 364.613007
0 1524805264 1602.283203 500.701050
0 1771287074 1072.572021 308.873413
0 2087111947 913.736328 397.268372
0 1524817279 1448.539673 616.997009
0 1524795251 1572.738770 636.268127
0 1478230204 656.136169 225.306381
0 1478230203 587.155396 194.378586
0 1524847318 1677.766357 560.387207
0 1578516671 1019.865051 299.583282
0 1568513659 998.035217 378.597961
0 1578529687 1074.335449 321.176331
0 1524819282 1522.520874 613.752747
0 1478253235 648.116943 244.495651
0 1524836304 1619.822021 585.760071
0 1478243221 608.081726 193.227402
0 1568501644 892.918884 306.173889
0 1438998637 1102.893066 332.497101
0 1524816278 1524.140503 484.910400
0 1705773174 1029.498779 421.983429
0 1524845316 1760.183228 681.155945
0 1524842312 1720.223389 682.834961
0 1568507651 1115.163574 402.266602
0 1438999638 885.489197 398.672302
0 1478252233 741.854614 229.937256
0 1438993630 941.500366 426.292694
0 1478237214 557.651794 249.355133
0 1524857332 1718.234619 515.581909
0 1478248228 678.230347 224.109528
0 1478225197 569.933167 268.446869
0 1524859335 1648.758667 632.978882
0 1524832298 1596.762329 610.497070
0 1478200166 523.579956 270.914612
0 1478250231 728.435120 203.555481
0 1478245225 562.891357 239.591736
0 1438995633 1058.914429 420.542969
0 1524804263 1628.212158 540.743042
0 1524839308 1633.981079 608.864929
0 1524849321 1468.083374 506.933838
0 1568512658 1057.203979 405.126404
0 1568514661 1050.901733 348.322693
0 1478231205 734.087036 186.295731
0 1773608077 970.346008 394.454895
0 1438977615 994.971985 312.879791
0 1524834301 1649.350342 518.748230
0 1607644171 917.660034 316.871307
0 1524800258 1703.174805 656.506958
0 1568504647 884.285461 413.658356
0 1568500642 996.752136 351.068604
0 1478256239 681.804993 214.893845
0 1524815277 1557.072510 483.365753
0 1568503646 1045.347412 298.260345
0 1478220191 567.995361 230.081024
0 1478207174 667.414429 198.319000
0 1524841311 1733.567871 535.952637
0 1478213182 585.177124 238.389496
0 1524813274 1580.689819 521.904297
0 1568516663 886.653931 384.172333
0 1578517672 855.604919 415.073517
0 1578527685 918.246277 304.858978
0 1478240218 703.641174 213.706192
0 1478215185 575.151367 258.157806
0 1524838307 1590.055908 481.818695
0 1478197163 685.289185 205.911285
0 1478221192 725.500427 212.517303
0 1524819281 1664.196167 658.169678
0 2086284946 1024.874268 363.227905
0 1524824288 1419.063599 550.252808
0 1524802260 1689.316040 477.162964
0 1478226199 638.201721 217.265381
0 1578518673 861.991028 357.902313
0 1438981616 1000.124573 423.421844
0 1478238215 593.148865 267.210907
0 1609135173 1076.153687 333.861511
0 1524837305 1669.704102 497.569763
0 1524793249 1546.442871 523.478516
0 1568515662 1100.664307 319.824799
0 1568516664 1110.015381 372.993622
0 1438991628 1107.565063 359.061615
0 1478249230 639.658875 264.734802
0 1438996634 998.708740 393.045258
0 1578519675 864.892456 331.927399
0 1524829295 1729.485229 580.889526
0 1524864341 1614.992188 520.327515
0 1478255238 535.097351 250.566696
0 1438993631 1098.502930 307.534637
0 1524788244 1535.076660 503.822388
0 1772785076 857.280396 400.074280
0 1524828293 1510.724487 590.605469
0 1478203171 546.018921 231.271515
0 1524798255 1586.453735 661.485901
0 1478199165 612.018738 227.696259
0 1578528686 1023.809265 349.696533
0 1478192156 594.690369 219.631927
0 1478228201 709.980469 195.986008
0 1772037075 1084.029053 388.804810
0 1578515670 1021.776917 323.874237
0 1524851323 1606.243286 563.602295
0 1478218188 556.389648 212.949432
0 1478202169 700.348083 222.911392
0 1478254236 561.381287 204.130569
0 1478246226 529.416138 260.603760
0 1524809269 1692.867676 582.515869
0 1524822285 1547.689575 663.139465
0 1524841310 1425.651978 489.529938
0 1478235210 591.654297 185.995407
0 1578515669 867.622437 307.487213
0 1524854328 1656.313354 584.139343
0 0 1535.532227 315.238007
0 1 792.855164 470.105499
0 2 1081.714844 128.775635
0 3 1565.335571 611.304871
0 4 791.170105 159.412598
0 5 1430.868774 166.398193
0 6 1324.816162 640.723938
0 7 711.869812 380.742371
0 8 697.514465 427.569733
0 9 620.044373 181.134430
0 10 732.054382 339.449524
0 11 1247.977539 145.204453
0 12 536.499023 413.872986
0 13 1435.975098 196.757477
0 14 305.930420 613.902527
0 15 731.067993 173.182053
0 16 1562.715332 361.288818
0 17 273.513580 432.858704
0 18 1485.163330 276.461273
0 19 1149.787964 124.452217
0 20 495.456665 204.912430
0 21 1403.992065 249.819885
0 22 464.513245 232.884583
0 23 618.502258 251.301102
0 24 1322.544556 139.319504
0 25 1280.988525 121.514587
0 26 1342.067627 259.199951
0 27 889.544983 164.457474
0 28 406.003937 313.440643
0 29 1547.853149 444.838623
0 30 886.690002 142.516052
0 31 1465.927124 237.624741
0 32 874.781738 122.070206
0 33 1447.512207 434.646637
0 34 749.828735 136.376495
0 35 1126.504761 160.171371
0 36 1226.472900 120.738426
0 37 1101.709106 109.374695
0 38 356.328522 361.895752
0 39 816.008789 131.991837
