0 1578512666 956.787109 707.264160
0 1707269176 1246.356323 770.346313
0 1438989626 855.311829 866.775635
0 1438992629 966.961670 814.451050
0 1568509654 1010.248169 824.416077
0 1578523681 1275.929565 925.513794
0 1578518674 1203.784546 761.072144
0 1438985621 1233.474121 875.805054
0 1438994632 1006.126099 686.020264
0 1578520676 912.180542 840.124207
0 1568511657 1045.869141 694.529175
0 1775370079 916.973633 698.590820
0 1568510655 966.749939 677.589905
0 1578521677 1132.803589 682.101257
0 1769859072 1078.513306 733.781982
0 1578525683 935.499878 770.667969
0 1770636073 1172.835083 690.528320
0 1568511656 1272.147583 966.617126
0 1438985620 1142.796875 854.930237
0 1707993177 1261.047729 650.076111
0 2088218948 1149.365723 818.978455
0 1606348170 1237.970825 838.993469
0 1438990627 1085.984375 703.117737
0 1709860179 957.445007 588.203735
0 1438988624 1155.634766 784.667480
0 1578514668 1213.238281 699.033752
0 1438997636 1053.978271 834.483276
0 1568514660 1292.328125 747.295532
0 2085418945 1106.577271 618.595947
0 1568501643 1208.614990 729.372742
0 1438989625 1178.088745 661.773376
0 1568505649 1198.732422 794.225464
0 1568506650 1217.667236 669.969360
0 1568505648 1138.867188 653.651306
0 1568497640 1286.224487 813.629028
0 1578511665 1289.345459 779.711426
0 1578529688 1068.804688 610.898193
0 1708834178 1161.623901 751.887512
0 1568499641 946.380493 738.260071
0 1578525682 1053.836548 665.477661
0 1438996635 1250.271973 738.291382
0 1438999639 944.491638 888.136169
0 1578523680 976.296875 649.154602
0 1578530689 1000.269226 860.802856
0 1568508653 1081.878174 921.043335
0 1608354172 1183.127441 634.196472
0 1706512175 868.815369 829.944336
0 1438986622 947.945129 614.115051
0 1438987623 1099.997437 645.602173
0 1578521678 1090.216919 881.917969
0 2084722944 1093.139160 673.751343
0 1578522679 1019.768005 789.703369
0 1774531078 1045.007080 871.305054
0 1525674169 977.425110 780.138489
0 1768901071 938.050415 641.103271
0 1578526684 1037.551514 724.858521
0 1578513667 1119.868896 742.791199
0 1438983618 1167.351807 720.538391
0 1568502645 1187.899536 865.313354
0 1568508652 1126.476807 711.787109
0 1438984619 1257.607422 678.240173
0 1659977623 1095.502441 754.210571
0 1438982617 1070.704590 765.832092
0 1771287074 1228.754761 914.439575
0 2087111947 1014.890686 657.279053
0 1578516671 1282.955688 849.155212
0 1568513659 1028.859619 756.551880
0 1578529687 1182.083008 903.483459
0 1568501644 1297.914185 686.586975
0 1438998637 1128.669678 932.250916
0 1705773174 893.986084 761.290344
0 1568507651 899.665710 877.399414
0 1438999638 1023.295105 629.718628
0 1438993630 927.735657 669.237061
0 1438995633 881.692627 794.821228
0 1568512658 924.111938 804.586609
0 1568514661 1098.158936 844.654053
0 2079485312 1095.511230 754.156738
0 1773608077 996.977905 716.019653
0 1438977615 1242.260132 803.878845
0 1607644171 1254.018799 707.618530
0 1568504647 985.453369 621.882263
0 1568500642 1112.960938 775.203430
0 1568503646 1279.527954 886.407166
0 1568516663 1061.474976 637.624878
0 1578517672 994.242798 595.702942
0 1578527685 1295.181641 716.283813
0 2086284946 1062.534790 799.364014
0 1578518673 1144.683350 626.361816
0 1438981616 905.734558 729.245789
0 1609135173 1135.906372 892.643494
0 1568515662 1175.972656 943.581116
0 1568516664 989.797119 898.987915
0 1438991628 1035.590088 909.956299
0 1438996634 987.420288 747.361633
0 1578519675 1221.914062 642.100952
0 1438993631 1223.795776 955.035828
0 1772785076 1031.361328 603.267395
0 1578528686 1105.731934 809.121887
0 1772037075 955.996155 850.409851
0 1578515670 1193.443115 828.935120
0 1578515669 1300.533203 658.123047
0 0 964.902527 534.405884
0 1 1048.937012 502.601776
0 2 1083.621704 451.542847
0 3 801.585083 545.127075
0 5 1443.579956 467.395477
0 6 1278.499268 518.289917
0 7 1358.371582 866.355225
0 8 1346.072266 487.989441
0 9 1537.813477 1015.135315
