0 1578512666 991.224731 337.508209
0 1524823287 801.800903 211.672501
0 1478234209 891.613281 592.816040
0 1707269176 894.682312 386.429443
0 1438989626 923.001831 310.289673
0 1524801259 877.561035 235.236603
0 1438992629 928.612366 330.783569
0 1478227200 1032.917969 628.556580
0 1524854327 842.323120 248.891953
0 1478249229 1131.370483 645.704468
0 1524807266 968.968628 215.222107
0 1524863340 847.190247 202.431198
0 1524831297 942.887207 209.921524
0 1478229202 1051.157959 614.511353
0 1568509654 915.234680 337.163696
0 1524790246 859.227112 204.955017
0 1578523681 812.398621 373.378052
0 1478207175 1067.628906 665.000488
0 1524861337 766.630737 223.987823
0 1478210178 948.552063 662.156738
0 1524862338 948.062378 223.581421
0 1478186149 988.355347 632.490173
0 1524797254 917.484497 204.758850
0 1578518674 909.393677 378.974731
0 1438985621 843.956848 371.157776
0 1524857331 802.241028 218.388855
0 1478203170 974.609985 673.455200
0 1438994632 995.439148 348.632050
0 1578520676 925.755859 320.349548
0 1478237213 978.496155 512.998596
0 1568511657 982.312561 355.426056
0 1775370079 1003.879028 331.095917
0 1478195160 827.895752 609.841614
0 1568510655 1008.289917 341.980804
0 1478257240 983.684021 531.948730
0 1578521677 972.845642 374.458893
0 1524794250 790.818970 229.582993
0 1524812272 853.001221 236.749603
0 1769859072 951.629211 357.572601
0 1578525683 957.945923 328.786224
0 1770636073 958.906372 381.831665
0 1524846317 869.996216 201.077957
0 1524833300 864.575867 232.332031
0 1568511656 796.330261 368.437073
0 1438985620 873.383484 357.123505
0 1478185148 850.822693 619.782471
0 1707993177 966.798584 408.141083
0 1478189152 1000.585999 520.774963
0 1524791247 848.284668 208.894470
0 1524830296 871.421082 207.511749
0 2088218948 889.888428 361.891876
0 1524827292 813.752319 214.302170
0 1606348170 860.562378 376.157135
0 1524855329 915.357788 236.658325
0 1478183145 995.058411 502.348297
0 1438990627 968.901123 362.367462
0 1524840309 790.539551 222.543076
0 1478222194 1012.506531 560.513000
0 1709860179 1073.623291 349.038116
0 1478188151 1102.659180 574.854126
0 1438988624 906.685181 366.744598
0 1478243222 1170.118164 580.456055
0 1524843313 846.126892 196.151093
0 1524844315 930.102722 207.323273
0 1524858333 824.316101 203.788467
0 1524811271 926.444824 232.225189
0 1524859334 813.148682 207.698929
0 1478216186 966.306396 543.437012
0 1524851324 778.742554 233.930710
0 1524814275 879.216614 242.712143
0 1578514668 944.651550 389.371307
0 1478184146 1006.394714 540.138733
0 1524829294 860.505432 211.497849
0 1478176143 1094.082153 553.688843
0 1524860336 892.603027 245.756775
0 1478222193 1094.726929 610.701416
0 1438997636 901.576660 343.677521
0 1478194158 1046.271729 536.857910
0 1478201168 1040.514526 653.880798
0 1478187150 894.930298 615.960754
0 1478205172 1014.098999 643.047729
0 1524838306 921.830688 218.081329
0 1568514660 897.228821 399.463104
0 1524865342 869.039490 255.178619
0 2085418945 1022.591492 377.272461
0 1524808268 866.017334 239.710052
0 1478200167 982.386597 608.382996
0 1478194159 1059.157349 639.032166
0 1568501643 926.862122 384.125702
0 1478239216 1039.491699 517.625061
0 1524820283 841.226990 241.243317
0 1438989625 976.951660 387.045074
0 1568505649 892.237549 373.915894
0 1478255237 848.691345 596.469177
0 1524804262 880.924988 250.426208
0 1568506650 962.770752 394.714203
0 1478217187 907.506592 558.648193
0 1568505648 990.815857 379.547272
0 1568497640 862.366150 388.742950
0 1578511665 879.636658 394.053589
0 1478258241 938.784241 612.161011
0 1524796253 898.151733 219.517563
0 1478206173 1086.079712 649.780334
0 1524826291 913.165649 229.350510
0 1578529688 1035.771240 369.980530
0 1478233207 898.436829 640.427368
0 1708834178 923.781616 371.683868
0 1478189153 1086.004517 587.678650
0 1568499641 974.445740 333.110626
0 1478245224 874.328979 629.974548
0 1524852325 924.102722 225.045914
0 1478219190 1185.450928 567.807800
0 1578525682 999.818909 360.192261
0 1478232206 1128.179077 584.057190
0 1524818280 851.768127 229.467209
0 1524850322 945.436218 216.649506
0 1438996635 912.213501 391.707458
0 1524832299 863.177979 225.177231
0 1478242220 943.529114 636.447083
0 1524789245 856.778381 192.421326
0 1438999639 896.841919 322.298157
0 1478196161 934.295044 589.183472
0 1478252234 926.005188 546.752747
0 1524803261 814.374084 221.102798
0 1478211179 1165.046875 616.893494
0 1578523680 1025.648804 346.530365
0 1578530689 899.165222 332.788666
0 1568508653 855.559387 341.248474
0 1524826290 955.841370 212.554245
0 1524847319 896.292603 212.726669
0 1524810270 829.247925 245.815201
0 1524835302 875.955933 227.988770
0 1524821284 835.307495 199.939697
0 1524799257 874.398987 220.958328
0 1478233208 1036.426270 569.353943
0 1608354172 995.330872 392.354980
0 1524835303 867.504456 247.321777
0 1478251232 868.874084 583.490662
0 1524812273 890.727478 238.181702
0 1706512175 938.653259 314.316162
0 1438986622 1055.738037 344.437042
0 1478211180 1007.335876 618.343506
0 1524823286 836.222595 206.324905
0 1478223195 948.432739 555.253174
0 1478244223 1000.940552 594.982788
0 1438987623 1004.373901 372.215057
0 1478193157 1043.592285 591.320435
0 1478198164 918.923584 626.074829
0 1524862339 838.134705 219.666992
0 1478236212 1062.455200 525.520203
0 1478240217 1023.172180 528.726074
0 1478214183 994.672974 658.006226
0 1578521678 871.457703 345.750214
0 1524844314 934.858093 220.812836
0 1524848320 815.674988 235.332703
0 1524806265 887.146362 223.717880
0 1524787243 906.974121 208.710571
0 1478241219 1077.741455 565.868164
0 1524799256 888.909485 230.838898
0 1478190154 1109.961548 541.853577
0 1478226198 1060.918701 578.406616
0 1478208176 1103.947998 635.040466
0 1478214184 961.479370 523.941162
0 2084722944 986.479919 367.247498
0 1578522679 931.577026 341.612976
0 1524825289 868.611694 194.826248
0 1774531078 885.455444 339.202087
0 1525674169 944.897949 335.133209
0 1478197162 1076.615967 692.548523
0 1524815276 902.042114 233.728455
0 1768901071 1038.157471 339.914276
0 1578526684 965.108521 350.742188
0 1478182144 968.770508 647.087341
0 1524853326 958.602234 219.367096
0 1478218189 1017.031494 509.902954
0 1578513667 937.856750 364.551575
0 1438983618 941.185913 376.712128
0 1478224196 1029.628662 548.517517
0 1478247227 1001.370850 685.058350
0 1524792248 766.546753 231.060883
0 1524795252 857.985291 198.598801
0 1524808267 839.134277 226.641220
0 1478191155 1118.831177 562.401367
0 1524856330 905.029419 202.227539
0 1478236211 888.470825 570.889099
0 1478258242 1057.117920 709.229553
0 1478212181 1069.902222 545.176636
0 1478185147 989.139526 551.876282
0 1568502645 858.829346 364.064728
0 1568508652 955.195496 369.461121
0 1438984619 948.262268 402.560455
0 1659977623 936.240906 358.649139
0 1478209177 923.169678 651.151306
0 1438982617 934.656250 352.860748
0 1524805264 803.161804 232.438126
0 1771287074 827.643555 366.246399
0 2087111947 1012.872192 353.288147
0 1524817279 937.344849 227.866837
0 1524795251 908.976685 215.386169
0 1478230204 1018.945801 581.978943
0 1478230203 1048.567139 680.724792
0 1524847318 825.862549 216.966766
0 1578516671 845.408569 383.528503
0 1568513659 948.199280 346.138519
0 1578529687 842.561584 359.267792
0 1524819282 911.039612 222.263092
0 1478253235 1053.404663 557.091675
0 1524836304 861.821838 218.235641
0 1478243221 1021.262512 669.214844
0 1568501644 933.414490 410.590149
0 1438998637 841.219482 347.831085
0 1524816278 816.356079 242.781586
0 1705773174 970.729187 322.567902
0 1524845316 880.596008 197.261871
0 1524842312 892.734253 199.728760
0 1568507651 910.052612 316.233917
0 1438999638 1030.610962 358.025909
0 1478252233 943.989075 535.188293
0 1438993630 1020.873535 335.467896
0 1478237214 1154.323242 593.485413
0 1524857332 778.546570 219.815323
0 1478248228 994.883789 572.859009
0 1478225197 1159.697388 558.953369
0 1524859335 883.775146 210.102081
0 1524832298 885.435669 216.808701
0 1478200166 1211.823364 576.875000
0 1478250231 911.109619 579.927185
0 1478245225 1138.045166 606.913391
0 1438995633 954.560364 318.408325
0 1524804263 826.670715 223.853348
0 1524839308 872.888062 214.135681
0 1524849321 854.273132 244.261124
0 1568512658 941.718140 324.533081
0 1568514661 887.629333 350.329315
0 1478231205 871.526733 606.095215
0 1773608077 978.304138 344.055511
0 1438977615 877.468201 381.246826
0 1524834301 802.694519 225.307648
0 1607644171 930.070374 397.083527
0 1524800258 882.162598 203.589218
0 1568504647 1043.308716 351.158875
0 1568500642 920.821411 359.727875
0 1478256239 976.738464 585.571167
0 1524815277 803.643616 239.790207
0 1568503646 828.755432 378.407715
0 1478220191 1121.261475 620.758484
0 1478207174 963.258484 622.197876
0 1524841311 790.268311 215.710770
0 1478213182 1111.705688 597.178040
0 1524813274 827.503540 230.950302
0 1568516663 1017.635620 365.042999
0 1578517672 1061.278076 355.868378
0 1578527685 915.151550 404.974335
0 1478240218 953.112244 576.383362
0 1478215185 1144.169312 571.321228
0 1524838307 791.106995 236.840210
0 1478197163 958.046997 598.665955
0 1478221192 930.041382 567.411499
0 1524819281 894.487549 206.133209
0 2086284946 917.974548 348.229767
0 1524824288 904.078857 241.168167
0 1524802260 754.516113 228.229965
0 1478226199 1025.739502 604.626648
0 1578518673 1009.114868 384.728729
0 1438981616 987.166565 326.796539
0 1478238215 1134.541016 550.304321
0 1609135173 857.162964 352.437286
0 1524837305 778.643066 226.766510
0 1524793249 840.164490 233.829971
0 1568515662 826.574585 354.553711
0 1568516664 883.361755 328.486084
0 1438991628 869.603821 334.801544
0 1478249230 1085.939087 533.594299
0 1438996634 961.459473 339.556549
0 1578519675 981.229126 400.157013
0 1524829295 825.078064 210.281372
0 1524864341 815.014709 228.109802
0 1478255238 1181.114624 603.147095
0 1438993631 811.614929 361.420746
0 1524788244 828.362244 238.267471
0 1772785076 1048.663696 362.847565
0 1524828293 900.067322 226.514999
0 1478203171 1148.473511 631.072388
0 1524798255 919.625610 211.321945
0 1478199165 1068.845215 600.891724
0 1578528686 904.081482 354.987823
0 1478192156 1077.219238 624.646118
0 1478228201 914.909790 602.369995
0 1772037075 912.595886 326.505798
0 1578515670 875.385498 368.946655
0 1524851323 850.572021 222.403564
0 1478218188 1113.711914 660.811951
0 1478202169 971.385986 563.952881
0 1478254236 1095.470093 676.418274
0 1478246226 1196.699585 589.813721
0 1524809269 837.164612 212.897873
0 1524822285 932.445129 213.968018
0 1524841310 855.585632 252.012802
0 1478235210 1028.863281 696.978760
0 1578515669 952.027344 416.313568
0 1524854328 849.411438 215.549057
0 0 759.366272 477.940155
0 1 655.863892 497.383057
0 2 421.473053 390.768341
0 3 1089.187012 211.425354
0 4 672.385620 523.933472
0 5 626.823486 419.592926
0 6 1131.130371 223.728348
0 7 916.696411 502.507660
0 8 947.269348 453.268524
0 9 1351.012329 488.574768
0 10 855.430847 537.023376
0 11 1030.091431 561.151978
0 12 1411.994873 288.736938
0 13 837.395203 470.340485
0 14 1475.633911 318.388855
0 15 532.988159 324.156952
0 16 423.153473 345.818085
0 17 1546.526123 339.511047
0 18 483.967712 364.335632
0 19 551.708191 338.441895
0 20 1459.762939 413.488373
0 21 965.313232 229.177292
0 22 1531.881226 392.065247
0 23 1269.720703 255.448792
0 24 760.714966 222.266220
0 25 618.544556 288.657532
0 26 648.362244 308.651733
0 27 1291.613892 513.200989
0 28 960.997437 545.892334
0 29 1032.346313 481.351776
0 30 866.033813 494.564026
0 31 802.343567 528.915405
0 32 783.029114 232.641586
0 33 679.064697 281.417084
0 34 583.996094 311.361115
0 35 1107.773193 579.856567
0 36 971.867737 246.639114
0 37 630.507568 271.632874
0 38 1393.155273 443.454987
0 39 701.686951 262.067017
