0 1578512666 994.598572 363.257019
0 1524823287 467.688171 439.400299
0 1478234209 1500.336182 410.037018
0 1707269176 1105.171509 401.567383
0 1438989626 902.559265 386.089935
0 1524801259 622.060120 400.533417
0 1438992629 963.737549 385.445648
0 1478227200 1532.892334 373.753143
0 1524854327 657.985046 418.309113
0 1478249229 1542.575806 351.923706
0 1524807266 593.077637 357.472809
0 1524863340 458.138336 414.128967
0 1524831297 556.509705 368.098999
0 1478229202 1512.247070 368.388092
0 1568509654 978.853455 391.022583
0 1524790246 478.992493 407.900269
0 1578523681 1060.652100 433.852081
0 1478207175 1573.999268 367.721375
0 1524861337 500.601013 459.607819
0 1478210178 1587.354370 396.690765
0 1524862338 614.392700 367.459229
0 1478186149 1543.657104 385.151367
0 1524797254 518.594238 379.116730
0 1578518674 1088.383789 395.750916
0 1438985621 1059.373413 420.729919
0 1524857331 500.191681 439.096161
0 1478203170 1597.451782 390.529999
0 1438994632 1024.133179 362.930603
0 1578520676 933.126099 385.768036
0 1478237213 1365.792236 381.211273
0 1568511657 1039.291382 368.077454
0 1775370079 980.034363 358.210938
0 1478195160 1533.701660 429.425903
0 1568510655 1009.270691 357.884186
0 1478257240 1397.038818 380.882202
0 1578521677 1084.947266 373.001709
0 1524794250 544.213562 445.381653
0 1524812272 614.369446 412.571594
0 1769859072 1040.064209 379.009552
0 1578525683 964.434692 374.302917
0 1770636073 1101.042236 378.359161
0 1524846317 468.906708 402.104156
0 1524833300 602.733948 406.648804
0 1568511656 1044.430908 440.781891
0 1438985620 1026.135254 408.466949
0 1478185148 1544.876221 422.608063
0 1707993177 1162.197510 377.706909
0 1478189152 1377.646973 375.408936
0 1524791247 489.290588 413.818420
0 1524830296 499.447113 401.790894
0 2088218948 1041.704224 402.209229
0 1524827292 489.335815 432.651001
0 1606348170 1074.945312 414.214478
0 1524855329 647.971924 383.191528
0 1478183145 1346.733765 375.738678
0 1438990627 1054.754395 373.327728
0 1524840309 511.288544 445.684418
0 1478222194 1439.609009 374.748108
0 1709860179 1037.141357 337.661285
0 1478188151 1452.753296 352.927612
0 1438988624 1056.970703 396.073059
0 1478243222 1454.718872 337.685852
0 1524843313 427.032745 414.439056
0 1524844315 537.725037 373.557587
0 1524858333 446.924042 426.651703
0 1524811271 636.556152 377.843079
0 1524859334 457.193451 432.956818
0 1478216186 1416.835815 386.469666
0 1524851324 555.938599 452.119812
0 1524814275 652.826660 400.217896
0 1578514668 1117.467651 383.826599
0 1478184146 1408.605347 375.078766
0 1524829294 509.858765 407.588104
0 1478176143 1422.896729 353.261322
0 1524860336 671.505920 394.217529
0 1478222193 1502.400024 357.644592
0 1438997636 994.285034 396.715973
0 1478194158 1400.693481 364.128723
0 1478201168 1564.078125 373.420532
0 1478187150 1533.415161 409.712158
0 1478205172 1553.965820 379.229462
0 1524838306 577.491455 378.480804
0 1568514660 1136.977051 401.245697
0 1524865342 696.025574 405.705292
0 2085418945 1097.224365 356.901154
0 1524808268 633.784729 406.334778
0 1478200167 1511.880859 385.481659
0 1478194159 1543.100708 368.054932
0 1568501643 1103.065674 389.731354
0 1478239216 1370.339478 364.460388
0 1524820283 626.253235 418.620758
0 1438989625 1115.183594 372.675262
0 1568505649 1073.413940 401.888550
0 1478255237 1511.078247 422.929626
0 1524804262 683.638733 399.901886
0 1568506650 1131.597656 378.033264
0 1478217187 1446.130981 404.280212
0 1568505648 1099.096680 367.424011
0 1568497640 1107.364990 413.896088
0 1578511665 1122.317993 407.508148
0 1478258241 1522.426147 397.347443
0 1524796253 569.241699 389.600403
0 1478206173 1553.118042 362.463348
0 1524826291 618.113708 383.510010
0 1578529688 1081.767456 351.951508
0 1478233207 1566.545532 409.386841
0 1708834178 1071.943726 390.054901
0 1478189153 1472.189575 357.978516
0 1568499641 979.655823 368.729034
0 1478245224 1555.821777 415.929779
0 1524852325 607.002869 378.162170
0 1478219190 1436.160400 333.012695
0 1578525682 1053.709229 362.603699
0 1478232206 1463.289673 347.640991
0 1524818280 583.029114 412.884003
0 1524850322 585.431091 367.779327
0 1438996635 1119.843872 395.428253
0 1524832299 571.729431 406.962372
0 1478242220 1554.865479 397.019348
0 1524789245 417.397400 408.523224
0 1438999639 931.785889 397.356934
0 1478196161 1490.036377 397.674988
0 1478252234 1425.404297 398.328674
0 1524803261 521.528076 432.344727
0 1478211179 1503.011719 342.114044
0 1578523680 1023.679260 352.607788
0 1578530689 963.012207 397.036713
0 1568508653 977.984497 415.166656
0 1524826290 574.957581 362.738281
0 1524847319 539.202942 389.916748
0 1524810270 638.393311 424.800385
0 1524835302 591.338989 400.848480
0 1524821284 436.872711 420.480530
0 1524799257 560.663208 401.163116
0 1478233208 1450.673828 369.052917
0 1608354172 1129.063110 367.096588
0 1524835303 664.881897 406.020294
0 1478251232 1488.952515 416.576324
0 1524812273 641.018555 394.534454
0 1706512175 918.636414 380.304688
0 1438986622 1023.242004 342.662872
0 1478211180 1522.487671 379.560974
0 1524823286 468.316406 420.171722
0 1478223195 1437.050293 392.175049
0 1478244223 1491.055908 379.891998
0 1438987623 1083.327148 362.276367
0 1478193157 1481.438110 368.720764
0 1478198164 1544.247803 403.302155
0 1524862339 531.347046 419.552734
0 1478236212 1381.815552 358.977356
0 1478240217 1389.278687 369.715790
0 1478214183 1575.480957 384.820526
0 1578521678 994.171936 408.785553
0 1524844314 596.110779 372.919647
0 1524848320 586.062622 431.730713
0 1524806265 580.177368 395.166901
0 1524787243 528.795288 384.462646
0 1478241219 1442.022217 358.311920
0 1524799256 610.575684 394.850922
0 1478190154 1404.144287 348.309235
0 1478226198 1461.532104 363.464020
0 1478208176 1532.653442 357.310211
0 1478214184 1385.248413 386.798035
0 2084722944 1069.172729 367.750977
0 1578522679 994.393738 385.122772
0 1524825289 438.411133 402.416901
0 1774531078 978.427856 402.849213
0 1525674169 979.262451 379.658051
0 1478197162 1604.942627 367.387238
0 1524815276 629.449951 388.966278
0 1768901071 1009.095581 347.753387
0 1578526684 1024.604614 373.653259
0 1478182144 1565.274536 390.860016
0 1524853326 603.632263 362.417786
0 1478218189 1358.647583 370.046509
0 1578513667 1055.840576 384.475616
0 1438983618 1086.631470 384.151337
0 1478224196 1419.953979 369.384613
0 1478247227 1607.352539 384.489197
0 1524792248 534.238220 459.309723
0 1524795252 448.172058 408.211975
0 1524808267 562.934387 419.242554
0 1478191155 1433.696411 347.975342
0 1524856330 499.107635 384.779266
0 1478236211 1467.308716 410.361359
0 1478258242 1626.586914 372.753815
0 1478212181 1411.897583 358.644867
0 1478185147 1428.331665 380.552612
0 1568502645 1042.575317 414.532349
0 1568508652 1070.531128 378.684601
0 1438984619 1148.348877 383.501343
0 1659977623 1040.462036 384.637604
0 1478209177 1577.054321 402.975128
0 1438982617 1025.094727 384.799438
0 1524805264 565.351746 438.486481
0 1771287074 1043.483398 427.378571
0 2087111947 1038.547729 357.556946
0 1524817279 625.365234 372.600006
0 1524795251 558.525452 384.145569
0 1478230204 1470.657959 374.416931
0 1478230203 1595.309448 373.087433
0 1524847318 510.551147 426.036499
0 1578516671 1092.109375 420.413422
0 1568513659 1009.641357 379.334015
0 1578529687 1026.688354 421.045959
0 1524819282 588.298218 383.828003
0 1478253235 1431.091064 363.796631
0 1524836304 540.771118 407.275482
0 1478243221 1585.490845 378.897461
0 1568501644 1165.447754 389.082916
0 1438998637 994.054077 421.361511
0 1524816278 618.405273 431.422974
0 1705773174 949.901428 369.054108
0 1524845316 459.026703 396.426300
0 1524842312 479.255280 390.548126
0 1568507651 917.021851 391.665344
0 1438999638 1052.703369 352.279877
0 1478252233 1405.114746 392.502594
0 1438993630 994.695374 352.935272
0 1478237214 1473.636597 342.449463
0 1524857332 489.383972 452.720886
0 1478248228 1459.670654 380.222565
0 1478225197 1425.678345 338.020813
0 1524859335 519.513672 395.797516
0 1524832298 549.823303 395.482452
0 1478200166 1446.459106 328.092133
0 1478250231 1478.786255 403.954712
0 1478245225 1492.924194 347.306213
0 1438995633 934.414368 374.627075
0 1524804263 542.438049 425.728180
0 1524839308 530.032593 401.477264
0 1524849321 645.757019 412.258698
0 1568512658 948.927551 379.981598
0 1568514661 1010.042175 402.529449
0 1478231205 1522.360840 416.253296
0 1773608077 1009.452454 368.403442
0 1438977615 1090.208252 407.828186
0 1524834301 532.746155 438.791565
0 1607644171 1134.233521 389.407379
0 1524800258 489.248077 396.112122
0 1568504647 1037.831543 347.425323
0 1568500642 1040.867798 390.377930
0 1478256239 1480.151855 385.811493
0 1524815277 598.008606 438.180908
0 1568503646 1076.541626 427.064026
0 1478220191 1512.592773 352.258820
0 1478207174 1533.145874 391.189514
0 1524841311 478.415771 445.986725
0 1478213182 1482.651855 352.593445
0 1524813274 574.373962 425.419373
0 1568516663 1067.865601 357.229309
0 1578517672 1051.734131 342.334259
0 1578527685 1151.350952 395.105133
0 1478240218 1469.033813 391.847046
0 1478215185 1444.302002 342.784393
0 1524838307 577.190796 445.078400
0 1478197163 1501.065674 391.518524
0 1478221192 1457.695801 398.002075
0 1524819281 509.207428 390.232666
0 2086284946 1009.837769 390.700500
0 1524824288 659.619507 388.648590
0 1524802260 512.075500 466.652802
0 1478226199 1501.752441 374.085266
0 1578518673 1112.986694 361.948547
0 1438981616 965.105530 363.583008
0 1478238215 1415.007935 343.118835
0 1609135173 1010.255127 414.849762
0 1524837305 522.634644 452.420593
0 1524793249 594.569641 418.931885
0 1568515662 1010.477051 427.692596
0 1568516664 946.861023 403.168457
0 1438991628 962.257141 409.103668
0 1478249230 1393.082031 353.594513
0 1438996634 994.498108 373.978333
0 1578519675 1145.463379 372.348328
0 1524829295 478.713196 426.344330
0 1524864341 553.770325 432.037964
0 1478255238 1483.799194 337.350372
0 1438993631 1027.265137 434.164490
0 1524788244 606.359009 425.110138
0 1772785076 1066.606689 347.096771
0 1524828293 599.324036 389.283600
0 1478203171 1522.600220 346.970917
0 1524798255 548.022034 378.798981
0 1478199165 1492.016968 363.130951
0 1578528686 1025.604492 396.394745
0 1478192156 1522.545532 362.797394
0 1478228201 1511.491821 403.628693
0 1772037075 947.914856 391.344208
0 1578515670 1058.147339 408.147797
0 1524851323 551.735901 413.195953
0 1478218188 1562.949829 356.975342
0 1478202169 1448.470093 386.140839
0 1478254236 1583.734619 362.128815
0 1478246226 1464.951782 332.677277
0 1524809269 499.807831 419.862488
0 1524822285 566.897400 373.238831
0 1524841310 677.192078 411.945343
0 1478235210 1617.062378 378.564941
0 1578515669 1179.275391 383.175659
0 1524854328 520.489746 413.507416
0 0 708.711121 284.651062
0 1 1426.060913 346.721863
0 2 1260.031494 333.527588
0 3 1024.252441 220.444397
0 4 1037.928589 270.153687
0 5 539.977539 342.922241
0 6 1102.911377 204.887970
0 7 666.281006 366.105316
0 8 702.089478 393.319183
0 9 1088.653320 579.899536
0 10 763.410767 345.503204
0 11 596.591919 416.664948
0 12 1517.572388 305.736328
0 13 597.194702 331.442749
0 14 1492.628540 290.984344
0 15 1303.703735 555.140076
0 16 776.079102 277.594940
0 17 1492.703491 363.356415
0 18 672.710693 300.741516
0 19 1338.077881 348.404175
0 20 1196.602173 508.353485
0 21 811.700500 315.105988
0 22 1244.196289 475.259735
0 23 1363.578491 259.647369
0 24 574.828491 390.887085
0 25 1446.547607 383.662537
0 26 1291.405518 514.697937
0 27 852.476501 546.444580
0 28 1375.581665 415.699554
0 29 1026.171631 256.538544
0 30 1096.747192 288.729401
0 31 627.465332 318.377655
0 32 990.111206 568.129700
0 33 1163.724487 587.494568
0 34 1183.140259 628.044434
0 35 681.395142 449.419739
0 36 1396.882446 364.267639
0 37 809.285278 475.889496
0 38 1392.346069 394.853546
0 39 1019.392212 604.855042
