0 1578512666 921.899780 396.426392
0 1524823287 1674.331055 589.550049
0 1478234209 697.405151 165.124557
0 1707269176 927.591797 301.060486
0 1438989626 1067.858765 413.889679
0 1524801259 1422.380005 564.571472
0 1438992629 1008.022705 382.611664
0 1478227200 584.305115 172.283997
0 1524854327 1397.534424 504.451355
0 1478249229 512.703186 180.216461
0 1524807266 1404.892456 707.866211
0 1524863340 1682.081177 659.758606
0 1524831297 1482.039673 708.932983
0 1478229202 579.274292 181.102844
0 1568509654 1007.509888 368.109344
0 1524790246 1645.136841 659.249573
0 1578523681 1030.233765 290.409821
0 1478207175 545.938599 163.110458
0 1524861337 1634.708130 526.860840
0 1478210178 619.769714 147.399704
0 1524862338 1386.602173 655.687683
0 1478186149 610.847229 163.973587
0 1524797254 1559.198853 710.000061
0 1578518674 926.852722 313.443573
0 1438985621 1005.176147 302.102448
0 1524857331 1626.565186 567.365906
0 1478203170 598.660645 147.119324
0 1438994632 894.386353 381.076416
0 1578520676 1037.440186 397.989075
0 1478237213 698.162903 220.638733
0 1568511657 895.709717 366.600494
0 1775370079 920.976074 411.900818
0 1478195160 725.328308 148.801575
0 1568510655 893.018738 396.035767
0 1478257240 678.789856 210.511902
0 1578521677 871.160706 338.643494
0 1524794250 1569.210327 525.967041
0 1524812272 1447.147461 544.214600
0 1769859072 924.494385 352.955688
0 1578525683 979.666687 397.207672
0 1770636073 872.780823 325.491058
0 1524846317 1659.723022 684.854431
0 1524833300 1456.405151 565.037109
0 1568511656 1055.718140 290.751770
0 1438985620 1006.066467 327.284424
0 1478185148 704.214844 148.521179
0 1707993177 824.164734 299.671448
0 1478189152 674.764587 220.326294
0 1524791247 1631.160156 634.714844
0 1524830296 1608.195190 658.740662
0 2088218948 979.406555 326.925690
0 1524827292 1639.608887 589.074097
0 1606348170 979.313416 301.755127
0 1524855329 1361.917847 585.267761
0 1478183145 694.348022 230.726883
0 1438990627 896.991028 352.584900
0 1524840309 1614.024414 546.495056
0 1478222194 637.148376 200.348633
0 1709860179 803.501038 410.310150
0 1478188151 563.375916 208.971939
0 1438988624 952.747986 326.567017
0 1478243222 511.007416 218.139679
0 1524843313 1735.227173 685.896545
0 1524844315 1520.617798 709.466553
0 1524858333 1703.506470 635.709839
0 1524811271 1369.809326 607.780334
0 1524859334 1688.620117 612.157532
0 1478216186 682.709167 200.956116
0 1524851324 1558.200684 506.640656
0 1524814275 1380.412231 543.302673
0 1578514668 874.351685 312.737854
0 1478184146 655.704956 210.203888
0 1524829294 1594.990967 634.217468
0 1478176143 581.182556 219.076706
0 1524860336 1347.047852 542.846741
0 1478222193 551.632935 189.851456
0 1438997636 1007.013489 354.068237
0 1478194158 627.971436 219.701477
0 1478201168 567.573853 163.398163
0 1478187150 679.478577 156.436249
0 1478205172 589.210083 163.685852
0 1524838306 1460.455688 656.705200
0 1568514660 902.831299 288.700317
0 1524865342 1333.282227 503.575836
0 2085418945 814.489990 351.472687
0 1524808268 1413.778687 543.758606
0 1478200167 628.128540 172.867126
0 1478194159 562.394836 171.992447
0 1568501643 900.601501 313.090729
0 1478239216 646.911011 230.092972
0 1524820283 1438.240112 524.179932
0 1438989625 846.127930 325.132416
0 1568505649 953.105347 313.796478
0 1478255237 722.226440 157.004303
0 1524804262 1340.034912 522.839905
0 1568506650 848.103210 312.385010
0 1478217187 712.442993 182.875961
0 1568505648 844.090759 338.278900
0 1568497640 953.788391 289.384064
0 1578511665 928.309204 289.042175
0 1478258241 654.124268 164.549026
0 1524796253 1486.498901 632.725403
0 1478206173 540.485596 171.700928
0 1524826291 1405.222656 608.266541
0 1578529688 811.875854 365.469116
0 1478233207 661.990479 147.960419
0 1708834178 926.090820 326.208374
0 1478189153 568.815002 199.437500
0 1568499641 950.782349 396.816986
0 1478245224 683.102173 148.240784
0 1524852325 1414.183960 631.730835
0 1478219190 504.626709 228.191635
0 1578525682 867.763550 366.223328
0 1478232206 540.296387 208.663986
0 1524818280 1490.432495 565.502869
0 1524850322 1433.278809 681.728882
0 1438996635 901.733032 300.713196
0 1524832299 1500.744141 587.170654
0 1478242220 636.734314 155.868225
0 1524789245 1752.148315 712.668335
0 1438999639 1064.850586 383.379425
0 1478196161 671.955750 173.450256
0 1478252234 709.012268 191.948410
0 1524803261 1592.528442 566.900146
0 1478211179 500.490997 198.526505
0 1578523680 864.139465 395.645142
0 1578530689 1035.463989 368.486572
0 1568508653 1060.691650 341.196106
0 1524826290 1443.464600 708.399597
0 1524847319 1534.320068 657.722839
0 1524810270 1429.663452 504.889160
0 1524835302 1466.034058 586.694885
0 1524821284 1719.028198 660.267578
0 1524799257 1511.478027 609.725403
0 1478233208 614.369568 200.044891
0 1608354172 819.476440 324.773834
0 1524835303 1372.767822 523.286560
0 1478251232 719.046936 165.412354
0 1524812273 1388.357178 564.105835
0 1706512175 1038.478760 413.491852
0 1438986622 832.867249 410.707794
0 1478211180 606.216309 172.575562
0 1524823286 1667.332031 635.212341
0 1478223195 686.526428 191.648773
0 1478244223 623.659912 181.693817
0 1438987623 841.988831 351.843414
0 1478193157 596.593384 190.450500
0 1478198164 658.106018 156.152206
0 1524862339 1570.171753 588.122314
0 1478236212 623.194153 229.776047
0 1478240217 651.367432 220.013870
0 1478214183 593.993713 155.300201
0 1578521678 1033.611328 340.831390
0 1524844314 1423.527588 656.196472
0 1524848320 1503.720947 525.073425
0 1524806265 1476.057007 609.239075
0 1524787243 1546.488037 683.291504
0 1478241219 586.456604 209.279892
0 1524799256 1431.326172 586.219116
0 1478190154 575.763733 229.142242
0 1478226198 591.591736 199.741180
0 1478208176 534.892578 180.511887
0 1478214184 701.875854 210.819946
0 2084722944 869.489136 352.214172
0 1578522679 979.557617 367.732086
0 1524825289 1713.552490 712.134583
0 1774531078 1034.522949 354.439087
0 1525674169 979.611145 382.227814
0 1478197162 529.889648 154.448334
0 1524815276 1396.620850 585.743408
0 1768901071 862.235107 411.105469
0 1578526684 923.657471 366.977661
0 1478182144 615.363586 155.584198
0 1524853326 1395.548096 681.208130
0 1478218189 670.628906 230.409897
0 1578513667 925.305115 339.372711
0 1438983618 899.435120 325.849701
0 1478224196 632.621155 209.895859
0 1478247227 577.552490 146.839005
0 1524792248 1590.340088 507.078583
0 1524795252 1697.473633 685.375427
0 1524808267 1524.462158 565.968567
0 1478191155 557.789795 218.764359
0 1524856330 1597.782837 710.533630
0 1478236211 715.786804 174.033493
0 1478258242 535.338745 146.278381
0 1478212181 604.576416 219.389099
0 1478185147 659.928223 200.652344
0 1568502645 1005.614563 314.502319
0 1568508652 898.232178 339.008087
0 1438984619 850.019531 300.018677
0 1659977623 938.546753 346.294495
0 1478209177 640.879639 147.680054
0 1438982617 951.999268 353.326538
0 1524805264 1536.464600 525.520203
0 1771287074 1031.040283 302.449799
0 2087111947 865.981323 380.692657
0 1524817279 1378.030396 631.233643
0 1524795251 1497.386475 657.213989
0 1478230204 619.075134 190.750076
0 1478230203 551.256775 154.732300
0 1524847318 1604.889160 588.598206
0 1578516671 979.268860 289.725952
0 1568513659 951.606750 367.354858
0 1578529687 1031.871338 314.855286
0 1524819282 1450.340088 632.228027
0 1478253235 609.538391 209.587891
0 1524836304 1546.901489 610.211792
0 1478243221 572.624817 155.016266
0 1568501644 851.879333 288.016663
0 1438998637 1059.390625 328.001923
0 1524816278 1461.794678 505.326996
0 1705773174 979.723999 412.696320
0 1524845316 1674.959717 711.600891
0 1524842312 1636.369629 711.067261
0 1568507651 1066.329468 398.379822
0 1438999638 837.577820 380.308929
0 1478252233 705.491089 201.259857
0 1438993630 891.604797 411.503113
0 1478237214 517.217834 208.356049
0 1524857332 1647.406372 546.951172
0 1478248228 641.557922 191.049637
0 1478225197 528.337952 228.508499
0 1524859335 1571.256226 658.231750
0 1524832298 1522.660278 633.222656
0 1478200166 480.916626 227.874817
0 1478250231 693.870789 173.741867
0 1478245225 523.264648 198.830170
0 1438995633 1009.100525 413.094055
0 1524804263 1558.494141 566.434326
0 1524839308 1558.824341 633.720032
0 1524849321 1405.502930 523.733215
0 1568512658 1008.552612 397.598358
0 1568514661 1006.532593 340.466705
0 1478231205 700.852051 156.720291
0 1773608077 922.793030 381.460205
0 1438977615 953.451904 301.407776
0 1524834301 1580.644531 546.038879
0 1607644171 875.875610 300.365936
0 1524800258 1621.975220 684.333374
0 1568504647 835.261841 395.254608
0 1568500642 952.379517 339.737335
0 1478256239 645.854248 181.989334
0 1524815277 1493.927979 505.764862
0 1568503646 1004.750610 290.067871
0 1478220191 529.154175 189.551956
0 1478207174 632.485229 164.261292
0 1524841311 1660.604004 567.831787
0 1478213182 546.039307 199.133820
0 1524813274 1513.891479 545.126709
0 1568516663 839.818970 365.846222
0 1578517672 806.385864 394.864044
0 1578527685 877.354675 288.358521
0 1478240218 668.049500 182.284882
0 1478215185 534.398071 218.451981
0 1524838307 1526.063354 506.202728
0 1478197163 650.041626 173.158691
0 1478221192 690.245789 182.580399
0 1524819281 1584.230225 683.812378
0 2086284946 979.505676 353.697357
0 1524824288 1354.336792 563.640259
0 1524802260 1622.481689 507.516541
0 1478226199 601.466614 181.398331
0 1578518673 817.022217 337.914337
0 1438981616 950.349182 412.298553
0 1478238215 552.050293 228.825348
0 1609135173 1032.727905 327.643158
0 1524837305 1601.958130 526.413940
0 1524793249 1480.518433 544.670654
0 1568515662 1058.129272 315.208221
0 1568516664 1063.419434 368.863861
0 1438991628 1062.033813 354.809998
0 1478249230 599.478394 229.459137
0 1438996634 951.201294 381.843994
0 1578519675 821.856140 312.032196
0 1524829295 1653.186768 611.670959
0 1524864341 1547.266968 545.582825
0 1478255238 494.140381 208.048157
0 1438993631 1056.905762 302.797180
0 1524788244 1470.979492 524.626648
0 1772785076 809.175964 379.925232
0 1524828293 1440.638550 608.752808
0 1478203171 506.676453 189.252457
0 1524798255 1508.748901 682.770569
0 1478199165 574.112671 190.150986
0 1578528686 979.455322 340.102020
0 1478192156 557.082947 180.807358
0 1478228201 675.764221 164.836792
0 1772037075 1036.435913 382.995544
0 1578515670 979.359253 314.149384
0 1524851323 1535.456787 587.646484
0 1478218188 518.577148 171.409409
0 1478202169 664.041626 191.349197
0 1478254236 524.304199 162.822769
0 1478246226 487.617920 217.827377
0 1524809269 1617.755859 611.184570
0 1524822285 1471.012451 682.249756
0 1524841310 1365.407349 504.013580
0 1478235210 556.445190 146.558685
0 1578515669 826.405334 287.674835
0 1524854328 1582.327393 610.698120
0 0 1517.580811 654.374023
0 1 1077.310425 105.212761
0 2 751.986633 159.495605
0 3 975.795715 682.141846
0 4 706.327576 294.814575
0 5 1302.907593 160.352280
0 6 788.486389 653.076782
0 7 716.778687 261.059418
0 8 653.857239 467.612457
0 9 -0.340843 555.032349
0 10 872.669861 495.900848
0 11 408.102661 213.987717
0 12 195.927521 603.727661
0 13 746.884644 140.119949
0 14 127.129082 489.740631
0 15 1338.918823 194.054596
0 16 1362.356445 157.250900
0 17 116.159805 554.119934
0 18 1251.526123 145.943924
0 19 778.199890 117.656700
0 20 198.325668 442.435059
0 21 642.667053 357.521179
0 22 209.231277 388.378632
0 23 594.853638 627.051208
0 24 867.205444 150.314102
0 25 860.915894 117.654022
0 26 942.931458 123.058281
0 27 374.233459 273.283295
0 28 1234.878296 648.221008
0 29 645.562439 280.744965
0 30 1073.068970 464.834015
0 31 685.813171 144.629410
0 32 887.382446 452.977295
0 33 1157.746460 120.500938
0 34 1430.246704 368.565338
0 35 885.483276 617.354919
0 36 1262.948486 172.699112
0 37 1186.805176 452.079773
0 38 1363.830322 630.793457
0 39 1136.115234 521.303650
