0 1578512666 1031.316040 603.650208
0 1524823287 1847.511597 778.603516
0 1478234209 797.199097 386.530975
0 1707269176 1030.164429 507.957184
0 1438989626 1180.774536 615.588623
0 1524801259 1569.513916 760.265381
0 1438992629 1117.205078 586.189148
0 1478227200 689.166870 398.653320
0 1524854327 1534.590576 697.044373
0 1478249229 621.268616 409.504028
0 1524807266 1571.135376 917.584839
0 1524863340 1868.822510 855.761414
0 1524831297 1655.861450 916.578552
0 1478229202 684.634094 407.264496
0 1568509654 1115.489746 571.557556
0 1524790246 1827.694702 856.352356
0 1578523681 1131.922485 492.901581
0 1478207175 652.400269 391.757385
0 1524861337 1793.161133 712.111450
0 1478210178 722.180786 373.416840
0 1524862338 1543.802979 860.431702
0 1478186149 714.226074 389.525787
0 1524797254 1741.211914 915.565002
0 1578518674 1030.312500 520.263855
0 1438985621 1107.757568 505.603455
0 1524857331 1791.201172 756.121399
0 1478203170 702.061157 374.157379
0 1438994632 1002.588501 589.256226
0 1578520676 1148.358398 600.596924
0 1478237213 800.328308 439.640289
0 1568511657 1002.920593 574.643005
0 1775370079 1031.505371 619.378418
0 1478195160 823.328247 369.694000
0 1568510655 1002.244141 604.408630
0 1478257240 781.175415 430.782440
0 1578521677 976.541992 547.696045
0 1524794250 1721.925293 713.577454
0 1524812272 1593.177979 737.552979
0 1769859072 1030.787964 559.768250
0 1578525683 1089.685669 602.127502
0 1770636073 977.296143 534.540527
0 1524846317 1848.507690 884.447144
0 1524833300 1606.168457 759.580200
0 1568511656 1157.542114 492.110870
0 1438985620 1110.692993 530.642212
0 1478185148 803.025208 370.441284
0 1707993177 927.531250 511.070465
0 1478189152 777.691650 440.403320
0 1524791247 1807.903442 829.636597
0 1524830296 1786.711304 856.941284
0 2088218948 1083.887207 531.425598
0 1524827292 1809.242432 779.280273
0 1606348170 1081.833862 506.389832
0 1524855329 1507.545532 784.616028
0 1478183145 797.071899 449.543396
0 1438990627 1003.241028 560.540527
0 1524840309 1773.967651 733.999146
0 1478222194 740.682190 422.948944
0 1709860179 913.496704 622.374634
0 1478188151 670.261658 434.568512
0 1438988624 1057.144775 532.207092
0 1478243222 620.512512 445.701630
0 1524844315 1698.458252 916.072693
0 1524858333 1888.206665 828.389709
0 1524811271 1519.058960 808.691223
0 1524859334 1867.369995 802.898315
0 1478216186 784.560913 421.432953
0 1524851324 1706.936768 693.344910
0 1524814275 1521.645752 738.959106
0 1578514668 978.025391 521.821411
0 1478184146 758.903992 431.542694
0 1524829294 1767.958008 830.256836
0 1478176143 687.602722 443.440094
0 1524860336 1486.045654 739.658875
0 1478222193 658.525696 416.863647
0 1438997636 1113.834717 557.440063
0 1478194158 732.556030 441.924774
0 1478201168 672.970581 391.014893
0 1478187150 779.620300 379.128571
0 1478205172 693.579224 390.271027
0 1524838306 1624.207642 859.276306
0 1568514660 1004.688843 496.828369
0 1524865342 1466.366333 698.508789
0 2085418945 921.002747 562.846069
0 1524808268 1557.356567 738.257080
0 1478200167 731.048340 397.157166
0 1478194159 668.285156 399.399323
0 1568501643 1004.138611 521.043518
0 1478239216 751.186035 451.070007
0 1524820283 1580.752197 716.482849
0 1438989625 950.805359 535.314697
0 1568505649 1056.547363 519.482361
0 1478255237 820.718567 377.630341
0 1524804262 1475.993164 718.638855
0 1568506650 951.972595 522.597473
0 1478217187 812.459717 402.746704
0 1568505648 949.598083 548.467712
0 1568497640 1055.410278 495.262970
0 1578511665 1030.020996 496.046570
0 1478258241 755.635315 388.031189
0 1524796253 1648.938965 832.104858
0 1478206173 647.442749 400.143890
0 1524826291 1557.246826 808.056152
0 1578529688 919.226013 576.936890
0 1478233207 762.529663 371.931763
0 1708834178 1030.465576 532.986694
0 1478189153 675.186951 425.211731
0 1568499641 1060.463257 602.889893
0 1478245224 782.759033 371.187195
0 1524852325 1570.266968 833.326416
0 1478219190 614.654053 455.612396
0 1578525682 974.953064 575.409546
0 1478232206 648.211182 435.321198
0 1524818280 1642.939575 758.892822
0 1524850322 1598.301514 887.738220
0 1438996635 1004.418213 508.738190
0 1524832299 1657.411865 781.965576
0 1478242220 738.672913 380.621307
0 1438999639 1174.952148 584.643799
0 1478196161 773.088196 395.655365
0 1478252234 809.553589 411.584961
0 1524803261 1753.958130 756.817566
0 1478211179 610.076111 427.461304
0 1578523680 973.247131 605.165039
0 1578530689 1143.808105 570.781433
0 1568508653 1166.974243 542.242249
0 1524826290 1613.420776 917.082581
0 1524847319 1705.175171 858.112915
0 1524810270 1568.854736 696.308838
0 1524835302 1619.762573 782.631409
0 1524821284 1910.095337 855.168274
0 1524799257 1672.574097 806.138062
0 1478233208 718.807495 423.704681
0 1608354172 924.376892 536.086975
0 1524835303 1510.807007 717.922302
0 1478251232 818.039246 385.778748
0 1524812273 1532.975464 760.948486
0 1706512175 1150.762695 616.350586
0 1438986622 942.882874 621.628540
0 1478211180 710.087891 397.905975
0 1524823286 1847.985962 829.014221
0 1478223195 787.852234 412.343445
0 1478244223 727.079651 405.764343
0 1438987623 948.348694 562.079407
0 1478193157 701.467529 415.362762
0 1478198164 759.127808 379.875641
0 1524862339 1733.079224 780.627319
0 1478236212 728.313782 451.830963
0 1478240217 755.100952 441.164825
0 1478214183 697.875793 382.108582
0 1578521678 1139.572510 543.027039
0 1524844314 1583.935303 859.854980
0 1524848320 1651.123535 715.034607
0 1524806265 1634.003784 806.779541
0 1524787243 1722.730957 886.101501
0 1478241219 692.356018 433.814331
0 1524799256 1582.235474 783.295105
0 1478190154 682.710083 453.348206
0 1478226198 696.975830 424.458954
0 1478208176 642.350220 408.758911
0 1478214184 803.491394 430.020691
0 2084722944 975.761353 561.310852
0 1578522679 1087.242065 572.331848
0 1524825289 1913.813599 913.515137
0 1774531078 1141.653076 556.660217
0 1525674169 1088.441772 586.958801
0 1478197162 636.959778 384.329254
0 1524815276 1544.830078 783.956604
0 1768901071 972.346252 620.880493
0 1578526684 1030.957764 573.874512
0 1478182144 718.255615 381.365601
0 1524853326 1557.120728 888.279907
0 1478218189 774.105347 450.307495
0 1578513667 1030.624023 546.147156
0 1438983618 1003.849548 533.764526
0 1478224196 736.677063 432.301422
0 1478247227 681.977844 374.896545
0 1524792248 1741.715820 692.598389
0 1524795252 1890.736450 883.891663
0 1524808267 1679.827759 758.203308
0 1478191155 665.194214 444.195465
0 1524856330 1784.123535 915.055359
0 1478236211 815.287292 394.147827
0 1478258242 641.920105 376.370911
0 1478212181 710.056641 442.683228
0 1478185147 762.599976 422.191681
0 1568502645 1109.200684 517.913940
0 1568508652 1003.550476 546.922546
0 1438984619 953.101868 510.294800
0 1659977623 1044.384277 552.510986
0 1478209177 742.336914 372.674957
0 1438982617 1058.402344 558.994080
0 1524805264 1686.470459 714.307129
0 1771287074 1133.740723 504.815277
0 2087111947 974.115601 590.018250
0 1524817279 1531.130859 833.934082
0 1524795251 1664.620605 858.695618
0 1478230204 723.000916 414.610107
0 1478230203 657.227966 383.590363
0 1524847318 1771.098511 779.954895
0 1578516671 1080.856934 494.477631
0 1568513659 1059.064697 573.104126
0 1578529687 1135.619751 517.126953
0 1524819282 1609.536133 832.716675
0 1478253235 714.494507 433.058624
0 1524836304 1711.273193 805.494446
0 1478243221 677.533264 382.850159
0 1568501644 954.194885 498.386780
0 1438998637 1164.495972 529.069885
0 1524816278 1603.221069 695.571167
0 1705773174 1090.976685 617.868469
0 1524845316 1870.423340 914.030457
0 1524842312 1827.193726 914.543823
0 1568507651 1177.809204 599.828613
0 1438999638 945.714539 590.778198
0 1478252233 806.565308 420.672699
0 1438993630 1001.886841 620.130432
0 1478237214 626.204590 436.072418
0 1524857332 1810.465576 733.281738
0 1478248228 744.576050 413.856049
0 1478225197 637.292969 454.859192
0 1524859335 1745.871826 857.528076
0 1524832298 1688.476685 831.490906
0 1478200166 592.061340 456.364044
0 1478250231 794.167786 394.902283
0 1478245225 631.737183 426.712891
0 1438995633 1120.830200 617.110596
0 1524804263 1716.833740 757.511536
0 1524839308 1728.149292 830.874939
0 1524849321 1545.726562 717.203735
0 1568512658 1118.984131 601.363220
0 1568514661 1112.236694 543.809875
0 1478231205 800.150513 378.380157
0 1773608077 1031.133667 588.492371
0 1438977615 1055.969604 507.174408
0 1524834301 1737.583862 734.714417
0 1607644171 978.730774 509.517395
0 1524800258 1806.431030 885.000549
0 1568504647 944.324768 605.919556
0 1568500642 1057.762695 545.369934
0 1478256239 748.363464 405.012085
0 1524815277 1637.689819 694.831238
0 1568503646 1106.360840 493.690491
0 1478220191 637.117004 417.611938
0 1478207174 734.911438 388.779205
0 1524841311 1828.563843 755.422974
0 1478213182 653.440735 425.963074
0 1524813274 1665.156006 736.138062
0 1568516663 947.054932 576.174133
0 1578517672 915.476624 606.672180
0 1578527685 979.413513 497.608429
0 1478240218 769.687927 404.258423
0 1478215185 642.830811 444.949310
0 1524838307 1672.261475 694.089172
0 1478197163 752.048462 396.406982
0 1478221192 791.053345 403.503296
0 1524819281 1764.505859 885.552063
0 2086284946 1086.084473 558.218018
0 1524824288 1496.552612 761.629333
0 1524802260 1776.599243 691.849609
0 1478226199 705.836609 406.515106
0 1578518673 922.718689 549.237549
0 1438981616 1061.201782 618.624512
0 1478238215 659.978271 454.104492
0 1609135173 1137.562500 529.856995
0 1524837305 1757.488770 712.845581
0 1524793249 1629.111084 736.846619
0 1568515662 1162.100464 516.338196
0 1568516664 1172.197632 570.003296
0 1438991628 1169.539917 555.878357
0 1478249230 705.488525 452.590363
0 1438996634 1059.751221 587.726624
0 1578519675 925.980225 523.371704
0 1524829295 1828.149414 803.550598
0 1524864341 1701.313354 735.427307
0 1478255238 604.241577 436.822113
0 1438993631 1159.783691 504.025299
0 1524788244 1615.884399 715.759827
0 1772785076 917.385193 591.536316
0 1524828293 1595.561523 807.418884
0 1478203171 615.749573 418.358765
0 1524798255 1681.105835 886.648987
0 1478199165 679.975830 416.113922
0 1578528686 1084.966919 544.590820
0 1478192156 663.472046 408.012390
0 1478228201 776.397827 387.281738
0 1772037075 1146.041748 585.417419
0 1578515670 1082.843384 518.699097
0 1524851323 1695.183960 781.297546
0 1478218188 626.639526 400.887054
0 1478202169 766.193176 413.100464
0 1478254236 631.868042 392.498474
0 1478246226 598.239136 446.452423
0 1524809269 1789.060181 804.200684
0 1524822285 1639.629761 887.194641
0 1524841310 1500.427856 697.777649
0 1478235210 661.930908 375.634369
0 1578515669 929.032715 499.163330
0 1524854328 1750.101562 804.848694
0 0 1484.996216 418.402039
0 1 746.645020 471.705444
0 2 1475.427124 614.526550
0 3 1593.956055 508.822723
0 4 1359.956909 398.295532
0 5 553.276489 407.274628
0 6 1628.687866 561.692993
0 7 1215.347412 326.602783
0 8 1163.895386 333.079346
0 9 587.082458 829.178711
0 10 1277.833618 323.517029
0 11 272.078094 726.040588
0 12 1744.876709 840.877136
0 13 467.829071 494.302460
0 14 1581.214600 841.333008
0 15 967.178101 326.968658
0 16 719.236267 370.268066
0 17 1286.769531 849.495117
0 18 657.116577 381.196747
0 19 1145.190674 660.541687
0 20 653.392212 868.456421
0 21 1409.799561 382.880463
0 22 1112.894775 854.239929
0 23 1729.727051 718.894714
0 24 1242.625610 923.516357
0 25 977.061218 668.489197
0 26 1057.288574 662.185669
0 27 490.596893 828.508667
0 28 270.274689 674.993286
0 29 944.232666 710.707397
0 30 1341.784912 325.025299
0 31 513.838074 433.475830
0 32 1265.770264 305.243042
0 33 854.183472 668.310730
0 34 1026.278320 323.378662
0 35 299.625031 795.166260
0 36 828.852478 432.917877
0 37 1084.420410 318.722443
0 38 718.738281 395.485107
0 39 1150.151489 314.540222
