0 1578512666 902.541016 714.017151
0 1524823287 1802.094604 904.085266
0 1478234209 590.094910 432.900543
0 1707269176 883.172791 588.578430
0 1438989626 1074.808228 724.958557
0 1524801259 1524.453369 896.061951
0 1438992629 997.368530 688.423645
0 1478227200 459.476013 447.673676
0 1524854327 1471.389893 816.524414
0 1478249229 375.260620 461.517670
0 1524863340 1847.010010 1000.403076
0 1478229202 454.843201 458.919769
0 1568509654 992.448914 669.380432
0 1524790246 1808.075928 1003.988770
0 1578523681 994.933655 568.167297
0 1478207175 412.711121 438.346741
0 1524861337 1730.016846 824.057190
0 1478210178 497.224213 415.233856
0 1524862338 1526.695190 1029.903320
0 1478186149 489.420441 435.991547
0 1578518674 885.629211 604.487366
0 1438985621 970.539062 584.568359
0 1524857331 1741.618896 878.916992
0 1478203170 472.546173 415.946411
0 1438994632 866.387207 695.719543
0 1578520676 1035.401611 706.367126
0 1478237213 601.294678 501.562286
0 1568511657 864.064575 676.300415
0 1775370079 905.784302 735.022034
0 1478195160 619.007690 411.717407
0 1568510655 868.807983 715.959412
0 1478257240 576.803345 490.007660
0 1578521677 828.373840 641.314392
0 1524794250 1662.114258 829.038879
0 1524812272 1541.949707 865.535706
0 1769859072 893.582458 655.996765
0 1578525683 969.381775 710.168457
0 1770636073 826.906738 623.999756
0 1524846317 1837.078857 1038.751587
0 1524833300 1561.301758 893.152832
0 1568511656 1023.091309 566.914978
0 1438985620 978.806091 616.569641
0 1478185148 594.862976 412.414581
0 1707993177 764.450806 594.027832
0 1478189152 573.878540 502.574219
0 1524791247 1780.582886 971.035583
0 1524830296 1768.833740 1007.602966
0 2088218948 948.766113 618.039001
0 1524827292 1766.018188 907.042358
0 1606348170 941.573975 585.897827
0 1524855329 1467.673950 931.497192
0 1478183145 598.742737 514.506287
0 1438990627 861.834229 657.653076
0 1524840309 1718.365967 852.113037
0 1478222194 526.216248 479.701569
0 1709860179 766.650513 743.306030
0 1478188151 440.019684 494.903351
0 1438988624 918.557617 619.516724
0 1478243222 378.112762 509.799835
0 1524843313 1916.521606 1031.134155
0 1524858333 1856.352295 964.328003
0 1524811271 1486.322754 962.590149
0 1524859334 1828.540283 933.448181
0 1478216186 579.633606 477.847504
0 1524851324 1641.621094 804.475708
0 1524814275 1469.627930 871.038330
0 1578514668 825.494934 607.336426
0 1478184146 549.712646 490.977264
0 1524829294 1742.260132 974.428223
0 1478176143 462.848206 506.672302
0 1524860336 1433.080322 873.819031
0 1478222193 423.220428 471.431519
0 1438997636 987.722656 651.085205
0 1478194158 518.638489 504.613098
0 1478201168 438.397064 437.558105
0 1478187150 567.895752 423.237366
0 1478205172 463.966614 436.773041
0 1524838306 1608.707031 1022.350281
0 1568514660 851.892212 574.529175
0 1524865342 1401.676025 821.458679
0 2085418945 765.462463 662.681030
0 1524808268 1505.916870 868.277283
0 1478200167 511.078156 446.040009
0 1478194159 433.496399 448.496185
0 1568501643 855.645264 605.907898
0 1478239216 542.825562 516.634766
0 1524820283 1523.501221 839.208252
0 1438989625 796.009827 625.511108
0 1568505649 915.448059 603.074524
0 1478255237 617.024963 421.774506
0 1524804262 1417.007812 847.021179
0 1568506650 795.176758 608.772888
0 1478217187 610.704834 453.831818
0 1568505648 796.875549 642.905396
0 1568497640 909.564209 571.964172
0 1578511665 880.804932 573.243286
0 1478258241 539.984314 434.439056
0 1524796253 1625.497314 984.765015
0 1478206173 407.396576 449.322418
0 1524826291 1525.511841 959.252930
0 1578529688 765.741211 681.600098
0 1478233207 546.256958 413.818085
0 1708834178 888.179199 621.002625
0 1478189153 445.122559 482.516235
0 1568499641 936.065002 712.086853
0 1478245224 570.612915 413.114807
0 1524852325 1546.125122 991.791565
0 1478219190 371.648132 523.150696
0 1578525682 831.486877 678.056396
0 1478232206 412.258972 495.896942
0 1524818280 1597.884766 890.264648
0 1524850322 1590.832153 1062.363281
0 1438996635 853.734192 589.929688
0 1524832299 1619.048828 919.089233
0 1478242220 518.329834 424.713196
0 1438999639 1061.680542 684.841431
0 1478196161 562.209473 444.421265
0 1478252234 608.464355 465.196136
0 1524803261 1706.069458 881.723572
0 1478211179 362.845245 485.372009
0 1578523680 834.863892 717.913879
0 1578530689 1024.071899 667.675903
0 1568508653 1043.875122 630.429077
0 1524847319 1689.409424 1014.917725
0 1524810270 1505.894653 814.082214
0 1524835302 1581.625732 922.156799
0 1524821284 1885.639282 996.845398
0 1524799257 1641.298828 949.392944
0 1478233208 499.314941 480.635254
0 1608354172 764.937134 627.031006
0 1524835303 1452.751953 844.398804
0 1478251232 614.982117 432.136444
0 1524812273 1487.336792 898.992310
0 1706512175 1041.427490 726.945984
0 1438986622 801.768555 741.215088
0 1478211180 485.336365 446.854980
0 1524823286 1818.612671 967.668945
0 1478223195 582.373779 466.074341
0 1478244223 507.280762 457.208008
0 1438987623 797.775940 660.995117
0 1478193157 476.774597 469.628876
0 1478198164 543.167725 423.973633
0 1524862339 1693.072021 913.021667
0 1478236212 514.655518 517.707092
0 1478240217 546.326782 503.591125
0 1478214183 468.321289 426.202209
0 1578521678 1013.612793 631.957703
0 1524844314 1567.866699 1026.111572
0 1524848320 1593.282104 834.088745
0 1524806265 1602.996460 952.654602
0 1524787243 1715.470581 1050.412109
0 1478241219 467.644409 493.914612
0 1524799256 1543.924316 925.247070
0 1478190154 457.887299 519.867981
0 1478226198 472.284027 481.573517
0 1478208176 401.912781 460.647644
0 1478214184 603.762939 489.042725
0 2084722944 829.899353 659.319275
0 1578522679 960.638367 671.095032
0 1524825289 1908.595337 1071.393433
0 1774531078 1018.739990 649.467041
0 1525674169 964.920532 690.231079
0 1478197162 392.465546 428.460815
0 1524815276 1505.941406 928.360474
0 1768901071 836.662109 739.137512
0 1578526684 896.447937 674.554932
0 1478182144 493.381226 425.456024
0 1524853326 1548.592896 1066.413452
0 1478218189 570.854248 515.567871
0 1578513667 890.828369 638.159729
0 1438983618 857.629395 622.497009
0 1478224196 522.489929 491.951599
0 1478247227 447.759308 416.662109
0 1524792248 1674.990845 802.113770
0 1524795252 1876.960571 1034.927612
0 1524808267 1634.205078 887.397156
0 1478191155 434.744080 507.709595
0 1478236211 612.876404 442.817230
0 1478258242 397.856384 418.103027
0 1478212181 490.812653 505.640137
0 1478185147 552.988770 478.772308
0 1568502645 974.595886 600.272217
0 1568508652 859.690857 639.732544
0 1438984619 794.374512 592.654358
0 1659977623 907.843689 646.187256
0 1478209177 521.794312 414.524414
0 1438982617 925.145508 654.350037
0 1524805264 1627.815552 831.555237
0 1771287074 999.348999 583.245972
0 2087111947 833.140320 697.571411
0 1524817279 1505.968994 995.346436
0 1524795251 1649.219849 1018.619080
0 1478230204 503.361694 468.733917
0 1478230203 417.864166 427.704559
0 1524847318 1729.678223 910.021118
0 1578516671 938.171326 570.691833
0 1568513659 928.638611 672.819824
0 1578529687 1003.927673 598.882446
0 1524819282 1585.966553 988.264526
0 1478253235 495.134186 492.930695
0 1524836304 1679.312134 946.155884
0 1478243221 443.149170 426.951721
0 1568501644 793.601501 577.121643
0 1438998637 1038.386230 613.655273
0 1524816278 1540.167847 811.656372
0 1705773174 974.033997 730.958557
0 1524845316 1867.719360 1075.477417
0 1524842312 1826.501465 1079.595581
0 1568507651 1068.108154 704.483887
0 1438999638 799.689087 699.434692
0 1478252233 606.151550 476.927094
0 1438993630 871.333374 737.073242
0 1478237214 384.361237 496.895447
0 1524857332 1752.917847 849.484131
0 1478248228 529.823364 467.843231
0 1478225197 400.540924 522.050842
0 1524859335 1729.279419 1011.245850
0 1524832298 1664.720703 981.292603
0 1478200166 342.607513 524.256104
0 1478250231 587.600586 443.617401
0 1478245225 390.404175 484.415436
0 1438995633 1007.836792 728.945923
0 1524804263 1670.265747 884.550171
0 1524839308 1703.640381 977.847168
0 1524849321 1488.248901 841.794556
0 1568512658 1002.493408 708.261902
0 1568514661 983.178528 633.494995
0 1478231205 592.514587 422.504303
0 1773608077 899.431641 693.878906
0 1438977615 912.452271 587.234558
0 1524834301 1683.573608 854.760254
0 1607644171 824.135254 591.288330
0 1524800258 1796.872681 1042.606934
0 1568504647 800.706726 719.880676
0 1568500642 921.787781 636.595886
0 1478256239 533.316895 456.358093
0 1524815277 1574.211670 809.246826
0 1568503646 966.627380 569.426270
0 1478220191 396.251556 472.339294
0 1478207174 514.759399 435.213562
0 1524841311 1776.916748 876.130249
0 1478213182 417.829590 483.463562
0 1524813274 1613.257812 860.110229
0 1568516663 798.712952 679.822876
0 1578517672 766.334473 721.859741
0 1578527685 822.824829 575.821899
0 1478240218 559.232422 455.512085
0 1478215185 406.499329 508.752106
0 1524838307 1608.028809 806.853333
0 1478197163 536.702271 445.228790
0 1478221192 585.028076 454.669983
0 1524819281 1756.337891 1046.493530
0 2086284946 956.525085 652.712891
0 1524824288 1449.948975 901.944031
0 1524802260 1708.140381 799.767517
0 1478226199 481.123108 458.061859
0 1578518673 765.194641 644.505676
0 1438981616 940.017212 732.983887
0 1478238215 429.286957 520.956665
0 1609135173 1008.679077 615.108398
0 1524837305 1696.180542 826.539551
0 1524793249 1577.729126 862.813416
0 1568515662 1033.099731 597.500305
0 1568516664 1055.508911 665.981384
0 1438991628 1049.578369 647.858093
0 1478249230 486.343109 518.784790
0 1438996634 932.275452 692.049438
0 1578519675 764.689392 610.217407
0 1524829295 1791.650757 936.589539
0 1524864341 1648.538452 857.425842
0 1478255238 356.325500 497.898895
0 1438993631 1028.004761 581.930664
0 1524788244 1558.511475 836.639771
0 1772785076 766.031677 701.309509
0 1524828293 1564.401978 955.941223
0 1478203171 369.153625 473.251434
0 1524798255 1674.266724 1054.363037
0 1478199165 450.061127 470.528015
0 1578528686 952.570679 635.041016
0 1478192156 428.440033 459.781708
0 1478228201 565.095947 433.668060
0 1772037075 1029.621338 686.627136
0 1578515670 945.103149 601.669556
0 1524851323 1656.196533 916.044312
0 1478218188 381.175751 450.152557
0 1478202169 556.160400 466.956726
0 1478254236 386.907928 439.138977
0 1478246226 349.583405 510.852875
0 1524809269 1754.484863 939.754456
0 1524822285 1632.721924 1058.346558
0 1524841310 1436.651123 818.983154
0 1478235210 422.862976 417.380981
0 1578515669 764.220947 578.428345
0 1524854328 1717.039673 942.943176
0 2 107.748863 564.020874
0 7 387.722504 1008.665894
0 8 1389.730713 367.989258
0 9 1593.204712 488.496460
0 10 483.528564 1059.976685
0 12 1106.685303 278.643982
0 14 542.031921 172.491425
0 16 1722.400879 947.106812
0 17 880.528870 203.349045
0 21 967.432495 231.827072
0 23 621.836365 492.979767
0 24 374.157837 342.379608
0 25 604.836121 560.839966
0 26 530.426758 570.142456
0 27 831.158142 426.235565
0 28 1204.923462 731.602295
0 29 634.475464 458.227356
0 30 395.083099 371.623291
0 31 594.818237 714.291321
0 33 529.778748 618.603943
0 35 375.904358 294.810455
0 37 365.116852 394.436188
0 40 386.449982 313.728760
0 43 618.614502 165.035385
0 46 170.195786 282.424255
0 55 240.511200 194.703644
0 59 1788.859253 761.986511
0 104 620.660217 960.184692
0 105 1644.228149 1045.102173
0 108 1646.980225 876.420593
0 114 1513.787109 317.244080
0 118 1879.270508 373.077057
0 131 300.529175 407.987030
0 146 176.468094 312.112183
0 148 361.399292 268.451904
0 150 1225.206055 210.037781
0 151 1032.047852 254.472733
0 152 55.106567 180.875015
