0 1578512666 1037.097046 574.595093
0 1524823287 1352.911255 1020.402710
0 1478234209 1181.213501 383.637817
0 1707269176 1163.217529 519.750061
0 1438989626 1110.298218 628.642700
0 1524801259 1160.098755 859.045593
0 1438992629 1110.739868 591.549805
0 1478227200 1100.353027 368.068268
0 1524854327 1233.879150 812.585876
0 1478249229 1049.616333 361.025604
0 1524807266 940.807495 924.833984
0 1524863340 1232.527222 1063.191162
0 1524831297 990.952148 965.557861
0 1478229202 1087.059448 372.522797
0 1568509654 1129.680420 582.793213
0 1524790246 1198.789062 1038.047241
0 1578523681 1254.870361 541.437439
0 1478207175 1088.121582 356.217560
0 1524861337 1429.491577 958.133118
0 1478210178 1152.170532 358.790497
0 1524862338 999.892029 889.814758
0 1478186149 1126.483521 367.517059
0 1524797254 1045.538208 1009.888550
0 1578518674 1146.259155 527.124573
0 1438985621 1218.653809 541.658997
0 1524857331 1343.890137 976.330750
0 1478203170 1139.086060 355.089417
0 1438994632 1039.020508 558.298035
0 1578520676 1110.524658 609.625916
0 1478237213 1112.804321 418.130585
0 1568511657 1057.688232 550.335754
0 1775370079 1017.564026 583.089233
0 1478195160 1221.497803 378.400513
0 1568510655 1019.969543 566.423889
0 1478257240 1112.922363 408.221680
0 1578521677 1076.954346 527.637512
0 1524794250 1360.284790 916.985107
0 1524812272 1213.105103 860.157593
0 1769859072 1093.330566 550.141235
0 1578525683 1072.786255 591.621643
0 1770636073 1094.481445 520.301331
0 1524846317 1168.508789 1060.746216
0 1524833300 1187.713379 876.667664
0 1568511656 1274.879395 549.150818
0 1438985620 1184.163086 557.604736
0 1478185148 1207.086182 374.324005
0 1707993177 1095.534424 493.001007
0 1478189152 1098.605591 413.375519
0 1524791247 1228.025269 1016.130737
0 1524830296 1166.560791 1014.028320
0 2088218948 1165.276367 549.748779
0 1524827292 1317.472168 996.935974
0 1606348170 1199.695068 534.166443
0 1524855329 1082.108887 841.085022
0 1478183145 1098.216431 423.462799
0 1438990627 1075.984131 542.531982
0 1524840309 1369.437378 956.404358
0 1478222194 1099.342041 394.281708
0 1709860179 952.060059 550.911926
0 1478188151 1045.969482 386.291321
0 1438988624 1146.883545 542.098145
0 1478243222 1006.979614 382.690521
0 1524844315 1017.653931 987.243042
0 1524858333 1297.249390 1065.662964
0 1524811271 1055.507812 856.851440
0 1524859334 1325.573853 1042.631470
0 1478216186 1127.012573 403.149353
0 1524851324 1384.256836 899.014954
0 1524814275 1158.749878 826.693542
0 1578514668 1111.673706 513.105286
0 1478184146 1098.980469 403.655029
0 1524829294 1195.697388 992.999084
0 1478176143 1044.667480 395.311981
0 1524860336 1133.067505 810.882019
0 1478222193 1060.883301 373.065552
0 1438997636 1148.222778 574.220642
0 1478194158 1071.082642 404.158295
0 1478201168 1100.667603 359.912964
0 1478187150 1180.137329 374.872955
0 1478205172 1113.452515 363.678802
0 1524838306 1050.884644 927.818115
0 1568514660 1162.255615 505.734619
0 1524865342 1181.238892 782.330994
0 2085418945 1026.548096 520.846130
0 1524808268 1185.410034 843.106995
0 1478200167 1126.608887 375.963318
0 1478194159 1087.599365 364.233307
0 1568501643 1128.748291 520.026489
0 1478239216 1070.193359 413.864319
0 1524820283 1237.752319 844.131531
0 1438989625 1077.882202 513.396729
0 1568505649 1164.223389 534.406433
0 1478255237 1208.641968 383.099670
0 1524804262 1157.487183 796.408630
0 1568506650 1095.019287 506.354401
0 1478217187 1168.860962 397.640564
0 1568505648 1060.415405 520.574524
0 1568497640 1197.890991 519.471985
0 1578511665 1179.850098 512.517212
0 1478258241 1153.311890 375.419373
0 1524796253 1106.718628 929.331726
0 1478206173 1075.085815 360.470551
0 1524826291 1080.828979 874.270081
0 1578529688 1008.466858 528.144348
0 1478233207 1179.097778 366.407227
0 1708834178 1128.965332 534.645020
0 1478189153 1059.872070 381.632782
0 1568499641 1054.695923 582.991211
0 1478245224 1192.955444 370.326996
0 1524852325 1053.277100 891.092590
0 1478219190 992.741882 387.335693
0 1578525682 1040.856079 542.746948
0 1478232206 1033.365479 382.162872
0 1524818280 1216.437866 894.997986
0 1524850322 995.583435 926.318970
0 1438996635 1145.662476 512.812134
0 1524832299 1190.182861 912.648499
0 1478242220 1152.731445 366.963379
0 1438999639 1149.698486 609.612549
0 1478196161 1153.912598 384.173462
0 1478252234 1155.180176 402.641235
0 1524803261 1309.982788 954.693054
0 1478211179 1022.659363 369.707153
0 1578523680 1003.294739 558.468689
0 1578530689 1148.942383 591.477478
0 1568508653 1205.640869 582.592651
0 1524826290 965.359253 944.773071
0 1524847319 1106.245361 969.076965
0 1524810270 1261.687378 828.568542
0 1524835302 1161.543091 893.684082
0 1524799257 1163.093140 930.860046
0 1478233208 1085.922119 389.981018
0 1608354172 1061.690186 506.661621
0 1524835303 1183.256592 811.730286
0 1478251232 1195.587036 387.871552
0 1524812273 1133.531006 842.091553
0 1706512175 1090.674561 619.002991
0 1438986622 967.788757 558.638306
0 1478211180 1113.353760 371.977539
0 1524823286 1261.841064 1040.327026
0 1478223195 1140.881714 398.156647
0 1478244223 1113.251465 380.565277
0 1438987623 1042.609375 527.891663
0 1478193157 1086.500610 381.100250
0 1478198164 1166.301025 370.879669
0 1524862339 1251.118896 952.998657
0 1478236212 1056.616699 409.214081
0 1478240217 1084.701294 408.719086
0 1478214183 1126.362183 359.352997
0 1578521678 1185.740479 574.094177
0 1524844314 1024.875244 908.434082
0 1524848320 1296.582275 879.109802
0 1524806265 1134.557617 911.230347
0 1524787243 1076.398438 989.142212
0 1478241219 1058.825317 390.502228
0 1524799256 1134.026489 875.463379
0 1478190154 1030.289551 400.196503
0 1478226198 1072.768066 385.765533
0 1478208176 1061.860596 364.785309
0 1478214184 1127.157227 412.884277
0 2084722944 1059.082764 535.117920
0 1578522679 1110.944580 574.346252
0 1774531078 1167.537476 582.693298
0 1525674169 1092.067383 582.892517
0 1478197162 1088.626831 348.462219
0 1524815276 1107.568481 857.943604
0 1768901071 983.937378 566.570923
0 1578526684 1074.968262 558.126343
0 1478182144 1139.421021 363.121887
0 1524853326 970.803345 907.055542
0 1478218189 1084.056763 418.612823
0 1578513667 1111.325928 542.315735
0 1438983618 1111.503784 527.381775
0 1478224196 1085.322632 399.181427
0 1478247227 1126.244995 351.457153
0 1524792248 1418.087036 918.458740
0 1524808267 1246.340576 914.080200
0 1478191155 1031.854614 391.021057
0 1524856330 1074.685303 1033.559814
0 1478236211 1182.328247 392.717957
0 1478258242 1101.266235 344.391693
0 1478212181 1057.740845 399.690186
0 1478185147 1113.036011 398.670258
0 1568502645 1201.584106 549.550720
0 1568508652 1093.919067 534.882202
0 1438984619 1111.836304 499.443695
0 1659977623 1111.233887 550.043579
0 1478209177 1165.505493 362.562408
0 1438982617 1111.139893 557.953552
0 1524805264 1327.787354 897.663330
0 1771287074 1238.117676 549.351379
0 2087111947 1022.263733 550.528992
0 1524817279 1028.114136 873.087646
0 1524795251 1077.984741 948.015015
0 1478230204 1099.690796 385.237305
0 1478230203 1100.971802 352.025085
0 1524847318 1283.574219 974.489685
0 1578516671 1216.395874 526.605530
0 1568513659 1092.713867 566.127014
0 1578529687 1221.019043 557.428711
0 1524819282 1079.457642 909.825623
0 1478253235 1071.940430 394.798065
0 1524836304 1192.837036 951.321045
0 1478243221 1113.548096 355.654724
0 1568501644 1128.341919 492.660950
0 1438998637 1223.499634 573.966980
0 1524816278 1290.564087 845.165222
0 1705773174 1053.088135 600.539551
0 1524842312 1105.182983 1058.327759
0 1568507651 1130.218384 619.021362
0 1438999638 1005.939819 542.960571
0 1478252233 1141.280640 407.721863
0 1438993630 1000.523193 574.718323
0 1478237214 1021.005737 378.114441
0 1524857332 1404.824463 978.190674
0 1478248228 1113.145630 389.457367
0 1478225197 1005.009033 391.537415
0 1524859335 1135.743164 991.060852
0 1524832298 1135.128418 949.659912
0 1478200166 980.713806 383.215820
0 1478250231 1167.977295 388.402649
0 1478245225 1034.824951 373.605865
0 1438995633 1071.612427 609.639160
0 1524804263 1277.495361 933.961426
0 1524839308 1164.761108 970.863098
0 1524849321 1209.993164 827.626953
0 1568512658 1091.388306 600.496338
0 1568514661 1166.379761 565.826355
0 1478231205 1194.248169 378.945465
0 1773608077 1056.227661 566.275879
0 1438977615 1181.222534 526.865845
0 1524834301 1335.539429 935.534973
0 1607644171 1128.540527 506.045380
0 1524800258 1136.407471 1035.791626
0 1568504647 987.054993 550.721069
0 1568500642 1129.192505 549.945618
0 1478256239 1126.738647 384.706604
0 1524815277 1320.571777 862.412048
0 1568503646 1235.382568 533.924927
0 1478220191 1048.441772 369.163330
0 1478207174 1139.767456 371.429871
0 1524841311 1379.312378 998.935181
0 1478213182 1047.226807 377.580322
0 1524813274 1271.850220 896.324341
0 1568516663 1024.454346 535.352234
0 1578517672 971.233521 543.172974
0 1578527685 1145.091309 499.117859
0 1478240218 1140.497070 388.931244
0 1478215185 1019.294373 386.814697
0 1524838307 1351.778198 880.347900
0 1478197163 1140.125854 380.027832
0 1478221192 1154.535034 393.241669
0 1524819281 1105.735107 1011.947754
0 2086284946 1129.430542 565.977173
0 1524824288 1107.951538 825.768188
0 1524802260 1453.355103 938.728882
0 1478226199 1100.027588 376.504761
0 1578518673 1044.286011 513.686523
0 1438981616 1035.078979 591.692993
0 1478238215 1017.522461 395.823517
0 1609135173 1203.563721 565.674561
0 1524837305 1394.156616 937.124084
0 1524793249 1241.896362 877.883057
0 1568515662 1240.984619 565.521851
0 1568516664 1168.753296 600.409180
0 1438991628 1187.396240 591.404663
0 1478249230 1043.318359 404.659119
0 1438996634 1073.903442 574.471069
0 1578519675 1078.770020 499.767670
0 1524829295 1290.138672 1018.255493
0 1524864341 1303.038574 915.525635
0 1478255238 1008.883301 374.143768
0 1438993631 1258.107544 557.251587
0 1524788244 1266.593872 861.279724
0 1772785076 990.032166 535.585144
0 1524828293 1107.158569 892.382263
0 1478203171 1036.235596 365.334900
0 1524798255 1048.312134 967.308655
0 1478199165 1073.567261 377.043762
0 1578528686 1147.537354 557.779724
0 1478192156 1074.339355 368.617004
0 1478228201 1167.124390 379.487915
0 1772037075 1129.942627 600.452881
0 1578515670 1182.658813 541.879333
0 1524851323 1220.016113 932.403259
0 1478218188 1062.805664 356.777954
0 1478202169 1126.873169 393.762909
0 1478254236 1075.807861 352.590576
0 1478246226 994.903015 378.646179
0 1524809269 1256.270630 994.957397
0 1524822285 1021.397644 946.386169
0 1524841310 1207.081055 797.183655
0 1478235210 1113.640503 347.891876
0 1578515669 1111.992065 486.358154
0 1524854328 1223.867676 972.667175
0 0 1533.725342 225.167740
0 1 873.534363 847.496704
0 2 1876.440430 460.488312
0 3 1714.307739 306.177948
0 4 1636.500000 257.107300
0 6 518.932495 622.582520
0 7 680.977478 515.836792
0 8 1804.594116 446.710083
0 9 1729.384521 337.791595
0 10 583.274048 597.275269
0 11 1399.904419 227.000946
0 12 1856.615234 520.469177
0 13 636.959045 553.846680
0 14 851.543701 780.658691
0 16 1637.553101 246.274185
0 17 1817.025635 697.493408
0 19 1361.281372 237.908539
0 20 1719.943481 361.307007
0 21 1907.428955 558.881653
0 22 1044.701782 240.550079
0 23 907.778320 460.077332
0 24 1116.179565 309.365662
0 25 1063.782104 619.609985
0 26 1159.483887 618.729553
0 27 1000.122192 422.502960
0 28 1178.906738 374.951019
0 29 837.541504 492.932648
0 30 1193.959961 289.078156
0 31 1151.664917 653.713989
0 33 1421.522217 542.097595
0 35 1071.107422 318.697266
0 37 1071.108643 310.209412
0 39 1224.266113 209.034317
0 40 1100.060425 295.099548
0 43 1164.570435 880.114075
0 46 1022.075134 250.349503
0 53 1082.370483 908.585388
0 55 916.903076 268.293701
0 59 662.467041 315.058411
0 131 844.112305 687.194885
0 146 1520.999146 381.053741
0 151 594.856995 844.119263
0 153 460.956482 685.930176
0 159 0.000000 0.000000
0 161 0.000000 0.000000
0 164 0.000000 0.000000
0 165 563.475342 398.300659
0 170 1054.768188 263.064972
0 171 1154.687744 179.744400
0 173 1134.156616 175.543686
0 175 1422.937134 295.657837
0 177 1333.708984 204.815353
