0 1578512666 918.928101 623.491089
0 1524823287 1256.386353 985.900757
0 1478234209 1019.186462 462.450500
0 1707269176 1024.384521 579.528259
0 1438989626 994.136841 671.061768
0 1524801259 1073.154053 861.874207
0 1438992629 988.646057 639.577759
0 1478227200 942.795288 445.091064
0 1524854327 1129.640625 823.809265
0 1478249229 894.363953 436.415802
0 1524807266 889.423523 918.449219
0 1524863340 1163.450317 1022.187683
0 1524831297 941.193970 950.799133
0 1478229202 931.232971 448.422272
0 1568509654 1004.260010 632.510071
0 1524790246 1131.825317 1003.555298
0 1578523681 1108.518188 600.354919
0 1478207175 929.481262 433.988617
0 1524861337 1310.098511 936.338196
0 1478210178 988.859619 439.325531
0 1524862338 936.973267 888.754700
0 1478186149 966.772278 445.820404
0 1524797254 996.390503 985.289795
0 1578518674 1010.353333 585.377563
0 1438985621 1076.873291 599.641541
0 1524857331 1243.403076 952.048828
0 1478203170 976.297729 435.438721
0 1438994632 917.973511 609.458801
0 1578520676 991.326050 654.944824
0 1478237213 962.518982 489.765961
0 1568511657 933.790588 603.036194
0 1775370079 902.364197 630.396301
0 1478195160 1054.554688 459.652405
0 1568510655 901.771973 616.037537
0 1478257240 961.002930 481.073364
0 1578521677 947.678223 583.922913
0 1524794250 1249.083496 905.549622
0 1524812272 1118.745483 862.276245
0 1769859072 966.265320 603.757080
0 1578525683 954.348022 638.879517
0 1770636073 962.465881 578.071228
0 1524846317 1109.560669 1022.164490
0 1524833300 1099.455811 875.805359
0 1568511656 1127.009155 607.325500
0 1438985620 1048.867310 612.318542
0 1478185148 1041.016235 455.463470
0 1707993177 958.973755 554.463318
0 1478189152 948.700317 485.011078
0 1524791247 1153.238159 985.658386
0 1524830296 1101.241211 985.536133
0 2088218948 1030.887085 605.191650
0 1524827292 1224.537720 968.598572
0 1606348170 1059.030884 592.804504
0 1524855329 1002.380310 847.908569
0 1478183145 950.009155 493.859100
0 1438990627 949.236633 596.764160
0 1524840309 1261.587524 936.096558
0 1478222194 946.217102 468.223419
0 1709860179 835.704590 600.858704
0 1478188151 895.286255 458.778870
0 1438988624 1013.267456 598.207703
0 1478243222 857.956787 453.786865
0 1524843313 1174.443848 1061.512573
0 1524844315 968.343079 967.763794
0 1524858333 1217.036255 1022.210754
0 1524811271 981.313843 861.064453
0 1524859334 1237.092896 1003.703552
0 1478216186 973.075317 477.209381
0 1524851324 1266.278442 891.177856
0 1524814275 1067.194214 835.634705
0 1578514668 976.921692 572.350769
0 1478184146 947.437073 476.471100
0 1524829294 1122.884155 968.267395
0 1478176143 895.614807 466.744720
0 1524860336 1042.483643 822.864380
0 1478222193 906.968750 447.688843
0 1438997636 1019.492432 625.615112
0 1478194158 921.730347 475.730927
0 1478201168 941.727783 437.874237
0 1478187150 1016.828735 454.737000
0 1478205172 954.156738 441.817719
0 1524838306 988.347900 919.023071
0 1568514660 1021.333801 567.488708
0 1524865342 1080.090698 799.378967
0 2085418945 900.145691 576.604736
0 1524808268 1092.604736 848.766785
0 1478200167 968.269958 453.278656
0 1478194159 930.342957 441.088867
0 1568501643 993.475098 578.800903
0 1478239216 922.539185 484.269348
0 1524820283 1137.399414 849.192932
0 1438989625 946.184753 571.617859
0 1568505649 1027.566040 592.084595
0 1478255237 1043.775757 463.179169
0 1524804262 1061.584351 810.936035
0 1568506650 960.683777 566.023621
0 1478217187 1010.241272 474.151489
0 1568505648 931.356201 577.339172
0 1568497640 1055.194458 580.253235
0 1578511665 1038.101807 573.809753
0 1478258241 992.580078 454.008759
0 1524796253 1037.430664 919.307800
0 1478206173 918.074951 437.145935
0 1524826291 1006.395386 875.051636
0 1578529688 884.591919 582.458740
0 1478233207 1014.547485 447.273651
0 1708834178 995.997498 591.362244
0 1478189153 907.484131 455.264557
0 1568499641 936.449524 631.103394
0 1478245224 1027.682129 451.337646
0 1524852325 984.717041 889.106079
0 1478219190 845.276428 457.296844
0 1578525682 917.060608 596.038818
0 1478232206 882.752197 454.526642
0 1524818280 1126.537720 890.149597
0 1524850322 939.012939 918.736877
0 1438996635 1007.560486 573.081421
0 1524832299 1106.754761 904.611328
0 1478242220 990.689636 446.547943
0 1438999639 1026.309570 655.629150
0 1478196161 994.533936 461.719971
0 1478252234 998.645203 477.945648
0 1524803261 1212.826538 935.853638
0 1478211179 870.503967 442.892090
0 1578523680 884.969849 608.737671
0 1578530689 1022.821899 640.273560
0 1568508653 1071.594482 633.906921
0 1524826290 914.900757 934.369202
0 1524847319 1042.996216 951.220032
0 1524810270 1155.448608 836.533813
0 1524835302 1079.497559 889.803467
0 1524821284 1196.169922 1041.464966
0 1524799257 1086.263184 919.591064
0 1478233208 933.103699 463.836060
0 1608354172 930.214478 565.287598
0 1524835303 1086.161499 823.337891
0 1478251232 1032.800903 466.770111
0 1524812273 1047.598877 848.338684
0 1706512175 974.964417 662.566284
0 1438986622 851.852844 608.014221
0 1478211180 955.436218 449.153870
0 1524823286 1184.604980 1003.629639
0 1478223195 984.923767 473.417023
0 1478244223 956.758301 456.734619
0 1438987623 916.186707 583.192017
0 1478193157 932.152771 456.000519
0 1478198164 1003.660461 450.611572
0 1524862339 1163.813721 935.609375
0 1478236212 909.139038 479.591339
0 1478240217 935.105896 480.333374
0 1478214183 965.322510 438.600739
0 1578521678 1052.781006 626.318176
0 1524844314 962.270020 903.658813
0 1524848320 1191.617432 876.551758
0 1524806265 1058.835205 904.295471
0 1524787243 1020.134460 967.932556
0 1478241219 908.016968 463.097778
0 1524799256 1053.038696 875.429382
0 1478190154 882.981384 470.459656
0 1478226198 920.194275 459.516968
0 1478208176 906.470093 440.358185
0 1478214184 974.790466 485.750793
0 2084722944 932.547180 589.910522
0 1578522679 986.087830 624.909546
0 1524825289 1118.518677 1061.604126
0 1774531078 1037.986450 633.209717
0 1525674169 970.414551 631.807983
0 1478197162 928.646423 427.110596
0 1524815276 1027.343872 861.470337
0 1768901071 868.338318 615.319092
0 1578526684 950.864563 610.177429
0 1478182144 977.911743 442.544800
0 1524853326 913.620911 903.338135
0 1478218189 936.160767 489.024628
0 1578513667 981.305481 597.487122
0 1438983618 979.066895 584.651428
0 1478224196 934.087524 471.942261
0 1478247227 963.918457 431.608429
0 1524792248 1296.055664 905.859253
0 1524795252 1141.439209 1041.497070
0 1524808267 1154.434814 904.925659
0 1478191155 882.864807 462.357544
0 1524856330 1025.381592 1003.405518
0 1478236211 1021.624634 470.426941
0 1478258242 939.692139 424.112488
0 1478212181 908.568298 471.201965
0 1478185147 959.539246 472.680603
0 1568502645 1063.035400 605.905334
0 1568508652 964.324707 590.637634
0 1438984619 974.864014 560.552368
0 1659977623 982.461670 604.116638
0 1478209177 1001.608093 443.270081
0 1438982617 983.643494 610.893555
0 1524805264 1219.926514 890.836792
0 1771287074 1095.075806 606.616638
0 2087111947 901.205933 602.312805
0 1524817279 959.524048 874.672058
0 1524795251 1015.243713 934.869141
0 1478230204 945.038086 460.253204
0 1478230203 940.693909 430.884918
0 1524847318 1193.695923 951.843323
0 1578516671 1072.621460 586.822754
0 1568513659 968.293335 617.466919
0 1578529687 1081.313354 613.027405
0 1524819282 1010.674194 903.977966
0 1478253235 920.949158 467.485016
0 1524836304 1114.546997 935.363953
0 1478243221 952.917969 434.714539
0 1568501644 988.736023 555.200134
0 1438998637 1085.954102 627.018799
0 1524816278 1181.984253 849.617004
0 1705773174 937.873169 646.130737
0 1524845316 1086.391968 1041.529175
0 1524842312 1055.364868 1022.141235
0 1568507651 1010.431702 663.245422
0 1438999638 884.776733 595.311035
0 1478252233 986.830322 481.811401
0 1438993630 885.171692 622.778137
0 1478237214 870.410400 450.339661
0 1524857332 1292.850830 952.253357
0 1478248228 958.125183 464.572418
0 1478225197 857.646973 461.615417
0 1524859335 1071.647339 968.100403
0 1524832298 1065.024292 935.117188
0 1478200166 833.097534 453.045197
0 1478250231 1007.973511 466.039459
0 1478245225 882.643311 446.953522
0 1438995633 956.214478 654.257996
0 1524804263 1183.184570 920.153320
0 1524839308 1093.494507 951.428955
0 1524849321 1111.423584 836.085327
0 1568512658 972.635864 646.824768
0 1568514661 1034.357178 618.886536
0 1478231205 1030.198975 458.925751
0 1773608077 935.090088 616.753479
0 1438977615 1041.537964 586.101318
0 1524834301 1231.277222 920.432312
0 1607644171 991.056763 566.757263
0 1524800258 1078.751831 1003.480652
0 1568504647 868.510803 601.587036
0 1568500642 998.630676 604.475586
0 1478256239 969.817871 460.987518
0 1524815277 1209.278809 863.074463
0 1568503646 1090.392578 593.522034
0 1478220191 894.661316 443.626892
0 1478207174 979.578674 449.883636
0 1524841311 1274.958984 968.762878
0 1478213182 894.968628 451.077209
0 1524813274 1173.346802 890.494019
0 1568516663 900.664307 589.181030
0 1578517672 852.384521 594.580811
0 1578527685 1004.881531 561.286560
0 1478240218 983.081726 465.306885
0 1478215185 870.313660 458.038788
0 1524838307 1237.365356 876.922302
0 1478197163 981.301025 457.466858
0 1478221192 996.554504 469.694336
0 1524819281 1048.959473 985.413330
0 2086284946 1001.382080 618.177979
0 1524824288 1022.759277 835.182068
0 1524802260 1326.735962 920.986023
0 1478226199 943.898193 452.546722
0 1578518673 915.349304 570.882507
0 1438981616 919.927246 638.178772
0 1478238215 870.213684 466.002472
0 1609135173 1067.219116 619.592712
0 1524837305 1279.127075 920.709900
0 1524793249 1145.648193 876.179443
0 1568515662 1099.968384 620.296448
0 1568516664 1041.786011 648.205383
0 1438991628 1056.876221 640.966858
0 1478249230 895.954773 474.988678
0 1438996634 952.566650 624.201599
0 1578519675 944.752380 559.815857
0 1524829295 1204.952393 985.779846
0 1524864341 1201.877197 905.238403
0 1478255238 858.256409 446.216370
0 1438993631 1113.649414 613.733887
0 1524788244 1164.119873 862.676331
0 1772785076 868.675781 588.449219
0 1524828293 1032.224609 889.455627
0 1478203171 882.537964 439.625702
0 1524798255 992.230103 951.010132
0 1478199165 919.464478 451.812897
0 1578528686 1016.310913 611.607239
0 1478192156 918.758423 444.359924
0 1478228201 1005.781189 458.197205
0 1772037075 1007.273376 647.516357
0 1578515670 1045.123169 598.925781
0 1524851323 1134.847168 919.872925
0 1478218188 905.987244 433.260925
0 1478202169 971.418823 468.959839
0 1478254236 917.413086 430.159607
0 1478246226 845.789551 449.600220
0 1524809269 1173.846802 968.433411
0 1524822285 965.203186 934.619812
0 1524841310 1104.530518 811.428894
0 1478235210 951.717896 427.833435
0 1578515669 972.888672 549.226135
0 1524854328 1143.727051 951.636658
0 0 658.980164 716.187805
0 1 1464.643188 612.279175
0 2 886.062378 508.703186
0 3 518.208679 647.071106
0 4 689.005310 556.247070
0 5 1097.435059 907.515198
0 6 455.559326 506.861511
0 7 756.982910 611.921326
0 8 1103.655396 752.014832
0 9 924.726501 422.519897
0 10 706.199463 576.480896
0 11 1383.463379 737.923218
0 12 615.473755 453.517487
0 13 777.074219 807.523743
0 14 717.473267 431.414520
0 15 671.482178 605.238098
0 16 694.592163 759.437683
0 17 899.366211 406.512939
0 18 1514.138184 641.494629
0 19 1317.459229 508.782684
0 20 967.185730 432.666595
0 21 1071.074951 431.211578
0 22 1069.638306 469.112366
0 23 557.957947 466.220245
0 24 1373.218750 701.369751
0 25 1439.670288 540.584229
0 26 1219.116821 471.155243
0 27 1323.989136 756.010193
0 28 1142.125610 489.122772
0 29 1350.286743 501.273743
0 30 796.173889 535.861145
0 31 859.869995 832.050415
0 32 791.039429 513.312378
0 33 1460.572876 573.071960
0 34 624.413208 577.196350
0 35 993.362732 906.109314
0 36 749.301025 506.282227
0 37 829.345947 500.107849
0 38 1036.213135 455.341888
0 39 668.396057 540.003967
