0 1578512666 954.125854 366.629456
0 1524823287 486.498474 224.115219
0 1478234209 1306.890747 768.526123
0 1707269176 931.404663 462.645996
0 1438989626 827.002136 344.137970
0 1524801259 633.853027 244.542160
0 1438992629 870.510376 372.384857
0 1478227200 1502.970947 760.755127
0 1524854327 612.284546 272.026215
0 1478249229 1613.422852 745.471497
0 1524807266 713.745483 198.969788
0 1524863340 532.740967 201.699921
0 1524831297 672.046265 195.873489
0 1478229202 1494.398804 733.980164
0 1568509654 866.164856 385.010468
0 1524790246 553.838074 203.283142
0 1578523681 806.613342 467.860779
0 1478207175 1595.103027 797.067505
0 1524861337 459.183655 250.135696
0 1478210178 1487.838989 844.879028
0 1524862338 702.746582 214.457855
0 1478186149 1470.630005 784.741089
0 1524797254 630.515503 192.789734
0 1578518674 934.996216 447.468628
0 1438985621 842.091980 454.953278
0 1524857331 499.812744 234.253143
0 1478203170 1531.320190 849.303711
0 1438994632 978.232605 381.222412
0 1578520676 848.381470 358.018127
0 1478237213 1249.616089 618.511902
0 1568511657 975.651855 394.061218
0 1775370079 956.961792 354.645203
0 1478195160 1273.052490 823.022156
0 1568510655 980.730652 368.796051
0 1478257240 1288.261719 643.601868
0 1578521677 998.716370 423.453766
0 1524794250 504.782410 253.678436
0 1524812272 604.096436 251.689209
0 1769859072 945.044556 405.005646
0 1578525683 901.119324 362.312836
0 1770636073 996.354919 437.722504
0 1524846317 561.279663 195.638382
0 1524833300 611.390747 242.817947
0 1568511656 776.566101 465.249573
0 1438985620 852.222778 425.518494
0 1478185148 1315.663940 827.358337
0 1707993177 1051.691284 473.006622
0 1478189152 1285.006958 621.775146
0 1524791247 546.200500 211.129272
0 1524830296 574.978882 204.869614
0 2088218948 880.889954 427.945831
0 1524827292 508.378540 225.784958
0 1606348170 871.777649 457.510162
0 1524855329 685.124084 239.273041
0 1478183145 1247.229614 597.687317
0 1438990627 972.983887 407.333344
0 1524840309 491.009094 242.956528
0 1478222194 1365.961304 673.394043
0 1709860179 1062.108643 363.146332
0 1478188151 1470.915161 660.629089
0 1438988624 909.636414 430.379822
0 1478243222 1536.098022 644.927124
0 1524843313 519.653503 192.531265
0 1524844315 651.259888 194.330048
0 1524858333 503.511719 207.908142
0 1524811271 691.156250 230.778870
0 1524859334 495.118378 215.903763
0 1478216186 1291.659912 666.388733
0 1524851324 495.788086 262.918396
0 1524814275 649.683228 255.209427
0 1578514668 993.909180 452.499176
0 1478184146 1324.542236 646.984009
0 1524829294 567.612000 212.744888
0 1478176143 1427.762451 634.937988
0 1524860336 672.552734 256.975464
0 1478222193 1524.830444 712.103638
0 1438997636 861.673523 398.059875
0 1478194158 1356.145020 628.334473
0 1478201168 1553.451172 792.942810
0 1478187150 1352.884277 801.401978
0 1478205172 1511.960571 788.834045
0 1524838306 659.980530 211.248505
0 1568514660 958.169312 481.031525
0 1524865342 659.256531 275.698517
0 2085418945 1057.253052 414.353912
0 1524808268 626.864502 253.447357
0 1478200167 1422.456543 752.884155
0 1478194159 1543.456665 764.713013
0 1568501643 964.411133 449.980347
0 1478239216 1316.656860 604.021240
0 1524820283 596.595398 260.811707
0 1438989625 1025.421753 440.183685
0 1568505649 905.664062 444.963959
0 1478255237 1269.617188 793.045105
0 1524804262 665.999084 266.203949
0 1568506650 1023.490784 455.025146
0 1478217187 1260.257935 711.374573
0 1568505648 1027.286377 425.853088
0 1568497640 897.281494 475.740143
0 1578511665 927.680908 478.381958
0 1478258241 1388.445679 776.602417
0 1524796253 632.116211 217.612106
0 1478206173 1584.095703 768.685852
0 1524826291 669.188354 229.111969
0 1578529688 1058.527588 400.912170
0 1478233207 1401.403687 836.083313
0 1708834178 938.462524 432.820648
0 1478189153 1478.395630 683.994446
0 1568499641 927.588928 364.468445
0 1478245224 1358.447388 831.711975
0 1524852325 675.345398 220.873978
0 1478219190 1527.700562 623.275024
0 1578525682 1003.204224 396.338867
0 1478232206 1507.824341 664.069763
0 1524818280 588.977600 241.097504
0 1524850322 687.182495 205.036163
0 1438996635 961.346619 465.224976
0 1524832299 596.370361 232.499924
0 1478242220 1436.808838 809.824768
0 1524789245 527.418274 185.134476
0 1438999639 817.064880 368.000183
0 1478196161 1342.545410 745.072083
0 1478252234 1257.418335 686.595459
0 1524803261 522.031189 235.958664
0 1478211179 1592.025024 694.707581
0 1578523680 1007.403259 370.968140
0 1578530689 838.972290 382.762573
0 1568508653 800.890198 406.840271
0 1524826290 692.874756 197.420074
0 1524847319 617.391724 208.052444
0 1524810270 588.878906 270.196350
0 1524835302 618.486938 234.187744
0 1524821284 511.687317 200.119980
0 1524799257 603.565063 224.132553
0 1478233208 1403.307861 676.915100
0 1608354172 1054.569702 442.651703
0 1524835303 642.812378 264.402496
0 1478251232 1266.347290 764.511108
0 1524812273 656.364441 246.270157
0 1706512175 852.864380 346.228943
0 1438986622 1035.722656 361.013031
0 1478211180 1462.637939 756.812256
0 1524823286 524.833862 209.517029
0 1478223195 1295.210693 690.200439
0 1478244223 1415.778320 726.389587
0 1438987623 1029.087891 412.007416
0 1478193157 1447.739746 704.750000
0 1478198164 1394.763916 805.605042
0 1524862339 552.279785 229.135223
0 1478236212 1351.541626 607.203796
0 1478240217 1320.516357 625.049316
0 1478214183 1521.398804 818.314331
0 1578521678 828.921570 409.194366
0 1524844314 681.341431 212.851501
0 1524848320 550.585876 257.237061
0 1524806265 625.392944 225.788834
0 1524787243 624.038025 200.322876
0 1478241219 1434.133057 657.200195
0 1524799256 640.651367 235.879166
0 1478190154 1421.656616 613.600525
0 1478226198 1440.785767 680.448547
0 1478208176 1573.601318 741.626892
0 1478214184 1252.105103 640.231384
0 2084722944 1000.998230 409.667236
0 1578522679 893.428833 387.264221
0 1524825289 547.954773 186.659348
0 1774531078 834.031189 395.756927
0 1525674169 897.336609 374.585693
0 1478197162 1649.548584 831.175659
0 1524815276 662.863708 237.574280
0 1768901071 1009.403137 358.885071
0 1578526684 948.171997 391.789581
0 1478182144 1479.020264 814.061157
0 1524853326 708.317139 206.613739
0 1478218189 1281.886353 600.849060
0 1578513667 941.809937 418.674774
0 1438983618 967.368530 435.268158
0 1478224196 1360.947144 650.377686
0 1478247227 1574.978516 853.746399
0 1524792248 472.647369 261.109222
0 1524795252 540.445435 194.083237
0 1524808267 566.613464 239.380829
0 1478191155 1463.752441 638.256470
0 1524856330 609.812866 191.252502
0 1478236211 1263.230957 737.318420
0 1478258242 1662.830933 862.686340
0 1478212181 1391.893555 631.630676
0 1478185147 1328.745605 669.885254
0 1568502645 847.246887 439.975769
0 1568508652 970.224365 421.061005
0 1438984619 1021.489685 470.405273
0 1659977623 929.382080 410.606171
0 1478209177 1444.533813 840.472229
0 1438982617 917.179932 402.684204
0 1524805264 527.658447 255.455734
0 1771287074 812.491028 452.403656
0 2087111947 1005.338074 383.446136
0 1524817279 697.028259 222.510086
0 1524795251 638.664062 209.648819
0 1478230204 1409.402100 701.093018
0 1478230203 1606.661987 826.871460
0 1524847318 530.305603 227.458282
0 1578516671 866.970764 473.106049
0 1568513659 920.764465 389.523956
0 1578529687 818.161194 437.492157
0 1524819282 653.708069 219.241348
0 1478253235 1397.477295 653.783081
0 1524836304 581.783569 222.479813
0 1478243221 1563.945679 822.584412
0 1568501644 1019.414551 486.353943
0 1438998637 795.125122 420.683899
0 1524816278 565.526611 268.370636
0 1705773174 904.782898 350.426544
0 1524845316 568.532654 188.187332
0 1524842312 589.151978 189.718384
0 1568507651 822.112732 355.878906
0 1438999638 1032.513916 385.675659
0 1478252233 1254.703369 662.904419
0 1438993630 983.149536 356.762512
0 1478237214 1544.861206 667.522461
0 1524857332 468.541199 241.221558
0 1478248228 1371.201904 697.449219
0 1478225197 1492.235474 620.039490
0 1524859335 596.163330 206.459412
0 1524832298 610.569702 215.986298
0 1478200166 1563.283325 626.521240
0 1478250231 1302.814087 741.187988
0 1478245225 1554.014648 691.123901
0 1438995633 878.791260 348.325134
0 1524804263 544.297974 237.667877
0 1524839308 589.068298 214.363876
0 1524849321 619.677856 262.605103
0 1568512658 874.716919 360.162750
0 1568514661 857.028870 411.554810
0 1478231205 1311.169067 797.215332
0 1773608077 951.197510 379.004425
0 1438977615 901.548462 460.074402
0 1524834301 513.526733 244.695374
0 1607644171 991.374878 467.811401
0 1524800258 582.156433 197.196671
0 1568504647 1034.144043 373.145782
0 1568500642 913.472717 416.294983
0 1478256239 1376.684326 722.615173
0 1524815277 542.227539 266.549072
0 1568503646 836.748169 470.479584
0 1478220191 1563.584961 715.800415
0 1478207174 1429.458618 780.663940
0 1524841311 477.642700 232.551361
0 1478213182 1516.138428 687.552917
0 1524813274 558.711304 248.184555
0 1568516663 1030.829346 398.622498
0 1578517672 1060.953491 375.329010
0 1578527685 988.747009 483.688843
0 1478240218 1337.733398 718.854553
0 1478215185 1499.864014 641.586182
0 1524838307 518.981384 264.731659
0 1478197163 1382.425903 748.970764
0 1478221192 1298.924927 715.107727
0 1524819281 603.075806 198.758179
0 2086284946 889.389709 400.368927
0 1524824288 678.925293 248.001938
0 1524802260 449.559113 259.304169
0 1478226199 1455.016235 730.177856
0 1578518673 1055.934448 428.258972
0 1438981616 930.839722 352.533234
0 1478238215 1456.887817 616.814636
0 1609135173 823.634644 423.097870
0 1524837305 481.957581 251.905060
0 1524793249 581.378662 249.934921
0 1568515662 789.156799 435.015472
0 1568516664 811.850830 380.520569
0 1438991628 806.462280 393.460144
0 1478249230 1386.541504 610.396851
0 1438996634 924.232239 376.792236
0 1578519675 1053.156128 457.558258
0 1524829295 516.715820 217.542542
0 1524864341 536.093994 246.438019
0 1478255238 1582.026367 670.987000
0 1438993631 782.974365 449.861298
0 1524788244 573.564758 259.022400
0 1772785076 1059.760498 387.910980
0 1524828293 647.267334 227.448654
0 1478203171 1602.479858 719.510559
0 1524798255 645.043152 201.890762
0 1478199165 1486.215698 708.420227
0 1578528686 885.212463 413.921692
0 1478192156 1533.926880 737.796448
0 1478228201 1347.589966 772.556519
0 1772037075 843.753174 370.189697
0 1578515670 876.414490 442.466339
0 1524851323 574.301331 230.815781
0 1478218188 1624.889160 772.673767
0 1478202169 1333.138306 693.818298
0 1478254236 1636.916870 801.208313
0 1478246226 1572.454712 648.279419
0 1524809269 538.359131 219.184830
0 1524822285 666.091248 203.461853
0 1524841310 635.743652 273.860291
0 1478235210 1618.815063 858.207214
0 1578515669 1050.172241 489.026855
0 1524854328 560.048340 220.830566
0 0 794.416809 620.129333
0 1 1259.202393 415.792664
0 2 277.433258 644.614563
0 3 687.895569 608.825073
0 4 680.846680 724.485229
0 5 1696.324097 689.509277
0 6 221.669724 505.207733
0 7 1167.899536 552.433411
0 8 1205.547852 315.920074
0 9 758.470947 163.690460
0 10 1177.001099 610.492065
0 11 984.011963 173.614960
0 12 480.318665 290.318848
0 13 694.792786 172.846344
0 14 518.892334 225.238297
0 15 303.989868 550.546143
0 16 995.416931 637.244568
0 17 706.369812 156.288803
0 18 1497.550781 291.199158
0 19 545.624634 344.932892
0 20 873.922791 181.654572
0 21 785.051208 241.161972
0 22 995.268311 190.722626
0 23 310.799652 452.180847
0 24 1578.043945 359.000275
0 25 677.043335 227.184982
0 26 604.376526 266.877655
0 27 1572.671265 320.452515
0 28 1069.344971 200.113770
0 29 1143.041260 282.350159
0 30 384.394684 650.282471
0 31 1255.186157 649.541382
0 32 423.805176 369.811127
0 33 834.891846 223.618561
0 34 325.891632 499.609589
0 35 1502.903564 681.674744
0 36 218.848175 614.291138
0 37 468.743805 328.426422
0 38 933.850586 188.532928
0 39 405.461304 413.229828
