0 1578512666 956.839783 584.358093
0 1524823287 1816.771729 833.002808
0 1478234209 740.969727 333.637512
0 1707269176 969.458984 479.419037
0 1438989626 1115.359375 607.153198
0 1524801259 1516.932495 794.092224
0 1438992629 1051.283203 570.630310
0 1478227200 625.001099 339.790802
0 1524854327 1486.033813 720.668152
0 1478249229 551.472961 347.125793
0 1524807266 1501.545898 974.053894
0 1524863340 1833.297852 922.461792
0 1524831297 1594.530396 978.487793
0 1478229202 618.780579 348.728546
0 1568509654 1051.479858 554.428284
0 1524790246 1788.338013 920.436096
0 1578523681 1079.806641 469.525116
0 1478207175 587.356323 330.092224
0 1524861337 1763.780273 754.353027
0 1478210178 663.981262 314.900330
0 1524862338 1477.979736 906.452759
0 1478186149 652.954651 331.606201
0 1524797254 1688.200439 982.954407
0 1578518674 967.845520 492.836945
0 1438985621 1052.361572 481.802399
0 1524857331 1757.671997 803.854309
0 1478203170 642.656799 314.422943
0 1438994632 928.191345 566.651672
0 1578520676 1082.651245 588.509827
0 1478237213 735.847961 390.834900
0 1568511657 930.699341 550.603088
0 1775370079 954.749573 601.739929
0 1478195160 771.163818 317.299774
0 1568510655 925.585327 583.326660
0 1478257240 716.991272 380.086761
0 1578521677 906.510864 519.368713
0 1524794250 1686.653564 751.375488
0 1524812272 1544.991455 769.994141
0 1769859072 962.647339 536.063171
0 1578525683 1019.586182 586.428711
0 1770636073 909.267517 505.033661
0 1524846317 1808.592163 954.110657
0 1524833300 1556.740356 795.706482
0 1568511656 1107.153198 470.296936
0 1438985620 1052.027832 509.295776
0 1478185148 749.652283 316.818207
0 1707993177 859.778381 476.265808
0 1478189152 711.758911 390.222687
0 1524791247 1769.153320 888.539734
0 1524830296 1743.535522 918.417480
0 2088218948 1023.343994 508.439423
0 1524827292 1775.153687 831.271729
0 1606348170 1024.665894 481.006195
0 1524855329 1447.013184 817.623047
0 1478183145 730.820496 401.303162
0 1438990627 933.114929 535.146423
0 1524840309 1741.026489 777.748352
0 1478222194 675.426025 369.102570
0 1709860179 827.744141 597.459229
0 1478188151 599.008118 377.137756
0 1438988624 994.726318 507.585052
0 1478243222 544.449951 385.970703
0 1524843313 1901.263062 958.404480
0 1524844315 1641.279297 980.716980
0 1524858333 1856.779053 892.381409
0 1524811271 1456.810425 845.727173
0 1524859334 1836.259155 861.925842
0 1478216186 722.069580 370.249481
0 1524851324 1672.409912 727.694092
0 1524814275 1467.416992 766.925720
0 1578514668 911.927979 491.199005
0 1478184146 693.303528 379.494690
0 1524829294 1725.564453 886.628662
0 1478176143 615.873413 387.785858
0 1524860336 1428.807495 765.398499
0 1478222193 589.584534 357.373047
0 1438997636 1051.669189 538.826660
0 1478194158 663.722229 389.001923
0 1478201168 609.183289 330.595947
0 1478187150 723.606018 324.617798
0 1478205172 631.049377 331.100616
0 1524838306 1565.882935 910.413269
0 1568514660 943.969299 465.691223
0 1524865342 1412.244507 717.886475
0 2085418945 844.938354 532.409119
0 1524808268 1506.144775 768.457581
0 1478200167 669.456909 340.832886
0 1478194159 602.833740 339.271179
0 1568501643 939.855164 492.017059
0 1478239216 681.958496 400.040283
0 1524820283 1533.787231 745.474060
0 1438989625 880.911926 504.187134
0 1568505649 995.899170 493.658691
0 1478255237 767.173706 325.608032
0 1524804262 1420.334839 741.094238
0 1568506650 884.063721 490.382782
0 1478217187 754.517578 351.960785
0 1568505648 877.646362 518.490112
0 1568497640 998.125977 467.219757
0 1578511665 971.018005 466.454651
0 1478258241 696.883179 332.620056
0 1524796253 1595.684570 880.934448
0 1478206173 580.706543 338.752502
0 1524826291 1498.416138 847.503357
0 1578529688 840.881226 547.758484
0 1478233207 706.741882 315.857605
0 1708834178 966.174438 506.732635
0 1478189153 605.792175 367.390320
0 1568499641 988.173279 585.392029
0 1478245224 728.178345 316.337463
0 1524852325 1509.829346 877.170288
0 1478219190 536.532654 396.281647
0 1578525682 900.687317 549.652588
0 1478232206 575.547607 376.551331
0 1524818280 1596.673706 797.325806
0 1524850322 1534.544189 941.412903
0 1438996635 941.947571 478.628113
0 1524832299 1610.024658 824.403320
0 1478242220 680.192505 323.631104
0 1438999639 1113.289551 572.634460
0 1478196161 714.074707 341.878754
0 1478252234 750.053589 361.255646
0 1524803261 1717.231567 802.214478
0 1478211179 536.553345 365.687775
0 1578523680 894.409668 582.297852
0 1578530689 1081.859375 555.390442
0 1568508653 1110.467773 525.576782
0 1524826290 1547.952881 976.266785
0 1524847319 1654.399536 914.401428
0 1524810270 1523.090698 722.065125
0 1524835302 1569.074951 822.700073
0 1524821284 1878.415771 924.494629
0 1524799257 1624.059082 852.867004
0 1478233208 652.170654 368.530731
0 1608354172 852.621338 503.342499
0 1524835303 1458.039307 742.549744
0 1478251232 763.072449 334.147614
0 1524812273 1477.249146 792.483093
0 1706512175 1083.071045 606.064941
0 1438986622 859.373169 598.525269
0 1478211180 647.208801 340.311371
0 1524823286 1812.891357 890.457336
0 1478223195 727.000427 360.697845
0 1478244223 663.859314 349.801971
0 1438987623 874.260620 533.319397
0 1478193157 635.218567 358.477173
0 1478198164 701.880066 324.124023
0 1524862339 1692.322021 827.826416
0 1478236212 657.600281 399.410706
0 1478240217 687.717041 389.611725
0 1478214183 636.932373 322.647858
0 1578521678 1081.125244 524.683716
0 1524844314 1521.855103 908.429565
0 1524848320 1609.990479 748.415894
0 1524806265 1582.039673 851.073181
0 1524787243 1670.831421 947.727600
0 1478241219 622.513916 377.725281
0 1524799256 1528.256836 821.002319
0 1478190154 609.029053 398.155334
0 1478226198 628.959473 367.959991
0 1478208176 573.867615 347.659058
0 1478214184 740.724915 380.679993
0 2084722944 903.652710 534.231812
0 1578522679 1021.174377 553.468506
0 1524825289 1877.628052 991.987000
0 1774531078 1081.485596 539.752319
0 1525674169 1020.395508 569.631958
0 1478197162 572.327942 321.179535
0 1524815276 1487.569824 819.309937
0 1768901071 891.083618 599.594055
0 1578526684 960.784363 551.555908
0 1478182144 658.543335 323.139069
0 1524853326 1489.438354 939.322937
0 1478218189 706.365173 400.671112
0 1578513667 964.442932 521.132080
0 1438983618 937.688293 505.882172
0 1478224196 669.661438 378.903748
0 1478247227 621.369507 313.946411
0 1524792248 1710.015259 729.111694
0 1524795252 1854.843994 956.253662
0 1524808267 1636.732910 798.950195
0 1478191155 592.019043 387.179626
0 1524856330 1735.295044 985.200012
0 1478236211 758.855469 342.928406
0 1478258242 578.905823 312.995789
0 1478212181 639.774414 388.393280
0 1478185147 698.725586 369.675476
0 1568502645 1052.197632 495.307800
0 1568508652 935.442993 520.249390
0 1438984619 887.107422 477.051514
0 1659977623 978.211182 528.979858
0 1478209177 685.342957 315.378540
0 1438982617 992.250488 536.982117
0 1524805264 1648.264404 749.893494
0 1771287074 1080.119263 482.600372
0 2087111947 897.608521 565.663147
0 1524817279 1467.118896 875.297791
0 1524795251 1610.064209 912.403870
0 1478230204 658.099609 359.030792
0 1478230203 593.824829 321.668121
0 1524847318 1733.670776 829.546265
0 1578516671 1025.293213 467.986511
0 1568513659 990.942505 552.511047
0 1578529687 1080.442749 496.135162
0 1524819282 1552.684204 879.049194
0 1478253235 646.064941 378.313934
0 1524836304 1666.217773 854.666809
0 1478243221 615.359558 322.157562
0 1568501644 890.048645 464.169403
0 1438998637 1109.594604 511.014435
0 1524816278 1560.256226 723.466125
0 1705773174 1018.744446 603.896851
0 1524845316 1830.007812 989.716248
0 1524842312 1782.563721 987.453979
0 1568507651 1114.304077 589.554382
0 1438999638 867.101257 564.677063
0 1478252233 745.458069 370.824585
0 1438993630 922.875610 600.665588
0 1478237214 552.132080 375.966064
0 1524857332 1780.597778 779.313660
0 1478248228 681.023499 359.585419
0 1478225197 560.650269 396.904968
0 1524859335 1698.889648 916.405945
0 1524832298 1638.830811 882.826050
0 1478200166 512.462769 395.659546
0 1478250231 736.444641 342.403107
0 1478245225 559.589233 366.254211
0 1438995633 1050.866211 604.979492
0 1524804263 1676.918701 800.579712
0 1524839308 1682.123901 884.724121
0 1524849321 1495.856567 744.009766
0 1568512658 1051.078735 587.467957
0 1568514661 1051.851807 523.792664
0 1478231205 745.370544 325.112488
0 1773608077 958.849854 567.642639
0 1438977615 997.031738 480.211731
0 1524834301 1701.577515 776.187927
0 1607644171 914.497070 477.838928
0 1524800258 1762.506714 951.975342
0 1568504647 863.312500 581.271667
0 1568500642 993.510803 522.016846
0 1478256239 686.461060 350.340210
0 1524815277 1597.531006 724.871338
0 1568503646 1052.520020 468.754974
0 1478220191 566.831421 356.822540
0 1478207174 674.899170 332.112640
0 1524841311 1798.240967 805.499451
0 1478213182 582.668884 366.821716
0 1524813274 1623.043457 773.081482
0 1568516663 870.748047 548.704407
0 1578517672 832.293457 580.247986
0 1578527685 916.979553 464.929474
0 1478240218 709.104675 350.879395
0 1478215185 568.211304 386.574585
0 1524838307 1634.915283 726.280640
0 1478197163 691.745483 341.355347
0 1478221192 731.790100 351.419556
0 1524819281 1716.586792 949.847656
0 2086284946 1021.924316 537.903320
0 1524824288 1437.690063 790.878906
0 1524802260 1747.731567 730.533508
0 1478226199 641.299133 349.264771
0 1578518673 848.849182 517.613586
0 1438981616 986.705688 602.817017
0 1478238215 584.815674 397.529541
0 1609135173 1080.777954 510.154114
0 1524837305 1725.158569 752.862000
0 1524793249 1583.957397 771.535461
0 1568515662 1108.752197 496.964417
0 1568516664 1112.313477 556.354919
0 1438991628 1111.373535 540.680115
0 1478249230 633.290588 398.782410
0 1438996634 989.584473 568.635986
0 1578519675 856.262146 489.568420
0 1524829295 1793.536377 860.102051
0 1524864341 1662.249878 774.632385
0 1478255238 528.761414 375.381866
0 1438993631 1107.938843 483.400177
0 1524788244 1571.831665 746.942749
0 1772785076 836.669189 563.693359
0 1524828293 1540.158936 849.285278
0 1478203171 544.120667 356.273041
0 1524798255 1625.239746 945.615234
0 1478199165 612.380249 357.924591
0 1578528686 1022.647034 522.903748
0 1478192156 596.303467 348.193298
0 1478228201 718.906555 333.128296
0 1772037075 1082.247681 571.631165
0 1578515670 1024.016479 494.482330
0 1524851323 1651.106934 826.112122
0 1478218188 558.619385 338.234741
0 1478202169 703.990417 360.141113
0 1478254236 565.568359 329.589355
0 1478246226 520.734863 385.368011
0 1524809269 1750.955688 858.284241
0 1524822285 1579.811035 943.510254
0 1524841310 1449.085327 719.275269
0 1478235210 600.119202 313.470673
0 1578515669 863.176208 463.410950
0 1524854328 1708.516357 856.472473
0 0 1713.526489 423.227051
0 1 80.130318 432.168091
0 3 932.924011 979.763855
0 4 1834.276001 771.047729
0 6 559.338318 824.440491
0 7 505.947083 761.695984
0 8 734.889221 109.637894
0 9 1776.500366 487.736816
0 10 772.999023 961.741760
0 11 1389.813477 259.710693
0 12 694.161987 129.040695
0 13 455.525665 817.700317
0 14 1155.555786 188.800262
0 16 1129.883911 170.092651
0 17 731.837830 123.900467
0 19 1637.092041 390.620392
0 20 1276.059326 1030.593750
0 21 1038.135498 139.784653
0 22 354.589294 213.150635
0 23 766.724915 345.236877
0 24 605.331421 262.439087
0 25 715.713989 395.258820
0 26 682.580627 366.008759
0 27 1216.981567 581.689819
0 28 1255.272339 383.790344
0 29 1195.311523 401.378693
0 30 597.529419 205.094131
0 31 1064.626221 346.845886
0 33 1049.843872 604.684204
0 35 634.071411 209.992111
0 37 515.646912 280.335815
0 39 310.528534 230.142975
0 40 596.774475 238.379013
0 43 959.669922 119.581261
0 46 451.639709 160.905334
0 53 4.061709 435.262238
0 55 286.948059 218.693909
0 59 1596.080200 347.218170
0 131 1480.378174 256.800293
0 182 1633.536133 901.580444
0 185 1651.542236 820.905823
0 210 478.532990 310.636841
0 213 443.397888 337.812347
0 218 49.754295 573.089417
0 227 19.653381 933.962524
0 229 231.040771 367.679138
0 231 453.364014 190.290527
0 232 128.750153 96.316536
0 234 150.546188 103.070496
0 235 475.535370 111.380295
0 236 431.127106 100.588310
0 238 562.998657 108.761978
0 242 1375.049194 195.619049
