0 1578512666 891.985718 521.797852
0 1707269176 869.993774 740.543396
0 1438989626 704.405640 478.835358
0 1438992629 770.633240 539.018494
0 1568509654 765.267761 567.456482
0 1578523681 681.252014 763.006714
0 1578518674 873.565063 705.021179
0 1438985621 734.672852 729.614197
0 1438994632 928.594604 552.594666
0 1578520676 736.887329 508.352478
0 1568511657 926.547791 581.193115
0 1775370079 894.633484 495.461792
0 1568510655 930.559448 525.141724
0 1578521677 964.038391 645.621277
0 1769859072 883.364746 607.547119
0 1578525683 814.597717 515.089111
0 1770636073 962.645325 678.161987
0 1568511656 634.714539 759.294983
0 1438985620 747.731750 660.400391
0 1707993177 1048.904907 754.993164
0 2088218948 790.913086 663.969116
0 1606348170 779.888916 733.266052
0 1438990627 924.413696 611.010193
0 1709860179 1045.428711 508.641693
0 1438988624 833.994812 667.529663
0 1578514668 961.188904 712.182373
0 1438997636 759.672607 597.111694
0 1568514660 912.216553 781.427979
0 2085418945 1047.019165 621.354004
0 1568501643 917.428528 708.606018
0 1438989625 1005.331787 681.689819
0 1568505649 829.597961 701.427917
0 1568506650 1004.846436 715.750366
0 1568505648 1005.796021 649.109070
0 1568497640 820.173584 774.086853
0 1578511665 866.251953 777.761963
0 1578529688 1046.596802 591.417969
0 1708834178 876.977173 671.081909
0 1568499641 853.331909 518.446960
0 1578525682 966.650391 584.608765
0 1438996635 914.883301 744.168945
0 1438999639 691.148315 532.187073
0 1578523680 969.053284 528.478699
0 1578530689 724.729004 564.003662
0 1568508653 669.083008 620.985291
0 1608354172 1047.920288 685.209534
0 1706512175 742.606628 482.174225
0 1438986622 1007.844543 505.356720
0 1438987623 1006.240540 617.913635
0 1578521678 711.505859 624.528687
0 2084722944 965.372192 614.465759
0 1578522679 805.718750 570.901794
0 1774531078 718.259094 593.617737
0 1525674169 810.249268 542.423340
0 1768901071 970.184082 502.065125
0 1578526684 886.358459 577.770081
0 1578513667 880.240601 638.622070
0 1438983618 919.860596 674.626038
0 1568502645 741.351624 694.215881
0 1568508652 922.186707 642.125671
0 1438984619 1004.338501 751.393799
0 1659977623 861.038452 621.172546
0 1438982617 842.225220 604.076294
0 1771287074 689.347168 725.953430
0 2087111947 967.876404 555.970825
0 1578516671 773.981079 770.402588
0 1568513659 846.082275 574.339661
0 1578529687 697.071655 690.596985
0 1568501644 1003.806396 788.733032
0 1438998637 661.068542 653.238037
0 1705773174 818.774902 488.831573
0 1568507651 697.910583 504.973633
0 1438999638 1007.075256 559.339783
0 1438993630 932.447144 498.766785
0 1438995633 780.729614 485.506287
0 1568512658 775.782959 511.724304
0 1568514661 753.832764 628.063965
0 2079485312 861.041443 621.117188
0 1773608077 889.229675 549.211365
0 1438977615 824.995789 736.909119
0 1607644171 959.664673 747.785645
0 1568504647 1007.467590 531.808838
0 1568500642 838.199768 635.110657
0 1568503646 727.674011 766.709290
0 1568516663 1006.666626 588.016968
0 1578517672 1045.802368 535.132019
0 1578527685 958.067871 785.085022
0 2086284946 800.994507 600.597839
0 1578518673 1047.459839 652.588989
0 1438981616 856.742798 492.150055
0 1609135173 704.450256 656.823364
0 1568515662 652.686584 686.969543
0 1568516664 684.102112 560.543396
0 1438991628 676.753601 590.116150
0 1438996634 849.781311 545.820984
0 1578519675 1048.401367 719.309937
0 1438993631 643.911438 722.283875
0 1772785076 1046.191528 562.701660
0 1578528686 796.063965 631.591370
0 1772037075 730.933044 535.606384
0 1578515670 785.526917 697.826172
0 1578515669 1049.432373 792.372009
0 0 1137.430054 415.673157
0 1 1079.083252 476.881775
0 2 1174.389893 475.007294
0 3 709.244263 362.623108
0 4 982.754883 748.996887
0 5 1377.599731 869.758850
0 6 1281.571777 651.815430
0 7 895.568359 832.543152
0 8 1375.658936 967.960449
0 9 587.063904 721.006958
