0 1578512666 982.887817 628.426147
0 1707269176 832.193298 567.686462
0 1438989626 1094.985474 572.406677
0 1438992629 1014.776917 580.389343
0 1568509654 992.437927 572.116394
0 1578523681 886.735962 515.771362
0 1578518674 852.182373 575.743286
0 1438985621 888.334229 533.562988
0 1438994632 940.321716 632.728455
0 1578520676 1054.936890 576.392456
0 1568511657 917.664062 623.323730
0 1775370079 1006.653992 638.005432
0 1568510655 963.569214 642.377991
0 1578521677 853.889526 618.334595
0 1769859072 915.112915 601.108398
0 1578525683 1019.913818 601.686035
0 1770636073 832.832092 609.327942
0 1568511656 904.125122 505.430389
0 1438985620 928.527893 548.448181
0 1707993177 750.083435 617.594238
0 2088218948 910.390442 559.986877
0 1606348170 870.099121 544.646667
0 1438990627 895.574097 614.154541
0 1709860179 926.210815 697.746094
0 1438988624 891.772034 571.831482
0 1578514668 812.290039 600.541748
0 1438997636 970.629028 564.039795
0 1568514660 792.936523 571.551819
0 2085418945 833.541443 655.574219
0 1568501643 832.504517 587.975647
0 1438989625 812.085144 622.526733
0 1568505649 871.344482 563.831482
0 1568506650 791.516479 613.455200
0 1568505648 833.177246 631.829102
0 1568497640 831.897156 548.382812
0 1578511665 812.669434 559.817017
0 1578529688 855.788025 665.698181
0 1708834178 872.653381 583.994446
0 1568499641 1001.661865 614.867615
0 1578525682 897.630249 637.043396
0 1438996635 812.484497 579.665771
0 1438999639 1049.059082 556.290283
0 1578523680 943.681885 656.740601
0 1578530689 1009.897278 560.159790
0 1568508653 984.105469 533.496887
0 1608354172 790.749084 636.100342
0 1706512175 1078.286621 584.807922
0 1438986622 947.235168 682.132446
0 1438987623 854.812927 641.371155
0 1578521678 966.942810 544.678650
0 2084722944 875.482056 627.570190
0 1578522679 974.505066 584.397339
0 1774531078 988.168579 552.328613
0 1525674169 996.929749 592.935242
0 1768901071 967.632324 666.984680
0 1578526684 937.139343 609.986450
0 1578513667 893.624023 592.447021
0 1438983618 853.013855 596.488647
0 1568502645 908.200806 540.920349
0 1568508652 874.030701 605.212402
0 1438984619 771.451965 604.606140
0 1659977623 913.886597 590.430420
0 1438982617 934.120911 588.416565
0 1771287074 906.114807 522.755676
0 2087111947 920.355957 646.763611
0 1578516671 850.638916 537.237488
0 1568513659 956.079041 597.015991
0 1578529687 925.932068 529.897949
0 1568501644 751.873230 595.971252
0 1438998637 963.432678 526.242432
0 1705773174 1043.478638 610.657898
0 1568507651 1071.747314 564.251953
0 1438999638 899.801514 661.212585
0 1438993630 987.429871 652.282043
0 1438995633 1061.124268 597.553467
0 1568512658 1037.665405 588.865845
0 1568514661 949.331665 556.152588
0 2079485312 913.882080 590.381470
0 1773608077 959.723877 619.089539
0 1438977615 851.391602 556.017334
0 1607644171 792.244690 591.967896
0 1568504647 923.200378 671.532288
0 1568500642 912.691528 580.024170
0 1568503646 868.912720 526.370483
0 1568516663 877.013550 651.162354
0 1578517672 902.097656 686.772644
0 1578527685 772.678162 583.598938
0 2086284946 952.619568 576.064880
0 1578518673 811.869141 645.711609
0 1438981616 1025.329224 624.136414
0 1609135173 946.202820 537.203735
0 1568515662 943.221802 519.150085
0 1568516664 1026.901489 548.514832
0 1438991628 1005.256104 540.919067
0 1438996634 978.585754 605.830322
0 1578519675 770.160400 626.730835
0 1438993631 923.457520 512.214478
0 1772785076 878.632019 676.093933
0 1578528686 931.254150 567.930359
0 1772037075 1032.146973 568.178833
0 1578515670 890.010986 552.227722
0 1578515669 730.499207 608.681885
0 0 1127.417969 550.862732
0 1 970.897522 668.286011
0 2 1041.278809 613.317261
0 3 1219.771606 457.738220
0 4 916.645874 470.869934
0 5 506.414062 624.014038
0 6 745.575256 539.737061
0 7 946.037781 446.715088
0 8 660.224731 667.747375
0 9 792.385925 448.239960
