0 1578512666 1016.486755 580.870789
0 1524823287 1119.791260 367.301300
0 1478234209 384.790039 839.841370
0 1707269176 825.448669 601.527405
0 1438989626 1015.724243 521.251099
0 1524801259 1139.140503 416.063080
0 1438992629 975.221558 548.121338
0 1478227200 385.051819 962.226318
0 1524854327 1077.224609 421.807312
0 1478249229 403.748444 1049.367798
0 1524807266 1276.185059 419.452911
0 1524863340 1181.542969 368.497101
0 1524831297 1260.685181 404.786896
0 1478229202 427.639069 956.366455
0 1568509654 949.557068 550.801208
0 1524790246 1187.622803 374.741669
0 1578523681 791.281616 555.556641
0 1478207175 321.683655 1029.579224
0 1524861337 1063.330566 372.250732
0 1478210178 266.981628 951.227783
0 1524862338 1234.945312 423.347107
0 1478186149 351.541748 939.806946
0 1524797254 1246.003662 390.895172
0 1578518674 853.185852 598.528259
0 1438985621 819.239990 564.408875
0 1524857331 1106.070801 375.163879
0 1478203170 255.208084 980.092529
0 1438994632 994.787537 596.517395
0 1578520676 995.858337 534.430481
0 1478237213 609.486389 790.757568
0 1568511657 967.316650 599.524231
0 1775370079 1043.194336 577.982910
0 1478195160 317.666260 826.966187
0 1568510655 1022.108459 593.526917
0 1478257240 570.860718 816.382568
0 1578521677 915.769165 619.079651
0 1524794250 1072.583984 384.982941
0 1524812272 1112.969849 410.651031
0 1769859072 935.498047 589.627991
0 1578525683 1005.819824 556.856689
0 1770636073 887.332275 622.231506
0 1524846317 1206.537476 373.057800
0 1524833300 1133.255737 408.785095
0 1568511656 789.842346 544.325867
0 1438985620 871.769958 558.923706
0 1478185148 308.490967 849.460815
0 1707993177 834.853577 657.754456
0 1478189152 607.295410 811.789124
0 1524791247 1168.635010 376.432068
0 1524830296 1193.859497 381.147461
0 2088218948 874.666748 570.708130
0 1524827292 1125.047363 373.487610
0 1606348170 821.237488 576.350952
0 1524855329 1172.426270 429.250732
0 1478183145 644.847595 786.369934
0 1438990627 939.694763 602.547668
0 1524840309 1087.021240 376.846619
0 1478222194 525.874512 866.903137
0 1709860179 1068.927368 631.127380
0 1478188151 553.376648 939.065247
0 1438988624 877.665710 582.907837
0 1478243222 588.585510 991.389893
0 1524843313 1194.082275 360.788818
0 1524844315 1253.246216 397.748108
0 1524858333 1157.076782 364.032776
0 1524811271 1193.354492 427.274475
0 1524859334 1138.469238 365.663940
0 1478216186 534.169800 821.008362
0 1524851324 1053.148315 386.713196
0 1524814275 1124.362549 425.492828
0 1578514668 858.734741 625.401123
0 1478184146 567.695190 838.594604
0 1524829294 1174.638306 382.872253
0 1478176143 597.418701 906.598511
0 1524860336 1130.300537 433.228607
0 1478222193 463.531067 979.589905
0 1438997636 923.761047 553.494812
0 1478194158 602.595825 856.902222
0 1478201168 332.182251 998.013855
0 1478187150 338.117950 868.018127
0 1478205172 342.120331 968.133667
0 1524838306 1220.504272 408.514648
0 1568514660 799.273682 617.917664
0 1524865342 1087.812500 437.240692
0 2085418945 953.252502 644.286011
0 1524808268 1118.587891 417.969849
0 1478200167 401.179626 907.517761
0 1478194159 376.327240 991.821777
0 1568501643 855.909485 611.718506
0 1478239216 642.041321 829.066101
0 1524820283 1092.600342 412.524658
0 1438989625 890.798889 636.333557
0 1568505649 850.558472 585.804260
0 1478255237 355.036255 822.329407
0 1524804262 1109.102051 435.230347
0 1568506650 861.667480 639.604065
0 1478217187 465.595154 808.611389
0 1568505648 919.763550 633.081848
0 1568497640 795.906433 591.643616
0 1578511665 797.559570 604.543030
0 1478258241 368.987549 887.353760
0 1524796253 1193.617798 403.232910
0 1478206173 367.112732 1023.079041
0 1524826291 1186.580078 419.669922
0 1578529688 982.422852 640.967712
0 1478233207 288.769836 897.810425
0 1708834178 880.772278 595.545349
0 1478189153 511.797455 944.786499
0 1568499641 1011.060547 568.654846
0 1478245224 298.869995 873.048279
0 1524852325 1207.145630 417.745209
0 1478219190 631.778442 985.209717
0 1578525682 972.166199 612.828918
0 1478232206 549.316162 967.556946
0 1524818280 1127.528198 401.701538
0 1524850322 1248.019287 413.919861
0 1438996635 827.670288 614.809509
0 1524832299 1147.473389 399.882294
0 1478242220 319.478302 918.355408
0 1524789245 1212.480957 359.175964
0 1438999639 966.395386 526.290161
0 1478196161 415.757263 858.067566
0 1478252234 501.939972 804.101746
0 1524803261 1111.228516 381.542633
0 1478211179 495.312073 1035.994263
0 1578523680 1027.936646 606.647583
0 1578530689 945.486023 539.632324
0 1568508653 891.482422 533.942871
0 1524826290 1268.328613 412.019135
0 1524847319 1206.828857 394.468384
0 1524810270 1072.146851 414.406006
0 1524835302 1153.458740 406.926788
0 1524821284 1175.614380 362.407745
0 1524799257 1167.338257 398.070374
0 1478233208 521.416382 891.568481
0 1608354172 894.399475 650.980835
0 1524835303 1103.447754 427.450226
0 1478251232 392.145935 817.724915
0 1524812273 1145.189087 423.543671
0 1706512175 1020.855896 531.849060
0 1438986622 1062.134399 617.098267
0 1478211180 393.324524 934.163696
0 1524823286 1162.782959 370.154236
0 1478223195 497.220093 825.666870
0 1478244223 441.563660 902.160889
0 1438987623 948.562805 629.848633
0 1478193157 475.914917 923.008972
0 1478198164 329.029297 892.562439
0 1524862339 1135.969116 386.342194
0 1478236212 640.536804 851.956543
0 1478240217 605.001099 833.813354
0 1478214183 298.840546 974.088806
0 1578521678 894.604370 544.886719
0 1524844314 1227.625122 415.828552
0 1524848320 1082.327271 398.389282
0 1524806265 1173.579224 405.076050
0 1524787243 1226.455444 392.678192
0 1478241219 557.230042 912.026489
0 1524799256 1159.608032 414.164246
0 1478190154 637.299377 901.212158
0 1478226198 516.730042 917.496460
0 1478208176 412.157257 1016.633911
0 1478214184 573.883057 795.175171
0 2084722944 944.046692 615.945557
0 1578522679 953.768127 562.354004
0 1524825289 1218.849243 365.201660
0 1774531078 920.109314 542.252930
0 1525674169 979.861572 559.598267
0 1478197162 263.373016 1069.870605
0 1524815276 1165.928101 421.602722
0 1768901071 1055.589966 603.582642
0 1578526684 962.639832 586.693176
0 1478182144 309.428772 945.494751
0 1524853326 1255.608765 421.395905
0 1478218189 643.476746 807.227600
0 1578513667 908.209290 592.578674
0 1438983618 883.992371 608.644653
0 1478224196 564.376038 861.884338
0 1478247227 242.783340 1010.553711
0 1524792248 1048.701538 380.231537
0 1524795252 1200.231689 366.846252
0 1524808267 1121.951782 394.804718
0 1478191155 594.627747 933.389221
0 1524856330 1238.949707 384.220764
0 1478236211 428.998047 813.152344
0 1478258242 215.751785 1076.825928
0 1478212181 600.071350 881.134949
0 1478185147 530.120728 843.410278
0 1568502645 845.572815 561.659241
0 1568508652 911.920410 605.587708
0 1438984619 832.367798 642.893433
0 1659977623 919.947388 584.791382
0 1478209177 278.153931 923.837036
0 1438982617 931.448547 577.161255
0 1524805264 1077.391968 391.598572
0 1771287074 817.309753 552.868835
0 2087111947 1000.129150 609.729614
0 1524817279 1214.194092 425.306641
0 1524795251 1213.574707 401.397217
0 1478230204 481.641418 896.844604
0 1478230203 275.865112 1036.135132
0 1524847318 1130.438232 379.832489
0 1578516671 794.311035 579.194641
0 1568513659 958.126343 574.310791
0 1578529687 843.205505 550.194641
0 1524819282 1200.289429 410.390076
0 1478253235 560.891846 886.332031
0 1524836304 1161.261230 391.248688
0 1478243221 287.669128 1004.257690
0 1568501644 802.898499 646.201843
0 1438998637 866.262390 536.519226
0 1524816278 1067.205688 407.203644
0 1705773174 1031.644287 554.129272
0 1524845316 1225.379395 371.380402
0 1524842312 1232.077271 377.718048
0 1568507651 991.120605 523.764404
0 1438999638 1005.670959 623.437256
0 1478252233 538.035095 799.623108
0 1438993630 1049.280762 590.552795
0 1478237214 545.031494 997.621765
0 1524857332 1082.222290 370.594666
0 1478248228 487.088196 871.959045
0 1478225197 633.716797 955.718262
0 1524859335 1200.259277 387.720825
0 1524832298 1187.123169 396.265778
0 1478200166 629.730957 1016.361450
0 1478250231 422.532990 835.083008
0 1478245225 501.111877 1003.905945
0 1438995633 1026.159546 542.802429
0 1524804263 1116.520386 388.087402
0 1524839308 1180.798950 389.481232
0 1524849321 1097.949341 419.884583
0 1568512658 1000.755371 545.455078
0 1568514661 897.832336 556.202332
0 1478231205 346.777008 844.633911
0 1773608077 989.635620 583.774170
0 1438977615 823.305786 588.716064
0 1524834301 1091.943848 383.259460
0 1607644171 829.975159 628.588684
0 1524800258 1213.005615 379.429382
0 1568504647 1033.982666 620.258789
0 1568500642 904.628662 580.026978
0 1478256239 448.013641 877.052490
0 1524815277 1062.395630 400.192322
0 1568503646 792.770325 567.172852
0 1478220191 456.822052 1010.243164
0 1478207174 360.485687 912.915771
0 1524841311 1101.042358 368.944855
0 1478213182 506.598816 973.548828
0 1524813274 1102.179077 396.593384
0 1568516663 977.198181 626.633789
0 1578517672 1040.258911 634.388611
0 1578527685 801.052063 631.794373
0 1478240218 454.154785 853.146423
0 1478215185 591.687500 961.613586
0 1524838307 1057.711426 393.364563
0 1478197163 408.647888 882.183899
0 1478221192 460.008728 830.358215
0 1524819281 1219.642700 385.967346
0 2086284946 927.538574 565.124207
0 1524824288 1151.408447 431.235413
0 1524802260 1044.366821 373.913147
0 1478226199 434.780975 928.564514
0 1578518673 923.911865 647.623657
0 1438981616 1037.319092 565.849243
0 1478238215 635.554565 927.757812
0 1609135173 868.970032 547.533936
0 1524837305 1067.898315 378.535797
0 1524793249 1107.502197 403.528137
0 1568515662 840.916321 539.108398
0 1568516664 941.547974 528.828491
0 1438991628 916.577271 531.379333
0 1478249230 638.958008 875.976685
0 1438996634 984.663391 571.475403
0 1578519675 864.713928 654.357727
0 1524829295 1143.951294 371.817749
0 1524864341 1096.994873 389.839508
0 1478255238 540.503540 1029.393677
0 1438993631 815.443298 541.710571
0 1524788244 1087.394897 405.362152
0 1772785076 1011.424622 637.668701
0 1524828293 1179.990845 412.273254
0 1478203171 449.728760 1042.651978
0 1524798255 1233.450684 399.568970
0 1478199165 469.886322 950.553345
0 1578528686 901.171814 567.908875
0 1478192156 420.108704 985.680664
0 1478228201 377.079376 863.024719
0 1772037075 970.735352 537.024902
0 1578515670 848.022339 573.522034
0 1524851323 1141.645630 393.023163
0 1478218188 357.365936 1056.142212
0 1478202169 492.274994 848.260742
0 1478254236 310.575928 1062.976196
0 1478246226 585.308167 1022.849670
0 1524809269 1149.573608 378.128967
0 1524822285 1240.635986 406.646942
0 1524841310 1082.444336 429.415924
0 1478235210 229.651978 1042.747437
0 1578515669 804.816895 661.171265
0 1524854328 1155.341553 384.603821
0 0 529.514709 572.674133
0 1 1254.792725 677.393311
0 2 1125.526733 403.433411
0 3 500.348450 510.855804
0 4 795.747864 417.825287
0 5 363.213074 1005.484314
0 6 634.437378 394.777557
0 7 580.737854 443.288330
0 8 444.917419 483.676514
0 9 1273.589966 404.143799
0 10 733.093384 430.474518
0 11 1144.877197 1006.038635
0 12 942.541809 375.125458
0 13 493.150757 713.656616
0 14 1029.079956 370.520905
0 15 333.468628 579.230896
0 16 515.461060 668.152405
0 17 1347.664917 418.304626
0 18 1515.120483 970.924316
0 19 1076.037476 661.036865
0 20 1248.752686 376.761688
0 21 1076.920044 408.828918
0 22 369.471954 793.065979
0 23 862.105408 387.494171
0 24 1362.963257 959.070435
0 25 957.286377 666.794312
0 26 1198.236450 561.630798
0 27 870.561523 1030.331543
0 28 1481.313110 604.762939
0 29 1181.384888 441.381927
0 30 1043.790771 393.701355
0 31 449.106842 818.653381
0 32 525.323547 428.381378
0 33 770.737610 704.693542
0 34 370.862976 535.914185
0 35 399.937164 918.020874
0 36 891.963501 408.876404
0 37 612.248169 423.827423
0 38 420.334717 696.688599
0 39 430.016937 446.858459
