0 1578512666 904.787964 468.036743
0 1524823287 1341.825928 433.366699
0 1478234209 446.680603 379.846680
0 1707269176 801.333862 418.170776
0 1438989626 994.916138 450.134399
0 1524801259 1253.350342 458.198639
0 1438992629 934.886108 445.612396
0 1478227200 354.102264 408.036865
0 1524854327 1202.016724 437.946442
0 1478249229 296.736816 429.791290
0 1524807266 1343.324951 513.258423
0 1524863340 1385.574463 457.356842
0 1524831297 1364.432617 502.023010
0 1478229202 364.803070 415.134064
0 1568509654 919.651367 438.597321
0 1524790246 1376.159424 462.030792
0 1578523681 848.383911 394.975250
0 1478207175 299.115509 410.230560
0 1524861337 1291.369141 414.881348
0 1478210178 344.514282 383.314819
0 1524862338 1304.524902 497.593414
0 1478186149 365.114655 396.641266
0 1524797254 1384.645386 491.264038
0 1578518674 815.328003 424.916107
0 1438985621 847.366455 405.312469
0 1524857331 1315.130005 431.289673
0 1478203170 323.167938 387.520020
0 1438994632 873.275940 465.706726
0 1578520676 964.951965 447.877228
0 1478237213 534.533997 415.454132
0 1568511657 857.940369 458.195526
0 1775370079 920.682983 475.698242
0 1478195160 444.740540 363.570465
0 1568510655 888.901428 473.359924
0 1478257240 502.988220 413.077820
0 1578521677 811.792358 448.501251
0 1524794250 1271.641602 422.959625
0 1524812272 1246.849854 446.728668
0 1769859072 858.837646 445.888184
0 1578525683 935.524414 457.737732
0 1770636073 797.271301 441.271210
0 1524846317 1394.623657 468.933105
0 1524833300 1264.170166 453.485840
0 1568511656 862.836609 391.037079
0 1438985620 875.529602 418.280670
0 1478185148 425.518127 367.357208
0 1707993177 735.278137 436.622192
0 1478189152 514.876038 420.093689
0 1524791247 1358.006348 455.244751
0 1524830296 1366.552490 466.800171
0 2088218948 860.529114 422.687469
0 1524827292 1332.307739 437.646118
0 1606348170 832.335938 409.510986
0 1524855329 1248.913086 475.140900
0 1478183145 546.692932 422.479706
0 1438990627 842.886841 450.822418
0 1524840309 1298.229370 425.035797
0 1478222194 450.906219 415.296417
0 1709860179 855.015686 498.312225
0 1478188151 398.153015 437.253052
0 1438988624 845.213318 427.186890
0 1478243222 364.120026 455.674255
0 1524843313 1413.054932 459.462189
0 1524844315 1374.647217 496.585876
0 1524858333 1376.852295 446.199005
0 1524811271 1267.117554 482.490723
0 1524859334 1359.195801 439.730347
0 1478216186 491.316711 406.189636
0 1524851324 1255.199463 416.813202
0 1524814275 1224.817993 456.030640
0 1578514668 783.012878 434.171875
0 1478184146 482.947357 417.699280
0 1524829294 1348.297485 459.904877
0 1478176143 431.710205 439.722015
0 1524860336 1213.458740 460.826660
0 1478222193 353.445557 427.270264
0 1438997636 904.685059 431.705780
0 1478194158 474.230621 429.686615
0 1478201168 321.605408 405.599854
0 1478187150 416.323425 377.511658
0 1478205172 343.599762 401.071228
0 1524838306 1326.080444 486.892242
0 1568514660 771.588501 415.901184
0 1524865342 1179.222412 447.004242
0 2085418945 792.870667 466.294434
0 1524808268 1235.946167 451.332306
0 1478200167 396.829071 399.040771
0 1478194159 332.018066 412.686707
0 1568501643 799.342346 429.494781
0 1478239216 506.836273 432.109131
0 1524820283 1229.820435 440.085083
0 1438989625 780.589294 446.171997
0 1568505649 830.980591 420.432892
0 1478255237 455.287811 369.664795
0 1524804262 1196.192383 453.855591
0 1568506650 766.328369 438.950714
0 1478217187 488.048981 388.594574
0 1568505648 795.115845 453.527771
0 1568497640 803.250244 407.273682
0 1578511665 787.583130 411.542816
0 1478258241 406.767639 388.064850
0 1524796253 1317.954956 474.468719
0 1478206173 309.431519 417.442291
0 1524826291 1278.212891 477.338165
0 1578529688 807.959656 474.068451
0 1478233207 385.864960 375.168793
0 1708834178 829.572144 431.781952
0 1478189153 386.822418 429.738159
0 1568499641 920.325195 462.830597
0 1478245224 405.897125 371.222504
0 1524852325 1296.649048 484.695221
0 1478219190 375.723602 463.786133
0 1578525682 841.651917 463.368408
0 1478232206 375.715485 442.427185
0 1524818280 1274.772339 448.867920
0 1524850322 1334.530396 499.812012
0 1438996635 785.342407 422.637695
0 1524832299 1292.303223 455.632446
0 1478242220 375.693878 385.693878
0 1524789245 1431.615845 466.262177
0 1438999639 963.761475 436.194611
0 1478196161 437.736053 390.427795
0 1478252234 499.359100 395.129700
0 1524803261 1305.336182 435.555450
0 1478211179 318.182526 445.206604
0 1578523680 872.653564 478.804169
0 1578530689 934.272400 433.953949
0 1568508653 919.028015 416.179199
0 1524826290 1353.994385 507.579193
0 1524847319 1346.738037 476.636902
0 1524810270 1213.074951 433.552246
0 1524835302 1281.789307 460.359528
0 1524821284 1394.802979 452.775360
0 1524799257 1310.135742 462.513397
0 1478233208 430.022888 420.002655
0 1608354172 763.537170 451.181519
0 1524835303 1207.630371 449.171753
0 1478251232 466.018341 375.865021
0 1524812273 1242.305664 463.009216
0 1706512175 980.707397 455.027527
0 1438986622 872.004517 492.461761
0 1478211180 375.700653 403.489349
0 1524823286 1367.522705 450.677032
0 1478223195 479.855804 399.425751
0 1478244223 407.689362 405.899048
0 1438987623 809.915405 461.021820
0 1478193157 397.471100 417.572693
0 1478198164 396.223450 381.559540
0 1524862339 1312.703491 446.460388
0 1478236212 486.227661 437.088196
0 1478240217 494.779877 424.836670
0 1478214183 333.290070 394.233429
0 1578521678 904.653259 420.511932
0 1524844314 1315.418457 492.185303
0 1524848320 1251.140747 431.354553
0 1524806265 1299.714844 467.352753
0 1524787243 1365.524170 483.885834
0 1478241219 420.077972 432.197083
0 1524799256 1271.057617 465.184601
0 1478190154 443.570251 447.394287
0 1478226198 408.667023 424.815338
0 1478208176 319.946716 424.793365
0 1478214184 522.596008 408.556213
0 2084722944 826.583374 455.865753
0 1578522679 904.718018 443.339874
0 1524825289 1422.603882 471.059143
0 1774531078 919.333740 427.174347
0 1525674169 919.981628 450.473541
0 1478197162 266.094696 407.765594
0 1524815276 1260.101318 470.110626
0 1768901071 888.603271 486.745605
0 1578526684 873.873291 453.135529
0 1478182144 354.720947 389.917542
0 1524853326 1323.745850 505.353668
0 1478218189 526.986328 427.240845
0 1578513667 844.072998 438.771515
0 1438983618 813.595093 436.475647
0 1478224196 462.458923 422.423950
0 1478247227 301.354675 391.817169
0 1524792248 1265.233276 412.825989
0 1524795252 1403.932129 464.149872
0 1524808267 1285.163330 444.342010
0 1478191155 409.705841 444.915314
0 1524856330 1394.433594 486.053833
0 1478236211 476.937073 382.174011
0 1478258242 256.264801 400.699829
0 1478212181 453.212799 434.647095
0 1478185147 471.332550 410.693207
0 1568502645 861.327209 411.740906
0 1568508652 828.107605 443.583679
0 1438984619 752.325806 431.860260
0 1659977623 859.273071 439.916504
0 1478209177 365.408539 379.198669
0 1438982617 874.447144 441.059570
0 1524805264 1261.490723 427.116333
0 1771287074 862.095825 401.198090
0 2087111947 857.005920 471.013214
0 1524817279 1285.651855 489.973663
0 1524795251 1336.517944 481.710602
0 1478230204 418.752045 412.885101
0 1478230203 288.993134 403.154205
0 1524847318 1322.602173 442.009857
0 1578516671 818.599792 403.091125
0 1568513659 889.462158 448.184784
0 1578529687 876.040649 407.526672
0 1524819282 1307.414307 479.528046
0 1478253235 441.507751 427.255341
0 1524836304 1320.345459 457.772095
0 1478243221 311.386078 398.644592
0 1568501644 738.574646 424.897095
0 1438998637 904.622742 409.733765
0 1524816278 1223.916138 429.244263
0 1705773174 951.354126 465.135986
0 1524845316 1413.406738 475.954681
0 1524842312 1404.018799 480.951813
0 1568507651 979.200928 443.102814
0 1438999638 840.365173 476.440582
0 1478252233 510.872955 401.782532
0 1438993630 904.825195 481.159241
0 1478237214 352.747223 447.723694
0 1524857332 1307.919312 420.944641
0 1478248228 439.566467 408.300293
0 1478225197 398.878448 458.191864
0 1524859335 1356.747314 471.667816
0 1524832298 1328.277954 469.513855
0 1478200166 352.003113 469.517059
0 1478250231 457.543121 386.257416
0 1478245225 341.598389 439.929688
0 1438995633 966.190125 460.026855
0 1524804263 1295.349365 439.905396
0 1524839308 1338.390015 464.660278
0 1524849321 1218.837402 444.582550
0 1568512658 950.396545 452.754425
0 1568514661 889.979980 424.934631
0 1478231205 436.007294 373.547607
0 1773608077 889.187439 460.517120
0 1438977615 816.994995 413.796143
0 1524834301 1288.351685 429.206238
0 1607644171 769.010010 427.199829
0 1524800258 1385.123413 473.814758
0 1568504647 856.031860 484.373688
0 1568500642 859.699890 434.061401
0 1478256239 428.433807 401.431976
0 1524815277 1234.546631 425.020020
0 1568503646 833.641235 398.992493
0 1478220191 330.666992 432.287720
0 1478207174 386.165680 392.306824
0 1524841311 1324.736084 427.105621
0 1478213182 364.472107 434.774933
0 1524813274 1268.010742 437.794342
0 1568516663 824.995850 468.658051
0 1578517672 839.023376 490.072845
0 1578527685 755.255920 420.351624
0 1478240218 448.732574 397.060883
0 1478215185 387.182007 450.231293
0 1524838307 1244.972412 420.877075
0 1478197163 417.502716 394.687927
0 1478221192 468.599731 392.782715
0 1524819281 1375.425659 478.797943
0 2086284946 889.726135 436.333191
0 1524824288 1231.029663 467.920685
0 1524802260 1275.079468 408.913422
0 1478226199 386.484283 410.465271
0 1578518673 778.065796 458.666809
0 1438981616 936.188721 470.358490
0 1478238215 421.487671 452.729462
0 1609135173 890.224426 413.963684
0 1524837305 1281.599243 418.882050
0 1524793249 1257.535889 442.216949
0 1568515662 890.459717 403.396698
0 1568516664 948.590820 429.406708
0 1438991628 933.681885 422.735901
0 1478249230 465.144470 442.181946
0 1438996634 904.752258 455.440613
0 1578519675 749.277100 443.834564
0 1524829295 1349.769775 444.107697
0 1524864341 1278.280640 433.458282
0 1478255238 329.229126 453.147003
0 1438993631 876.532959 397.165344
0 1524788244 1240.586182 435.676605
0 1772785076 823.341003 481.993103
0 1524828293 1289.076172 472.293304
0 1478203171 307.353882 437.422943
0 1524798255 1355.412354 489.081818
0 1478199165 375.707825 422.366516
0 1578528686 874.998840 429.450134
0 1478192156 342.629517 419.908844
0 1478228201 426.934723 383.912384
0 1772037075 949.476135 440.853851
0 1578515670 846.310303 416.042084
0 1524851323 1302.605835 451.000336
0 1478218188 286.325134 422.307373
0 1478202169 459.929565 403.814911
0 1478254236 276.113007 414.966797
0 1478246226 340.500366 461.248810
0 1524809269 1340.156494 448.572021
0 1524822285 1345.083496 494.389343
0 1524841310 1190.734863 442.429535
0 1478235210 279.058990 396.209381
0 1578515669 721.533264 429.540680
0 1524854328 1330.350220 453.125916
0 0 335.561462 385.510925
0 1 786.060669 276.460541
0 2 985.789917 498.944611
0 3 660.857056 320.829620
0 4 1191.444824 405.153259
0 5 432.296600 549.185425
0 6 746.166321 305.147675
0 7 935.765076 309.226044
0 8 901.024048 294.704681
0 9 405.585938 350.657745
0 10 1035.646973 345.808472
0 11 541.801270 668.922607
0 12 843.383301 290.468964
0 13 366.534393 490.108154
0 14 1011.309143 313.768982
0 15 1229.578369 401.516388
0 16 397.250092 371.966248
0 17 1223.482544 388.412109
0 18 269.688385 426.621368
0 19 943.804688 520.703308
0 20 1332.592407 482.500305
0 21 475.427399 361.435730
0 22 1299.926147 499.015045
0 23 995.854248 297.942505
0 24 415.169373 589.877930
0 25 751.650940 469.211365
0 26 648.439819 436.787506
0 27 715.589539 739.236511
0 28 1354.953857 457.903534
0 29 418.363953 327.682953
0 30 1176.176514 421.666504
0 31 309.298340 455.562714
0 32 1094.565796 483.009644
0 33 540.957092 347.658661
0 34 1190.707886 439.012115
0 35 542.834961 758.872314
0 36 801.550110 506.575989
0 37 963.667053 552.171326
0 38 1300.403076 411.408081
0 39 1105.715820 453.783203
