0 1578512666 949.697327 578.084534
0 1524823287 473.918579 461.042053
0 1478234209 1354.150879 991.426758
0 1707269176 933.100464 679.653809
0 1438989626 819.817322 562.569336
0 1524801259 621.723267 472.921509
0 1438992629 865.398010 589.045166
0 1478227200 1560.537109 969.528442
0 1524854327 600.756714 501.856659
0 1478249229 1674.418457 944.929871
0 1524807266 700.017029 422.875549
0 1524863340 519.902283 436.016296
0 1524831297 658.469971 422.208679
0 1478229202 1547.360962 939.827393
0 1568509654 861.716309 602.372498
0 1524790246 540.958557 436.371246
0 1578523681 805.361816 692.879150
0 1478207175 1663.899292 1004.754822
0 1524861337 446.651886 488.754211
0 1478210178 1557.638916 1067.113770
0 1524862338 689.612427 438.877289
0 1478186149 1530.021240 998.994263
0 1524797254 617.095032 421.544617
0 1578518674 935.752380 663.424561
0 1438985621 841.092651 677.028137
0 1524857331 487.323883 470.418762
0 1478203170 1604.795898 1069.293945
0 1438994632 975.125549 591.694702
0 1578520676 842.177185 575.557190
0 1478237213 1275.794434 827.426270
0 1568511657 973.434692 605.144409
0 1775370079 951.739258 565.588684
0 1478195160 1325.005737 1056.358521
0 1568510655 976.756653 578.720581
0 1478257240 1319.011963 852.529358
0 1578521677 999.049316 634.344299
0 1524794250 492.473389 489.651703
0 1524812272 592.086304 481.836700
0 1769859072 943.114868 618.367859
0 1578525683 895.794434 576.817505
0 1770636073 997.722107 649.425903
0 1524846317 548.255310 428.352783
0 1524833300 599.196960 472.502014
0 1568511656 774.357910 691.968384
0 1438985620 849.819336 645.438416
0 1478185148 1371.116943 1058.490356
0 1707993177 1057.091064 683.192200
0 1478189152 1312.992798 828.736938
0 1524791247 533.453735 444.618378
0 1524830296 562.059509 436.726990
0 2088218948 879.227478 646.231323
0 1524827292 495.826660 461.439941
0 1606348170 871.668945 677.900696
0 1524855329 672.851562 464.654846
0 1478183145 1270.934082 804.815979
0 1438990627 971.680664 619.096313
0 1524840309 478.564301 479.668762
0 1478222194 1403.954102 880.471375
0 1709860179 1058.526978 568.032776
0 1478188151 1511.743408 859.540100
0 1438988624 908.721436 647.026428
0 1478243222 1577.189331 838.045532
0 1524843313 506.754120 427.670166
0 1524844315 637.761047 421.876282
0 1524858333 490.803467 443.881378
0 1524811271 678.601318 455.811890
0 1524859334 482.482849 452.337891
0 1478216186 1325.333374 877.517334
0 1524851324 483.510651 499.500885
0 1524814275 637.860229 482.710815
0 1578514668 996.342285 665.104919
0 1478184146 1357.272461 853.921143
0 1524829294 554.847717 444.988037
0 1478176143 1463.138672 834.027100
0 1524860336 660.826172 483.149384
0 1478222193 1575.927490 913.266479
0 1438997636 857.897949 616.194824
0 1478194158 1387.793823 831.372437
0 1478201168 1619.082764 1002.826477
0 1478187150 1407.354980 1025.999878
0 1478205172 1574.457153 1000.906250
0 1524838306 646.913452 438.157471
0 1568514660 961.826721 697.475342
0 1524865342 648.044617 502.806854
0 2085418945 1057.862915 621.294006
0 1524808268 614.947021 482.273285
0 1478200167 1474.335693 965.946350
0 1478194159 1603.906250 971.330688
0 1568501643 966.002075 664.263489
0 1478239216 1343.703857 807.300659
0 1524820283 584.756287 491.459259
0 1438989625 1027.563232 650.230347
0 1568505649 905.592712 662.588135
0 1478255237 1317.619873 1021.999084
0 1524804262 654.534302 492.826019
0 1568506650 1026.773315 665.948853
0 1478217187 1297.801880 929.805359
0 1568505648 1028.322998 635.111755
0 1568497640 898.949829 695.628357
0 1578511665 930.339478 696.550415
0 1478258241 1441.713867 995.194519
0 1524796253 619.307190 446.101868
0 1478206173 1647.455811 973.140381
0 1524826291 656.618896 455.422485
0 1578529688 1058.038086 607.243469
0 1478233207 1463.959717 1062.782715
0 1708834178 938.301575 647.823914
0 1478189153 1523.013672 884.945007
0 1568499641 922.710022 577.450134
0 1478245224 1417.434448 1060.631714
0 1524852325 662.512878 446.848450
0 1478219190 1565.130493 814.861145
0 1578525682 1001.557739 605.842163
0 1478232206 1550.722046 860.958008
0 1524818280 576.721436 472.083496
0 1524850322 673.807617 430.417969
0 1438996635 963.956543 680.534363
0 1524832299 583.945740 463.040253
0 1478242220 1497.873657 1030.035767
0 1524789245 514.402954 419.896332
0 1438999639 810.977722 587.731018
0 1478196161 1388.842896 962.393677
0 1478252234 1291.875488 902.235657
0 1524803261 509.597900 470.833557
0 1478211179 1643.448242 889.470215
0 1578523680 1003.888306 579.358398
0 1578530689 833.978516 601.684326
0 1568508653 796.467712 629.033508
0 1524826290 679.221924 422.541748
0 1524847319 604.396179 437.440704
0 1524810270 577.196655 501.383301
0 1524835302 606.098022 463.442566
0 1524821284 498.890594 435.662079
0 1524799257 590.960388 454.259430
0 1478233208 1443.489258 881.956909
0 1608354172 1057.491943 651.037292
0 1524835303 631.220703 492.369385
0 1478251232 1310.645630 989.554810
0 1524812273 644.300659 473.341949
0 1706512175 846.064209 563.170044
0 1438986622 1031.724731 567.419373
0 1478211180 1517.347290 967.733704
0 1524823286 512.105652 444.249481
0 1478223195 1331.980835 903.793091
0 1478244223 1463.506348 936.459839
0 1438987623 1029.054199 620.559326
0 1478193157 1493.974487 910.083923
0 1478198164 1452.515869 1028.013428
0 1524862339 539.788513 462.238312
0 1478236212 1380.281860 808.549561
0 1478240217 1350.325562 830.052307
0 1478214183 1589.185913 1034.106812
0 1578521678 825.160400 629.785706
0 1524844314 668.240173 438.516998
0 1524848320 538.507690 490.553375
0 1524806265 612.798584 454.646271
0 1524787243 610.833862 429.382141
0 1478241219 1472.909790 858.127502
0 1524799256 628.299622 463.845764
0 1478190154 1453.827515 811.060730
0 1478226198 1483.175415 883.448120
0 1478208176 1631.894531 943.222168
0 1478214184 1280.892578 851.142761
0 2084722944 1000.326904 619.826782
0 1578522679 889.530518 603.062622
0 1524825289 534.856689 420.224640
0 1774531078 829.651245 615.474487
0 1525674169 892.718567 589.704834
0 1478197162 1727.665283 1040.281128
0 1524815276 650.550720 464.249847
0 1768901071 1004.992920 566.807495
0 1578526684 945.389343 604.448547
0 1478182144 1543.429932 1032.066895
0 1524853326 694.887390 430.764679
0 1478218189 1307.254883 806.056030
0 1578513667 940.753967 632.816040
0 1438983618 967.968384 648.623718
0 1478224196 1395.675049 855.318054
0 1478247227 1652.166016 1071.484009
0 1524792248 460.226746 499.033020
0 1524795252 527.483032 428.011139
0 1524808267 554.296448 471.665894
0 1478191155 1501.017090 835.361755
0 1524856330 596.471680 421.213562
0 1478236211 1304.049561 958.869995
0 1478258242 1747.552490 1075.894043
0 1478212181 1425.397949 832.697327
0 1478185147 1364.569092 878.991577
0 1568502645 845.541809 660.922791
0 1568508652 969.859741 633.579102
0 1438984619 1025.951416 682.303528
0 1659977623 927.559631 625.152039
0 1478209177 1510.694092 1064.943359
0 1438982617 914.629395 617.641479
0 1524805264 515.463806 490.102020
0 1771287074 810.608826 676.158203
0 2087111947 1002.744019 592.361572
0 1524817279 684.185913 447.222961
0 1524795251 625.632202 437.798706
0 1478230204 1453.238403 908.501953
0 1478230203 1681.302246 1038.213989
0 1524847318 517.783264 461.838684
0 1578516671 867.657349 694.709106
0 1568513659 917.421387 603.754639
0 1578529687 815.649780 660.093811
0 1524819282 640.886719 446.474762
0 1478253235 1434.220581 856.720215
0 1524836304 569.169983 453.873444
0 1478243221 1635.142944 1036.155884
0 1568501644 1025.095581 699.333923
0 1438998637 791.259033 643.859680
0 1524816278 553.692200 500.911041
0 1705773174 898.763733 564.376221
0 1524845316 555.352600 420.553589
0 1524842312 575.890930 420.883240
0 1568507651 815.475037 574.929504
0 1438999638 1030.437744 593.030273
0 1478252233 1286.246338 876.048645
0 1438993630 978.331177 566.197327
0 1478237214 1589.847046 862.381165
0 1524857332 456.015015 479.238159
0 1478248228 1412.661377 906.926270
0 1478225197 1527.897339 813.589844
0 1524859335 583.205383 437.083466
0 1524832298 597.774353 445.729797
0 1478200166 1602.496948 816.137024
0 1478250231 1346.359253 960.628235
0 1478245225 1603.149048 887.955994
0 1438995633 872.379639 563.772339
0 1524804263 531.922058 471.249268
0 1524839308 576.287964 445.358521
0 1524849321 607.961426 491.913788
0 1568512658 868.950195 576.186523
0 1568514661 853.934998 630.539978
0 1478231205 1362.390137 1023.995178
0 1773608077 947.582092 591.029602
0 1438977615 902.338074 678.775940
0 1524834301 501.165100 480.100372
0 1607644171 994.906677 681.417542
0 1524800258 569.071167 428.695190
0 1568504647 1031.092651 579.997803
0 1568500642 911.731445 632.055237
0 1478256239 1421.831177 934.786194
0 1524815277 530.243164 500.439850
0 1568503646 836.461426 693.792725
0 1478220191 1617.146240 914.867188
0 1478207174 1485.773926 997.090393
0 1524841311 465.099792 470.004913
0 1478213182 1563.004517 886.447571
0 1524813274 546.521729 480.966522
0 1568516663 1029.758667 606.541809
0 1578517672 1058.369751 580.638977
0 1578527685 993.411804 698.403198
0 1478240218 1380.322632 933.119263
0 1478215185 1539.033691 836.701233
0 1524838307 506.849396 499.969788
0 1478197163 1431.501221 964.166382
0 1478221192 1338.979858 931.458923
0 1524819281 589.930603 429.038300
0 2086284946 886.223816 616.917114
0 1524824288 666.929138 473.763306
0 1524802260 436.997528 498.566284
0 1478226199 1505.349365 938.140198
0 1578518673 1057.680908 635.881409
0 1438981616 925.216797 564.981628
0 1478238215 1490.796509 812.323059
0 1609135173 820.496643 644.647949
0 1524837305 469.536163 489.202454
0 1524793249 569.277954 481.401123
0 1568515662 785.846191 659.267212
0 1568516664 806.316895 600.997986
0 1438991628 801.483459 614.756165
0 1478249230 1416.989502 809.802979
0 1438996634 920.113159 590.366272
0 1578519675 1057.295532 666.795288
0 1524829295 504.083740 452.720520
0 1524864341 523.817505 480.532990
0 1478255238 1629.118652 863.809753
0 1438993631 780.216919 675.290894
0 1524788244 561.605103 491.005798
0 1772785076 1058.206909 593.700806
0 1524828293 634.684692 455.033966
0 1478203171 1658.528076 916.474121
0 1524798255 631.781067 429.726685
0 1478199165 1534.870483 911.672119
0 1578528686 882.791931 631.296509
0 1478192156 1589.542358 941.521362
0 1478228201 1397.839844 993.306641
0 1772037075 838.151123 588.387207
0 1578515670 875.522644 661.754211
0 1524851323 561.842590 462.638824
0 1478218188 1691.186768 974.957642
0 1478202169 1372.242554 905.356567
0 1478254236 1708.907837 1006.691467
0 1478246226 1615.484741 839.394836
0 1524809269 525.731812 453.104004
0 1524822285 652.772278 430.071960
0 1524841310 624.372681 502.331207
0 1478235210 1699.751221 1073.684082
0 1578515669 1056.878296 700.267517
0 1524854328 547.427185 453.488312
0 0 478.396271 483.502808
0 1 1355.110352 1049.414917
0 2 712.289734 450.363098
0 3 1125.467651 922.674255
0 4 487.348816 620.477844
0 5 710.600830 856.902771
0 6 1374.488037 899.766235
0 7 565.249146 943.395569
0 8 415.637390 939.116455
0 9 1706.666748 785.293762
0 10 343.715790 853.335815
0 11 1447.260742 839.902588
0 12 1149.181152 407.226898
0 13 547.526550 461.539398
0 14 1398.713257 697.888611
0 15 496.493958 1010.573120
0 16 167.006393 821.721497
0 17 1456.935791 447.765900
0 18 188.255646 863.569031
0 19 930.996704 464.708130
0 20 1632.983643 694.332153
0 21 667.498352 472.136658
0 22 1595.705444 582.371216
0 23 1079.155762 406.347290
0 24 1014.999939 876.630859
0 25 1181.693848 475.420197
0 26 1096.182861 468.092712
0 27 1759.117432 859.320801
0 28 1191.370728 851.972473
0 29 1255.801880 526.993896
0 30 351.771027 795.100586
0 31 319.177185 921.555481
0 32 229.605972 901.652771
0 33 1197.396973 559.092163
0 34 153.955063 1007.949829
0 35 1699.045166 891.627380
0 36 1208.197632 640.712280
0 37 271.507111 784.897400
0 38 1047.837891 389.737427
0 39 445.246643 833.873657
