0 1578512666 948.817322 494.962677
0 1524823287 518.233032 949.801880
0 1478234209 1403.166260 373.561829
0 1707269176 1136.111450 495.112823
0 1438989626 918.380920 566.382874
0 1524801259 623.140991 756.696167
0 1438992629 976.256592 536.347046
0 1478227200 1352.998291 329.849548
0 1524854327 730.149597 756.809387
0 1478249229 1317.822021 306.278259
0 1524807266 432.775665 711.887634
0 1524863340 406.186401 917.805847
0 1524831297 409.190735 756.469910
0 1478229202 1331.869995 329.836029
0 1568509654 1004.420715 536.370728
0 1524790246 420.122803 887.562866
0 1578523681 1177.211792 551.293152
0 1478207175 1363.556152 313.954895
0 1524861337 644.982605 949.959900
0 1478210178 1422.450684 338.163666
0 1524862338 501.044556 711.956848
0 1478186149 1379.625000 338.135895
0 1524797254 383.408020 805.206787
0 1578518674 1109.350952 495.091400
0 1438985621 1145.264771 536.489380
0 1524857331 570.811279 918.005920
0 1478203170 1416.388428 329.890137
0 1438994632 975.355469 482.102112
0 1578520676 947.835632 551.096680
0 1478237213 1271.821899 382.956848
0 1568511657 1001.669678 482.122864
0 1775370079 922.066589 494.941223
0 1478195160 1455.364746 383.083893
0 1568510655 949.042603 482.081329
0 1478257240 1290.073853 373.484619
0 1578521677 1052.819336 469.696655
0 1524794250 660.895630 887.848328
0 1524812272 651.891418 780.559509
0 1769859072 1029.077759 495.027008
0 1578525683 948.343445 522.060181
0 1770636073 1078.712402 469.716766
0 1524846317 380.005035 887.515259
0 1524833300 615.412415 780.520142
0 1568511656 1181.122925 566.611877
0 1438985620 1088.922485 536.441895
0 1478185148 1448.410400 373.592773
0 1707993177 1125.244263 445.988678
0 1478189152 1267.458252 373.469177
0 1524791247 460.243744 887.610413
0 1524830296 433.378082 858.797974
0 2088218948 1086.739380 522.174805
0 1524827292 529.650085 917.955933
0 1606348170 1142.108276 522.220642
0 1524855329 603.464966 712.060730
0 1478183145 1248.883667 382.940979
0 1438990627 1027.985107 482.143616
0 1524840309 611.975769 918.055969
0 1478222194 1303.080566 355.304199
0 1709860179 924.599854 445.837433
0 1478188151 1268.490356 329.795410
0 1438988624 1084.630371 508.392242
0 1478243222 1240.050781 313.877747
0 1524843313 349.282532 949.591370
0 1524844315 396.592865 780.283630
0 1524858333 433.750824 949.696594
0 1524811271 569.322632 712.026062
0 1524859334 475.990204 949.749268
0 1478216186 1312.690308 373.500061
0 1524851324 701.035400 887.895935
0 1524814275 665.423340 733.946167
0 1578514668 1104.606689 469.736877
0 1478184146 1285.516846 364.260498
0 1524829294 472.519043 858.843201
0 1478176143 1251.169434 338.052612
0 1524860336 671.756714 712.129944
0 1478222193 1306.213013 321.765961
0 1438997636 1032.586426 536.394409
0 1478194158 1259.090332 355.274933
0 1478201168 1368.772949 321.805511
0 1478187150 1419.341919 364.350708
0 1478205172 1374.127441 329.863068
0 1524838306 480.497589 756.545349
0 1568514660 1159.583130 482.247498
0 1524865342 740.057434 712.199219
0 2085418945 1024.912231 445.913055
0 1524808268 658.807983 756.733948
0 1478200167 1363.569824 346.618439
0 1478194159 1347.918823 321.792297
0 1568501643 1106.939819 482.205933
0 1478239216 1240.916260 364.230438
0 1524820283 688.372986 780.598999
0 1438989625 1076.865112 457.644867
0 1568505649 1111.843994 508.414429
0 1478255237 1432.418335 383.067993
0 1524804262 705.905884 712.164612
0 1568506650 1102.347656 457.664368
0 1478217187 1363.585083 383.020386
0 1568505648 1051.383911 457.625397
0 1568497640 1166.275269 508.458771
0 1578511665 1162.873291 495.134308
0 1478258241 1391.072632 355.362701
0 1524796253 505.990906 780.401794
0 1478206173 1342.969849 313.942017
0 1524826291 560.759094 733.837830
0 1578529688 999.832275 445.894135
0 1478233207 1435.074219 355.391968
0 1708834178 1082.591797 495.069916
0 1478189153 1289.616089 329.808960
0 1568499641 948.584412 508.281372
0 1478245224 1441.649414 364.365723
0 1524852325 525.875732 733.801697
0 1478219190 1219.469482 313.864868
0 1578525682 1001.037354 469.656433
0 1478232206 1264.510620 321.739563
0 1524818280 607.323608 805.454285
0 1524850322 456.116211 733.729492
0 1438996635 1133.260742 482.226685
0 1524832299 569.997559 805.413025
0 1478242220 1406.973755 346.646942
0 1524789245 307.053589 949.538696
0 1438999639 976.756470 566.433777
0 1478196161 1374.729614 364.320618
0 1478252234 1340.642700 383.004486
0 1524803261 580.625427 887.753113
0 1478211179 1277.175659 306.253143
0 1578523680 949.260620 469.616180
0 1578530689 1005.170044 551.145813
0 1568508653 1064.332153 566.510071
0 1524826290 421.240021 733.693359
0 1524847319 458.035675 805.289246
0 1524810270 724.857239 780.638428
0 1524835302 578.935974 780.480652
0 1524821284 391.514954 949.643982
0 1524799257 532.674194 805.371765
0 1478233208 1298.470947 346.575684
0 1608354172 1075.075806 445.950867
0 1524835303 700.316223 733.982300
0 1478251232 1409.472900 383.052124
0 1524812273 630.532898 733.910034
0 1706512175 919.170776 551.072144
0 1438986622 923.996765 457.527893
0 1478211180 1358.213379 338.122009
0 1524823286 447.337646 917.855896
0 1478223195 1335.307861 373.515503
0 1478244223 1341.869141 346.604218
0 1438987623 1025.904053 457.605896
0 1478193157 1315.393188 338.094269
0 1478198164 1413.072998 355.377350
0 1524862339 550.809937 858.933899
0 1478236212 1237.096558 355.260284
0 1478240217 1263.216187 364.245483
0 1478214183 1395.257446 329.876617
0 1578521678 1062.510864 551.194946
0 1524844314 490.994812 733.765625
0 1524848320 675.289856 831.664673
0 1524806265 542.462158 780.441284
0 1524787243 420.720490 805.248047
0 1478241219 1272.576416 338.066528
0 1524799256 587.476379 756.658508
0 1478190154 1229.763184 338.038727
0 1478226198 1293.984375 338.080353
0 1478208176 1322.384399 313.929169
0 1478214184 1294.761108 382.972717
0 2084722944 1026.927734 469.676544
0 1578522679 1003.697327 522.106018
0 1524825289 323.893768 917.705933
0 1774531078 1033.839722 551.170410
0 1525674169 976.019653 522.083130
0 1478197162 1378.797485 306.315887
0 1524815276 595.644836 733.873962
0 1768901071 923.374207 469.596069
0 1578526684 1002.322998 495.005585
0 1478182144 1401.037354 338.149780
0 1524853326 466.908997 711.922241
0 1478218189 1244.843750 373.453705
0 1578513667 1055.834229 495.048492
0 1438983618 1080.620239 482.185181
0 1478224196 1281.084961 355.289551
0 1478247227 1410.484009 321.831909
0 1524792248 694.314697 918.156006
0 1524795252 365.038391 917.755859
0 1524808267 598.848816 831.578247
0 1478191155 1247.365479 329.781921
0 1524856330 369.594116 831.318970
0 1478236211 1386.528442 383.036255
0 1478258242 1399.124268 306.328430
0 1478212181 1255.076172 346.547211
0 1478185147 1307.818604 364.275543
0 1568502645 1117.092773 536.465576
0 1568508652 1054.302002 482.164398
0 1438984619 1127.831543 457.683868
0 1659977623 1043.128662 501.642303
0 1478209177 1428.677002 346.661194
0 1438982617 1030.207642 508.347931
0 1524805264 668.268677 859.069885
0 1771287074 1148.534180 551.268616
0 2087111947 975.148315 469.636292
0 1524817279 535.182434 711.991516
0 1524795251 469.522308 780.362427
0 1478230204 1320.169556 346.589966
0 1478230203 1384.143188 313.967743
0 1524847318 540.494995 887.705566
0 1578516671 1169.794922 522.243591
0 1568513659 1002.998413 508.325745
0 1578529687 1119.858154 551.244019
0 1524819282 516.154663 756.583069
0 1478253235 1276.773193 346.561462
0 1524836304 522.419189 831.491821
0 1478243221 1389.628174 321.818665
0 1568501644 1153.316406 457.703369
0 1438998637 1093.527344 566.535522
0 1524816278 719.318115 805.578064
0 1705773174 920.668701 522.037292
0 1524845316 339.890381 887.467712
0 1524842312 355.105194 858.707336
0 1568507651 947.567810 566.408325
0 1438999638 974.947815 457.566864
0 1478252233 1317.701416 382.988617
0 1438993630 922.731140 482.060547
0 1478237214 1260.632935 313.890594
0 1524857332 602.729248 949.907227
0 1478248228 1325.077148 355.318817
0 1478225197 1222.811401 321.713196
0 1524859335 446.000946 831.405396
0 1524832298 495.353516 805.330505
0 1478200166 1216.212158 306.215515
0 1478250231 1380.545898 373.546387
0 1478245225 1281.215942 313.903442
0 1438995633 919.932922 536.299561
0 1524804263 589.959839 858.979187
0 1524839308 484.208679 831.448547
0 1524849321 694.477539 756.771606
0 1568512658 948.093994 536.323303
0 1568514661 1060.753662 536.418152
0 1478231205 1425.787842 373.577271
0 1773608077 975.569458 494.984100
0 1438977615 1139.058960 508.436584
0 1524834301 620.758972 887.800781
0 1607644171 1130.502319 469.756989
0 1524800258 394.240112 858.752625
0 1568504647 949.471680 457.547394
0 1568500642 1057.418335 508.370056
0 1478256239 1347.074707 355.333435
0 1524815277 713.514771 831.707886
0 1568503646 1173.438110 536.513062
0 1478220191 1301.799805 313.916290
0 1478207174 1385.271240 346.632690
0 1524841311 560.479431 949.854553
0 1478213182 1285.361328 321.752747
0 1524813274 637.067932 831.621460
0 1568516663 1000.425232 457.586395
0 1578517672 949.676147 445.856323
0 1578527685 1156.399170 469.777130
0 1478240218 1352.425049 364.305603
0 1478215185 1243.660645 321.726379
0 1524838307 707.427551 859.115173
0 1478197163 1369.073242 355.348053
0 1478221192 1357.926270 373.530975
0 1524819281 407.796143 831.362183
0 2086284946 1031.376465 522.128967
0 1524824288 637.609680 712.095337
0 1524802260 687.239380 950.012573
0 1478226199 1336.802856 338.108124
0 1578518673 1049.993408 445.931976
0 1438981616 921.379578 508.259247
0 1478238215 1226.241577 329.768372
0 1609135173 1091.183716 551.219482
0 1524837305 653.143555 918.105957
0 1524793249 644.652405 805.495544
0 1568515662 1122.724243 566.560974
0 1568516664 1005.946655 566.459167
0 1438991628 1035.138550 566.484619
0 1478249230 1233.380249 346.532959
0 1438996634 975.790649 508.303558
0 1578519675 1100.159424 445.969788
0 1524829295 488.492188 917.905884
0 1524864341 629.112793 859.024475
0 1478255238 1256.853638 306.240631
0 1438993631 1151.922852 566.586365
0 1524788244 681.983948 805.536743
0 1772785076 974.753601 445.875244
0 1524828293 551.814331 756.620728
0 1478203171 1297.498413 306.265686
0 1524798255 433.056305 780.322998
0 1478199165 1310.742554 329.822479
0 1578528686 1059.057251 522.151855
0 1478192156 1327.065430 321.779144
0 1478228201 1397.035278 364.335663
0 1772037075 976.502014 551.121277
0 1578515670 1114.422974 522.197754
0 1524851323 560.632568 831.535034
0 1478218188 1338.146362 306.290802
0 1478202169 1330.121338 364.290558
0 1478254236 1358.471436 306.303314
0 1478246226 1236.532471 306.228058
0 1524809269 500.367859 887.658020
0 1524822285 444.842926 756.507629
0 1524841310 735.211426 734.018494
0 1478235210 1404.731201 313.980621
0 1578515669 1150.330322 446.007568
0 1524854328 511.662994 858.888550
0 0 1593.692261 1031.287964
0 6 534.004089 399.756897
0 7 495.478363 422.944550
0 8 574.345398 376.543182
0 9 433.370789 476.351746
0 10 516.638611 377.410889
0 11 1423.544922 998.462463
0 12 851.328064 220.202438
0 13 460.534149 405.564545
0 14 1014.835510 196.086212
0 16 610.873352 963.035278
0 17 1036.074707 181.908249
0 19 696.609680 1024.099121
0 21 892.958374 191.179184
0 22 1685.058838 201.718384
0 23 1398.208984 592.157471
0 24 1506.210938 268.969360
0 25 1407.316284 545.623047
0 26 1361.461914 338.591675
0 27 961.914001 573.879456
0 28 845.076416 427.182129
0 29 1112.028931 582.113647
0 30 1570.883667 278.184540
0 31 1381.509644 482.439209
0 33 1295.259521 328.402222
0 35 1467.092407 249.132446
0 36 655.467346 395.357880
0 37 1285.956055 269.617249
0 39 1625.287109 189.720184
0 40 1526.671265 256.643280
0 43 1038.879150 159.121826
0 46 1528.675415 193.842468
0 55 1476.684814 175.195435
0 59 539.826111 838.236816
0 73 358.802094 998.875183
0 100 1445.124268 261.632965
0 104 581.721680 308.612701
0 105 584.217163 290.389343
0 108 854.848694 206.514603
0 109 1020.715454 210.720871
0 110 1175.098022 201.789322
0 112 258.831970 881.619080
0 113 174.668106 871.552124
0 114 1702.262939 299.429565
0 118 1860.542603 406.337433
