0 1578512666 956.647705 557.946716
0 1524823287 1395.804810 499.246338
0 1478234209 499.237854 493.944733
0 1707269176 850.487000 513.193665
0 1438989626 1045.933960 535.031738
0 1524801259 1307.792725 529.315735
0 1438992629 985.408875 533.673462
0 1478227200 409.846405 526.892212
0 1524854327 1254.053955 511.517883
0 1478249229 354.615814 551.559937
0 1524807266 1404.291138 580.756836
0 1524863340 1442.600708 521.293457
0 1524831297 1424.929932 568.110840
0 1478229202 420.493744 533.389832
0 1568509654 969.715332 527.407593
0 1524790246 1433.385864 526.574280
0 1578523681 895.983276 487.376892
0 1478207175 356.396515 531.974548
0 1524861337 1342.870605 483.249268
0 1478210178 399.772797 502.847443
0 1524862338 1363.242310 566.771912
0 1478186149 420.227325 514.980347
0 1524797254 1444.687378 556.004883
0 1578518674 864.784119 519.220764
0 1438985621 895.566284 497.802490
0 1524857331 1368.423828 498.596100
0 1478203170 379.141663 508.154297
0 1438994632 924.961304 557.258972
0 1578520676 1015.698486 534.353210
0 1478237213 586.643738 524.724609
0 1568511657 909.186279 550.481750
0 1775370079 973.054749 564.863220
0 1478195160 496.772339 477.896667
0 1568510655 941.059326 564.175049
0 1478257240 555.579651 524.027527
0 1578521677 862.581665 543.151489
0 1524794250 1323.496338 492.521362
0 1524812272 1300.251343 518.002380
0 1769859072 909.361694 538.012878
0 1578525683 986.812134 545.894653
0 1770636073 847.717163 536.640442
0 1524846317 1452.903442 532.622437
0 1524833300 1318.412598 523.935059
0 1568511656 910.140381 482.643402
0 1438985620 924.394592 509.312622
0 1478185148 478.152008 482.686310
0 1707993177 785.847961 535.263062
0 1478189152 567.519226 530.402405
0 1524791247 1414.227661 520.637451
0 1524830296 1423.982056 531.963440
0 2088218948 909.691589 514.552734
0 1524827292 1386.469971 504.118042
0 1606348170 880.843994 502.829071
0 1524855329 1304.659546 546.813354
0 1478183145 598.880432 531.100647
0 1438990627 893.724731 543.839172
0 1524840309 1350.695190 493.171326
0 1478222194 504.623840 529.002197
0 1709860179 908.613037 591.241028
0 1478188151 453.762878 553.692627
0 1438988624 894.682251 519.902039
0 1478243222 421.079712 573.878174
0 1524843313 1470.925537 521.948303
0 1524844315 1434.915283 561.992554
0 1524858333 1432.687134 510.392395
0 1524811271 1323.803955 553.335693
0 1524859334 1414.080933 504.769531
0 1478216186 543.872559 517.776733
0 1524851324 1306.300171 487.192566
0 1524814275 1278.619019 528.651001
0 1578514668 833.142456 530.256409
0 1478184146 536.100342 529.702942
0 1524829294 1404.716553 525.916138
0 1478176143 486.685181 554.400879
0 1524860336 1267.464844 534.141479
0 1478222193 409.788300 546.077087
0 1438997636 954.320740 521.261108
0 1478194158 527.998108 542.135620
0 1478201168 378.137421 526.186279
0 1478187150 469.527679 493.253052
0 1478205172 399.409393 520.522888
0 1524838306 1384.355103 554.672668
0 1568514660 820.807129 512.512390
0 1524865342 1231.661499 521.943604
0 2085418945 844.709167 562.102417
0 1524808268 1289.545410 523.272400
0 1478200167 451.222198 515.681335
0 1478194159 388.474976 532.682800
0 1568501643 849.130066 524.680420
0 1478239216 560.091003 542.838318
0 1524820283 1282.422607 512.178345
0 1438989625 831.381287 542.462585
0 1568505649 880.115173 513.873779
0 1478255237 507.283691 483.373657
0 1524804262 1249.394165 527.984985
0 1568506650 816.810730 535.952393
0 1478217187 540.009644 500.425659
0 1568505648 846.244812 549.103638
0 1568497640 851.791382 502.152649
0 1578511665 836.457764 507.279510
0 1478258241 460.558105 504.242798
0 1524796253 1374.987305 542.416138
0 1478206173 366.627533 538.602417
0 1524826291 1334.685547 547.481812
0 1578529688 860.187866 569.160339
0 1478233207 439.765961 492.560181
0 1708834178 879.356873 525.364075
0 1478189153 442.445160 546.785889
0 1568499641 971.895020 551.854736
0 1478245224 459.153778 487.573120
0 1524852325 1354.106934 554.004822
0 1478219190 432.679749 581.392944
0 1578525682 893.215515 556.569946
0 1478232206 431.997284 560.034241
0 1524818280 1328.818359 518.662842
0 1524850322 1394.114624 567.442017
0 1438996635 834.833252 518.538269
0 1524832299 1347.230103 524.596558
0 1478242220 430.192322 503.545715
0 1524789245 1490.576904 527.887146
0 1438999639 1013.749939 522.615295
0 1478196161 490.870300 504.938599
0 1478252234 551.334473 506.326569
0 1524803261 1358.813232 503.465485
0 1478211179 375.930847 565.809570
0 1578523680 925.118347 570.544189
0 1578530689 984.061401 521.938782
0 1568508653 967.704407 504.851257
0 1524826290 1414.724365 574.364136
0 1524847319 1404.583374 543.080261
0 1524810270 1264.917358 506.459961
0 1524835302 1336.915771 529.979431
0 1524821284 1451.632202 516.117737
0 1524799257 1365.988281 530.641907
0 1478233208 484.352875 534.799866
0 1608354172 814.686279 548.412659
0 1524835303 1260.628418 522.608582
0 1478251232 517.989990 488.952240
0 1524812273 1296.951904 534.808411
0 1706512175 1031.981689 540.742737
0 1438986622 925.282288 584.417847
0 1478211180 430.757233 521.226379
0 1524823286 1423.549316 515.463928
0 1478223195 532.391174 511.646423
0 1478244223 462.048065 521.928589
0 1438987623 861.410156 555.879578
0 1478193157 452.452972 534.095520
0 1478198164 450.063507 498.346130
0 1524862339 1367.241577 514.153015
0 1478236212 540.044739 548.904358
0 1478240217 547.975281 536.204712
0 1478214183 389.176422 514.278076
0 1578521678 953.605713 509.987946
0 1524844314 1373.912720 560.656921
0 1524848320 1303.362183 502.157135
0 1524806265 1355.770508 536.138672
0 1524787243 1424.441284 549.480042
0 1478241219 475.040039 547.493408
0 1524799256 1326.387207 535.474121
0 1478190154 498.574493 561.453186
0 1478226198 463.631714 540.726318
0 1478208176 377.069275 545.366882
0 1478214184 574.645020 518.472656
0 2084722944 877.744751 549.793335
0 1578522679 955.064880 532.992493
0 1524825289 1481.774780 533.280334
0 1774531078 968.690063 515.907104
0 1525674169 970.782837 539.380310
0 1478197162 324.258240 531.264893
0 1524815276 1315.637451 541.084167
0 1768901071 941.570496 577.750671
0 1578526684 924.810791 544.525574
0 1478182144 409.901093 508.855194
0 1524853326 1383.559204 573.693726
0 1478218189 579.698120 536.905212
0 1578513667 894.213257 531.626892
0 1438983618 863.705322 530.942261
0 1478224196 516.193604 535.502991
0 1478247227 358.069397 513.574585
0 1524792248 1316.157349 482.603119
0 1524795252 1462.005859 527.231262
0 1524808267 1339.016357 513.495911
0 1478191155 465.318146 560.744385
0 1524856330 1454.253052 550.143677
0 1478236211 528.896729 494.635254
0 1478258242 314.543823 524.770447
0 1478212181 507.573181 548.199524
0 1478185147 524.459167 523.329163
0 1568502645 909.846985 503.504272
0 1568508652 878.567383 537.327271
0 1438984619 802.524475 529.569275
0 1659977623 909.446655 531.968750
0 1478209177 419.976501 497.650543
0 1438982617 924.666382 532.310303
0 1524805264 1313.526978 497.292450
0 1771287074 909.996460 492.875671
0 2087111947 909.003418 563.485474
0 1524817279 1343.327881 559.987244
0 1524795251 1394.576172 548.815186
0 1478230204 473.089447 528.300171
0 1478230203 346.369934 525.479004
0 1524847318 1376.950684 509.085999
0 1578516671 866.817383 497.128632
0 1568513659 940.100098 538.697205
0 1578529687 924.266479 498.475220
0 1524819282 1364.657715 548.149048
0 1478253235 495.845154 541.431641
0 1524836304 1375.998169 525.256958
0 1478243221 368.004272 519.818115
0 1568501644 788.514465 523.309570
0 1438998637 952.918091 499.146790
0 1524816278 1275.567749 501.501312
0 1705773174 1003.162292 552.539368
0 1524845316 1472.790771 538.785156
0 1524842312 1463.618774 544.405090
0 1568507651 1029.687500 528.763977
0 1438999638 892.684204 569.852905
0 1478252233 562.877502 512.341125
0 1438993630 957.490479 571.234131
0 1478237214 409.726318 566.523010
0 1524857332 1360.207886 488.488708
0 1478248228 493.282013 522.629517
0 1478225197 455.159668 574.590515
0 1524859335 1414.383179 537.464233
0 1524832298 1385.102661 536.802002
0 1478200166 409.660126 588.358704
0 1478250231 510.079926 499.733704
0 1478245225 398.611664 559.322632
0 1438995633 1017.727905 546.577271
0 1524804263 1349.012573 508.431122
0 1524839308 1395.010254 531.303223
0 1524849321 1271.635620 517.340759
0 1568512658 1001.409973 540.062134
0 1568514661 939.216553 515.230469
0 1478231205 488.597076 488.263275
0 1773608077 940.569641 551.168823
0 1438977615 865.820679 507.958405
0 1524834301 1340.997925 497.944824
0 1607644171 818.849243 523.995605
0 1524800258 1443.612549 538.125305
0 1568504647 908.812500 577.059082
0 1568500642 909.529968 526.046448
0 1478256239 482.161285 516.381042
0 1524815277 1286.010986 496.639038
0 1568503646 881.545166 492.204346
0 1478220191 387.728333 552.272217
0 1478207174 440.605652 509.554871
0 1524841311 1377.849854 493.820251
0 1478213182 420.777313 552.983093
0 1524813274 1321.027832 507.775146
0 1568516663 876.886780 562.794556
0 1578517672 892.129272 583.724792
0 1578527685 804.829468 517.854553
0 1478240218 501.850555 510.950500
0 1478215185 443.455536 567.235107
0 1524838307 1296.253174 491.870361
0 1478197163 471.255371 510.253296
0 1478221192 521.129028 505.633179
0 1524819281 1434.127197 543.743286
0 2086284946 939.649414 526.727661
0 1524824288 1285.883301 540.416504
0 1524802260 1325.830200 478.099548
0 1478226199 441.497070 527.596863
0 1578518673 829.545166 555.187988
0 1438981616 988.274902 558.633240
0 1478238215 477.118591 567.945740
0 1609135173 938.800415 504.178345
0 1524837305 1333.275757 487.841156
0 1524793249 1310.743286 512.837646
0 1568515662 938.400085 493.545868
0 1568516664 998.112366 516.582458
0 1438991628 982.766663 510.662170
0 1478249230 519.544434 555.107727
0 1438996634 955.839844 545.210754
0 1578519675 800.123474 541.772400
0 1524829295 1404.842163 509.739716
0 1524864341 1331.110718 502.811829
0 1478255238 386.932159 573.164307
0 1438993631 924.143188 488.045624
0 1524788244 1292.996094 507.118103
0 1772785076 875.991150 576.366211
0 1524828293 1345.338745 541.750732
0 1478203171 365.161133 558.609741
0 1524798255 1414.548462 555.339355
0 1478199165 431.357758 540.019714
0 1578528686 924.527771 520.582153
0 1478192156 399.023132 539.311768
0 1478228201 480.097961 499.040497
0 1772037075 999.728027 528.086365
0 1578515670 895.132935 508.636078
0 1524851323 1357.336548 519.322144
0 1478218188 344.287994 544.655396
0 1478202169 513.044678 517.079529
0 1478254236 334.170898 537.891846
0 1478246226 398.172577 580.678894
0 1524809269 1395.419067 514.809021
0 1524822285 1404.441895 561.325378
0 1524841310 1242.970947 516.678040
0 1478235210 336.541779 519.112061
0 1578515669 771.851318 528.880920
0 1524854328 1385.806396 519.980408
0 0 1020.421143 379.696716
0 1 548.624756 480.629944
0 2 833.737671 364.060822
0 3 1274.990845 454.829895
0 4 663.861755 405.394562
0 5 525.413208 463.397614
0 6 1422.074463 498.593414
0 7 705.397034 394.212555
0 8 618.531982 487.129333
0 9 1075.773071 763.786804
0 10 658.714478 498.397247
0 11 786.888611 821.365662
0 12 1303.290894 611.745789
0 13 446.638733 681.140320
0 14 1187.534790 650.299866
0 15 650.356506 392.141541
0 16 582.113098 455.370300
0 17 1258.262207 642.542908
0 18 431.512421 495.508270
0 19 902.742126 372.553833
0 20 1056.164551 688.982727
0 21 1225.037842 531.200073
0 22 1121.036865 672.365173
0 23 1444.956665 521.039856
0 24 385.477539 619.234131
0 25 985.163940 400.517639
0 26 1021.772461 412.962585
0 27 949.286011 782.080566
0 28 1012.440369 732.702148
0 29 1128.631714 557.124023
0 30 739.053406 542.431824
0 31 536.026611 729.686829
0 32 1129.719116 429.092377
0 33 1152.805176 453.673828
0 34 878.944824 353.685272
0 35 946.143677 745.841125
0 36 1219.438843 507.090576
0 37 1029.944824 398.340332
0 38 1115.157227 713.246582
0 39 1067.120483 407.507080
