0 1578512666 881.360168 706.706116
0 1707269176 878.114319 943.262146
0 1438989626 686.157043 679.763245
0 1438992629 758.456482 736.564941
0 1568509654 755.116821 767.181519
0 1578523681 682.076172 987.350281
0 1578518674 878.651001 904.150513
0 1438985621 735.707458 945.118225
0 1438994632 921.579041 735.544312
0 1578520676 721.530457 707.554199
0 1568511657 922.124268 765.970337
0 1775370079 881.741638 678.903137
0 1568510655 921.058411 706.495483
0 1578521677 966.824097 830.956421
0 1769859072 880.104370 798.227234
0 1578525683 801.653442 707.129028
0 1770636073 968.563293 866.095276
0 1568511656 632.817505 988.058777
0 1438985620 744.069092 868.462463
0 1707993177 1065.951050 940.813782
0 2088218948 789.231750 867.986267
0 1606348170 783.323425 944.497620
0 1438990627 922.696045 797.873840
0 1709860179 1036.429810 678.222839
0 1438988624 834.261963 867.511414
0 1578514668 970.393433 903.071838
0 1438997636 751.614075 799.293213
0 1568514660 926.028931 983.841675
0 2085418945 1049.762817 796.819702
0 1568501643 924.591003 903.610413
0 1438989625 1013.069214 865.626038
0 1568505649 832.572632 904.692200
0 1568506650 1016.058655 902.534973
0 1568505648 1010.228210 830.548706
0 1568497640 828.912964 985.238403
0 1578511665 877.548035 984.538879
0 1578529688 1046.193481 765.070557
0 1708834178 879.160217 867.038025
0 1568499641 841.558655 706.917297
0 1578525682 963.592896 765.669617
0 1438996635 925.290649 942.647156
0 1438999639 676.240540 737.079346
0 1578523680 960.653809 706.285339
0 1578530689 713.079407 767.486389
0 1568508653 659.499084 833.842834
0 1608354172 1057.445557 865.158081
0 1706512175 725.473633 679.590393
0 1438986622 997.904541 678.392273
0 1438987623 1007.524780 797.170044
0 1578521678 703.781006 833.427002
0 2084722944 965.169434 797.521484
0 1578522679 797.039551 766.877502
0 1774531078 708.543884 799.650574
0 1525674169 799.400146 736.308716
0 1768901071 959.281738 678.562134
0 1578526684 880.542786 766.271912
0 1578513667 879.644043 831.775208
0 1438983618 923.927124 866.565979
0 1568502645 739.998413 905.780518
0 1568508652 923.296265 831.365234
0 1438984619 1019.208313 941.423035
0 1659977623 858.273682 814.985718
0 1438982617 837.393860 798.581604
0 1771287074 687.943604 945.740845
0 2087111947 962.089355 735.290894
0 1578516671 780.123169 985.940063
0 1568513659 838.848083 766.574280
0 1578529687 693.501343 906.327209
0 1568501644 1022.531433 982.453674
0 1438998637 653.343872 869.419067
0 1705773174 803.806641 679.245850
0 1568507651 681.311890 707.767578
0 1438999638 1002.492493 735.038086
0 1438993630 920.560852 678.732422
0 1438995633 764.690063 679.417908
0 1568512658 761.644165 707.341309
0 1568514661 747.935974 833.012268
0 2079485312 858.272156 814.928833
0 1773608077 880.960999 735.798462
0 1438977615 830.792114 943.878967
0 1607644171 972.321716 942.034180
0 1568504647 1000.146790 706.075806
0 1568500642 835.866943 832.186401
0 1568503646 731.177856 986.644043
0 1568516663 1004.949219 765.369690
0 1578517672 1039.537720 705.866821
0 1578527685 974.356506 983.146545
0 2086284946 794.563843 798.936890
0 1578518673 1053.509033 830.142273
0 1438981616 842.823669 679.074280
0 1609135173 698.773315 868.940063
0 1568515662 646.863403 906.875549
0 1568516664 670.926758 767.792114
0 1438991628 665.352783 800.008850
0 1438996634 840.234863 736.053223
0 1578519675 1061.587402 901.999817
0 1438993631 640.031067 946.365356
0 1772785076 1042.788818 734.785950
0 1578528686 791.964478 832.598755
0 1772037075 717.403442 736.821777
0 1578515670 786.355286 905.235535
0 1578515669 1070.554565 981.763000
0 0 858.435852 672.967102
0 1 1010.502686 608.418152
0 2 485.664307 556.284180
0 3 847.249939 607.722168
0 5 1442.479492 1009.806396
0 6 864.297607 1020.540894
0 8 579.376587 874.812927
