0 1578512666 861.470398 655.679932
0 1707269176 579.589661 632.853699
0 1438989626 914.093445 533.381042
0 1438992629 834.329712 574.224060
0 1568509654 796.734314 571.135986
0 1578523681 579.805725 529.008667
0 1578518674 620.000732 636.126099
0 1438985621 608.134888 555.644836
0 1438994632 816.611389 680.930176
0 1578520676 875.065247 553.365417
0 1568511657 775.497498 677.618164
0 1775370079 901.550049 658.925476
0 1568510655 857.675720 684.238098
0 1578521677 685.200989 700.659790
0 1769859072 740.948608 645.920288
0 1578525683 868.563904 602.294739
0 1770636073 642.946167 697.274658
0 1568511656 588.930786 506.446960
0 1438985620 683.699341 561.851562
0 1707993177 534.825684 753.931091
0 2088218948 676.260681 586.570374
0 1606348170 599.035828 580.255859
0 1438990627 734.334167 674.302246
0 1709860179 889.254578 781.988037
0 1438988624 668.489868 612.392944
0 1578514668 600.639282 693.885315
0 1438997636 759.097473 568.044617
0 1568514660 527.771973 657.662537
0 2085418945 712.498901 767.995911
0 1568501643 610.546387 664.330505
0 1438989625 633.596741 728.342896
0 1568505649 629.032715 609.181824
0 1568506650 590.246155 724.890137
0 1568505648 676.892639 731.791382
0 1568497640 549.981812 602.748474
0 1578511665 539.130859 629.577454
0 1578529688 756.773560 771.500671
0 1708834178 660.364136 639.394714
0 1568499641 865.096069 628.393127
0 1578525682 769.554321 707.417603
0 1438996635 569.184082 660.998535
0 1438999639 842.101807 527.417786
0 1578523680 853.700134 714.158752
0 1578530689 801.488953 547.295898
0 1568508653 733.829224 518.449280
0 1608354172 623.777466 760.972595
0 1706512175 911.794067 556.395264
0 1438986622 892.553589 748.968445
0 1438987623 720.133728 735.235413
0 1578521678 727.754028 541.213318
0 2084722944 727.403625 704.040771
0 1578522679 791.772339 596.015625
0 1774531078 764.641357 544.256287
0 1525674169 830.189697 599.156921
0 1768901071 895.695435 717.523132
0 1578526684 781.169739 649.177307
0 1578513667 700.680054 642.659363
0 1438983618 651.858643 667.658386
0 1568502645 645.937927 558.749878
0 1568508652 693.121277 670.982361
0 1438984619 546.840698 721.432922
0 1659977623 724.243530 630.593689
0 1438982617 747.268005 618.804016
0 1771287074 616.852722 532.064758
0 2087111947 811.653076 710.790222
0 1578516671 560.358032 577.093201
0 1568513659 786.589233 622.004089
0 1578529687 653.859741 535.117615
0 1568501644 503.380219 717.971375
0 1438998637 697.662048 515.453430
0 1705773174 906.894958 605.429016
0 1568507651 878.116577 530.401001
0 1438999638 806.452454 742.110596
0 1438993630 898.690857 687.542114
0 1438995633 909.396667 580.389954
0 1568512658 871.883850 577.308655
0 1568514661 721.419189 564.949768
0 2079485312 724.241028 630.535461
0 1773608077 821.343689 652.430481
0 1438977615 589.530029 605.967041
0 1607644171 558.280029 690.491821
0 1568504647 849.530151 745.541687
0 1568500642 707.901611 615.600342
0 1568503646 570.289978 552.536316
0 1568516663 763.320312 738.675232
0 1578517672 845.151306 778.496826
0 1578527685 515.868408 687.094055
0 2086284946 753.311768 592.870728
0 1578518673 668.166931 764.486511
0 1438981616 904.281982 631.582153
0 1609135173 690.826782 538.167114
0 1568515662 661.456604 512.454407
0 1568516664 806.049072 524.431396
0 1438991628 769.958191 521.441956
0 1438996634 825.865173 625.200439
0 1578519675 579.330444 757.454102
0 1438993631 625.212891 509.452271
0 1772785076 800.991028 775.000977
0 1578528686 714.807861 589.722351
0 1772037075 838.296936 550.332336
0 1578515670 637.669983 583.414917
0 1578515669 490.263123 750.403442
0 0 799.315857 789.552063
0 1 952.471191 543.518860
0 2 1015.385986 429.973663
0 3 959.819031 370.483643
0 4 481.951172 661.810608
0 5 182.503387 919.271606
0 6 471.838318 449.777924
0 7 422.404297 601.998535
0 8 114.553101 697.429443
0 9 645.630615 427.261353
