0 1578512666 982.101624 467.657227
0 1707269176 841.372314 395.257935
0 1438989626 1097.680176 425.318512
0 1438992629 1018.434692 425.142578
0 1568509654 997.536072 415.075989
0 1578523681 899.911804 350.611450
0 1578518674 860.137573 404.911865
0 1438985621 899.686462 367.943237
0 1438994632 940.292297 467.610992
0 1578520676 1058.098511 425.230652
0 1568511657 919.239136 456.527527
0 1775370079 1004.141479 478.995758
0 1568510655 961.852783 478.961517
0 1578521677 857.705566 445.633148
0 1769859072 919.019043 435.203888
0 1578525683 1021.061890 445.906982
0 1770636073 838.064880 435.045898
0 1568511656 918.060242 342.303436
0 1438985620 937.555115 386.184021
0 1707993177 756.767578 434.887268
0 2088218948 918.609192 395.488800
0 1606348170 880.703552 376.834961
0 1438990627 898.675598 445.701843
0 1709860179 919.969543 527.297791
0 1438988624 899.204468 405.018860
0 1578514668 818.871033 424.699554
0 1438997636 977.099854 405.232208
0 1568514660 802.636841 395.142151
0 2085418945 834.422974 478.858398
0 1568501643 839.757446 414.684326
0 1438989625 816.647827 445.564331
0 1568505649 880.029663 395.373474
0 1568506650 797.459229 434.966675
0 1568505648 836.288818 456.411865
0 1568497640 842.914612 376.703735
0 1578511665 823.014526 385.813660
0 1578529688 855.024475 490.523743
0 1708834178 879.324219 414.782532
0 1568499641 1001.831482 456.642700
0 1578525682 898.391357 467.564667
0 1438996635 820.990967 404.804688
0 1438999639 1054.679077 405.444672
0 1578523680 941.063965 490.567230
0 1578530689 1015.928894 405.338531
0 1568508653 993.624695 377.227142
0 1608354172 794.678711 456.353851
0 1706512175 1079.906616 435.517853
0 1438986622 941.876099 514.726746
0 1438987623 856.398438 467.518280
0 1578521678 975.583557 386.306976
0 2084722944 877.808899 456.469757
0 1578522679 978.688110 425.054352
0 1774531078 995.535645 395.718719
0 1525674169 999.632263 435.361206
0 1768901071 963.191406 502.494934
0 1578526684 939.558105 445.770355
0 1578513667 898.946289 424.877319
0 1438983618 858.950500 424.788513
0 1568502645 918.418030 376.965942
0 1568508652 878.584717 435.125000
0 1438984619 778.707703 424.610382
0 1659977623 918.912964 424.921631
0 1438982617 938.858765 424.965942
0 1771287074 918.235229 359.254883
0 2087111947 919.470276 478.927216
0 1578516671 862.353821 367.804840
0 1568513659 959.368164 435.282654
0 1578529687 936.946533 368.081329
0 1568501644 760.378418 414.487305
0 1438998637 974.134277 368.219177
0 1705773174 1042.994141 456.700104
0 1568507651 1075.939575 415.270630
0 1438999638 898.092529 490.545502
0 1438993630 983.939087 490.588867
0 1438995633 1061.683716 445.975067
0 1568512658 1039.811646 435.439606
0 1568514661 957.111084 395.603882
0 2079485312 918.913086 424.872864
0 1773608077 960.579895 456.585175
0 1438977615 861.270874 385.937347
0 1607644171 800.109009 414.585907
0 1568504647 919.713501 502.486511
0 1568500642 918.809326 414.880554
0 1568503646 881.347839 359.109741
0 1568516663 876.993835 478.892853
0 1578517672 897.778137 514.732300
0 1578527685 781.764221 404.697266
0 2086284946 958.213196 414.978394
0 1578518673 814.313477 467.471741
0 1438981616 1023.819824 467.703339
0 1609135173 956.058350 377.096649
0 1568515662 955.051697 359.399811
0 1568516664 1033.883057 395.833344
0 1438991628 1013.536377 386.429718
0 1438996634 980.353455 445.838745
0 1578519675 775.502014 445.495361
0 1438993631 936.364441 350.763092
0 1772785076 876.136475 502.478058
0 1578528686 938.191833 405.125671
0 1772037075 1036.778076 415.173401
0 1578515670 899.450989 386.060822
0 1578515669 738.460205 424.521027
0 0 1055.160400 430.584747
0 1 1060.731689 389.367371
0 2 929.744141 441.985626
0 3 1181.335205 385.725891
0 4 904.750366 291.482330
0 5 518.293396 416.975464
0 6 1016.512085 308.139313
0 7 975.563965 282.814026
0 8 623.257202 442.208130
0 9 852.375305 269.279266
