0 1578512666 935.726135 637.312378
0 1524823287 1304.044556 991.246277
0 1478234209 1024.816040 468.020508
0 1707269176 1038.681763 586.808105
0 1438989626 1014.977783 681.861572
0 1524801259 1108.992920 873.304749
0 1438992629 1007.127136 649.987366
0 1478227200 946.838379 454.492157
0 1524854327 1163.196167 831.106262
0 1478249229 897.587524 448.282288
0 1524807266 927.281372 941.546448
0 1524863340 1212.698364 1033.817017
0 1524831297 982.069824 972.117371
0 1478229202 935.468567 458.490051
0 1568509654 1022.335266 641.930786
0 1524790246 1179.198975 1016.265625
0 1578523681 1124.914185 603.519287
0 1478207175 932.670227 443.943268
0 1524861337 1354.492798 937.169922
0 1478210178 992.669006 446.181030
0 1524862338 973.244507 908.359375
0 1478186149 970.966187 453.949829
0 1524797254 1040.547852 1004.747070
0 1578518674 1024.993286 593.522949
0 1438985621 1093.007324 604.491760
0 1524857331 1288.221436 956.997253
0 1478203170 979.774597 442.910980
0 1438994632 933.750977 623.043396
0 1578520676 1010.957886 665.540527
0 1478237213 969.887573 498.791199
0 1568511657 949.212830 615.641296
0 1775370079 919.539307 645.252686
0 1478195160 1060.127441 463.288757
0 1568510655 917.909302 630.627319
0 1478257240 967.732666 490.042175
0 1578521677 961.805969 595.406067
0 1524794250 1290.306519 908.742676
0 1524812272 1155.123535 871.249512
0 1769859072 981.962036 614.631653
0 1578525683 972.523132 651.119202
0 1770636073 976.262939 588.647827
0 1524846317 1158.057129 1036.725464
0 1524833300 1136.648071 886.218567
0 1568511656 1144.054810 609.634094
0 1438985620 1065.760498 618.926025
0 1478185148 1046.222290 459.762360
0 1707993177 971.029358 564.786438
0 1478189152 955.657349 494.700592
0 1524791247 1199.518311 996.601929
0 1524830296 1146.821411 999.301941
0 2088218948 1047.128052 612.622498
0 1524827292 1270.418823 975.105652
0 1606348170 1074.536865 598.479431
0 1524855329 1036.386353 862.768555
0 1478183145 957.613647 503.619995
0 1438990627 964.308350 608.414612
0 1524840309 1305.371338 939.552856
0 1478222194 951.947205 477.784882
0 1709860179 850.293701 618.691101
0 1478188151 900.110718 470.922699
0 1438988624 1028.873413 606.446655
0 1478243222 862.262512 467.853271
0 1524843313 1226.905762 1073.932617
0 1524844315 1010.824829 988.162109
0 1524858333 1267.027832 1030.925171
0 1524811271 1016.059814 877.445068
0 1524859334 1285.901245 1010.694275
0 1478216186 979.580139 485.471649
0 1524851324 1306.566040 893.007507
0 1524814275 1100.986816 846.638855
0 1578514668 990.392395 582.042725
0 1478184146 953.769714 486.094299
0 1524829294 1167.426514 980.285706
0 1478176143 901.010010 478.991638
0 1524860336 1075.053467 834.849426
0 1478222193 911.050110 459.043671
0 1438997636 1037.167725 634.073181
0 1478194158 927.890076 486.718597
0 1478201168 945.245300 447.229095
0 1478187150 1021.880737 460.319031
0 1478205172 958.009216 450.564209
0 1524838306 1027.471802 936.770813
0 1568514660 1034.721802 574.705566
0 1524865342 1111.281372 808.691528
0 2085418945 913.437195 590.499512
0 1524808268 1127.666016 858.767273
0 1478200167 973.012146 461.436554
0 1478194159 934.046631 451.098267
0 1568501643 1007.522949 587.726501
0 1478239216 929.317261 495.347809
0 1524820283 1172.981323 856.780823
0 1438989625 959.409180 582.945923
0 1568505649 1042.813354 599.435486
0 1478255237 1049.564331 467.444550
0 1524804262 1093.457642 821.560852
0 1568506650 973.591675 576.468384
0 1478217187 1016.691956 480.377289
0 1568505648 944.901245 589.572205
0 1568497640 1069.739746 585.892761
0 1578511665 1052.061035 580.244934
0 1478258241 997.477478 460.877075
0 1524796253 1077.178345 934.401611
0 1478206173 921.445801 447.755035
0 1524826291 1042.465332 890.484314
0 1578529688 898.202026 597.301575
0 1478233207 1019.041443 452.869202
0 1708834178 1010.984802 600.394714
0 1478189153 912.110352 466.703339
0 1568499641 953.926514 644.141479
0 1478245224 1032.528564 456.289581
0 1524852325 1021.578247 906.133240
0 1478219190 849.774414 472.094147
0 1578525682 931.862915 609.403564
0 1478232206 887.218567 467.277588
0 1524818280 1165.136230 899.521423
0 1524850322 977.506836 939.152466
0 1438996635 1021.276245 581.142395
0 1524832299 1146.226318 915.492432
0 1478242220 995.033936 453.408844
0 1438999639 1046.260010 664.357056
0 1478196161 1000.003723 468.597961
0 1478252234 1005.321594 484.850677
0 1524803261 1255.993896 941.948242
0 1478211179 874.090942 456.127350
0 1578523680 900.464233 624.081604
0 1578530689 1041.607178 648.859558
0 1568508653 1090.260498 639.735779
0 1524826290 954.236572 956.586975
0 1524847319 1085.213135 967.023376
0 1524810270 1190.252075 842.787903
0 1524835302 1117.522461 901.714355
0 1524821284 1247.378906 1051.987183
0 1524799257 1126.628540 932.044495
0 1478233208 938.458313 474.032654
0 1608354172 942.880432 577.354065
0 1524835303 1119.226318 832.973511
0 1478251232 1038.807617 471.676483
0 1524812273 1082.134888 860.763123
0 1706512175 995.029419 674.209717
0 1438986622 867.062500 625.123413
0 1478211180 959.825378 457.937866
0 1524823286 1232.699951 1013.472107
0 1478223195 991.206116 480.986542
0 1478244223 961.702515 465.559296
0 1438987623 930.056335 596.352173
0 1478193157 936.938293 466.130615
0 1478198164 1008.355042 456.837616
0 1524862339 1206.358276 944.356140
0 1478236212 915.516907 491.313416
0 1478240217 941.660095 490.676941
0 1478214183 968.986328 446.704407
0 1578521678 1070.745117 633.000977
0 1524844314 999.939209 922.345642
0 1524848320 1229.911377 881.994446
0 1524806265 1097.711670 917.765259
0 1524787243 1063.310181 985.522278
0 1478241219 913.206970 474.625580
0 1524799256 1089.672485 888.346191
0 1478190154 888.583862 483.439789
0 1478226198 925.181091 470.339264
0 1478208176 910.024475 451.633636
0 1478214184 981.925720 494.055115
0 2084722944 947.010010 602.322754
0 1578522679 1003.472412 635.149109
0 1524825289 1170.171143 1077.074341
0 1774531078 1056.358032 640.831299
0 1525674169 988.191589 643.034180
0 1478197162 931.337280 437.013855
0 1524815276 1062.638916 875.369873
0 1768901071 884.185425 631.691467
0 1578526684 966.923462 622.008728
0 1478182144 981.912476 450.031464
0 1524853326 950.677612 924.653442
0 1478218189 943.347595 499.449463
0 1578513667 996.645020 607.429016
0 1438983618 993.451416 594.462891
0 1478224196 940.031311 482.209900
0 1478247227 967.069153 439.688843
0 1524792248 1337.851318 906.515259
0 1524795252 1191.872803 1055.000122
0 1524808267 1194.495728 913.231140
0 1478191155 887.889465 475.220032
0 1524856330 1071.288940 1021.900024
0 1478236211 1027.852051 475.986664
0 1478258242 942.208679 433.384125
0 1478212181 914.341797 482.824005
0 1478185147 965.652710 481.597412
0 1568502645 1079.546143 611.623047
0 1568508652 979.050537 601.357056
0 1438984619 987.459412 570.134644
0 1659977623 998.295044 614.128052
0 1478209177 1005.756470 449.500061
0 1438982617 999.982117 620.977661
0 1524805264 1259.656372 895.168091
0 1771287074 1111.854858 610.626831
0 2087111947 916.352112 616.654419
0 1524817279 995.024963 892.632996
0 1524795251 1055.882324 951.656006
0 1478230204 950.186523 469.757324
0 1478230203 943.702881 440.196655
0 1524847318 1237.873779 959.483826
0 1578516671 1087.767700 591.652161
0 1568513659 985.006042 628.509949
0 1578529687 1098.481323 617.905518
0 1524819282 1048.949951 920.049622
0 1478253235 926.512207 478.387451
0 1524836304 1156.462402 946.776672
0 1478243221 956.251221 443.426514
0 1568501644 1001.022827 563.939758
0 1438998637 1104.205566 631.932495
0 1524816278 1218.082275 854.803833
0 1705773174 956.452148 659.411987
0 1524845316 1136.041626 1058.030762
0 1524842312 1103.101318 1039.650635
0 1568507651 1030.823975 672.994568
0 1438999638 899.308167 610.395813
0 1478252233 993.734863 489.409119
0 1438993630 901.673706 638.399780
0 1478237214 874.525696 463.688782
0 1524857332 1338.303223 954.523865
0 1478248228 963.643799 473.441284
0 1478225197 862.505554 475.816010
0 1524859335 1115.510010 982.896912
0 1524832298 1106.304443 949.209961
0 1478200166 837.242065 468.430481
0 1478250231 1013.818237 472.263214
0 1478245225 886.569885 459.598663
0 1438995633 975.525757 666.728394
0 1524804263 1224.767334 927.366699
0 1524839308 1136.371826 964.496765
0 1524849321 1145.723755 844.708862
0 1568512658 991.529053 658.250549
0 1568514661 1051.638428 626.407227
0 1478231205 1035.615601 463.854218
0 1773608077 951.515991 629.566772
0 1438977615 1056.431763 592.585999
0 1524834301 1273.459839 925.045715
0 1607644171 1004.205322 575.585571
0 1524800258 1125.396362 1019.074890
0 1568504647 883.379211 617.671082
0 1568500642 1014.600342 613.625366
0 1478256239 975.127258 469.176910
0 1524815277 1246.720459 867.168701
0 1568503646 1106.155640 597.526489
0 1478220191 898.400940 455.580902
0 1478207174 984.120850 457.387054
0 1524841311 1321.499023 972.536499
0 1478213182 899.241516 463.123596
0 1524813274 1212.513672 897.339355
0 1568516663 914.862854 603.291565
0 1578517672 866.643372 611.391479
0 1578527685 1017.712219 569.271484
0 1478240218 988.763672 472.851501
0 1478215185 874.975281 471.507690
0 1524838307 1276.202515 879.897827
0 1478197163 986.403320 464.989502
0 1478221192 1002.616882 476.584503
0 1524819281 1093.832031 1002.016907
0 2086284946 1018.380005 627.456787
0 1524824288 1056.039917 848.577942
0 1524802260 1370.100952 920.439331
0 1478226199 948.484497 461.997467
0 1578518673 928.326111 583.852051
0 1438981616 937.794434 652.255127
0 1478238215 875.440430 479.597382
0 1609135173 1084.782104 625.361328
0 1524837305 1321.903687 922.736633
0 1524793249 1183.393677 884.101318
0 1568515662 1117.811523 624.319031
0 1568516664 1061.301636 655.940247
0 1438991628 1075.963623 647.735779
0 1478249230 901.940918 487.344574
0 1438996634 969.658813 636.228821
0 1578519675 957.111267 571.000427
0 1524829295 1251.925293 993.916748
0 1524864341 1242.521851 910.981262
0 1478255238 862.027588 460.155060
0 1438993631 1131.090820 616.888428
0 1524788244 1201.032104 869.204163
0 1772785076 882.608337 604.263672
0 1524828293 1069.670288 903.918274
0 1478203171 885.942444 452.170349
0 1524798255 1033.779907 969.563538
0 1478199165 923.894409 462.559814
0 1578528686 1032.927612 619.950073
0 1478192156 922.649963 455.035858
0 1478228201 1011.040894 464.421143
0 1772037075 1026.478638 657.093323
0 1578515670 1060.994019 605.467590
0 1524851323 1175.824097 929.699646
0 1478218188 909.031616 444.461304
0 1478202169 977.315369 477.183899
0 1478254236 920.279907 440.705719
0 1478246226 849.746582 464.255463
0 1524809269 1219.062012 977.688599
0 1524822285 1005.193604 954.114990
0 1524841310 1136.882568 819.745117
0 1478235210 954.548523 436.513550
0 1578515669 984.644958 558.707520
0 1524854328 1187.257812 961.983582
0 0 1026.684448 936.954285
0 1 1270.658569 470.928711
0 2 1266.105347 694.382690
0 3 976.240295 426.856384
0 4 1429.766235 557.777222
0 5 1519.922119 578.202087
0 6 888.625061 467.289551
0 7 1142.698486 452.282745
0 8 1207.714233 471.982117
0 9 974.689087 441.023041
0 10 1338.983398 507.646851
0 11 1098.852417 473.617401
0 12 456.113464 553.798950
0 13 1425.976318 691.356140
0 14 661.147339 526.764526
0 15 1504.635376 553.698608
0 16 1507.519287 648.103516
0 17 612.490112 480.102966
0 18 1522.254272 621.259644
0 19 1128.500488 771.695435
0 20 934.620178 434.516022
0 21 896.095642 676.336670
0 22 841.520081 423.989807
0 23 435.420319 582.175049
0 24 1359.593750 534.321899
0 25 844.862122 699.149048
0 26 923.447693 705.344727
0 27 1020.140503 441.994629
0 28 1261.925415 514.173401
0 29 903.033691 487.709442
0 30 1403.906006 519.596863
0 31 1552.200562 604.299072
0 32 1413.945312 624.559753
0 33 725.027100 631.327271
0 34 1476.558960 584.018127
0 35 1043.412842 457.694702
0 36 682.299072 589.953247
0 37 1362.759766 684.730103
0 38 847.968384 839.632202
0 39 1417.158325 596.971191
