0 1578512666 942.321838 614.502991
0 1524823287 1314.841064 963.583435
0 1478234209 1028.591309 444.628967
0 1707269176 1044.377686 563.358704
0 1438989626 1022.228271 658.371704
0 1524801259 1119.004272 848.094360
0 1438992629 1013.867310 626.645691
0 1478227200 950.295471 431.622345
0 1524854327 1172.397095 805.821106
0 1478249229 900.871338 425.744904
0 1524807266 939.131226 917.032837
0 1524863340 1224.549805 1006.329956
0 1524831297 994.182251 946.921204
0 1478229202 938.980225 435.708099
0 1568509654 1028.929199 618.501953
0 1524790246 1190.987915 989.212952
0 1578523681 1130.833130 579.442749
0 1478207175 935.926575 421.149902
0 1524861337 1364.371216 909.686157
0 1478210178 996.046143 422.971649
0 1524862338 984.337708 883.818970
0 1478186149 974.444946 430.909515
0 1524797254 1052.896118 978.798218
0 1578518674 1030.802002 570.162048
0 1438985621 1098.958008 580.638123
0 1524857331 1298.654785 929.792480
0 1478203170 983.079407 419.784607
0 1438994632 940.102478 600.277527
0 1578520676 1017.947937 642.129517
0 1478237213 974.121338 475.827484
0 1568511657 955.427246 592.780273
0 1775370079 926.287231 622.538635
0 1478195160 1063.866455 439.640900
0 1568510655 924.404114 607.957642
0 1478257240 971.817078 467.083801
0 1578521677 967.670288 572.486816
0 1524794250 1300.104736 881.964966
0 1524812272 1164.934692 845.730103
0 1769859072 988.139099 591.542114
0 1578525683 979.318176 628.017944
0 1770636073 982.008362 565.635010
0 1524846317 1170.255371 1009.590271
0 1524833300 1146.748169 860.711121
0 1568511656 1150.053955 585.413696
0 1438985620 1071.951904 595.239990
0 1478185148 1049.889038 436.205475
0 1707993177 976.375122 541.830078
0 1478189152 959.810852 471.832458
0 1524791247 1210.922852 969.619385
0 1524830296 1158.536255 972.662231
0 2088218948 1053.232300 589.078369
0 1524827292 1281.174561 947.846497
0 1606348170 1080.403564 574.763916
0 1524855329 1046.496582 838.150024
0 1478183145 961.920410 480.747070
0 1438990627 970.391357 585.459412
0 1524840309 1315.500977 912.393127
0 1478222194 955.808838 454.920685
0 1709860179 856.623718 596.519958
0 1478188151 903.798706 448.411530
0 1438988624 1034.889160 583.040710
0 1478243222 865.853149 445.602539
0 1524843313 1239.225830 1045.865723
0 1524844315 1023.058899 962.598938
0 1524858333 1278.537354 1003.088135
0 1524811271 1026.479370 852.856995
0 1524859334 1297.043213 982.950623
0 1478216186 983.598083 462.424347
0 1524851324 1316.095825 866.247803
0 1524814275 1110.622925 821.683594
0 1578514668 996.023804 558.937378
0 1478184146 957.774902 463.229004
0 1524829294 1178.761719 953.699890
0 1478176143 904.841675 456.486847
0 1524860336 1084.593994 810.159302
0 1478222193 914.541382 436.434174
0 1438997636 1043.621704 610.557861
0 1478194158 931.882690 464.035828
0 1478201168 948.575684 424.354889
0 1478187150 1025.527588 436.934052
0 1478205172 961.413696 427.607727
0 1524838306 1038.800049 911.595398
0 1568514660 1040.224487 551.295166
0 1524865342 1120.310303 783.918091
0 2085418945 919.234009 567.926086
0 1524808268 1137.392334 833.535767
0 1478200167 976.619446 438.396729
0 1478194159 937.428711 428.311096
0 1568501643 1013.243408 564.495056
0 1478239216 933.460815 472.665344
0 1524820283 1182.519409 831.244873
0 1438989625 965.063232 560.057495
0 1568505649 1048.709717 575.941650
0 1478255237 1053.357422 443.878265
0 1524804262 1102.735596 796.830444
0 1568506650 979.133484 553.486084
0 1478217187 1020.659973 457.062378
0 1568505648 950.672119 566.778748
0 1568497640 1075.411621 562.226013
0 1578511665 1057.648804 556.708008
0 1478258241 1001.104553 437.664459
0 1524796253 1088.250854 908.897644
0 1478206173 924.752808 425.049042
0 1524826291 1052.993774 865.605774
0 1578529688 904.123840 574.826904
0 1478233207 1022.563477 429.489227
0 1708834178 1016.911133 577.123291
0 1478189153 915.737427 444.100647
0 1568499641 960.622437 621.188293
0 1478245224 1036.123047 432.821960
0 1524852325 1032.439331 881.271362
0 1478219190 853.428284 449.938324
0 1578525682 937.980347 586.674866
0 1478232206 890.827332 444.850677
0 1524818280 1175.318604 873.703918
0 1524850322 989.094177 914.307129
0 1438996635 1026.885620 557.820923
0 1524832299 1156.718506 889.671448
0 1478242220 998.534180 430.198486
0 1524789245 1218.322632 1068.611816
0 1438999639 1053.187744 640.701233
0 1478196161 1003.761292 445.381592
0 1478252234 1009.352417 461.621796
0 1524803261 1266.377930 915.114136
0 1478211179 877.483948 433.771484
0 1578523680 906.857361 601.547729
0 1578530689 1048.293213 625.278259
0 1568508653 1096.755371 615.834473
0 1524826290 966.220642 931.740234
0 1524847319 1096.750854 941.150940
0 1524810270 1199.531494 817.231323
0 1524835302 1127.928223 876.213867
0 1524821284 1259.280396 1024.042969
0 1524799257 1137.448608 906.213684
0 1478233208 942.241760 451.257324
0 1608354172 948.442444 554.586792
0 1524835303 1128.596069 807.985229
0 1478251232 1042.656982 448.192871
0 1524812273 1092.052002 835.837402
0 1706512175 1002.181885 650.884583
0 1438986622 873.497803 602.822266
0 1478211180 963.357605 434.983826
0 1524823286 1244.162964 986.073059
0 1478223195 995.160034 457.851410
0 1478244223 965.366455 442.606445
0 1438987623 935.949158 573.654907
0 1478193157 940.583740 443.352600
0 1478198164 1011.928711 433.540771
0 1524862339 1217.000244 917.849182
0 1478236212 919.578796 468.723236
0 1478240217 945.733154 467.902405
0 1478214183 972.340027 423.662415
0 1578521678 1077.153320 609.251953
0 1524844314 1011.152832 897.495056
0 1524848320 1239.594116 855.863892
0 1524806265 1108.441040 892.266113
0 1524787243 1075.240601 959.616516
0 1478241219 916.974243 452.028442
0 1524799256 1099.985352 863.152466
0 1478190154 892.482300 461.028564
0 1478226198 928.886230 447.651123
0 1478208176 913.384094 429.016266
0 1478214184 986.089355 471.001801
0 2084722944 952.998230 579.498169
0 1578522679 1009.973022 611.868347
0 1524825289 1182.879150 1049.368774
0 1774531078 1062.902100 617.165894
0 1525674169 994.836182 619.842773
0 1478197162 934.471619 414.213287
0 1524815276 1072.853027 850.469910
0 1768901071 890.725525 609.256653
0 1578526684 973.234070 599.011719
0 1478182144 985.339478 426.906097
0 1524853326 962.138123 900.129395
0 1478218189 947.572815 476.672760
0 1578513667 1002.694031 584.247986
0 1438983618 999.287659 571.322510
0 1478224196 943.957275 459.435791
0 1478247227 970.301636 416.644012
0 1524792248 1347.424438 879.421753
0 1524795252 1204.138550 1027.411377
0 1524808267 1204.753540 887.089783
0 1478191155 891.640747 452.801605
0 1524856330 1083.742920 995.545593
0 1478236211 1031.759644 452.586823
0 1478258242 945.296631 410.498138
0 1478212181 918.253967 460.231110
0 1478185147 969.592529 458.642548
0 1568502645 1085.614746 587.852722
0 1568508652 985.007507 578.308777
0 1438984619 992.893555 547.059509
0 1659977623 1004.453552 590.924683
0 1478209177 1009.206055 426.206177
0 1438982617 1006.252319 597.750122
0 1524805264 1269.400879 868.720947
0 1771287074 1117.888428 586.631165
0 2087111947 922.604431 594.022583
0 1524817279 1005.771790 868.071106
0 1524795251 1067.318848 926.140320
0 1478230204 953.909058 446.892639
0 1478230203 946.910278 417.317047
0 1524847318 1248.577637 932.609619
0 1578516671 1093.523071 567.852356
0 1568513659 991.412109 605.372986
0 1578529687 1104.634399 593.991272
0 1524819282 1059.919800 894.874023
0 1478253235 930.358704 455.702759
0 1524836304 1167.365845 920.598572
0 1478243221 959.531738 420.466431
0 1568501644 1006.353638 540.773132
0 1438998637 1110.568359 607.950562
0 1524816278 1227.434448 828.964783
0 1705773174 963.404602 636.401611
0 1524845316 1148.676636 1030.799438
0 1524842312 1115.651123 1012.869202
0 1568507651 1037.909424 649.421509
0 1438999638 905.460632 587.894348
0 1478252233 997.830872 466.267426
0 1438993630 908.318115 615.827332
0 1478237214 878.055298 441.344482
0 1524857332 1348.469604 926.989990
0 1478248228 967.443604 450.488220
0 1478225197 866.240906 453.576721
0 1524859335 1127.140747 956.650208
0 1524832298 1117.472656 923.362244
0 1478200166 840.814697 446.356384
0 1478250231 1017.650879 448.956024
0 1478245225 890.040771 437.162079
0 1438995633 982.578857 643.562988
0 1524804263 1235.092529 900.886780
0 1524839308 1147.627686 938.288818
0 1524849321 1155.180420 819.452271
0 1568512658 998.422180 634.996704
0 1568514661 1057.958374 602.806152
0 1478231205 1039.335571 440.379456
0 1773608077 957.966064 606.663086
0 1438977615 1062.213623 569.005249
0 1524834301 1283.542603 898.243530
0 1607644171 1009.727295 552.388855
0 1524800258 1137.515381 992.370361
0 1568504647 889.670105 595.269165
0 1568500642 1020.740540 590.308167
0 1478256239 978.867310 446.136139
0 1524815277 1256.139160 841.035400
0 1568503646 1111.993164 573.590088
0 1478220191 901.815186 433.053314
0 1478207174 987.673645 434.261414
0 1524841311 1331.970825 944.943298
0 1478213182 902.790466 440.604736
0 1524813274 1222.475586 871.206299
0 1568516663 920.882690 580.691589
0 1578517672 872.831482 589.117981
0 1578527685 1023.129150 545.984436
0 1478240218 992.579834 449.721130
0 1478215185 878.646118 449.173920
0 1524838307 1285.680542 853.457886
0 1478197163 990.085815 441.862244
0 1478221192 1006.509033 453.362732
0 1524819281 1105.861450 975.721802
0 2086284946 1024.742676 604.087402
0 1524824288 1065.857666 823.925232
0 1524802260 1379.708008 892.997314
0 1478226199 952.072266 439.130859
0 1578518673 934.003174 561.181152
0 1438981616 944.645203 629.395142
0 1478238215 879.257324 457.273010
0 1609135173 1091.059937 601.529419
0 1524837305 1331.747070 895.613770
0 1524793249 1193.283813 858.281616
0 1568515662 1124.047852 600.256958
0 1568516664 1068.078613 632.202087
0 1438991628 1082.596558 623.915833
0 1478249230 905.921082 464.844818
0 1438996634 976.206543 613.183350
0 1578519675 962.562988 548.138000
0 1524829295 1263.023682 966.593201
0 1524864341 1252.548462 884.520996
0 1478255238 865.478210 437.891846
0 1438993631 1137.205933 592.746826
0 1524788244 1210.645752 843.377136
0 1772785076 888.660461 581.888916
0 1524828293 1080.302368 878.736328
0 1478203171 889.279785 429.723145
0 1524798255 1045.603027 944.028442
0 1478199165 927.462708 439.866882
0 1578528686 1039.158203 596.492920
0 1478192156 926.085693 432.336945
0 1478228201 1014.742126 441.119904
0 1772037075 1033.313354 633.596863
0 1578515670 1066.976807 581.837402
0 1524851323 1186.395264 903.543457
0 1478218188 912.263794 421.835022
0 1478202169 981.192139 454.140717
0 1478254236 923.462219 417.991730
0 1478246226 853.257141 442.086121
0 1524809269 1230.105469 950.765381
0 1524822285 1016.902100 928.932922
0 1524841310 1145.999878 794.720825
0 1478235210 957.708740 413.548859
0 1578515669 989.888977 535.658386
0 1524854328 1198.235962 935.441711
0 0 688.947021 726.061646
0 1 1329.121704 690.662964
0 2 883.569641 655.035278
0 3 638.557800 694.036560
0 4 1218.256104 697.258606
0 5 1228.872437 769.366211
0 6 467.926941 608.390625
0 7 1518.041504 531.400940
0 8 1482.958740 512.482300
0 9 972.910400 424.280853
0 10 1500.143066 549.560791
0 11 1539.985718 575.501526
0 12 694.998352 451.874725
0 13 1222.516724 484.840637
0 14 638.262329 457.477844
0 15 738.971313 532.418030
0 16 696.593384 785.059143
0 17 860.451843 399.148804
0 18 1582.833008 561.271790
0 19 708.191528 580.691772
0 20 1263.773071 820.674561
0 21 1384.335449 470.214569
0 22 1303.592163 777.210266
0 23 441.500183 539.441895
0 24 1523.190308 616.649780
0 25 922.373047 488.502533
0 26 838.021790 513.968079
0 27 1509.092285 590.184631
0 28 1180.222290 464.304565
0 29 1456.443237 523.417786
0 30 948.112915 675.391052
0 31 940.691406 842.071350
0 32 1013.261353 419.604950
0 33 1029.592896 439.250305
0 34 885.383484 468.874786
0 35 1042.114868 902.401733
0 36 669.434082 564.379944
0 37 1051.372192 412.501953
0 38 1095.768066 446.079987
0 39 922.409302 454.284363
