0 1578512666 1047.420898 436.602600
0 1707269176 918.313171 564.150330
0 1438989626 936.800842 381.406036
0 1438992629 951.661011 427.662628
0 1568509654 933.781128 443.891693
0 1578523681 788.996033 541.065002
0 1578518674 938.439819 544.266846
0 1438985621 836.395264 532.285950
0 1438994632 1058.035767 462.207886
0 1578520676 944.052551 403.979095
0 1568511657 1040.869141 479.690491
0 1775370079 1063.837036 420.384735
0 1568510655 1074.718750 445.217957
0 1578521677 1033.763062 526.424561
0 1769859072 995.307556 488.086243
0 1578525683 994.610107 419.935272
0 1770636073 1015.222900 545.911926
0 1568511656 763.457458 530.809875
0 1438985620 877.039246 495.394653
0 1707993177 1037.466797 610.498474
0 2088218948 903.383057 505.025421
0 1606348170 863.043274 542.651489
0 1438990627 1023.197266 497.687561
0 1709860179 1175.979126 454.793427
0 1438988624 930.350281 514.884155
0 1578514668 996.104980 566.006714
0 1438997636 915.398682 460.576874
0 1568514660 926.418335 596.247375
0 2085418945 1110.947876 527.896545
0 1568501643 966.917480 555.002991
0 1438989625 1044.919556 556.768433
0 1568505649 910.646240 533.788635
0 1568506650 1026.028931 577.288147
0 1568505648 1063.232178 536.876648
0 1568497640 869.407227 573.354370
0 1578511665 897.555298 584.657349
0 1578529688 1127.938354 508.797150
0 1708834178 957.963501 524.979004
0 1568499641 1020.724548 428.177124
0 1578525682 1069.211304 489.165070
0 1438996635 946.984436 575.302795
0 1438999639 901.886658 411.498352
0 1578523680 1102.638794 454.029633
0 1578530689 908.476074 435.432373
0 1568508653 845.866577 459.781799
0 1608354172 1075.363159 567.898132
0 1706512175 961.138367 388.873535
0 1438986622 1146.987793 445.898010
0 1438987623 1080.992920 517.584229
0 1578521678 870.894226 468.658569
0 2084722944 1051.751099 507.517487
0 1578522679 959.653259 452.540558
0 1774531078 889.946228 451.814636
0 1525674169 977.373169 436.012634
0 1768901071 1118.648071 437.202484
0 1578526684 1013.176575 470.433075
0 1578513667 976.911072 506.260437
0 1438983618 986.246216 535.318604
0 1568502645 857.015442 513.569702
0 1568508652 1004.997620 516.222107
0 1438984619 1006.532593 598.465759
0 1659977623 972.427002 492.302490
0 1438982617 968.058960 478.705658
0 1771287074 810.374390 522.164368
0 2087111947 1086.166748 471.343384
0 1578516671 841.947693 562.327881
0 1568513659 986.111633 461.385437
0 1578529687 831.132690 503.811859
0 1568501644 986.400818 620.333679
0 1438998637 826.137695 476.786011
0 1705773174 1011.383423 404.290314
0 1568507651 919.574158 396.253601
0 1438999638 1114.955688 480.692596
0 1438993630 1090.937988 428.700195
0 1438995633 985.993652 396.499939
0 1568512658 969.058777 411.871185
0 1568514661 896.492310 477.737640
0 2079485312 972.421509 492.250244
0 1773608077 1030.540649 453.278809
0 1438977615 890.341187 553.269775
0 1607644171 976.381653 586.737732
0 1568504647 1131.202637 463.044495
0 1568500642 949.479614 496.531097
0 1568503646 815.151917 551.567932
0 1568516663 1098.226318 498.864624
0 1578517672 1160.432495 472.269623
0 1578527685 956.023865 608.135620
0 2086284946 941.429626 469.538269
0 1578518673 1093.431152 547.587585
0 1438981616 1037.325195 412.250061
0 1609135173 851.297607 485.983978
0 1568515662 805.843262 494.277710
0 1568516664 883.719604 427.156494
0 1438991628 865.053223 443.244934
0 1438996634 1003.659912 444.549255
0 1578519675 1056.717773 588.857849
0 1438993631 784.958557 512.278198
0 1772785076 1144.425903 490.263062
0 1578528686 922.680603 487.026031
0 1772037075 926.504822 419.493134
0 1578515670 883.512573 523.559143
0 1578515669 1017.579895 632.853699
0 0 975.932556 365.969299
0 1 1199.416626 427.130859
0 2 1128.551880 403.145294
0 3 1051.077148 372.536041
0 4 1102.773926 812.800476
0 5 1175.136108 748.082153
0 6 1000.739807 870.107117
0 7 847.608154 767.219666
0 8 751.058655 438.245056
0 9 1191.512207 539.274780
