0 1578512666 878.323853 616.690369
0 1707269176 740.474792 536.863831
0 1438989626 997.302612 578.409546
0 1438992629 917.791077 574.881653
0 1568509654 897.378967 563.783752
0 1578523681 803.291443 494.369537
0 1578518674 758.851257 547.505371
0 1438985621 801.798218 511.817352
0 1438994632 835.849243 614.933472
0 1578520676 957.656555 576.650452
0 1568511657 815.204041 602.707886
0 1775370079 899.919983 629.196411
0 1568510655 856.994751 627.455322
0 1578521677 753.202148 588.973083
0 1769859072 816.522095 580.901794
0 1578525683 919.135071 596.092590
0 1770636073 733.934937 577.297058
0 1568511656 822.206604 486.857880
0 1438985620 838.790527 531.929749
0 1707993177 650.404968 573.651245
0 2088218948 818.963684 540.508179
0 1606348170 781.902832 519.943298
0 1438990627 795.041626 590.768250
0 1709860179 810.793335 675.677673
0 1438988624 798.588440 549.323792
0 1578514668 715.109192 565.888733
0 1438997636 877.417908 552.931152
0 1568514660 700.911926 535.026917
0 2085418945 726.677063 622.169495
0 1568501643 737.287781 556.567810
0 1438989625 711.121765 587.167542
0 1568505649 779.824768 538.690857
0 1568506650 692.288818 575.479370
0 1568505648 730.402954 599.133972
0 1568497640 743.507935 518.110962
0 1578511665 722.498901 526.454224
0 1578529688 746.925232 635.049805
0 1708834178 777.641724 558.386658
0 1568499641 899.028259 606.240662
0 1578525682 793.124878 613.166199
0 1438996635 718.896667 545.677063
0 1438999639 955.398987 556.499573
0 1578523680 835.012329 638.550049
0 1578530689 916.513611 554.720154
0 1568508653 895.887207 525.382935
0 1608354172 687.630737 597.331299
0 1706512175 978.931396 587.990540
0 1438986622 834.127930 663.508240
0 1438987623 750.148560 611.388611
0 1578521678 877.145203 533.735657
0 2084722944 772.926636 600.926086
0 1578522679 877.704529 573.102966
0 1774531078 896.614868 544.113586
0 1525674169 898.182373 584.466064
0 1768901071 856.738770 651.716309
0 1578526684 836.642334 592.553101
0 1578513667 796.860413 569.515991
0 1438983618 756.099121 567.707458
0 1568502645 820.096558 521.765991
0 1568508652 775.345337 579.104553
0 1438984619 673.888672 564.059753
0 1659977623 817.155884 570.416504
0 1438982617 837.394897 571.314514
0 1771287074 821.176270 503.902710
0 2087111947 813.814026 625.703857
0 1578516671 763.962158 509.988129
0 1568513659 857.467102 582.688965
0 1578529687 839.438782 513.637146
0 1568501644 655.906555 552.899597
0 1438998637 876.885254 515.447510
0 1705773174 940.579346 607.991821
0 1568507651 976.117981 567.332825
0 1438999638 791.101868 636.805176
0 1438993630 878.659119 640.284424
0 1438995633 960.031250 597.847290
0 1568512658 938.669800 586.233215
0 1568514661 857.893127 542.315674
0 2079485312 817.158020 570.367493
0 1773608077 857.237183 604.479370
0 1438977615 761.469055 528.289124
0 1607644171 696.710022 554.738770
0 1568504647 812.346069 649.989929
0 1568500642 817.773682 560.195618
0 1568503646 783.883118 502.077057
0 1568516663 770.375549 623.941956
0 1578517672 788.963562 661.791260
0 1578527685 678.723022 543.838623
0 2086284946 857.685547 561.994568
0 1578518673 706.918091 609.600342
0 1438981616 920.550903 618.437012
0 1609135173 858.090881 523.579163
0 1568515662 858.279297 505.719055
0 1568516664 935.130432 545.901855
0 1438991628 915.297852 535.532043
0 1438996634 878.006104 594.327881
0 1578519675 668.798340 585.351624
0 1438993631 840.057007 496.191223
0 1772785076 767.680969 648.252930
0 1578528686 838.110046 551.132324
0 1772037075 936.855896 565.563110
0 1578515670 800.232422 530.114258
0 1578515669 632.435547 562.220459
0 0 764.011047 625.158691
0 1 828.719788 604.085266
0 2 976.126892 545.213806
0 3 854.813293 652.931946
0 4 600.733459 528.074219
0 5 411.849304 534.745239
0 6 722.364441 439.746979
0 7 629.931030 460.859436
0 8 377.131409 499.519318
0 9 838.881897 446.884888
