0 1578512666 852.795227 718.632935
0 1707269176 567.660461 703.712952
0 1438989626 902.492371 593.295227
0 1438992629 823.413757 636.825256
0 1568509654 785.512634 634.782593
0 1578523681 566.129456 598.387146
0 1578518674 608.588501 705.854553
0 1438985621 595.161682 624.523682
0 1438994632 808.175171 745.650269
0 1578520676 863.836182 614.574158
0 1568511657 766.582275 743.497742
0 1775370079 893.270935 720.750854
0 1568510655 849.700562 747.799377
0 1578521677 675.785767 769.684448
0 1769859072 730.982666 712.258972
0 1578525683 858.565125 664.253052
0 1770636073 632.941040 767.492981
0 1568511656 574.945557 575.335938
0 1438985620 671.471558 628.636353
0 1707993177 524.244019 828.729858
0 2088218948 664.464355 653.888977
0 1606348170 586.410950 649.721313
0 1438990627 724.921692 741.341675
0 1709860179 884.160461 846.672974
0 1438988624 657.132080 680.313293
0 1578514668 590.024719 765.297729
0 1438997636 747.555237 632.736877
0 1568514660 515.598633 730.508667
0 2085418945 704.833557 837.732849
0 1568501643 599.532593 734.852417
0 1438989625 624.052490 799.525391
0 1568505649 617.223816 678.203186
0 1568506650 580.030090 797.301453
0 1568505648 667.999512 801.745605
0 1568497640 537.221008 673.973206
0 1578511665 526.667236 701.567932
0 1578529688 749.783081 839.973755
0 1708834178 649.451416 707.992737
0 1568499641 855.746826 690.814636
0 1578525682 761.261108 774.056641
0 1438996635 557.599792 732.682373
0 1438999639 830.065247 589.324097
0 1578523680 846.452271 778.414307
0 1578530689 789.733032 610.544983
0 1568508653 721.038818 583.346191
0 1608354172 614.697388 833.239258
0 1706512175 900.807373 616.584351
0 1438986622 886.611877 812.789612
0 1438987623 711.871460 803.961914
0 1578521678 715.414795 606.504150
0 2084722944 718.559021 771.872375
0 1578522679 781.101196 660.116821
0 1774531078 752.600891 608.526001
0 1525674169 819.862488 662.186462
0 1768901071 888.941772 780.587646
0 1578526684 771.651245 714.387024
0 1578513667 690.249451 710.127502
0 1438983618 641.397034 737.019043
0 1568502645 633.344910 626.581604
0 1568508652 683.193359 739.182129
0 1438984619 535.932251 795.073730
0 1659977623 713.787842 697.170471
0 1438982617 736.762817 684.523621
0 1771287074 603.532227 600.420837
0 2087111947 803.892090 776.237244
0 1578516671 547.295166 647.632629
0 1568513659 776.485596 686.623840
0 1578529687 640.880615 602.451538
0 1568501644 491.758759 792.842102
0 1438998637 684.593384 581.347900
0 1705773174 897.209290 666.316467
0 1568507651 866.304443 591.311096
0 1438999638 799.390747 808.383362
0 1438993630 891.158752 749.944946
0 1438995633 899.048035 640.901550
0 1568512658 861.258911 638.864929
0 1568514661 709.541626 630.688171
0 2079485312 713.784058 697.111816
0 1773608077 812.255371 716.511658
0 1438977615 577.253540 676.089844
0 1607644171 547.036621 763.098877
0 1568504647 843.038513 810.588379
0 1568500642 696.978333 682.420044
0 1568503646 556.921570 622.462708
0 1568516663 755.668457 806.174500
0 1578517672 839.446350 844.443787
0 1578527685 503.976685 760.896240
0 2086284946 742.281189 658.044006
0 1578518673 659.805054 835.488037
0 1438981616 895.285522 692.905151
0 1609135173 678.174805 604.479309
0 1568515662 648.096130 579.346802
0 1568516664 793.774658 587.334290
0 1438991628 757.432617 585.341675
0 1438996634 816.146912 688.720825
0 1578519675 569.510559 830.986511
0 1438993631 611.546875 577.342773
0 1772785076 794.653992 842.210693
0 1578528686 703.402283 655.968079
0 1772037075 826.811401 612.561035
0 1578515670 625.467285 651.806702
0 1578515669 478.897827 826.469177
0 0 939.820923 807.404236
0 1 980.751221 440.547760
0 2 905.040649 408.323639
0 3 839.346680 461.738434
0 4 502.803619 551.653687
0 5 166.897141 1005.884583
0 6 566.067566 487.190125
0 7 482.142456 505.585480
0 9 469.330963 420.285919
