0 1578512666 1048.604492 376.938354
0 1707269176 772.710938 384.051605
0 1438989626 1084.388306 249.134842
0 1438992629 1010.206238 299.443237
0 1568509654 972.533813 300.580109
0 1578523681 754.703796 283.151978
0 1578518674 811.602417 383.048859
0 1438985621 786.530457 306.193115
0 1438994632 1008.110291 406.124298
0 1578520676 1047.862549 273.905670
0 1568511657 967.597534 407.104980
0 1775370079 1088.724609 375.903961
0 1568510655 1048.807617 405.139130
0 1578521677 884.233093 438.149506
0 1769859072 929.313660 380.013977
0 1578525683 1048.220215 323.573120
0 1770636073 843.509705 439.068604
0 1568511656 759.448425 259.811523
0 1438985620 860.463928 303.962036
0 1707993177 751.734192 502.233276
0 2088218948 857.313904 329.064453
0 1606348170 782.086853 331.228363
0 1438990627 927.268311 408.081207
0 1709860179 1092.823120 495.718842
0 1438988624 854.049988 355.074341
0 1578514668 802.972961 439.983521
0 1438997636 935.019897 301.712189
0 1568514660 728.329712 412.896820
0 2085418945 920.642029 499.007294
0 1568501643 807.368408 410.983582
0 1438989625 839.722534 469.248657
0 1568505649 815.683655 356.121765
0 1568506650 798.406738 470.110840
0 1568505648 881.232239 468.382385
0 1568497640 739.447693 358.203064
0 1578511665 733.990356 385.049896
0 1578529688 963.376831 498.191101
0 1708834178 850.665894 382.041718
0 1568499641 1048.408936 349.768188
0 1578525682 966.244812 436.298523
0 1438996635 767.760437 411.942352
0 1438999639 1011.147400 251.541336
0 1578523680 1049.018555 434.430298
0 1578530689 973.661377 276.245972
0 1568508653 902.400696 255.114487
0 1608354172 835.784790 500.627991
0 1706512175 1085.195435 272.728180
0 1438986622 1091.737793 463.989441
0 1438987623 922.937256 467.512054
0 1578521678 900.072815 278.567017
0 2084722944 925.144348 437.226135
0 1578522679 971.365845 325.783813
0 1774531078 936.790955 277.408905
0 1525674169 1009.710388 324.680847
0 1768901071 1090.694458 433.489685
0 1578526684 968.900208 378.993347
0 1578513667 889.902588 381.030090
0 1438983618 847.154907 410.020477
0 1568502645 823.419861 305.079926
0 1568508652 887.121155 409.053009
0 1438984619 757.283447 470.969025
0 1659977623 910.760254 366.884949
0 1438982617 931.284790 352.965790
0 1771287074 790.822388 282.012817
0 2087111947 1007.535645 435.366577
0 1578516671 744.712463 332.303436
0 1568513659 970.155518 351.904572
0 1578529687 827.089478 280.868927
0 1568501644 716.351318 471.823212
0 1438998637 866.445435 256.295898
0 1705773174 1086.896606 322.460632
0 1568507651 1047.692993 250.340561
0 1438999638 1006.938599 465.759094
0 1438993630 1089.690918 404.149506
0 1438995633 1086.030884 297.155121
0 1568512658 1048.038208 298.301636
0 1568514661 897.663635 302.839478
0 2079485312 910.752625 366.827118
0 1773608077 1008.663452 377.968140
0 1438977615 777.483215 357.164673
0 1607644171 762.621582 440.894257
0 1568504647 1049.237671 464.876343
0 1568500642 892.583313 354.022339
0 1568503646 749.794739 307.301697
0 1568516663 964.838928 466.637634
0 1578517672 1049.465820 496.546936
0 1578527685 722.454163 441.800842
0 2086284946 933.185608 326.882050
0 1578518673 878.111877 499.819580
0 1438981616 1087.793945 348.692932
0 1609135173 863.505981 279.720367
0 1568515662 830.635559 257.472473
0 1568516664 974.750732 252.737244
0 1438991628 938.502136 253.928284
0 1438996634 1009.196411 350.838715
0 1578519675 793.659363 501.432556
0 1438993631 794.970215 258.644379
0 1772785076 1006.317566 497.371002
0 1578528686 895.168640 327.975586
0 1772037075 1010.684937 275.078247
0 1578515670 819.620300 330.148743
0 1578515669 710.007690 503.030182
0 0 1097.727783 187.214310
0 1 1067.185913 351.667023
0 2 1126.696411 42.070942
0 3 1161.759277 347.261841
0 4 544.002563 623.859314
0 5 596.999390 747.862610
0 6 672.777588 221.575684
0 7 683.374756 646.701294
0 8 815.804626 173.440933
0 9 509.504456 714.917114
