0 1578512666 968.970459 600.355225
0 1524823287 430.401520 691.129639
0 1478234209 1479.388428 637.171082
0 1707269176 1081.852661 637.214539
0 1438989626 876.498596 625.759766
0 1524801259 590.785217 646.935364
0 1438992629 938.404968 623.750427
0 1478227200 1507.992676 599.459656
0 1524854327 627.129761 664.627747
0 1478249229 1515.242065 577.190063
0 1524807266 562.507812 603.127747
0 1524863340 421.887970 664.820007
0 1524831297 524.869080 614.847595
0 1478229202 1486.923462 594.463928
0 1568509654 953.831238 629.153076
0 1524790246 443.685028 657.837708
0 1578523681 1038.127686 671.647095
0 1478207175 1548.111084 592.472412
0 1524861337 463.458191 711.708557
0 1478210178 1564.691162 621.611084
0 1524862338 583.904297 612.921082
0 1478186149 1519.925293 610.805054
0 1524797254 485.675018 627.051758
0 1578518674 1064.654663 631.598877
0 1438985621 1036.323975 658.043701
0 1524857331 464.012604 690.052124
0 1478203170 1574.012939 615.113770
0 1438994632 998.687317 599.385498
0 1578520676 907.444275 624.755371
0 1478237213 1342.262817 610.642151
0 1568511657 1014.113159 604.310425
0 1775370079 954.170959 595.522766
0 1478195160 1514.828613 656.364990
0 1568510655 983.578735 594.561951
0 1478257240 1373.434570 609.630371
0 1578521677 1060.235596 608.351440
0 1524794250 509.206177 695.647705
0 1524812272 582.558594 659.635620
0 1769859072 1015.273499 615.474548
0 1578525683 938.845276 612.302368
0 1770636073 1076.656494 613.479431
0 1524846317 433.607605 652.022339
0 1524833300 570.808960 653.729553
0 1568511656 1021.900635 679.240051
0 1438985620 1002.206055 646.094910
0 1478185148 1525.259888 649.094421
0 1707993177 1138.098389 611.482361
0 1478189152 1353.610718 604.477539
0 1524791247 453.989685 663.784180
0 1524830296 465.012146 651.005920
0 2088218948 1017.748291 639.286194
0 1524827292 453.112915 683.523315
0 1606348170 1051.840088 650.945129
0 1524855329 617.714417 628.396362
0 1478183145 1322.778809 605.479736
0 1438990627 1029.866455 609.339844
0 1524840309 475.172668 696.736877
0 1478222194 1415.318970 602.471863
0 1709860179 1010.904480 573.437012
0 1478188151 1426.324707 580.095398
0 1438988624 1032.953857 632.624878
0 1478243222 1426.824219 564.705505
0 1524843313 389.802429 665.855225
0 1524844315 505.472382 620.887268
0 1524858333 409.633942 678.201050
0 1524811271 606.205933 623.128784
0 1524859334 419.896637 684.589966
0 1478216186 1393.693848 614.896423
0 1524851324 521.050720 702.482788
0 1524814275 622.267273 645.916443
0 1578514668 1093.433594 618.718628
0 1478184146 1384.457397 603.474976
0 1524829294 475.442261 656.811401
0 1478176143 1396.712891 581.062988
0 1524860336 641.485596 639.276672
0 1478222193 1476.041992 583.808044
0 1438997636 969.599182 634.675354
0 1478194158 1375.605591 592.529236
0 1478201168 1538.913574 598.454712
0 1478187150 1512.395264 636.107666
0 1478205172 1529.520508 604.564209
0 1524838306 545.911987 625.091187
0 1568514660 1113.928955 636.177979
0 1524865342 666.318542 650.643005
0 2085418945 1071.883423 591.676575
0 1524808268 602.629639 652.701172
0 1478200167 1488.344238 611.828613
0 1478194159 1517.509888 593.468506
0 1568501643 1079.198242 625.089722
0 1478239216 1345.403076 593.513550
0 1524820283 594.576477 665.676514
0 1438989625 1090.619263 607.362549
0 1568505649 1049.792358 638.250610
0 1478255237 1491.482178 650.179138
0 1524804262 653.764954 644.897034
0 1568506650 1107.370117 612.481140
0 1478217187 1424.625244 632.464783
0 1568505648 1074.220337 602.351501
0 1568497640 1084.627319 649.888855
0 1578511665 1099.440430 642.957520
0 1478258241 1500.102295 623.698303
0 1524796253 537.082458 636.776489
0 1478206173 1526.831055 587.600708
0 1524826291 587.235229 629.387024
0 1578529688 1056.172852 586.977356
0 1478233207 1545.418823 635.043823
0 1708834178 1047.833496 626.106323
0 1478189153 1446.103027 584.785034
0 1568499641 954.062378 606.267517
0 1478245224 1535.453857 641.989197
0 1524852325 576.051880 624.110229
0 1478219190 1408.012695 560.398926
0 1578525682 1028.417969 598.415283
0 1478232206 1436.268799 574.542419
0 1524818280 550.392090 660.673523
0 1524850322 554.379822 613.884583
0 1438996635 1096.371094 630.572388
0 1524832299 539.004211 654.757324
0 1478242220 1532.388672 622.654968
0 1524789245 380.218140 659.888672
0 1438999639 906.307251 636.723694
0 1478196161 1467.832275 624.741150
0 1478252234 1403.340820 626.825317
0 1524803261 486.346497 682.456116
0 1478211179 1475.060059 568.147949
0 1578523680 997.896179 588.883911
0 1578530689 937.945374 635.699768
0 1568508653 953.579163 654.110779
0 1524826290 543.877014 608.928955
0 1524847319 506.315796 637.775085
0 1524810270 606.871826 671.856995
0 1524835302 559.318665 647.953735
0 1524821284 399.605164 671.957886
0 1524799257 527.867676 648.971680
0 1478233208 1425.793823 596.453552
0 1608354172 1104.295166 601.371338
0 1524835303 634.466125 651.672363
0 1478251232 1468.678467 644.137085
0 1524812273 610.334900 640.286316
0 1706512175 892.683838 619.459045
0 1438986622 997.136292 578.796875
0 1478211180 1498.272827 605.578430
0 1524823286 432.058960 670.912292
0 1478223195 1414.403442 620.279480
0 1478244223 1467.040527 606.592163
0 1438987623 1058.162476 597.444702
0 1478193157 1456.351318 595.458984
0 1478198164 1522.502930 629.306580
0 1524862339 497.016235 668.819641
0 1478236212 1356.369629 587.713257
0 1478240217 1364.722534 598.441223
0 1478214183 1551.521973 609.781006
0 1578521678 969.827515 647.139709
0 1524844314 565.102478 618.943909
0 1524848320 552.865662 680.320068
0 1524806265 548.079163 642.304138
0 1524787243 495.885193 632.356140
0 1478241219 1416.177856 585.761536
0 1524799256 579.199463 641.295471
0 1478190154 1377.645630 576.460327
0 1478226198 1436.053101 590.559204
0 1478208176 1505.994995 582.830566
0 1478214184 1362.174805 615.917969
0 2084722944 1044.159790 603.331177
0 1578522679 969.380615 622.745056
0 1524825289 402.218597 653.038269
0 1774531078 953.708008 641.355713
0 1525674169 953.949280 617.467712
0 1478197162 1578.726929 591.476013
0 1524815276 598.660339 634.777832
0 1768901071 983.096802 584.262268
0 1578526684 999.511658 610.327820
0 1478182144 1542.059326 616.147949
0 1524853326 573.096375 607.974243
0 1478218189 1334.208618 599.434387
0 1578513667 1031.377075 620.732788
0 1438983618 1062.397705 619.725891
0 1478224196 1395.250977 597.447632
0 1478247227 1583.134277 608.756348
0 1524792248 498.312134 710.597168
0 1524795252 411.943665 658.863403
0 1524808267 529.519714 667.772461
0 1478191155 1406.950439 575.501587
0 1524856330 465.464264 633.344910
0 1478236211 1446.398682 638.233887
0 1478258242 1600.800415 596.443176
0 1478212181 1386.266846 586.737671
0 1478185147 1404.621338 608.618103
0 1568502645 1019.069702 652.000854
0 1568508652 1045.957642 614.477173
0 1438984619 1124.484375 617.710693
0 1659977623 1015.872253 621.236023
0 1478209177 1555.162109 628.252747
0 1438982617 1000.371338 621.739197
0 1524805264 531.287964 687.895386
0 1771287074 1020.452393 665.304871
0 2087111947 1013.000122 593.600586
0 1524817279 594.938416 617.971558
0 1524795251 526.320679 631.366943
0 1478230204 1446.195312 601.468323
0 1478230203 1569.849609 597.449158
0 1524847318 475.312073 676.088562
0 1578516671 1069.478638 656.977295
0 1568513659 984.604004 616.471375
0 1578529687 1003.186584 659.109497
0 1524819282 556.770691 630.377197
0 1478253235 1405.822144 591.544434
0 1524836304 507.215302 655.784607
0 1478243221 1560.783203 603.549438
0 1568501644 1141.973999 623.055054
0 1438998637 970.066223 660.174805
0 1524816278 586.151306 679.251221
0 1705773174 924.058167 607.245361
0 1524845316 423.749969 646.333801
0 1524842312 444.827118 639.770874
0 1568507651 891.239746 631.181763
0 1438999638 1027.027832 587.930847
0 1478252233 1382.529175 621.311035
0 1438993630 968.777832 589.836487
0 1478237214 1446.016113 569.099304
0 1524857332 452.172974 704.683167
0 1478248228 1435.823364 607.605408
0 1478225197 1398.088501 565.647888
0 1524859335 485.884277 644.319946
0 1524832298 516.974121 643.312256
0 1478200166 1417.746338 555.250732
0 1478250231 1457.234619 631.412598
0 1478245225 1465.600464 573.582825
0 1438995633 908.533630 613.288940
0 1524804263 508.176544 675.031494
0 1524839308 496.432159 649.989014
0 1524849321 614.741394 658.597168
0 1568512658 923.309204 618.463623
0 1568514661 985.720154 640.321167
0 1478231205 1502.057495 643.063416
0 1773608077 984.080750 605.289185
0 1438977615 1067.012573 644.003784
0 1524834301 497.641418 688.974060
0 1607644171 1110.578369 624.072632
0 1524800258 454.809540 645.327148
0 1568504647 1011.931335 583.317810
0 1568500642 1016.484009 627.122375
0 1478256239 1456.778564 612.851807
0 1524815277 564.952332 686.816162
0 1568503646 1053.982788 664.228149
0 1478220191 1485.589233 578.158997
0 1478207174 1510.121582 617.181641
0 1524841311 441.157227 697.825439
0 1478213182 1455.950073 579.127380
0 1524813274 541.057983 673.973816
0 1568516663 1042.435059 592.638794
0 1578517672 1025.692627 577.860352
0 1578527685 1128.103394 629.545349
0 1478240218 1446.293701 619.247375
0 1478215185 1416.985596 570.050171
0 1524838307 543.257935 694.557922
0 1478197163 1478.199707 618.214783
0 1478221192 1435.578369 625.783508
0 1524819281 475.564026 638.773254
0 2086284946 985.150024 628.138000
0 1524824288 629.471558 633.777710
0 1524802260 475.022949 718.908081
0 1478226199 1477.086548 600.464233
0 1578518673 1087.920776 596.473572
0 1438981616 939.267456 601.324585
0 1478238215 1387.968018 571.000610
0 1609135173 986.316040 653.056091
0 1524837305 486.602509 703.583252
0 1524793249 562.039795 666.724792
0 1568515662 986.939636 666.381042
0 1568516664 921.711914 642.389648
0 1438991628 937.465210 648.183899
0 1478249230 1367.114868 582.030029
0 1438996634 969.171265 611.315308
0 1578519675 1121.017334 606.373169
0 1524829295 442.464539 677.145081
0 1524864341 519.597412 681.388367
0 1478255238 1455.572632 563.762695
0 1438993631 1004.212891 672.734314
0 1524788244 573.956421 672.915649
0 1772785076 1040.779053 582.372925
0 1524828293 567.863953 635.777405
0 1478203171 1494.945557 572.622803
0 1524798255 515.786377 626.071716
0 1478199165 1466.298096 589.573547
0 1578528686 1001.268677 633.650330
0 1478192156 1496.557373 588.587341
0 1478228201 1489.860474 630.359802
0 1772037075 922.527893 630.167664
0 1578515670 1034.601196 645.049622
0 1524851323 518.241699 661.710876
0 1478218188 1535.962036 581.852722
0 1478202169 1425.228516 613.874329
0 1478254236 1557.118896 586.613586
0 1478246226 1436.471924 559.464539
0 1524809269 464.529327 669.866211
0 1524822285 535.280457 619.915833
0 1524841310 646.940430 657.558167
0 1478235210 1592.061279 602.534241
0 1578515669 1155.550293 616.702393
0 1524854328 486.107605 662.747803
0 0 836.617737 833.026672
0 1 1553.191040 653.495361
0 2 1458.354004 640.838257
0 3 800.788452 792.593140
0 4 1298.881958 581.225281
0 5 1343.594727 653.658325
0 6 509.921997 668.327515
0 7 965.017639 514.571716
0 8 818.161255 563.378723
0 9 912.981262 474.222961
0 10 1007.520813 506.780273
0 11 547.608887 567.800720
0 12 604.239990 568.444397
0 13 582.397949 673.527100
0 14 643.421570 546.310913
0 15 625.877808 654.206482
0 16 933.988708 855.584229
0 17 865.295349 488.549652
0 18 1483.301392 518.380798
0 19 1225.611816 789.351624
0 20 967.444946 470.369904
0 21 1024.875854 493.633270
0 22 930.048157 458.102264
0 23 516.913879 631.947693
0 24 1492.543213 550.698853
0 25 940.688538 769.082703
0 26 1062.030029 832.001770
0 27 1520.508179 533.597107
0 28 1113.264893 449.655975
0 29 1268.931274 552.320984
0 30 1441.854248 616.192261
0 31 1054.326416 792.881470
0 32 689.592102 587.161743
0 33 767.297791 691.279297
0 34 581.083313 624.981018
0 35 1201.565186 735.057800
0 36 1469.852783 666.753052
0 37 748.944275 568.327209
0 38 1053.593872 447.712311
0 39 638.256287 600.244324
