0 1578512666 1004.897095 515.658569
0 1524823287 526.962646 430.998840
0 1478234209 1435.749268 897.444519
0 1707269176 995.840271 616.886780
0 1438989626 874.913147 508.649384
0 1524801259 672.523254 432.975342
0 1438992629 922.040894 531.878418
0 1478227200 1642.603760 864.814270
0 1524854327 654.417908 462.909058
0 1478249229 1757.264160 834.315735
0 1524807266 745.414612 378.137238
0 1524863340 569.617493 403.263824
0 1524831297 704.392944 380.285034
0 1478229202 1627.734009 836.416565
0 1568509654 919.406982 545.259583
0 1524790246 590.240295 402.209534
0 1578523681 870.733276 637.628479
0 1478207175 1749.333740 893.677795
0 1524861337 502.912231 460.040985
0 1478210178 1644.588013 960.258057
0 1524862338 736.466858 394.733948
0 1478186149 1613.208008 895.312866
0 1524797254 663.627808 382.419403
0 1578518674 997.282593 600.766785
0 1438985621 904.707703 619.936035
0 1524857331 540.860291 439.352264
0 1478203170 1692.396484 959.907166
0 1438994632 1031.195679 527.505737
0 1578520676 898.028931 520.043030
0 1478237213 1347.457520 741.563843
0 1568511657 1030.482178 540.921265
0 1775370079 1006.016357 503.148102
0 1478195160 1410.352783 961.976868
0 1568510655 1031.884521 514.551331
0 1478257240 1392.371216 763.701538
0 1578521677 1058.071533 568.162720
0 1524794250 547.583191 457.943054
0 1524812272 644.220520 443.730957
0 1769859072 1001.296326 555.904358
0 1578525683 951.248047 517.859619
0 1770636073 1057.822754 583.132446
0 1524846317 596.683228 393.791504
0 1524833300 650.392761 434.047211
0 1568511656 840.188904 638.612183
0 1438985620 910.916138 588.395447
0 1478185148 1456.569702 961.637695
0 1707993177 1119.320679 612.755249
0 1478189152 1384.905884 740.684387
0 1524791247 583.619934 410.859222
0 1524830296 610.929077 401.151855
0 2088218948 940.039001 587.352112
0 1524827292 548.354370 429.947754
0 1606348170 934.946411 618.924255
0 1524855329 722.084290 421.411407
0 1478183145 1341.198975 719.631348
0 1438990627 1029.743042 554.822876
0 1524840309 533.148376 449.030273
0 1478222194 1479.508057 786.253113
0 1709860179 1112.788086 498.667786
0 1478188151 1587.432861 759.450195
0 1438988624 969.290222 586.304138
0 1478243222 1652.897461 734.390625
0 1524843313 556.032898 395.895111
0 1524844315 683.978394 381.353882
0 1524858333 541.896545 412.965424
0 1524811271 727.013855 412.267853
0 1524859334 534.533508 421.856720
0 1478216186 1400.200684 787.841187
0 1524851324 539.727112 468.207367
0 1524814275 689.188293 441.585541
0 1578514668 1057.564331 598.677124
0 1478184146 1430.944946 762.860779
0 1524829294 604.583252 409.801025
0 1478176143 1536.772217 737.117798
0 1524860336 711.789185 440.507233
0 1478222193 1655.395874 808.700500
0 1438997636 916.678406 559.121582
0 1478194158 1460.420898 738.910889
0 1478201168 1703.664185 894.226379
0 1478187150 1491.067627 928.209656
0 1478205172 1658.289917 894.771362
0 1524838306 694.351196 396.887024
0 1568514660 1025.605103 632.640808
0 1524865342 700.868591 460.763214
0 2085418945 1115.816162 551.550415
0 1524808268 666.665527 442.660126
0 1478200167 1555.214478 866.052490
0 1478194159 1686.712158 864.189270
0 1568501643 1027.355469 599.724304
0 1478239216 1414.556641 717.790100
0 1524820283 637.864563 453.702942
0 1438989625 1087.596069 582.065857
0 1568505649 967.344849 601.804626
0 1478255237 1400.967773 929.087036
0 1524804262 706.410583 450.483673
0 1568506650 1087.910034 597.625183
0 1478217187 1375.690430 840.504333
0 1568505648 1087.293579 567.083191
0 1568497640 963.222412 634.649902
0 1578511665 994.340759 633.647705
0 1478258241 1523.910522 896.385498
0 1524796253 667.883423 406.605652
0 1478206173 1731.099976 863.560364
0 1524826291 705.343201 413.347443
0 1578529688 1115.018433 537.619446
0 1478233207 1549.942139 960.952515
0 1708834178 998.670593 585.251587
0 1478189153 1600.201904 783.836243
0 1568499641 978.018494 516.761292
0 1478245224 1503.098389 961.296265
0 1524852325 710.428833 404.457977
0 1478219190 1639.429932 712.145813
0 1578525682 1058.542725 539.825256
0 1478232206 1627.112549 758.585327
0 1524818280 628.337402 435.115448
0 1524850322 720.187500 387.400330
0 1438996635 1026.497437 615.861023
0 1524832299 634.637390 425.708160
0 1478242220 1582.357910 927.320679
0 1524789245 562.821716 387.697327
0 1438999639 868.129578 534.038086
0 1478196161 1468.911377 867.275330
0 1478252234 1368.104492 813.919983
0 1524803261 562.618652 438.298462
0 1478211179 1723.023804 781.376770
0 1578523680 1058.981201 513.439636
0 1578530689 891.926147 546.332886
0 1568508653 857.027527 575.589905
0 1524826290 724.871582 379.212799
0 1524847319 652.506165 399.026306
0 1524810270 631.316528 463.976257
0 1524835302 656.389099 424.639374
0 1524821284 549.060425 404.314789
0 1524799257 640.760681 416.564758
0 1478233208 1519.506348 785.452148
0 1608354172 1117.502075 580.994385
0 1524835303 683.481567 451.560547
0 1478251232 1392.088013 897.968933
0 1524812273 694.729431 431.899811
0 1706512175 900.927124 507.557800
0 1438986622 1085.935303 499.794586
0 1478211180 1598.771973 865.435364
0 1524823286 562.724548 411.914062
0 1478223195 1408.421387 813.187500
0 1478244223 1542.695923 837.795776
0 1438987623 1087.002197 552.645874
0 1478193157 1572.090454 810.213989
0 1478198164 1536.562500 927.766663
0 1524862339 591.351868 427.835052
0 1478236212 1451.531494 716.862061
0 1478240217 1422.559814 739.800049
0 1478214183 1674.861816 926.419861
0 1578521678 885.377686 574.542542
0 1524844314 715.375061 395.812225
0 1524848320 592.566223 455.830414
0 1524806265 662.216980 415.495850
0 1524787243 658.141846 390.611084
0 1478241219 1547.978271 760.310059
0 1524799256 678.213928 423.567017
0 1478190154 1526.081055 714.990845
0 1478226198 1559.736938 784.646545
0 1478208176 1713.821045 835.020325
0 1478214184 1354.013062 764.537598
0 2084722944 1058.311401 553.736694
0 1578522679 947.002319 544.181763
0 1524825289 582.857605 386.648285
0 1774531078 888.710571 560.184875
0 1525674169 949.162048 530.791931
0 1478197162 1815.947144 925.045959
0 1524815276 700.112183 422.491028
0 1768901071 1059.189453 500.916901
0 1578526684 1002.539185 542.012634
0 1478182144 1628.456665 926.871765
0 1524853326 741.001343 386.323242
0 1478218189 1377.779785 718.713135
0 1578513667 1000.007629 570.307800
0 1438983618 1028.181274 584.194397
0 1478224196 1469.736084 762.015381
0 1478247227 1740.533203 959.553955
0 1524792248 517.031677 469.255829
0 1524795252 576.326050 394.844971
0 1524808267 606.356873 436.180023
0 1478191155 1575.265747 736.213806
0 1524856330 643.340637 383.481567
0 1478236211 1383.674194 868.483093
0 1478258242 1837.804810 958.840210
0 1478212181 1498.491333 738.016785
0 1478185147 1439.740234 787.049438
0 1568502645 907.870850 603.866272
0 1568508652 1028.976562 569.237610
0 1438984619 1088.236572 613.795288
0 1659977623 986.351379 563.576660
0 1478209177 1597.104370 960.606445
0 1438982617 972.970520 556.981323
0 1524805264 570.035461 456.888550
0 1771287074 874.606445 620.943237
0 2087111947 1058.765869 526.401245
0 1524817279 731.806152 403.378876
0 1524795251 673.395081 397.958405
0 1478230204 1530.808716 810.963989
0 1478230203 1768.603882 925.507019
0 1524847318 569.817322 428.893158
0 1578516671 932.249023 635.647339
0 1568513659 974.712891 543.099426
0 1578529687 878.332947 604.890198
0 1524819282 689.121399 405.533600
0 1478253235 1508.746582 761.165161
0 1524836304 619.375183 417.630157
0 1478243221 1721.576538 925.964966
0 1568501644 1088.575928 630.612793
0 1438998637 853.052246 590.468445
0 1524816278 608.297180 465.039673
0 1705773174 953.263977 505.361694
0 1524845316 602.955872 385.596008
0 1524842312 623.116760 384.540436
0 1568507651 871.578918 521.128235
0 1438999638 1086.449951 525.292236
0 1478252233 1360.887451 788.628418
0 1438993630 1032.550049 502.034698
0 1478237214 1667.018921 757.715576
0 1524857332 511.161743 450.079254
0 1478248228 1489.771484 811.709534
0 1478225197 1601.441406 713.099304
0 1524859335 631.684265 400.090790
0 1524832298 646.714661 407.674255
0 1478200166 1677.625977 711.187073
0 1478250231 1426.160767 867.881042
0 1478245225 1681.843262 782.201416
0 1438995633 927.043884 506.461914
0 1524804263 584.450745 437.241028
0 1524839308 625.614746 408.739349
0 1524849321 660.632996 452.633636
0 1568512658 924.585083 518.953552
0 1568514661 913.849976 573.490723
0 1478231205 1445.870361 928.649780
0 1773608077 1003.738770 528.605652
0 1438977615 965.323669 617.907898
0 1524834301 555.210388 447.977692
0 1607644171 1057.295776 614.830566
0 1524800258 617.104736 392.734711
0 1568504647 1086.188110 512.323425
0 1568500642 971.164185 571.373352
0 1478256239 1500.564209 838.479004
0 1524815277 585.359436 466.099335
0 1568503646 901.419617 636.640259
0 1478220191 1697.424194 807.936890
0 1478207174 1568.415894 895.850891
0 1524841311 519.175232 440.402588
0 1478213182 1640.903320 783.021179
0 1524813274 599.562317 445.861633
0 1568516663 1086.721069 538.724670
0 1578517672 1113.505859 511.202667
0 1578527685 1057.016479 631.629211
0 1478240218 1458.687500 839.158203
0 1478215185 1613.973511 735.304688
0 1524838307 562.502930 467.155212
0 1478197163 1511.928345 866.665833
0 1478221192 1417.063721 839.833313
0 1524819281 637.590820 391.674591
0 2086284946 944.764771 558.053650
0 1524824288 717.011536 430.820587
0 1524802260 494.416016 470.300568
0 1478226199 1585.085083 837.108276
0 1578518673 1116.643433 565.998962
0 1438981616 979.587952 504.257080
0 1478238215 1563.659180 714.047668
0 1609135173 881.920776 589.434204
0 1524837305 525.208923 458.993835
0 1524793249 621.852905 444.798126
0 1568515662 848.926575 605.909607
0 1568516664 864.558960 547.401794
0 1438991628 860.860657 561.243652
0 1478249230 1488.705688 715.928955
0 1438996634 976.394470 529.701050
0 1578519675 1118.393799 596.568420
0 1524829295 555.639526 420.805267
0 1524864341 577.348267 446.921478
0 1478255238 1707.154175 756.840820
0 1438993631 844.641907 621.945801
0 1524788244 615.175781 454.768555
0 1772785076 1114.248901 524.178650
0 1524828293 683.744385 414.423431
0 1478203171 1739.705811 807.168823
0 1524798255 678.758057 389.544220
0 1478199165 1613.618774 809.459534
0 1578528686 942.445190 572.434326
0 1478192156 1670.645386 835.720642
0 1478228201 1479.689209 896.916687
0 1772037075 895.030334 532.960449
0 1578515670 937.541199 602.837708
0 1524851323 612.958435 426.773376
0 1478218188 1775.769653 862.927429
0 1478202169 1448.976440 812.450745
0 1478254236 1795.301514 893.125610
0 1478246226 1692.039185 733.471375
0 1524809269 576.814880 419.750366
0 1524822285 699.439880 388.473969
0 1524841310 677.601807 461.838104
0 1478235210 1789.001465 959.198303
0 1578515669 1120.284546 629.591614
0 1524854328 598.060059 418.692017
0 0 1282.862549 782.268860
0 1 1330.685303 967.607910
0 2 988.680298 402.236481
0 3 1057.944702 318.857758
0 4 646.758667 427.692688
0 5 530.676514 469.018921
0 6 1264.177368 315.072906
0 7 483.340485 735.744141
0 8 492.770935 685.904602
0 9 749.682983 813.618042
0 10 601.457275 555.472534
0 11 251.828873 832.598938
0 12 1710.613892 544.313232
0 13 524.667297 496.302490
0 14 860.630005 330.720673
0 15 400.834839 850.169495
0 16 721.707275 348.554352
0 17 1774.393555 769.955566
0 18 655.394470 352.048615
0 19 1235.050781 415.518005
0 20 892.600342 802.662781
0 21 809.077454 399.168457
0 22 1240.698975 832.255188
0 23 1636.583374 415.674255
0 24 413.272491 600.474609
0 25 1288.167847 508.355957
0 26 1219.090576 518.636719
0 27 522.112854 835.957092
0 28 590.859924 484.171936
0 29 1356.058228 521.986084
0 30 598.169556 520.730103
0 31 599.583130 376.356995
0 32 406.184570 711.041626
0 33 1268.319824 672.313660
0 34 337.039703 821.948547
0 35 314.781952 881.975586
0 36 1275.988525 445.858398
0 37 517.355408 526.441162
0 38 1647.783081 752.326843
0 39 379.273224 769.693298
