0 1578512666 985.163940 603.964844
0 1524823287 450.733093 706.532654
0 1478234209 1498.614380 629.582825
0 1707269176 1099.032837 638.419678
0 1438989626 893.323547 631.467834
0 1524801259 609.051697 658.921692
0 1438992629 955.140564 628.087585
0 1478227200 1526.545166 590.994385
0 1524854327 645.603333 675.816528
0 1478249229 1533.316162 568.419800
0 1524807266 579.956421 615.768982
0 1524863340 441.705750 680.451721
0 1524831297 542.818420 628.307434
0 1478229202 1505.176147 586.441589
0 1568509654 970.690613 633.160767
0 1524790246 463.175110 673.009827
0 1578523681 1056.037109 673.915955
0 1478207175 1566.852539 583.058044
0 1524861337 483.993134 726.375549
0 1478210178 1584.299438 612.021423
0 1524862338 601.446228 625.081116
0 1478186149 1538.857910 602.144714
0 1524797254 504.167053 641.356812
0 1578518674 1081.670532 633.166077
0 1438985621 1053.913452 660.312012
0 1524857331 484.062653 704.736755
0 1478203170 1593.552490 605.270813
0 1438994632 1014.871460 602.329956
0 1578520676 924.217163 629.778564
0 1478237213 1359.867432 605.956482
0 1568511657 1030.424194 606.923035
0 1775370079 970.251038 599.452393
0 1478195160 1534.823975 648.116577
0 1568510655 999.642456 597.832520
0 1478257240 1391.211304 604.242554
0 1578521677 1076.700195 609.947693
0 1524794250 529.061829 709.357483
0 1524812272 601.156067 671.793457
0 1769859072 1031.845703 618.089905
0 1578525683 955.315857 616.606873
0 1770636073 1093.270386 614.725525
0 1524846317 453.048157 667.423157
0 1524833300 589.341492 666.146484
0 1568511656 1039.966064 681.883789
0 1438985620 1019.479492 649.078003
0 1478185148 1545.171509 640.567444
0 1707993177 1154.812256 611.354797
0 1478189152 1371.137329 599.506348
0 1524791247 473.532227 678.723511
0 1524830296 484.188019 665.726196
0 2088218948 1034.877686 641.909607
0 1524827292 473.099823 698.451294
0 1606348170 1069.286865 652.852661
0 1524855329 635.420044 639.802795
0 1478183145 1340.145020 601.203857
0 1438990627 1046.311279 611.614868
0 1524840309 495.289551 711.173584
0 1478222194 1433.211060 596.106445
0 1709860179 1026.493896 576.045471
0 1478188151 1443.757080 573.355713
0 1438988624 1049.945557 634.894958
0 1478243222 1443.888794 557.868042
0 1524843313 409.911011 682.178223
0 1524844315 523.687622 634.766296
0 1524858333 429.847809 694.072510
0 1524811271 623.853638 634.790833
0 1524859334 440.167694 700.229309
0 1478216186 1411.733276 609.084412
0 1524851324 540.980530 715.932617
0 1524814275 640.343933 657.216370
0 1578514668 1110.204468 619.608459
0 1478184146 1402.159302 597.807251
0 1524829294 494.670074 671.296570
0 1478176143 1413.958862 574.997986
0 1524860336 659.318054 650.158386
0 1478222193 1493.947388 575.966064
0 1438997636 986.589111 638.347595
0 1478194158 1392.985840 587.001648
0 1478201168 1557.716187 589.287109
0 1478187150 1531.876587 627.780090
0 1478205172 1548.386719 595.647949
0 1524838306 563.954346 638.076843
0 1568514660 1131.158325 636.671997
0 1524865342 684.293945 660.981079
0 2085418945 1087.977905 592.963989
0 1524808268 620.961060 664.426392
0 1478200167 1507.030029 603.882263
0 1478194159 1535.999634 584.750549
0 1568501643 1096.088989 626.315247
0 1478239216 1362.616577 588.670288
0 1524820283 613.242859 677.570496
0 1438989625 1107.117920 608.278992
0 1568505649 1066.939331 640.165527
0 1478255237 1511.124756 642.405701
0 1524804262 671.666748 655.509460
0 1568506650 1124.026733 613.040955
0 1478217187 1443.308472 626.063721
0 1568505648 1090.569092 603.618286
0 1568497640 1102.110229 651.073608
0 1578511665 1116.793701 643.793762
0 1478258241 1519.175781 615.564148
0 1524796253 555.441895 649.943726
0 1478206173 1545.260498 578.634766
0 1524826291 605.127747 641.461914
0 1578529688 1072.131104 588.603516
0 1478233207 1565.172852 625.975403
0 1708834178 1064.693604 628.029114
0 1478189153 1463.796387 577.625244
0 1568499641 970.391479 610.221619
0 1478245224 1555.285278 633.188965
0 1524852325 593.890015 636.434570
0 1478219190 1424.839355 553.965576
0 1578525682 1044.606323 600.693665
0 1478232206 1453.640503 567.546143
0 1524818280 569.202332 673.528564
0 1524850322 572.118896 626.695007
0 1438996635 1113.426758 631.435486
0 1524832299 557.753174 667.864868
0 1478242220 1551.721191 613.793701
0 1524789245 400.278320 676.431396
0 1438999639 923.357178 641.793457
0 1478196161 1486.662720 617.332764
0 1478252234 1421.734375 620.864868
0 1524803261 506.065918 696.671387
0 1478211179 1492.577881 560.234009
0 1578523680 1013.835510 591.821106
0 1578530689 954.957642 640.071350
0 1568508653 971.016907 658.178955
0 1524826290 561.570984 621.976196
0 1524847319 524.901489 651.613708
0 1524810270 625.611389 683.482178
0 1524835302 577.790039 660.625305
0 1524821284 419.764923 688.057129
0 1524799257 546.558899 662.327271
0 1478233208 1443.616943 589.818726
0 1608354172 1120.683594 601.963684
0 1524835303 652.611877 662.704651
0 1478251232 1487.985474 636.829712
0 1524812273 628.346436 651.849121
0 1706512175 909.346680 624.799316
0 1438986622 1012.840576 581.727600
0 1478211180 1516.890625 597.370178
0 1524823286 451.929932 686.313660
0 1478223195 1432.718384 614.035583
0 1478244223 1485.425171 599.090759
0 1438987623 1074.368652 599.055786
0 1478193157 1474.381958 588.130920
0 1478198164 1541.908447 620.709595
0 1524862339 516.357422 682.821716
0 1478236212 1373.511475 582.593750
0 1478240217 1382.174316 593.189453
0 1478214183 1570.717041 600.405579
0 1578521678 987.106689 650.835938
0 1524844314 582.889526 631.513367
0 1524848320 572.100403 693.106018
0 1524806265 566.492981 655.225708
0 1524787243 514.422607 646.430054
0 1478241219 1433.673462 579.282959
0 1524799256 597.404724 653.538208
0 1478190154 1394.653076 570.801880
0 1478226198 1453.809937 583.659607
0 1478208176 1524.126343 574.305298
0 1478214184 1380.029907 610.815063
0 2084722944 1060.482544 605.271484
0 1578522679 986.093689 626.395020
0 1524825289 421.938721 669.118469
0 1774531078 970.850159 645.392639
0 1525674169 970.537842 621.447815
0 1478197162 1597.734619 581.363831
0 1524815276 616.610474 646.598938
0 1768901071 998.921021 587.520630
0 1578526684 1015.950867 613.280396
0 1478182144 1561.321777 607.027222
0 1524853326 590.590210 620.376831
0 1478218189 1351.496826 594.872375
0 1578513667 1048.089355 623.004944
0 1438983618 1079.131958 621.307495
0 1478224196 1412.881104 591.504822
0 1478247227 1602.607544 598.664673
0 1524792248 518.574585 724.523865
0 1524795252 431.711182 674.721436
0 1524808267 548.619995 681.073059
0 1478191155 1424.133423 569.174744
0 1524856330 484.244659 648.082947
0 1478236211 1465.386230 631.383850
0 1478258242 1620.148315 585.867554
0 1478212181 1403.578491 580.939087
0 1478185147 1422.585571 602.526917
0 1568502645 1036.496826 654.629883
0 1568508652 1062.543457 616.408508
0 1438984619 1141.307129 617.907715
0 1659977623 1032.579224 623.853149
0 1478209177 1574.841797 618.921265
0 1438982617 1017.076599 624.700806
0 1524805264 550.826233 701.139160
0 1771287074 1038.191162 667.940613
0 2087111947 1029.060791 596.211182
0 1524817279 612.531616 629.884705
0 1524795251 544.629089 644.775574
0 1478230204 1464.292603 594.404053
0 1478230203 1588.917358 587.578186
0 1524847318 494.969147 690.549561
0 1578516671 1087.097290 658.516846
0 1568513659 1001.177246 619.769714
0 1578529687 1020.763794 662.105286
0 1524819282 574.864075 643.119507
0 1478253235 1423.383667 585.331421
0 1524836304 526.196045 669.581543
0 1478243221 1579.913574 593.924011
0 1568501644 1158.971558 622.882568
0 1438998637 987.648132 663.896790
0 1524816278 605.168823 691.320557
0 1705773174 940.417053 611.868591
0 1524845316 443.143860 661.959229
0 1524842312 463.907990 654.948914
0 1568507651 908.174133 636.573486
0 1438999638 1042.970093 590.213013
0 1478252233 1400.646973 615.783325
0 1438993630 984.727234 593.427734
0 1478237214 1463.329956 561.850647
0 1524857332 472.636292 719.600098
0 1478248228 1453.990112 600.809692
0 1478225197 1414.972900 559.468567
0 1524859335 504.758850 658.595703
0 1524832298 535.611023 656.911499
0 1478200166 1434.517578 548.567505
0 1478250231 1476.141968 624.280762
0 1478245225 1483.174561 565.916016
0 1438995633 925.041138 618.267700
0 1524804263 527.579651 688.785400
0 1524839308 515.358154 664.027527
0 1524849321 633.141785 670.056519
0 1568512658 939.927673 623.124451
0 1568514661 1002.847961 643.652039
0 1478231205 1521.617920 635.010254
0 1773608077 1000.393860 608.573120
0 1438977615 1084.322998 645.556946
0 1524834301 517.427002 702.938843
0 1607644171 1127.514893 624.599792
0 1524800258 473.936493 660.278259
0 1568504647 1027.751709 585.927002
0 1568500642 1033.328857 629.741333
0 1478256239 1475.233276 605.617981
0 1524815277 584.260437 699.337585
0 1568503646 1071.743408 666.129028
0 1478220191 1503.435669 570.066650
0 1478207174 1529.123169 608.781921
0 1524841311 461.552856 712.987732
0 1478213182 1473.582520 571.711975
0 1524813274 560.223511 687.019470
0 1568516663 1058.505859 594.588318
0 1578517672 1041.398682 580.146790
0 1578527685 1145.214233 629.703247
0 1478240218 1464.821411 612.286072
0 1478215185 1434.108154 563.465881
0 1524838307 562.869934 707.539490
0 1478197163 1496.956299 610.534851
0 1478221192 1454.182373 619.099670
0 1524819281 494.390198 653.282104
0 2086284946 1001.994446 631.451843
0 1524824288 647.238708 644.924133
0 1524802260 495.633606 733.320251
0 1478226199 1495.403931 592.700073
0 1578518673 1104.158447 597.416443
0 1438981616 955.483948 605.598083
0 1478238215 1404.912720 565.079651
0 1609135173 1003.740234 656.405334
0 1524837305 506.790161 717.767334
0 1524793249 580.915100 679.322632
0 1568515662 1004.673828 669.750244
0 1568516664 938.884033 647.131653
0 1438991628 954.766418 652.592041
0 1478249230 1384.188110 576.638794
0 1438996634 985.619080 614.944397
0 1578519675 1137.564331 606.608704
0 1524829295 462.391876 692.311951
0 1524864341 539.066101 694.889587
0 1478255238 1472.830688 556.266052
0 1438993631 1022.108093 675.744202
0 1524788244 592.900696 685.251709
0 1772785076 1056.608032 584.331970
0 1524828293 586.011597 648.272156
0 1478203171 1512.735474 564.284424
0 1524798255 534.046753 639.717590
0 1478199165 1484.264893 581.986206
0 1578528686 1018.251709 636.622070
0 1478192156 1514.748291 580.311279
0 1478228201 1509.008545 622.496094
0 1772037075 939.417175 634.867920
0 1578515670 1051.885010 647.318359
0 1524851323 537.280396 675.261963
0 1478218188 1554.333496 572.643005
0 1478202169 1443.467773 607.352051
0 1478254236 1575.801270 576.956665
0 1478246226 1453.481201 552.378052
0 1524809269 484.127472 684.568604
0 1524822285 553.274902 633.140625
0 1524841310 665.159485 668.317932
0 1478235210 1611.470703 592.198425
0 1578515669 1172.439697 616.205322
0 1524854328 505.390442 676.993591
0 0 1415.640259 611.244629
0 1 948.300232 512.390564
0 2 667.058777 660.242737
0 3 1136.857300 793.310791
0 4 942.194641 776.796692
0 5 1203.242432 454.174561
0 6 999.469971 867.745605
0 7 876.665771 744.683594
0 8 1370.679443 729.628357
0 9 494.502808 609.020081
0 10 1243.465332 804.005127
0 11 744.622498 534.438782
0 12 700.023132 735.599121
0 13 970.068176 466.896393
0 14 585.411011 667.487244
0 15 1342.423584 559.875793
0 16 1248.369507 462.073578
0 17 590.646729 697.813416
0 18 1131.178955 438.642853
0 19 647.417053 638.161194
0 20 502.573517 636.075439
0 21 883.496460 797.537354
0 22 541.002808 652.792175
0 23 919.563721 851.439880
0 24 1332.737549 532.186829
0 25 818.388550 562.861511
0 26 883.989014 545.594055
0 27 597.738831 579.190979
0 28 658.688538 562.459717
0 29 601.899658 636.429321
0 30 1405.922119 703.177490
0 31 831.441895 509.471497
0 32 1301.245605 846.316467
0 33 938.541382 526.254028
0 34 1528.261108 641.930054
0 35 699.135559 546.936707
0 36 1136.968750 528.564148
0 37 1417.858398 754.296326
0 38 556.989136 593.489868
0 39 1352.656738 807.623962
