0 1578512666 1019.316772 363.250977
0 1707269176 869.748901 301.508728
0 1438989626 1132.511353 309.911102
0 1438992629 1051.960083 316.652313
0 1568509654 1029.772705 308.161377
0 1578523681 924.285950 250.553848
0 1578518674 889.704529 309.746460
0 1438985621 925.848511 268.390381
0 1438994632 977.061218 366.800171
0 1578520676 1092.247070 313.280792
0 1568511657 954.686646 357.319275
0 1775370079 1042.722412 372.912872
0 1568510655 999.969543 376.507324
0 1578521677 891.508484 351.520844
0 1769859072 952.297424 335.585083
0 1578525683 1056.642090 337.676453
0 1770636073 870.611816 342.427246
0 1568511656 941.833130 240.391174
0 1438985620 966.075989 283.785156
0 1707993177 788.833313 349.277161
0 2088218948 947.834961 294.990326
0 1606348170 907.556885 279.188812
0 1438990627 932.827515 348.056763
0 1709860179 962.582153 429.144592
0 1438988624 929.182495 306.448273
0 1578514668 850.185730 333.538483
0 1438997636 1008.073425 299.857239
0 1568514660 830.674011 304.770538
0 2085418945 871.558167 387.303436
0 1568501643 870.170654 321.506714
0 1438989625 850.165771 354.986908
0 1568505649 908.802551 298.248627
0 1568506650 829.734131 345.851227
0 1568505648 871.073792 364.335602
0 1568497640 869.345398 282.373505
0 1578511665 850.223206 293.448395
0 1578529688 893.489075 397.384491
0 1708834178 910.104370 318.167603
0 1568499641 1038.202271 350.311066
0 1578525682 934.780579 370.351471
0 1438996635 850.204895 313.046509
0 1438999639 1086.877808 293.273438
0 1578523680 980.143188 390.091888
0 1578530689 1047.486450 296.564423
0 1568508653 1022.069641 269.644867
0 1608354172 829.230957 367.846832
0 1706512175 1115.390747 321.924072
0 1438986622 983.379944 414.551483
0 1438987623 892.475098 373.904846
0 1578521678 1004.652222 280.567535
0 2084722944 912.892334 360.826385
0 1578522679 1011.650513 320.025757
0 1774531078 1025.836426 288.478973
0 1525674169 1033.890381 328.750702
0 1768901071 1003.656494 400.324097
0 1578526684 974.122803 344.594635
0 1578513667 930.963501 326.778320
0 1438983618 890.585999 330.157440
0 1568502645 945.748108 276.005798
0 1568508652 911.466248 339.005157
0 1438984619 809.762878 336.921387
0 1659977623 951.143677 325.089447
0 1438982617 971.318298 323.401093
0 1771287074 943.749329 257.822662
0 2087111947 957.191223 380.103851
0 1578516671 888.054565 271.537842
0 1568513659 993.105469 332.166931
0 1578529687 963.622620 265.244568
0 1568501644 790.236572 328.190491
0 1438998637 1001.376892 262.100433
0 1705773174 1079.923706 346.810059
0 1568507651 1109.440918 301.499817
0 1438999638 936.829224 393.737061
0 1438993630 1023.431152 386.448883
0 1438995633 1097.866455 334.220337
0 1568512658 1074.652100 325.336426
0 1568514661 986.846252 291.733765
0 2079485312 951.140015 325.039703
0 1773608077 996.456543 353.814148
0 1438977615 888.861511 290.225586
0 1607644171 830.214722 324.847687
0 1568504647 959.819946 404.016998
0 1568500642 950.015930 314.830322
0 1568503646 906.363831 260.933716
0 1568516663 914.387451 383.702606
0 1578517672 938.980652 418.295624
0 1578527685 810.683533 316.348358
0 2086284946 989.905334 311.494934
0 1578518673 850.144775 377.460327
0 1438981616 1061.547607 359.703827
0 1609135173 983.919067 272.824493
0 1568515662 981.115356 254.713196
0 1568516664 1064.805298 285.225952
0 1438991628 1043.207764 277.351624
0 1438996634 1015.394348 341.134552
0 1578519675 808.799255 358.454956
0 1438993631 961.271667 247.478333
0 1772785076 915.956604 407.712158
0 1578528686 968.638794 303.151855
0 1772037075 1069.617920 304.829681
0 1578515670 927.479126 287.004486
0 1578515669 769.317261 340.306213
0 0 1121.530762 164.351273
0 1 1152.271973 184.806519
0 2 1099.844238 250.288162
0 3 1208.100708 251.607895
0 4 907.663025 187.591049
0 5 531.094971 370.864532
0 6 594.698181 342.868347
0 7 817.886169 181.315521
0 8 663.679260 345.325500
0 9 1006.642578 186.380661
