0 1578512666 901.409424 391.573853
0 1524823287 1035.505005 188.148132
0 1478234209 234.556122 583.512817
0 1707269176 707.543152 392.336426
0 1438989626 908.916260 332.317261
0 1524801259 1047.281860 240.013794
0 1438992629 864.795898 354.825165
0 1478227200 226.436630 701.177429
0 1524854327 984.660889 238.893723
0 1478249229 239.517883 784.657715
0 1524807266 1181.970581 258.649567
0 1524863340 1096.923096 196.476837
0 1524831297 1169.213623 242.194748
0 1478229202 270.290039 699.265930
0 1568509654 838.761108 354.792297
0 1524790246 1101.963013 203.536163
0 1578523681 678.290710 342.757629
0 1478207175 157.351517 759.471436
0 1524861337 978.074890 186.692917
0 1478210178 105.601242 680.473022
0 1524862338 1140.855957 258.012512
0 1478186149 193.568222 676.929260
0 1524797254 1157.074707 226.536926
0 1578518674 735.887146 392.224915
0 1438985621 705.670654 354.624481
0 1524857331 1020.558838 194.617142
0 1478203170 91.825760 707.044922
0 1438994632 877.745056 404.773621
0 1578520676 887.269226 343.360413
0 1478237213 468.818909 556.831909
0 1568511657 850.041199 404.933838
0 1775370079 928.262512 391.468201
0 1478195160 165.653061 564.637390
0 1568510655 905.234009 404.614655
0 1478257240 427.252625 578.036865
0 1578521677 796.111267 418.960052
0 1524794250 985.485535 200.817276
0 1524812272 1022.047363 231.585480
0 1769859072 819.606445 391.895630
0 1578525683 894.118469 366.714172
0 1770636073 767.274170 419.181946
0 1524846317 1120.999146 203.980515
0 1524833300 1042.550293 231.975739
0 1568511656 678.132446 331.288391
0 1438985620 759.498779 354.692352
0 1478185148 154.691055 585.782349
0 1707993177 710.349915 448.862549
0 1478189152 464.645081 576.974304
0 1524791247 1082.820801 203.089340
0 1524830296 1107.122803 210.763321
0 2088218948 760.954895 366.769379
0 1524827292 1039.808594 195.085953
0 1606348170 706.274780 366.792053
0 1524855329 1078.240967 257.042267
0 1478183145 505.065887 555.898743
0 1438990627 822.120056 405.095276
0 1524840309 1001.201721 194.145737
0 1478222194 377.174713 622.581848
0 1709860179 946.130066 446.098083
0 1478188151 398.918793 693.659180
0 1438988624 762.458069 379.236938
0 1478243222 429.688202 745.672791
0 1524843313 1110.626099 190.051605
0 1524844315 1163.069824 234.269867
0 1524858333 1073.270142 189.105057
0 1524811271 1099.239746 257.367645
0 1524859334 1054.439209 188.627899
0 1478216186 389.485504 579.110168
0 1524851324 965.687256 200.355087
0 1524814275 1031.134644 247.906677
0 1578514668 738.204163 419.405640
0 1478184146 422.073517 599.171326
0 1524829294 1087.766846 210.331558
0 1478176143 446.040466 666.758362
0 1524860336 1035.855469 256.385529
0 1478222193 305.008759 724.241272
0 1438997636 812.534729 354.759247
0 1478194158 455.749756 619.902466
0 1478201168 170.022888 730.591858
0 1478187150 184.328537 606.588745
0 1478205172 182.080643 703.110840
0 1524838306 1129.050049 241.476349
0 1568514660 679.161987 405.921875
0 1524865342 992.945251 255.720627
0 2085418945 830.186890 447.457489
0 1524808268 1026.533447 239.642685
0 1478200167 246.721436 650.390442
0 1478194159 215.543579 728.450256
0 1568501643 737.026245 405.587311
0 1478239216 498.126465 596.798584
0 1524820283 1001.422668 231.192871
0 1438989625 768.990479 433.417664
0 1568505649 734.785095 379.296295
0 1478255237 204.882767 563.627380
0 1524804262 1014.466553 256.054108
0 1568506650 739.422974 433.703705
0 1478217187 320.239716 560.657349
0 1568505648 798.317139 433.133942
0 1568497640 678.796326 379.416412
0 1578511665 678.976135 392.448761
0 1478258241 214.987396 628.112244
0 1524796253 1103.339111 233.132904
0 1478206173 204.099503 757.102844
0 1524826291 1093.755615 248.952881
0 1578529688 859.530212 447.113434
0 1478233207 131.266327 630.966980
0 1708834178 764.010681 392.114288
0 1478189153 356.522919 695.507202
0 1568499641 897.706116 378.946838
0 1478245224 143.239944 607.870667
0 1524852325 1114.378662 249.297424
0 1478219190 473.241638 743.466064
0 1578525682 853.098022 418.521545
0 1478232206 392.432343 720.128357
0 1524818280 1037.935181 224.135803
0 1524850322 1155.255737 249.980362
0 1438996635 708.209351 405.753937
0 1524832299 1058.080444 224.541824
0 1478242220 161.865021 653.540710
0 1524789245 1129.152588 190.521072
0 1438999639 858.902893 332.094269
0 1478196161 265.224335 604.064880
0 1478252234 357.933838 559.686890
0 1524803261 1024.748047 201.733749
0 1478211179 332.713776 779.581726
0 1578523680 909.186096 418.089966
0 1578530689 836.156128 343.212982
0 1568508653 782.539612 331.753845
0 1524826290 1175.512085 250.318771
0 1524847319 1117.819458 225.745789
0 1524810270 980.675110 230.797943
0 1524835302 1062.932495 232.363739
0 1524821284 1091.998901 189.579651
0 1524799257 1078.108887 224.945435
0 1478233208 370.601959 645.791443
0 1608354172 770.767273 448.154144
0 1524835303 1010.006653 247.553680
0 1478251232 243.719818 562.627502
0 1524812273 1052.134644 248.257507
0 1706512175 912.551941 343.433350
0 1438986622 941.437073 431.749298
0 1478211180 236.817505 675.186951
0 1524823286 1077.989868 196.015778
0 1478223195 351.338104 580.194214
0 1478244223 288.461426 648.840881
0 1438987623 827.405701 432.852509
0 1478193157 321.888184 671.759888
0 1478198164 173.351700 629.531921
0 1524862339 1048.725464 209.460648
0 1478236212 494.430267 618.583557
0 1478240217 460.292633 597.979004
0 1478214183 137.213226 705.066589
0 1578521678 784.299744 343.063416
0 1524844314 1134.878296 249.639908
0 1524848320 993.258911 215.633224
0 1524806265 1083.195068 232.749451
0 1524787243 1137.503418 226.142502
0 1478241219 405.106873 668.407410
0 1524799256 1067.906738 240.382706
0 1478190154 486.533264 665.127197
0 1478226198 363.725220 670.074524
0 1478208176 250.291077 754.762390
0 1478214184 432.218048 557.774292
0 2084722944 824.718323 418.739929
0 1578522679 841.447998 366.735992
0 1524825289 1134.479004 197.391449
0 1774531078 810.321838 343.138458
0 1525674169 867.880981 366.725067
0 1478197162 95.378067 792.508362
0 1524815276 1073.007935 248.606247
0 1768901071 936.899841 417.876709
0 1578526684 847.083801 391.787537
0 1478182144 149.832169 678.691162
0 1524853326 1161.475342 258.332031
0 1478218189 501.668518 575.922180
0 1578513667 791.916260 392.004547
0 1438983618 765.615112 405.421997
0 1478224196 416.666656 621.235229
0 1478247227 77.358490 734.951294
0 1524792248 962.162109 193.194992
0 1524795252 1115.752563 196.935425
0 1524808267 1033.432495 216.486679
0 1478191155 440.844910 691.831665
0 1524856330 1151.223022 218.989029
0 1478236211 282.170227 561.637512
0 1478258242 46.128967 795.190796
0 1478212181 451.003662 642.806519
0 1478185147 383.463257 600.375977
0 1568502645 732.684875 354.658539
0 1568508652 793.978821 405.257965
0 1438984619 709.611511 433.992096
0 1659977623 804.671448 385.497498
0 1478209177 118.733421 655.142029
0 1438982617 817.173584 379.119568
0 1524805264 989.325256 208.135635
0 1771287074 705.085205 342.834900
0 2087111947 881.253052 418.304901
0 1524817279 1120.111084 257.691071
0 1524795251 1123.365479 233.514099
0 1478230204 329.752563 647.307922
0 1478230203 110.037125 761.868774
0 1524847318 1044.214233 202.188126
0 1578516671 678.622314 366.803497
0 1568513659 844.220886 379.061523
0 1578529687 731.683472 342.911652
0 1524819282 1108.789673 241.113983
0 1478253235 411.016663 644.291016
0 1524836304 1073.145752 217.330353
0 1478243221 123.964394 732.758667
0 1568501644 679.553162 434.282898
0 1438998637 756.719299 331.638733
0 1524816278 976.788391 222.903427
0 1705773174 920.162781 366.703369
0 1524845316 1139.929932 204.422409
0 1524842312 1145.509766 211.619614
0 1568507651 883.997925 332.206146
0 1438999638 884.880371 432.296478
0 1478252233 395.258148 558.725830
0 1438993630 932.510681 404.456940
0 1478237214 385.625427 747.905334
0 1524857332 997.323730 187.180649
0 1478248228 337.267517 623.942627
0 1478225197 477.883423 716.108276
0 1524859335 1112.406738 218.164429
0 1524832298 1098.021484 225.346786
0 1478200166 468.367554 772.193298
0 1478250231 273.879395 582.395325
0 1478245225 341.044586 750.164185
0 1438995633 916.299072 354.890106
0 1524804263 1029.038086 209.021515
0 1524839308 1092.832275 217.748581
0 1524849321 1005.660095 239.269318
0 1568512658 890.641174 354.857727
0 1568514661 786.114685 354.725922
0 1478231205 194.828766 584.641724
0 1773608077 874.350586 391.680298
0 1438977615 706.898621 379.356140
0 1524834301 1005.172119 201.276794
0 1607644171 708.898499 419.631165
0 1524800258 1126.370117 211.192688
0 1568504647 913.272034 432.021790
0 1568500642 789.920105 379.178009
0 1478256239 296.938354 625.317810
0 1524815277 972.997192 215.202759
0 1568503646 678.453857 354.590149
0 1478220191 295.936249 752.449707
0 1478207174 204.525146 651.956970
0 1524841311 1016.466736 187.665741
0 1478213182 348.971375 722.173035
0 1524813274 1013.403748 216.061172
0 1568516663 856.259216 432.573364
0 1578517672 917.498901 446.433777
0 1578527685 679.354187 419.858490
0 1478240218 305.044830 602.822510
0 1478215185 435.400269 718.106934
0 1524838307 969.297852 207.688889
0 1478197163 256.180664 626.707581
0 1478221192 312.804718 581.289185
0 1524819281 1131.869995 218.577881
0 2086284946 814.817566 366.747040
0 1524824288 1057.113159 256.714935
0 1524802260 958.719482 186.202469
0 1478226199 279.588196 673.463928
0 1578518673 800.600220 447.804382
0 1438981616 924.148621 378.890076
0 1478238215 482.309021 690.024292
0 1609135173 758.087585 342.987793
0 1524837305 981.736450 193.671707
0 1524793249 1017.672180 223.727417
0 1568515662 730.712646 331.522797
0 1568516664 833.629456 331.981598
0 1438991628 808.175720 331.868134
0 1478249230 490.569580 641.337646
0 1438996634 871.064270 379.003967
0 1578519675 740.684875 448.506897
0 1524829295 1058.952026 195.552139
0 1524864341 1009.238342 208.579834
0 1478255238 378.473785 777.089355
0 1438993631 704.517761 331.406036
0 1524788244 997.290222 223.316620
0 1772785076 888.633240 446.772217
0 1524828293 1088.409058 240.749420
0 1478203171 286.398560 782.104370
0 1524798255 1143.275391 233.893097
0 1478199165 313.649353 697.375916
0 1578528686 787.987244 366.758179
0 1478192156 260.535858 726.333557
0 1478228201 224.987762 605.320190
0 1772037075 861.804626 343.286987
0 1578515670 733.718201 366.780670
0 1524851323 1053.346191 216.909729
0 1478218188 192.061432 787.242493
0 1478202169 344.455750 601.592957
0 1478254236 144.018402 789.859192
0 1478246226 423.688446 774.626770
0 1524809269 1063.571411 202.639984
0 1524822285 1149.190918 241.836609
0 1524841310 988.749512 247.198547
0 1478235210 62.145947 764.295288
0 1578515669 679.759216 449.221191
0 1524854328 1068.301392 209.897324
0 0 285.668762 742.590576
0 1 1160.439697 377.590302
0 2 706.563110 206.038315
0 3 280.497284 674.824585
0 4 399.981873 197.343613
0 5 1252.031250 817.124329
0 6 393.848297 260.079010
0 7 302.476044 269.489716
0 8 255.040405 473.580597
0 9 862.144287 168.776382
0 10 336.883972 243.410995
0 11 1431.829834 571.738342
0 12 452.037292 168.888367
0 13 1299.995972 374.468628
0 14 497.845642 158.398590
0 15 197.854370 313.161011
0 16 350.153076 798.481506
0 17 770.282288 167.603043
0 18 1319.671753 440.526642
0 19 1054.514526 332.775604
0 20 945.437622 177.585953
0 21 846.172302 186.065186
0 22 1090.942505 177.766068
0 23 412.669128 223.396835
0 24 1430.710571 646.553955
0 25 1137.708008 454.593658
0 26 1098.418579 379.071320
0 27 1521.266846 668.146484
0 28 1149.896484 191.949860
0 29 1048.232300 218.536072
0 30 524.905762 203.574875
0 31 795.412476 782.046021
0 32 346.317993 173.969223
0 33 975.136047 497.273193
0 34 225.205078 268.365173
0 35 983.540527 797.931274
0 36 794.791382 200.725967
0 37 406.542877 178.627426
0 38 1022.379333 175.699631
0 39 276.520020 236.449295
