0 1578512666 866.140503 435.311462
0 1707269176 1147.781738 489.142487
0 1438989626 769.364746 588.437500
0 1438992629 877.153809 536.952454
0 1568509654 919.242615 545.234070
0 1578523681 1171.475220 631.298584
0 1578518674 1106.998779 481.347504
0 1438985621 1132.729248 587.240601
0 1438994632 914.714661 413.768219
0 1578520676 824.174194 562.257935
0 1568511657 953.897156 421.189148
0 1775370079 826.625977 427.758911
0 1568510655 875.704651 406.380035
0 1578521677 1039.344604 407.438416
0 1769859072 985.754150 458.173615
0 1578525683 845.940735 496.414856
0 1770636073 1078.368896 414.763855
0 1568511656 1166.720703 668.267151
0 1438985620 1046.720215 570.317139
0 1707993177 1165.458252 373.943848
0 2088218948 1053.528198 536.856018
0 1606348170 1137.937256 553.300171
0 1438990627 993.253418 428.642914
0 1709860179 865.528137 318.596924
0 1438988624 1060.083740 504.635529
0 1578514668 1117.564209 422.121399
0 1438997636 961.532227 553.555176
0 1568514660 1192.681396 466.413208
0 2085418945 1014.230835 346.037445
0 1568501643 1112.376099 451.203918
0 1438989625 1084.043213 386.874634
0 1568505649 1101.421509 512.611206
0 1568506650 1122.572998 394.044830
0 1568505648 1045.678833 379.735168
0 1568497640 1184.673950 528.673889
0 1578511665 1188.750977 496.973083
0 1578529688 976.820984 339.134064
0 1708834178 1066.400635 473.587830
0 1568499641 856.225708 465.303253
0 1578525682 961.805054 392.883057
0 1438996635 1152.438965 458.791565
0 1438999639 856.139526 605.870728
0 1578523680 884.936584 378.453735
0 1578530689 909.734863 579.266724
0 1568508653 987.921082 632.345947
0 1608354172 1089.524902 359.931671
0 1706512175 781.703186 553.815002
0 1438986622 856.299683 344.492493
0 1438987623 1007.478699 372.626251
0 1578521678 996.130371 596.441406
0 2084722944 1000.490356 400.144897
0 1578522679 928.393677 512.477905
0 1774531078 952.827454 587.833130
0 1525674169 887.071167 504.427673
0 1768901071 846.751404 371.285797
0 1578526684 945.703369 450.518585
0 1578513667 1025.986206 465.863312
0 1438983618 1072.491699 443.650116
0 1568502645 1089.621338 578.758484
0 1568508652 1032.784546 436.129852
0 1438984619 1161.268921 401.246033
0 1659977623 1002.174438 477.236847
0 1438982617 977.978210 488.794128
0 1771287074 1127.315796 622.520020
0 2087111947 923.287476 385.652740
0 1578516671 1180.441772 561.580688
0 1568513659 937.207886 480.927917
0 1578529687 1083.373047 613.784546
0 1568501644 1200.132568 408.478363
0 1438998637 1032.286499 641.259033
0 1705773174 805.001221 488.439209
0 1568507651 812.645325 597.132568
0 1438999638 931.566895 358.499420
0 1438993630 836.866150 399.024292
0 1438995633 793.573303 520.506775
0 1568512658 835.264465 528.710144
0 1568514661 1004.024414 561.916077
0 2079485312 1002.181335 477.183502
0 1773608077 905.832520 442.897919
0 1438977615 1142.951172 520.623901
0 1607644171 1156.931885 429.511292
0 1568504647 893.853271 351.481049
0 1568500642 1018.936401 496.696564
0 1568503646 1176.045410 595.763733
0 1568516663 969.441711 365.547729
0 1578517672 902.470581 325.414001
0 1578527685 1196.472778 436.933716
0 2086284946 969.909790 520.565918
0 1578518673 1051.798462 352.969910
0 1438981616 816.011292 457.544312
0 1609135173 1039.645020 605.091797
0 1568515662 1076.873779 650.216736
0 1568516664 899.849243 614.652100
0 1438991628 943.775818 623.477051
0 1438996634 896.624084 473.097717
0 1578519675 1127.411255 366.922913
0 1438993631 1121.684692 659.219299
0 1772785076 939.567810 332.259674
0 1578528686 1011.620850 528.691833
0 1772037075 866.850952 570.741699
0 1578515670 1095.633179 545.058716
0 1578515669 1203.667236 380.994659
0 0 531.382751 599.416870
0 1 576.086853 686.569824
0 2 881.406677 829.881104
0 3 779.057922 419.428162
0 4 1095.586548 223.377289
0 5 1338.526978 196.586212
0 6 1470.300781 435.703613
0 7 1332.723633 251.096390
0 8 1456.923584 718.769104
0 9 1185.951904 311.934784
