0 1578512666 934.358032 360.941589
0 1524823287 1367.830200 280.089478
0 1478234209 471.187592 321.596771
0 1707269176 825.549316 322.328857
0 1438989626 1021.682068 333.726868
0 1524801259 1281.109619 314.452759
0 1438992629 961.446167 335.546082
0 1478227200 385.325775 359.048096
0 1524854327 1227.414795 299.629791
0 1478249229 333.137268 386.312012
0 1524807266 1377.015991 359.920898
0 1524863340 1414.331299 299.531860
0 1524831297 1397.191284 346.498077
0 1478229202 396.860291 364.913910
0 1568509654 945.451233 330.175659
0 1524790246 1405.255005 305.229401
0 1578523681 869.168640 294.253754
0 1478207175 332.265930 366.896606
0 1524861337 1315.037598 266.890930
0 1478210178 372.043732 335.705872
0 1524862338 1336.494873 348.392242
0 1478186149 394.228668 346.691650
0 1524797254 1416.555786 333.614807
0 1578518674 840.283081 327.557404
0 1438985621 869.491211 304.671783
0 1524857331 1340.659424 280.861267
0 1478203170 351.948792 342.074341
0 1438994632 902.866882 361.924347
0 1578520676 991.601257 334.635345
0 1478237213 562.537720 347.593872
0 1568511657 886.741089 356.091217
0 1775370079 951.052551 366.865967
0 1478195160 466.775177 305.683563
0 1568510655 919.291382 367.865479
0 1478257240 531.312195 348.536957
0 1578521677 839.863037 351.316132
0 1524794250 1295.943848 277.142578
0 1524812272 1273.398438 303.657013
0 1769859072 886.061584 343.802765
0 1578525683 963.565735 347.519135
0 1770636073 824.569031 345.674957
0 1524846317 1424.555298 310.188446
0 1524833300 1291.512817 308.584412
0 1568511656 883.019531 288.786011
0 1438985620 899.099548 314.612915
0 1478185148 448.557831 311.457001
0 1707993177 762.766968 347.556549
0 1478189152 543.989807 354.217407
0 1524791247 1386.276611 300.353027
0 1524830296 1396.002808 311.037262
0 2088218948 884.777649 320.581848
0 1524827292 1358.628418 285.415131
0 1606348170 855.126099 310.444092
0 1524855329 1278.380981 331.858215
0 1478183145 575.481384 353.258636
0 1438990627 870.906006 350.363312
0 1524840309 1322.978027 276.380280
0 1478222194 480.766418 356.142334
0 1709860179 888.948059 396.005188
0 1478188151 432.771606 383.176453
0 1438988624 870.172363 326.668854
0 1478243222 402.607025 404.705902
0 1524843313 1442.320557 298.712616
0 1524844315 1406.971802 339.991028
0 1524858333 1404.465698 289.248627
0 1524811271 1297.409180 337.271973
0 1524859334 1385.999390 284.631897
0 1478216186 518.859985 342.957428
0 1524851324 1278.738159 272.721710
0 1524814275 1252.214233 315.311707
0 1578514668 809.546082 340.133759
0 1478184146 512.418274 355.178619
0 1524829294 1376.920166 306.065186
0 1478176143 465.807251 382.136841
0 1524860336 1241.309570 321.311035
0 1478222193 387.748199 377.999481
0 1438997636 929.733154 324.898285
0 1478194158 505.721924 367.883057
0 1478201168 353.349518 360.021637
0 1478187150 441.155609 322.469116
0 1478205172 373.999359 353.288086
0 1524838306 1357.130005 335.438843
0 1568514660 795.827637 323.205566
0 1524865342 1205.495850 311.121643
0 2085418945 823.510620 370.879761
0 1524808268 1262.908569 309.428162
0 1478200167 425.503479 345.754608
0 1478194159 364.604797 365.903992
0 1568501643 825.068359 333.782654
0 1478239216 537.925476 366.886444
0 1524820283 1255.585083 298.811523
0 1438989625 808.741394 352.271393
0 1568505649 855.199219 321.454285
0 1478255237 478.039490 310.613373
0 1524804262 1223.249512 316.172760
0 1568506650 793.706787 346.614563
0 1478217187 513.000916 325.914185
0 1568505648 824.050171 358.031372
0 1568497640 826.012878 311.289795
0 1578511665 811.067200 317.189636
0 1478258241 433.476135 333.893799
0 1524796253 1347.740723 323.879272
0 1478206173 343.444489 372.905243
0 1524826291 1308.039795 330.955261
0 1578529688 839.409241 376.984222
0 1478233207 411.051147 323.343597
0 1708834178 855.275085 332.877594
0 1478189153 420.577057 376.974976
0 1568499641 949.112976 354.160919
0 1478245224 429.986664 317.342590
0 1524852325 1327.306641 336.354248
0 1478219190 415.138519 411.441772
0 1578525682 871.294495 362.909607
0 1478232206 411.775696 390.557037
0 1524818280 1301.717407 302.828125
0 1524850322 1366.881348 347.443970
0 1438996635 810.320862 328.448090
0 1524832299 1320.049316 307.742676
0 1478242220 402.797699 334.798706
0 1524789245 1461.724487 303.563690
0 1438999639 989.005249 323.136261
0 1478196161 464.079315 332.991089
0 1478252234 525.061157 331.192322
0 1524803261 1331.194946 286.200104
0 1478211179 356.406219 399.185760
0 1578523680 903.903076 374.937225
0 1578530689 959.405212 324.016205
0 1568508653 942.053345 307.919037
0 1524826290 1387.208130 353.139984
0 1524847319 1376.950317 322.997070
0 1524810270 1238.065308 294.045898
0 1524835302 1309.935913 313.595825
0 1524821284 1423.236938 293.941559
0 1524799257 1338.693481 312.740906
0 1478233208 461.122589 362.941406
0 1608354172 792.584229 359.005219
0 1524835303 1234.236206 310.273895
0 1478251232 489.495209 315.626953
0 1524812273 1270.501953 320.436340
0 1706512175 1008.127991 340.086304
0 1438986622 904.981628 388.482300
0 1478211180 405.621002 352.333069
0 1524823286 1395.456787 294.748535
0 1478223195 506.626953 337.476196
0 1478244223 437.162811 351.380432
0 1438987623 839.640625 363.897400
0 1478193157 429.032806 363.926422
0 1478198164 422.166382 328.572937
0 1524862339 1339.703125 296.368042
0 1478236212 518.548706 373.917603
0 1478240217 525.055298 360.979034
0 1478214183 362.875488 347.631104
0 1578521678 928.303711 313.758087
0 1524844314 1346.917480 341.849609
0 1524848320 1276.139893 287.775513
0 1524806265 1328.675903 318.693359
0 1524787243 1396.580078 328.259552
0 1478241219 453.319946 375.953186
0 1524799256 1299.624023 319.563812
0 1478190154 478.532410 388.438232
0 1478226198 441.063934 369.884125
0 1478208176 354.832825 379.026642
0 1478214184 549.823853 342.029663
0 2084722944 855.435669 357.060089
0 1578522679 931.216553 336.459076
0 1524825289 1453.039795 309.341705
0 1774531078 943.721130 318.843201
0 1525674169 947.247192 341.939911
0 1478197162 299.843353 367.891815
0 1524815276 1289.107788 325.650085
0 1768901071 920.669556 381.121552
0 1578526684 901.870605 349.412842
0 1478182144 383.038055 341.150146
0 1524853326 1356.571045 354.104126
0 1478218189 556.898865 360.001617
0 1578513667 870.532227 338.291840
0 1438983618 840.077026 339.211670
0 1478224196 493.129974 361.958984
0 1478247227 331.443542 348.572876
0 1524792248 1288.450073 267.629944
0 1524795252 1433.522949 304.395569
0 1524808267 1311.729004 297.180664
0 1478191155 445.198700 389.496216
0 1524856330 1425.948975 327.365387
0 1478236211 501.147369 320.726471
0 1478258242 289.151123 361.976227
0 1478212181 485.977020 374.934082
0 1478185147 500.008118 349.482391
0 1568502645 884.170471 309.600403
0 1568508652 855.353882 344.737671
0 1438984619 778.939148 341.058167
0 1659977623 885.731506 337.832855
0 1478209177 391.740631 329.463501
0 1438982617 900.911987 337.374329
0 1524805264 1286.133057 282.410065
0 1771287074 883.584839 299.008606
0 2087111947 887.447571 368.867615
0 1524817279 1316.777344 342.782379
0 1524795251 1367.139038 329.155945
0 1478230204 449.033905 357.108429
0 1478230203 321.291443 360.997681
0 1524847318 1349.254272 290.840332
0 1578516671 840.672974 305.502625
0 1568513659 916.692627 342.870148
0 1578529687 898.241943 303.842896
0 1524819282 1337.625732 330.054474
0 1478253235 473.434845 368.882294
0 1524836304 1348.518433 306.902924
0 1478243221 342.297638 354.245544
0 1568501644 764.431274 335.599487
0 1438998637 926.925293 303.015991
0 1524816278 1248.517578 288.565948
0 1705773174 980.179932 353.199493
0 1524845316 1444.185669 315.232361
0 1524842312 1435.157227 321.239105
0 1568507651 1005.201294 328.385437
0 1438999638 871.698608 375.959381
0 1478252233 537.333557 336.563354
0 1438993630 936.023010 373.917755
0 1478237214 390.317474 398.100159
0 1524857332 1332.356201 271.220734
0 1478248228 468.625061 350.430237
0 1478225197 436.739014 403.603638
0 1524859335 1386.569702 316.958710
0 1524832298 1357.657593 317.824982
0 1478200166 393.047485 419.457886
0 1478250231 482.796265 326.798279
0 1478245225 378.263031 391.620728
0 1438995633 994.296936 346.575867
0 1524804263 1321.553101 291.638947
0 1524839308 1367.382324 311.888062
0 1524849321 1245.012817 304.487885
0 1568512658 977.725525 341.011963
0 1568514661 914.284851 319.711456
0 1478231205 459.776459 316.483765
0 1773608077 917.966797 355.124847
0 1438977615 840.481567 316.328674
0 1524834301 1313.427124 281.634766
0 1607644171 794.787170 334.689972
0 1524800258 1415.412354 316.094482
0 1568504647 888.182617 382.161591
0 1568500642 885.407654 331.974762
0 1478256239 456.700043 344.819885
0 1524815277 1258.776978 283.187103
0 1568503646 855.055603 299.824951
0 1478220191 366.436951 385.264038
0 1478207174 414.050232 340.228271
0 1524841311 1349.951538 275.619690
0 1478213182 399.648285 384.218842
0 1524813274 1293.788086 292.439423
0 1568516663 855.520691 369.872375
0 1578517672 872.119141 389.543549
0 1578527685 780.285339 329.340973
0 1478240218 475.844391 338.391235
0 1478215185 424.136993 397.017456
0 1524838307 1268.848755 277.906586
0 1478197163 444.985535 339.308594
0 1478221192 494.607574 332.090607
0 1524819281 1406.088989 322.117035
0 2086284946 915.466248 331.074127
0 1524824288 1259.683960 326.538757
0 1524802260 1297.989258 262.628754
0 1478226199 417.220490 358.077026
0 1578518673 807.904907 364.887756
0 1438981616 965.768311 359.961395
0 1478238215 457.865143 395.937683
0 1609135173 913.146118 308.758698
0 1524837305 1305.577148 271.970398
0 1524793249 1283.689697 297.995117
0 1568515662 912.047791 298.194122
0 1568516664 973.086670 317.976990
0 1438991628 957.438293 312.905304
0 1478249230 498.755554 381.099915
0 1438996634 932.757080 348.464783
0 1578519675 777.540710 353.229095
0 1524829295 1376.891846 290.043579
0 1524864341 1303.698853 286.986908
0 1478255238 368.381470 405.811188
0 1438993631 897.414490 293.451447
0 1524788244 1265.958984 293.241730
0 1772785076 855.609253 383.204346
0 1524828293 1318.459961 324.763611
0 1478203171 344.660309 392.687256
0 1524798255 1386.879761 334.525665
0 1478199165 408.608765 370.888550
0 1578528686 899.988953 325.782501
0 1478192156 376.069031 371.895599
0 1478228201 452.518158 327.684540
0 1772037075 975.362793 329.279480
0 1578515670 869.825562 315.469788
0 1524851323 1329.969971 302.001160
0 1478218188 321.830719 380.056549
0 1478202169 487.818787 343.887482
0 1478254236 310.734741 373.917542
0 1478246226 380.592896 412.567261
0 1524809269 1367.612305 295.557343
0 1524822285 1376.982178 340.919159
0 1524841310 1216.560303 305.320709
0 1478235210 310.515442 355.205444
0 1578515669 748.255859 341.984833
0 1524854328 1358.156372 301.176147
0 0 817.288086 202.787994
0 1 450.313354 268.112061
0 2 961.352905 206.152771
0 3 1412.686157 277.899811
0 4 773.194824 185.387268
0 5 530.554077 290.285797
0 6 1430.414185 303.634583
0 7 545.259644 247.209579
0 8 511.322754 264.434235
0 9 704.520081 593.511292
0 10 611.423096 225.303085
0 11 386.875549 457.838226
0 12 1257.613403 401.725708
0 13 403.731903 327.176849
0 14 1181.843506 435.344666
0 15 749.668640 176.299957
0 16 692.245239 228.013870
0 17 1054.970337 504.772308
0 18 651.200745 249.248428
0 19 1139.187500 254.235046
0 20 677.648560 677.305786
0 21 1147.263306 236.125107
0 22 940.384216 553.959412
0 23 1325.334717 347.257294
0 24 1373.691040 299.439667
0 25 1224.082397 274.525330
0 26 1189.245483 262.037750
0 27 642.584717 564.737976
0 28 353.747864 428.544922
0 29 800.502197 411.246490
0 30 654.306763 212.762283
0 31 469.437958 297.704620
0 32 940.533081 185.194717
0 33 1170.169434 300.453583
0 34 788.557007 169.322205
0 35 467.932587 486.367249
0 36 871.427002 415.210297
0 37 840.270508 156.353378
0 38 692.619263 434.552704
0 39 883.984619 174.545746
