0 1578512666 1033.395386 399.081665
0 1707269176 882.427307 340.200531
0 1438989626 1145.368286 343.501984
0 1438992629 1064.895630 351.805908
0 1568509654 1042.480957 343.744781
0 1578523681 935.713806 288.300934
0 1578518674 902.530701 348.041351
0 1438985621 937.681519 306.055176
0 1438994632 991.180786 403.441895
0 1578520676 1105.135620 347.653595
0 1568511657 968.566711 394.372162
0 1775370079 1057.081299 408.319763
0 1568510655 1014.350403 412.734375
0 1578521677 905.262329 389.773438
0 1769859072 965.665039 372.665253
0 1578525683 1070.121582 372.753876
0 1770636073 884.181824 381.075348
0 1568511656 952.987549 277.826508
0 1438985620 978.210876 320.630951
0 1707993177 802.669312 389.488495
0 2088218948 960.252563 332.174988
0 1606348170 919.669434 317.186096
0 1438990627 946.488403 385.517365
0 1709860179 978.174927 466.250549
0 1438988624 941.885010 343.982178
0 1578514668 863.589172 372.578613
0 1438997636 1020.573120 335.865967
0 1568514660 843.504700 344.214325
0 2085418945 886.109436 425.983246
0 1568501643 883.284424 360.168579
0 1438989625 864.028809 394.030273
0 1568505649 921.343262 336.187439
0 1568506650 843.429199 385.281555
0 1568505648 885.122375 402.988770
0 1568497640 881.607849 321.109467
0 1578511665 862.768616 332.533173
0 1578529688 908.266846 435.674377
0 1708834178 923.093994 356.061554
0 1568499641 1051.980225 385.758820
0 1578525682 948.958313 407.802887
0 1438996635 863.169617 352.101227
0 1438999639 1099.234009 327.752533
0 1578523680 994.828003 426.729279
0 1578530689 1059.906982 331.808899
0 1568508653 1033.815796 305.419861
0 1608354172 843.388794 407.298248
0 1706512175 1128.543823 355.854065
0 1438986622 998.662170 451.209412
0 1438987623 906.727966 412.164703
0 1578521678 1016.678589 316.664886
0 2084722944 926.848389 398.680084
0 1578522679 1024.648682 355.958984
0 1774531078 1038.051147 324.152252
0 1525674169 1047.119019 364.258148
0 1768901071 1018.629456 436.549988
0 1578526684 987.706970 381.262115
0 1578513667 944.133240 364.267334
0 1438983618 903.864807 368.422607
0 1568502645 957.724548 313.263367
0 1568508652 924.927063 376.869934
0 1438984619 823.306519 376.735382
0 1659977623 964.264771 362.189972
0 1438982617 984.394592 360.112793
0 1771287074 955.305237 295.164276
0 2087111947 971.611389 417.149841
0 1578516671 900.036377 309.934875
0 1568513659 1006.395752 368.461334
0 1578529687 975.320435 302.176117
0 1568501644 803.644226 368.384766
0 1438998637 1012.953064 298.297699
0 1705773174 1093.675537 381.453278
0 1568507651 1122.037354 335.537231
0 1438999638 951.551575 431.201385
0 1438993630 1038.096313 422.257996
0 1438995633 1111.317627 368.500946
0 1568512658 1087.835083 360.055725
0 1568514661 999.155151 328.163300
0 2079485312 964.260315 362.140564
0 1773608077 1010.277344 390.065094
0 1438977615 901.255859 328.565094
0 1607644171 843.467773 364.276306
0 1568504647 974.810242 441.079407
0 1568500642 962.896606 351.955231
0 1568503646 918.067505 299.001282
0 1568516663 928.864441 421.566132
0 1578517672 954.277710 455.798462
0 1578527685 823.801636 356.161804
0 2086284946 1002.692322 347.849670
0 1578518673 864.489868 416.527344
0 1438981616 1075.602173 394.722290
0 1609135173 995.773315 309.341278
0 1568515662 992.536804 291.327942
0 1568516664 1076.940430 320.141876
0 1438991628 1055.139771 312.699524
0 1438996634 1028.918091 377.007629
0 1578519675 822.787781 398.287872
0 1438993631 972.552917 284.505737
0 1772785076 930.982544 445.609680
0 1578528686 981.232422 339.923706
0 1772037075 1082.262695 339.640656
0 1578515670 939.736633 324.597687
0 1578515669 783.016602 380.892853
0 0 1052.242188 328.828888
0 1 1014.725769 398.296112
0 2 1318.692139 243.731735
0 3 1087.519043 366.607452
0 4 555.934448 357.598480
0 5 578.140625 417.405975
0 6 844.438416 256.885101
0 7 604.259094 379.208740
0 8 1023.497070 235.966125
0 9 525.072205 395.587189
