0 1578512666 919.347473 537.025696
0 1707269176 1081.661499 627.788452
0 1438989626 786.507324 581.082336
0 1438992629 875.860229 583.434998
0 1568509654 898.031677 596.740601
0 1578523681 1021.533752 699.335266
0 1578518674 1056.675537 613.816833
0 1438985621 1018.011841 668.743713
0 1438994632 961.311401 538.218018
0 1578520676 831.270874 582.260925
0 1568511657 983.278564 550.231689
0 1775370079 898.358459 525.289001
0 1568510655 939.864014 526.488586
0 1578521677 1048.534546 563.711487
0 1769859072 985.448486 573.988037
0 1578525683 876.562622 558.999573
0 1770636073 1072.085571 576.316162
0 1568511656 998.312500 714.821533
0 1438985620 968.097717 638.789001
0 1707993177 1158.065308 578.626587
0 2088218948 990.156982 625.536438
0 1606348170 1039.889282 654.666687
0 1438990627 1005.784607 562.540161
0 1709860179 977.398926 485.862183
0 1438988624 1011.557129 612.679810
0 1578514668 1096.227783 589.237183
0 1438997636 920.779663 610.392273
0 1568514660 1127.138062 628.907715
0 2085418945 1063.480347 530.061340
0 1568501643 1076.742188 601.346436
0 1438989625 1091.124023 564.878418
0 1568505649 1036.001465 626.664734
0 1568506650 1115.157227 577.473511
0 1568505648 1067.671143 552.587463
0 1568497640 1086.866211 655.765015
0 1578511665 1107.310303 642.130798
0 1578529688 1041.209106 518.625977
0 1708834178 1032.327393 600.201782
0 1568499641 898.255249 547.858459
0 1578525682 1003.121216 539.406006
0 1438996635 1101.615112 614.949280
0 1438999639 829.274048 608.086304
0 1578523680 959.828003 516.235229
0 1578530689 875.118408 609.241638
0 1568508653 897.781982 651.343994
0 1608354172 1109.633057 553.758728
0 1706512175 810.171814 569.278076
0 1438986622 958.417419 495.330505
0 1438987623 1044.777710 540.589661
0 1578521678 921.312134 637.665894
0 2084722944 1025.553223 551.411743
0 1578522679 920.276306 584.604431
0 1774531078 897.910339 623.266174
0 1525674169 898.146484 571.642090
0 1768901071 938.930603 505.050873
0 1578526684 962.873291 561.364441
0 1578513667 1008.592529 586.929810
0 1438983618 1052.494873 588.085693
0 1568502645 992.717041 653.563721
0 1568508652 1028.849731 575.154297
0 1438984619 1139.792358 590.384216
0 1659977623 986.577637 586.350098
0 1438982617 964.520081 585.769348
0 1771287074 995.430786 683.273376
0 2087111947 981.218933 527.683777
0 1578516671 1065.776367 669.829834
0 1568513659 941.881104 572.817322
0 1578529687 970.045410 667.652954
0 1568501644 1165.052734 603.622437
0 1438998637 921.876099 666.557617
0 1705773174 855.504883 546.665100
0 1568507651 807.615112 594.410339
0 1438999638 1000.591370 517.432800
0 1438993630 918.918152 515.033447
0 1438995633 833.161499 557.810425
0 1568512658 854.243713 570.462341
0 1568514661 944.127075 624.403564
0 2079485312 986.581787 586.298584
0 1773608077 940.846130 549.047302
0 1438977615 1061.095703 641.021423
0 1607644171 1120.983643 602.486694
0 1568504647 979.261536 506.254364
0 1568500642 987.737976 599.052612
0 1568503646 1044.009888 684.345886
0 1568516663 1022.424194 528.874695
0 1578517672 998.185486 496.535217
0 1578527685 1146.376953 616.077332
0 2086284946 942.973083 597.898865
0 1578518673 1086.281982 541.768921
0 1438981616 877.228638 535.828918
0 1609135173 945.348389 652.456177
0 1568515662 946.643188 682.196167
0 1568516664 851.505859 622.124084
0 1438991628 874.333740 636.538208
0 1438996634 919.799622 560.184204
0 1578519675 1133.553711 566.040955
0 1438993631 972.111938 698.277771
0 1772785076 1019.450012 507.453644
0 1578528686 966.258911 611.538330
0 1772037075 852.912720 595.577820
0 1578515670 1014.691895 639.907471
0 1578515669 1183.189819 591.526855
0 0 634.741089 510.193695
0 1 618.809875 551.426880
0 2 713.267761 673.006531
0 3 851.372192 487.794067
0 4 1160.448975 469.123474
0 5 1366.896606 511.359589
0 6 1330.767822 659.125549
0 7 1328.800415 535.697937
0 8 1148.251099 785.351440
0 9 1177.573120 528.750610
