0 1578512666 959.512817 584.810913
0 1524823287 1084.906860 379.849396
0 1478234209 297.877594 799.544617
0 1707269176 766.911316 591.767578
0 1438989626 965.150208 525.402954
0 1524801259 1098.835938 429.759491
0 1438992629 921.996033 549.243347
0 1478227200 284.998047 922.481934
0 1524854327 1036.870850 430.915192
0 1478249229 294.580261 1011.203491
0 1524807266 1233.851196 443.183014
0 1524863340 1145.884399 385.624634
0 1524831297 1220.140381 427.497040
0 1478229202 328.749725 919.443604
0 1568509654 896.164551 550.067566
0 1524790246 1151.224609 392.278809
0 1578523681 737.678223 543.405396
0 1478207175 213.495071 985.942444
0 1524861337 1028.405151 380.573669
0 1478210178 166.329590 903.516541
0 1524862338 1192.754517 444.027039
0 1478186149 253.435043 897.716553
0 1524797254 1207.146851 412.631866
0 1578518674 794.944641 590.754944
0 1438985621 764.689148 554.262512
0 1524857331 1070.470947 386.649170
0 1478203170 151.253555 931.769592
0 1438994632 936.265381 598.842896
0 1578520676 943.990112 537.092773
0 1478237213 530.022949 765.787842
0 1568511657 908.616089 599.883240
0 1775370079 986.350342 583.841492
0 1478195160 231.181183 781.981995
0 1568510655 963.741211 597.809082
0 1478257240 488.383362 788.791443
0 1578521677 855.178894 615.708008
0 1524794250 1036.218750 393.931915
0 1524812272 1073.499634 422.451630
0 1769859072 877.997314 587.755188
0 1578525683 951.487549 560.140503
0 1770636073 826.483948 616.832581
0 1524846317 1170.095703 392.007538
0 1524833300 1093.790649 422.091522
0 1568511656 737.443787 532.081848
0 1438985620 817.748474 552.569519
0 1478185148 219.447327 803.971680
0 1707993177 770.276367 648.559814
0 1478189152 525.560547 786.693054
0 1524791247 1132.269897 392.551270
0 1524830296 1156.701660 399.103394
0 2088218948 819.374939 564.534790
0 1524827292 1089.448853 386.391327
0 1606348170 765.404175 566.329956
0 1524855329 1130.354736 445.308502
0 1478183145 566.055237 763.835266
0 1438990627 880.791443 600.930237
0 1524840309 1051.408936 386.908142
0 1478222194 437.608307 836.338928
0 1709860179 1006.191223 638.532837
0 1478188151 457.595093 910.496155
0 1438988624 821.058533 576.920349
0 1478243222 487.451141 965.226318
0 1524843313 1159.105225 378.898285
0 1524844315 1213.557495 419.965942
0 1524858333 1122.166626 379.371796
0 1524811271 1151.256226 444.879272
0 1524859334 1103.577271 379.610077
0 1478216186 450.903168 790.907104
0 1524851324 1016.749207 394.211792
0 1524814275 1083.192383 438.047150
0 1578514668 797.601990 617.964539
0 1478184146 482.809570 810.824402
0 1524829294 1137.515869 399.394714
0 1478176143 505.443542 880.936279
0 1524860336 1088.242920 446.173370
0 1478222193 362.555664 945.132080
0 1438997636 870.180420 550.896606
0 1478194158 515.988403 831.536072
0 1478201168 227.541687 954.913940
0 1478187150 247.528549 824.660034
0 1478205172 240.835358 925.548706
0 1524838306 1180.088135 428.244080
0 1568514660 738.979797 606.266235
0 1524865342 1045.714600 447.046753
0 2085418945 889.815186 643.479126
0 1524808268 1078.279785 430.142883
0 1478200167 307.210327 868.629761
0 1478194159 272.978699 951.622009
0 1568501643 796.249084 604.111328
0 1478239216 558.651611 806.364563
0 1524820283 1053.112549 422.813477
0 1438989625 828.429077 631.141968
0 1568505649 793.686279 577.869202
0 1478255237 269.598785 779.900146
0 1524804262 1067.031250 446.608978
0 1568506650 799.006104 632.342834
0 1478217187 383.001190 773.754883
0 1568505648 857.657837 629.948914
0 1568497640 738.431519 579.784729
0 1578511665 738.700684 592.786499
0 1478258241 276.758881 846.195068
0 1524796253 1154.094360 421.021240
0 1478206173 260.281921 982.404541
0 1524826291 1145.375977 436.829559
0 1578529688 919.200745 642.230164
0 1478233207 194.217804 851.252869
0 1708834178 822.802307 589.748779
0 1478189153 415.042694 913.451111
0 1568499641 955.430786 572.262329
0 1478245224 207.140549 827.035095
0 1524852325 1165.904541 436.427612
0 1478219190 531.577393 961.889526
0 1578525682 912.014771 613.480530
0 1478232206 450.443909 938.764526
0 1524818280 1088.879272 414.626953
0 1524850322 1206.666992 435.629456
0 1438996635 767.706360 605.185303
0 1524832299 1108.819092 414.290558
0 1478242220 223.202423 873.995056
0 1524789245 1177.455200 378.663055
0 1438999639 915.555847 526.857605
0 1478196161 327.280792 819.970276
0 1478252234 420.197479 771.739258
0 1524803261 1074.896851 393.375946
0 1478211179 388.609772 1003.778809
0 1578523680 968.123718 611.281555
0 1578530689 893.309082 538.643494
0 1568508653 840.097656 529.070862
0 1524826290 1226.902466 435.233246
0 1524847319 1168.087402 413.290771
0 1524810270 1032.628662 423.176971
0 1524835302 1113.986450 421.733093
0 1524821284 1140.675903 379.134521
0 1524799257 1128.666748 413.955780
0 1478233208 430.462402 860.758118
0 1608354172 830.449097 646.002258
0 1524835303 1062.262939 438.456940
0 1478251232 307.705505 777.835144
0 1524812273 1104.020630 437.639313
0 1706512175 969.112122 536.324097
0 1438986622 1000.955444 624.100281
0 1478211180 296.392761 894.856201
0 1524823286 1127.155029 385.879059
0 1478223195 413.116333 793.039978
0 1478244223 348.657440 865.982727
0 1438987623 886.694336 628.763794
0 1478193157 381.145172 889.212891
0 1478198164 235.668518 848.712952
0 1524862339 1098.884277 399.981293
0 1478236212 554.682434 829.165100
0 1478240217 520.887451 808.585266
0 1478214183 196.255859 928.644470
0 1578521678 842.037109 540.212280
0 1524844314 1186.334595 436.027557
0 1524848320 1044.443481 407.992859
0 1524806265 1134.087402 421.376343
0 1524787243 1187.661987 412.960571
0 1478241219 464.381348 883.670471
0 1524799256 1119.294189 429.377930
0 1478190154 546.141663 878.226379
0 1478226198 422.950195 886.429199
0 1478208176 306.608917 978.901367
0 1478214184 493.704865 767.755920
0 2084722944 883.688538 614.590698
0 1578522679 899.117737 561.882385
0 1524825289 1183.098267 385.119019
0 1774531078 867.747620 539.425598
0 1525674169 925.380859 561.008850
0 1478197162 149.915253 1022.626343
0 1524815276 1124.748291 437.233459
0 1768901071 995.909973 610.192566
0 1578526684 905.337830 586.767639
0 1478182144 210.082443 900.603271
0 1524853326 1213.352661 443.604004
0 1478218189 562.438416 784.611450
0 1578513667 850.486023 588.748840
0 1438983618 824.609619 603.044189
0 1478224196 476.965149 833.927246
0 1478247227 135.339035 961.594055
0 1524792248 1013.031006 387.429565
0 1524795252 1164.531860 385.371246
0 1524808267 1084.096436 407.357849
0 1478191155 499.758728 907.568115
0 1524856330 1200.901855 405.487213
0 1478236211 345.505066 775.786743
0 1478258242 100.698158 1026.512573
0 1478212181 510.846588 855.624207
0 1478185147 444.413971 813.082214
0 1568502645 791.297913 553.413513
0 1568508652 852.789856 601.983887
0 1438984619 769.387085 633.551758
0 1659977623 863.021973 581.823425
0 1478209177 180.631607 876.713928
0 1438982617 875.300720 575.040039
0 1524805264 1040.277832 400.871155
0 1771287074 763.998108 542.600037
0 2087111947 940.159180 612.377563
0 1524817279 1172.055908 444.452118
0 1524795251 1174.007935 420.667847
0 1478230204 389.739868 863.358948
0 1478230203 166.241440 989.515747
0 1524847318 1094.106567 393.099823
0 1578516671 738.171692 567.235840
0 1568513659 902.173645 574.108521
0 1578529687 790.163696 541.799500
0 1524819282 1159.919434 428.620239
0 1478253235 470.829803 858.179932
0 1524836304 1123.387207 406.728607
0 1478243221 181.664017 958.237793
0 1568501644 739.569946 634.768738
0 1438998637 814.655640 529.817139
0 1524816278 1028.499756 415.645538
0 1705773174 977.439087 559.277283
0 1524845316 1188.883301 391.737488
0 1524842312 1194.815918 398.524719
0 1568507651 940.423340 526.128235
0 1438999638 944.198181 626.416809
0 1478252233 457.097504 769.739624
0 1438993630 991.044861 596.781677
0 1478237214 442.897430 968.595398
0 1524857332 1047.321411 380.331207
0 1478248228 397.913696 838.771179
0 1478225197 536.690796 932.515869
0 1524859335 1162.320801 406.105072
0 1524832298 1148.422607 413.622498
0 1478200166 526.176086 992.916443
0 1478250231 336.607422 797.358582
0 1478245225 397.910095 971.997253
0 1438995633 973.206238 547.609375
0 1524804263 1079.437256 400.276550
0 1524839308 1142.898315 406.416107
0 1524849321 1057.625122 430.528107
0 1568512658 947.676147 548.424011
0 1568514661 844.042175 551.730652
0 1478231205 258.825623 801.748901
0 1773608077 932.509094 585.786194
0 1438977615 766.144409 578.824036
0 1524834301 1055.601196 393.653320
0 1607644171 768.531067 619.103821
0 1524800258 1175.801514 398.813385
0 1568504647 972.669189 625.254700
0 1568500642 848.262878 575.977295
0 1478256239 357.876892 841.224487
0 1524815277 1024.479614 408.312592
0 1568503646 737.920715 555.116577
0 1478220191 352.482727 975.432495
0 1478207174 265.393616 871.300476
0 1524841311 1066.155029 380.089752
0 1478213182 406.707825 941.933289
0 1524813274 1064.315552 407.674622
0 1568516663 915.540527 627.586426
0 1578517672 977.386780 639.757080
0 1578527685 739.269409 620.250610
0 1478240218 366.653687 817.654968
0 1478215185 493.769592 935.625610
0 1524838307 1020.564087 401.170441
0 1478197163 317.493469 843.699097
0 1478221192 375.019043 795.190369
0 1524819281 1181.655029 405.795410
0 2086284946 872.696655 562.761230
0 1524824288 1109.350586 445.739868
0 1524802260 1009.406006 380.817200
0 1478226199 338.961029 892.021729
0 1578518673 860.231934 644.736450
0 1438981616 981.817932 571.347595
0 1478238215 541.538818 904.666748
0 1609135173 816.176208 541.003601
0 1524837305 1032.262573 387.168274
0 1524793249 1068.846558 414.964905
0 1568515662 789.066833 530.567688
0 1568516664 890.546570 527.591187
0 1438991628 865.394287 528.328918
0 1478249230 550.517395 853.090515
0 1438996634 928.883179 573.182617
0 1578519675 800.464600 647.276733
0 1524829295 1108.343384 386.134644
0 1524864341 1059.901978 400.573181
0 1478255238 434.921967 1000.121948
0 1438993631 763.329956 531.322571
0 1524788244 1048.720215 415.304413
0 1772785076 948.390625 640.989502
0 1524828293 1139.655029 428.998169
0 1478203171 341.831543 1007.472473
0 1524798255 1193.828613 420.316071
0 1478199165 372.096069 916.433472
0 1578528686 846.116211 563.645386
0 1478192156 317.981293 948.361572
0 1478228201 287.573822 822.305237
0 1772037075 918.722900 537.865906
0 1578515670 792.471436 565.429688
0 1524851323 1103.786743 407.042480
0 1478218188 246.848694 1014.972351
0 1478202169 405.696747 815.359009
0 1478254236 198.629517 1018.779846
0 1478246226 480.775177 996.501404
0 1524809269 1113.230713 392.824951
0 1524822285 1200.161499 427.869659
0 1524841310 1041.231201 438.868744
0 1478235210 118.514038 993.124817
0 1578515669 739.882263 649.851562
0 1524854328 1118.243652 399.687317
0 0 428.900543 985.477783
0 1 1183.331543 533.665405
0 2 824.198181 409.354431
0 3 328.640686 947.614868
0 4 528.825134 410.364105
0 5 1463.609009 1024.616089
0 6 445.023010 500.576355
0 7 395.010223 461.418762
0 8 283.091003 666.238403
0 9 865.745178 368.188080
0 10 414.421295 435.150574
0 11 1478.564575 706.332336
0 12 500.270569 396.432739
0 13 1393.441284 578.706848
0 14 519.116699 376.713684
0 15 252.080521 564.242676
0 16 518.075439 1015.614197
0 17 771.655029 371.231689
0 18 1350.112915 593.343933
0 19 1125.295288 552.966370
0 20 943.074707 374.364899
0 21 849.227478 386.096069
0 22 1083.186523 366.721649
0 23 477.612793 460.968628
0 24 1495.232056 776.817322
0 25 1202.969849 675.335815
0 26 1181.147461 600.654846
0 27 1587.053101 805.926270
0 28 1153.552246 369.163269
0 29 1086.056885 391.513794
0 30 649.401489 412.573303
0 31 982.406738 996.896362
0 32 357.414337 402.439331
0 33 949.461853 694.392456
0 34 284.159241 516.051880
0 35 1181.958740 1014.951599
0 36 898.804810 401.719849
0 37 420.586578 395.195923
0 38 1018.112854 368.710297
0 39 319.815796 474.871185
