0 1578512666 1021.552185 571.322815
0 1524823287 1830.973267 715.444336
0 1478234209 781.894653 363.878754
0 1707269176 1017.749390 476.755341
0 1438989626 1170.101685 578.056641
0 1524801259 1557.225464 706.988770
0 1438992629 1106.317017 551.196289
0 1478227200 674.362854 379.527069
0 1524854327 1521.698975 646.211609
0 1478249229 606.873108 392.583923
0 1524807266 1561.483765 860.447388
0 1524863340 1852.769043 789.997009
0 1524831297 1644.640991 856.535522
0 1478229202 670.132751 388.252808
0 1568509654 1104.233521 536.806152
0 1524790246 1812.431274 791.985474
0 1578523681 1118.512695 458.446075
0 1478207175 637.364685 373.874298
0 1524861337 1776.722656 652.223877
0 1478210178 706.493286 353.287933
0 1524862338 1533.645020 805.728271
0 1478186149 699.093384 369.605194
0 1524797254 1728.355591 852.597473
0 1578518674 1018.239197 488.937500
0 1438985621 1094.826294 471.833771
0 1524857331 1775.352539 695.380798
0 1478203170 686.403320 354.690521
0 1438994632 992.627686 558.082886
0 1578520676 1137.589355 564.365295
0 1478237213 786.748718 416.622894
0 1568511657 992.543823 543.638062
0 1775370079 1022.175781 586.831604
0 1478195160 807.449158 346.239502
0 1568510655 992.714539 573.051880
0 1478257240 767.346252 408.452362
0 1578521677 965.559875 517.885254
0 1524794250 1706.612427 656.075195
0 1524812272 1580.158447 683.941528
0 1769859072 1019.810120 528.001709
0 1578525683 1079.432861 567.852356
0 1770636073 965.929993 504.843811
0 1524846317 1833.173096 818.625671
0 1524833300 1593.316406 705.068115
0 1568511656 1143.953857 456.809235
0 1438985620 1098.400635 496.520355
0 1478185148 787.190186 347.653931
0 1707993177 915.733765 483.269287
0 1478189152 764.186462 418.133636
0 1524791247 1792.682861 766.621277
0 1524830296 1772.222412 793.967529
0 2088218948 1071.791016 498.192291
0 1524827292 1793.377686 717.410645
0 1606348170 1069.079834 473.477753
0 1524855329 1496.609375 732.932007
0 1478183145 783.822205 426.573181
0 1438990627 992.462891 529.690186
0 1524840309 1758.116333 674.315308
0 1478222194 726.660156 402.004700
0 1709860179 905.115051 593.775696
0 1478188151 656.728455 415.902557
0 1438988624 1045.239380 499.860596
0 1478243222 607.425110 428.630035
0 1524843313 1916.086060 814.629578
0 1524844315 1686.428101 854.569824
0 1524858333 1871.484985 762.654114
0 1524811271 1508.383301 756.074341
0 1524859334 1850.753906 738.495422
0 1478216186 770.418091 399.040863
0 1524851324 1691.561157 636.743835
0 1524814275 1509.680054 687.753906
0 1578514668 966.287964 492.228638
0 1478184146 745.141174 409.947906
0 1524829294 1753.466431 768.595581
0 1478176143 674.357971 424.148346
0 1524860336 1474.590332 689.651978
0 1478222193 644.378418 398.675262
0 1438997636 1102.222046 522.913391
0 1478194158 719.188354 421.146576
0 1478201168 657.905640 372.453705
0 1478187150 764.090942 357.084290
0 1478205172 678.481812 371.030670
0 1524838306 1612.665283 801.832947
0 1568514660 992.096558 466.579498
0 1524865342 1454.398315 649.962830
0 2085418945 910.788574 534.732971
0 1524808268 1544.869263 685.850464
0 1478200167 716.164429 376.650452
0 1478194159 653.516541 380.961670
0 1568501643 992.235840 490.584839
0 1478239216 738.090576 429.616760
0 1524820283 1567.560181 663.713684
0 1438989625 939.608032 506.497681
0 1568505649 1044.298340 487.286621
0 1478255237 805.097778 354.234650
0 1524804262 1464.280518 669.387146
0 1568506650 940.395386 493.868958
0 1478217187 797.660583 379.521545
0 1568505648 938.794128 519.552673
0 1568497640 1042.505737 463.336243
0 1578511665 1017.275024 464.959534
0 1478258241 740.422791 366.746887
0 1524796253 1636.548096 774.481689
0 1478206173 632.706360 382.393768
0 1524826291 1545.963989 754.144775
0 1578529688 909.444397 548.721130
0 1478233207 746.774109 350.475647
0 1708834178 1018.745361 501.525269
0 1478189153 661.320496 406.430328
0 1568499641 1050.458130 569.589661
0 1478245224 766.965210 349.065979
0 1524852325 1559.206299 778.375366
0 1478219190 601.930664 438.678680
0 1578525682 964.780762 545.336243
0 1478232206 634.726685 417.384399
0 1524818280 1629.512085 703.141968
0 1524850322 1587.670288 830.457825
0 1438996635 992.165100 478.388977
0 1524832299 1644.111816 725.217407
0 1478242220 723.223206 359.924286
0 1438999639 1163.561279 547.728699
0 1478196161 758.111938 373.763733
0 1478252234 795.045166 388.414215
0 1524803261 1738.732788 697.329590
0 1478211179 596.334839 410.832001
0 1578523680 963.945251 574.776794
0 1578530689 1132.316406 535.088318
0 1568508653 1154.585815 506.109528
0 1524826290 1602.993042 858.494690
0 1524847319 1692.189453 797.912781
0 1524810270 1555.486694 644.328308
0 1524835302 1607.072021 727.154602
0 1524821284 1893.236450 788.002136
0 1524799257 1659.391479 748.320862
0 1478233208 704.840820 403.482605
0 1608354172 913.343140 508.147980
0 1524835303 1498.611694 667.501160
0 1478251232 802.684204 362.440979
0 1524812273 1521.239014 708.903870
0 1706512175 1140.372925 579.820129
0 1438986622 934.274536 592.045959
0 1478211180 695.245483 378.090027
0 1524823286 1832.022217 764.640747
0 1478223195 773.405457 389.887939
0 1478244223 712.491943 385.352692
0 1438987623 937.952271 533.055847
0 1478193157 687.233704 395.756653
0 1478198164 743.639709 358.505493
0 1524862339 1718.522339 721.325684
0 1478236212 715.289734 431.134216
0 1478240217 741.666382 419.641510
0 1478214183 682.493958 362.754669
0 1578521678 1127.402222 507.803009
0 1524844314 1573.092407 803.783691
0 1524848320 1636.892578 659.905029
0 1524806265 1621.467529 750.268066
0 1524787243 1709.819824 824.570740
0 1478241219 678.770691 414.417999
0 1524799256 1570.142090 729.086121
0 1478190154 669.817505 434.160553
0 1478226198 683.060913 404.957794
0 1478208176 627.922546 391.142761
0 1478214184 789.592407 406.954071
0 2084722944 965.176941 531.374878
0 1578522679 1076.215088 538.520020
0 1524825289 1897.480225 844.641602
0 1774531078 1129.816772 521.209656
0 1525674169 1077.795166 552.923889
0 1478197162 621.658020 366.982269
0 1524815276 1533.321411 731.011902
0 1768901071 963.504395 590.312012
0 1578526684 1020.370422 541.935974
0 1478182144 702.841370 361.340668
0 1524853326 1547.218262 832.407410
0 1478218189 760.934631 428.096405
0 1578513667 1019.268738 514.539368
0 1438983618 992.309082 503.186371
0 1478224196 722.976929 411.440674
0 1478247227 666.346924 356.090790
0 1524792248 1725.812622 634.834656
0 1524795252 1874.561401 816.630859
0 1524808267 1665.813110 701.210144
0 1478191155 652.005493 425.645050
0 1524856330 1770.423828 850.618530
0 1478236211 800.205994 370.866943
0 1478258242 626.334595 358.884369
0 1478212181 696.752258 422.648865
0 1478185147 748.519226 400.524109
0 1568502645 1096.584106 483.974274
0 1568508652 992.384583 516.214111
0 1438984619 941.157471 481.645935
0 1659977623 1033.116699 520.370850
0 1478209177 726.616821 351.882965
0 1438982617 1047.218872 526.309448
0 1524805264 1671.703979 657.992798
0 1771287074 1120.627197 470.186310
0 2087111947 964.370483 559.794556
0 1524817279 1520.714844 780.313171
0 1524795251 1652.364136 799.875977
0 1478230204 708.718811 394.293427
0 1478230203 641.902344 365.575439
0 1524847318 1755.894165 719.371094
0 1578516671 1067.788818 461.709564
0 1568513659 1048.260742 540.229919
0 1578529687 1122.811157 482.312744
0 1524819282 1597.817261 776.431519
0 1478253235 700.853516 412.930725
0 1524836304 1697.430908 746.367737
0 1478243221 662.181030 364.166229
0 1568501644 941.895386 469.809357
0 1438998637 1151.794312 493.165466
0 1524816278 1589.366333 642.439941
0 1705773174 1081.131226 583.334351
0 1524845316 1854.985352 846.640625
0 1524842312 1812.633423 848.632874
0 1568507651 1166.771729 562.615601
0 1438999638 936.178772 561.502258
0 1478252233 792.356812 397.554871
0 1438993630 992.804688 588.573975
0 1478237214 612.765259 418.863525
0 1524857332 1794.013550 672.373596
0 1478248228 730.242432 392.827545
0 1478225197 624.516846 437.175476
0 1524859335 1732.142090 795.943298
0 1524832298 1675.399536 772.525757
0 1478200166 579.386963 440.179016
0 1478250231 779.140625 372.316620
0 1478245225 617.957581 409.367462
0 1438995633 1110.716187 581.579346
0 1524804263 1702.219849 699.272705
0 1524839308 1714.372070 770.563721
0 1524849321 1533.038086 665.610046
0 1568512658 1108.476562 566.110901
0 1568514661 1100.278809 509.492706
0 1478231205 784.576904 355.660675
0 1773608077 1020.950806 556.367310
0 1438977615 1043.387573 475.118286
0 1524834301 1722.321655 676.251526
0 1607644171 966.634460 480.019165
0 1524800258 1791.920532 820.613831
0 1568504647 935.243896 576.497742
0 1568500642 1046.212402 512.860840
0 1478256239 733.727722 383.898743
0 1524815277 1623.338379 640.546387
0 1568503646 1093.124390 460.079529
0 1478220191 623.008118 400.130676
0 1478207174 719.740295 368.177277
0 1524841311 1812.079346 693.426392
0 1478213182 639.619446 407.900238
0 1524813274 1651.037720 680.107483
0 1568516663 937.081055 547.030640
0 1578517672 906.610352 578.214600
0 1578527685 966.970032 468.196075
0 1478240218 755.000977 382.442291
0 1478215185 629.694580 427.138916
0 1524838307 1657.403198 638.647705
0 1478197163 737.119873 375.208374
0 1478221192 776.311890 380.983215
0 1524819281 1750.802979 822.595459
0 2086284946 1074.689453 524.613342
0 1524824288 1485.356323 710.813354
0 1524802260 1760.158081 632.920349
0 1478226199 691.293701 386.804047
0 1578518673 912.087341 521.216431
0 1438981616 1051.617798 585.085144
0 1478238215 647.145752 435.669434
0 1609135173 1125.068359 494.844757
0 1524837305 1741.618530 654.152222
0 1524793249 1615.547729 682.027283
0 1568515662 1149.094727 480.647675
0 1568516664 1160.463989 533.366577
0 1438991628 1157.473999 519.502014
0 1478249230 692.532043 432.648834
0 1438996634 1049.339844 554.647644
0 1578519675 914.557983 495.505798
0 1524829295 1812.247192 740.472534
0 1524864341 1686.628906 678.182251
0 1478255238 590.844055 420.339966
0 1438993631 1146.482666 468.535400
0 1524788244 1602.178223 661.812012
0 1772785076 908.052490 563.205994
0 1524828293 1583.658447 752.209290
0 1478203171 601.675903 401.583496
0 1524798255 1668.970581 826.539490
0 1478199165 665.786926 397.217285
0 1578528686 1073.215698 511.178619
0 1478192156 649.009094 389.699036
0 1478228201 761.140808 365.314056
0 1772037075 1134.905640 549.464478
0 1578515670 1070.413208 485.632233
0 1524851323 1681.261719 723.274414
0 1478218188 611.932312 383.823364
0 1478202169 751.804626 391.359070
0 1478254236 616.858948 375.292450
0 1478246226 585.196960 430.118378
0 1524809269 1773.858276 742.443604
0 1524822285 1628.254150 828.501831
0 1524841310 1488.003052 648.089783
0 1478235210 646.324097 357.488770
0 1578515669 916.872498 471.419281
0 1524854328 1735.586304 744.408630
0 0 342.532562 590.755249
0 1 1458.848145 625.394714
0 2 762.754211 654.984619
0 3 743.387695 345.170624
0 4 1207.898682 650.661804
0 5 1112.570801 820.312683
0 6 792.373779 334.383514
0 7 1100.272705 650.738892
0 8 1445.488525 464.743805
0 9 1468.252930 316.191650
0 10 1470.601562 561.625427
0 11 1571.255371 465.267792
0 12 1154.662720 321.884399
0 13 1790.742920 751.368103
0 14 1202.594604 326.529877
0 15 796.207275 699.916077
0 16 614.498474 836.861633
0 17 1231.965210 306.161560
0 18 999.468262 846.902222
0 19 716.272461 612.969849
0 20 1421.617310 299.311340
0 21 990.324463 285.087097
0 22 1312.819214 306.580841
0 23 845.507996 337.448944
0 24 1021.652161 325.529541
0 25 798.924500 432.614563
0 26 813.823853 402.088409
0 27 1498.713623 364.882660
0 28 1503.433594 392.391937
0 29 1373.708130 310.434937
0 30 1407.280029 427.484100
0 31 1604.590454 527.447693
0 32 733.677063 369.660400
0 33 811.508362 378.926849
0 34 744.593323 573.916443
0 35 1532.369629 420.101868
0 36 997.380493 302.167603
0 37 734.213684 444.898071
0 38 1451.136353 344.616516
0 39 750.710083 405.499542
