0 1578512666 948.714111 438.217834
0 1524823287 1709.677246 625.871460
0 1478234209 723.856445 212.488403
0 1707269176 953.097229 343.851501
0 1438989626 1094.510742 454.378510
0 1524801259 1453.704834 602.310852
0 1438992629 1034.304443 423.823273
0 1478227200 612.580444 220.674316
0 1524854327 1427.183960 542.221130
0 1478249229 542.274475 229.170914
0 1524807266 1439.491577 746.660339
0 1524863340 1719.676514 696.677917
0 1524831297 1517.729736 747.375244
0 1478229202 607.687500 229.352539
0 1568509654 1033.573120 409.455322
0 1524790246 1682.062134 696.358582
0 1578523681 1055.010010 332.395050
0 1478207175 574.826111 212.106537
0 1524861337 1667.599609 563.061401
0 1478210178 647.291748 195.972519
0 1524862338 1419.732178 694.131287
0 1478186149 638.628418 212.270035
0 1524797254 1596.119385 748.091492
0 1578518674 952.528992 356.083771
0 1438985621 1030.250488 344.174591
0 1524857331 1660.512085 603.831482
0 1478203170 626.535400 195.923538
0 1438994632 921.142456 423.237579
0 1578520676 1063.884033 438.835175
0 1478237213 725.075745 266.887299
0 1568511657 922.273376 408.899109
0 1775370079 948.001282 453.565216
0 1478195160 751.234802 196.217682
0 1568510655 919.973022 438.063751
0 1478257240 705.882996 257.146820
0 1578521677 897.533813 381.466766
0 1524794250 1601.201660 562.606506
0 1524812272 1478.223267 581.726318
0 1769859072 950.714233 395.156586
0 1578525683 1006.257812 438.526276
0 1770636073 898.981079 368.461517
0 1524846317 1697.665405 722.168274
0 1524833300 1488.099609 602.563721
0 1568511656 1080.390381 332.497620
0 1438985620 1031.516846 369.057434
0 1478185148 730.424683 196.168625
0 1707993177 850.455811 343.421692
0 1478189152 701.992859 266.812500
0 1524791247 1667.131836 671.662354
0 1524830296 1644.482178 696.039490
0 2088218948 1004.974854 368.938080
0 1524827292 1674.385132 625.602600
0 1606348170 1004.516235 344.066833
0 1524855329 1393.148438 623.459534
0 1478183145 721.397034 276.825378
0 1438990627 923.367615 395.024658
0 1524840309 1647.190186 582.925476
0 1478222194 664.768311 247.604065
0 1709860179 831.176453 452.916718
0 1478188151 592.216492 256.792236
0 1438988624 978.450195 368.818817
0 1478243222 540.783752 266.290131
0 1524843313 1774.642456 722.846191
0 1524844315 1556.905518 747.733215
0 1524858333 1740.757324 672.265198
0 1524811271 1401.636719 646.025024
0 1524859334 1724.888916 648.578125
0 1478216186 709.669373 247.738861
0 1524851324 1589.526611 543.294739
0 1524814275 1410.833374 581.248108
0 1578514668 900.383728 355.857513
0 1478184146 683.123901 257.075836
0 1524829294 1630.369019 671.361328
0 1478176143 609.793945 266.513763
0 1524860336 1377.180420 581.009277
0 1478222193 580.564636 238.194931
0 1438997636 1032.865479 395.552979
0 1478194158 655.866882 266.663055
0 1478201168 596.082275 212.161026
0 1478187150 706.123169 204.174744
0 1478205172 617.349731 212.215500
0 1524838306 1494.510498 694.766174
0 1568514660 928.347778 331.883362
0 1524865342 1362.428711 541.792847
0 2085418945 841.439392 394.629333
0 1524808268 1444.514282 581.487122
0 1478200167 655.691895 220.789352
0 1478194159 591.042114 220.616867
0 1568501643 926.447937 355.970581
0 1478239216 674.605957 276.667969
0 1524820283 1468.730835 561.699036
0 1438989625 872.526245 368.342560
0 1568505649 978.627075 356.197052
0 1478255237 748.251038 204.278351
0 1524804262 1369.661377 561.020386
0 1568506650 874.336426 355.744476
0 1478217187 738.834778 229.716690
0 1568505648 870.658447 381.341583
0 1568497640 978.964783 332.087830
0 1578511665 953.648376 331.985596
0 1478258241 681.219788 212.379166
0 1524796253 1520.280273 670.459900
0 1478206173 569.515320 220.559418
0 1524826291 1437.426514 646.307739
0 1578529688 839.000122 408.482941
0 1478233207 688.836670 196.070526
0 1708834178 951.943054 368.699646
0 1478189153 597.510803 247.402130
0 1568499641 977.475708 438.371979
0 1478245224 709.625244 196.119537
0 1524852325 1447.053589 669.860352
0 1478219190 534.559631 276.196808
0 1578525682 894.496399 408.760284
0 1478232206 569.521790 256.721436
0 1524818280 1522.523438 602.816833
0 1524850322 1467.606323 720.142212
0 1438996635 927.412231 343.743958
0 1524832299 1533.522949 624.529175
0 1478242220 664.039490 204.071228
0 1524789245 1792.758423 749.888306
0 1438999639 1091.004883 424.116760
0 1478196161 698.849731 220.904526
0 1478252234 735.530823 238.642471
0 1524803261 1625.970825 603.577576
0 1478211179 530.366089 247.200562
0 1578523680 891.252563 437.909790
0 1578530689 1061.446167 409.594635
0 1568508653 1086.165527 382.345428
0 1524826290 1478.591675 747.017639
0 1524847319 1569.427124 695.402283
0 1524810270 1459.600586 542.435486
0 1524835302 1498.383667 624.261475
0 1524821284 1757.326050 696.997620
0 1524799257 1544.986206 647.157166
0 1478233208 642.336548 247.536713
0 1608354172 846.088745 368.223694
0 1524835303 1402.657593 561.246399
0 1478251232 745.191772 212.543091
0 1524812273 1419.339478 602.058167
0 1706512175 1065.166260 454.215607
0 1438986622 860.350830 453.078705
0 1478211180 634.130371 220.731842
0 1524823286 1703.927856 671.963562
0 1478223195 713.356140 238.578430
0 1478244223 651.355652 229.473785
0 1438987623 868.730286 394.761017
0 1478193157 624.779602 238.322632
0 1478198164 685.075806 204.122971
0 1524862339 1603.892944 625.065430
0 1478236212 651.230896 276.589325
0 1478240217 678.923279 266.737762
0 1478214183 621.999878 203.967850
0 1578521678 1059.163940 382.219635
0 1524844314 1457.104126 694.448547
0 1524848320 1534.912109 562.152405
0 1524806265 1509.101318 646.873840
0 1524787243 1582.472778 721.153870
0 1478241219 614.924011 256.863068
0 1524799256 1463.274902 623.993896
0 1478190154 604.521606 276.432190
0 1478226198 619.917419 247.469391
0 1478208176 564.066895 229.231430
0 1478214184 728.654968 257.217865
0 2084722944 896.039673 394.892792
0 1578522679 1005.719238 409.316101
0 1524825289 1753.354370 749.528259
0 1774531078 1060.286499 395.685303
0 1525674169 1005.984070 423.676697
0 1478197162 559.023132 203.812958
0 1524815276 1428.196411 623.726562
0 1768901071 889.546387 453.240753
0 1578526684 950.069458 409.038025
0 1478182144 643.014160 204.019547
0 1524853326 1429.389893 719.805664
0 1478218189 697.994690 276.746643
0 1578513667 951.338440 381.717407
0 1438983618 925.453369 368.580536
0 1478224196 660.377686 257.004883
0 1478247227 605.789856 195.874619
0 1524792248 1622.073364 543.510010
0 1524795252 1736.135620 722.507080
0 1524808267 1556.976562 603.070251
0 1478191155 586.777344 266.439178
0 1524856330 1635.370972 748.450195
0 1478236211 742.054077 221.019791
0 1478258242 564.330872 195.776825
0 1478212181 632.823853 266.588379
0 1478185147 687.212585 247.671448
0 1568502645 1030.873901 356.423737
0 1568508652 924.427124 381.592041
0 1438984619 876.091553 343.529053
0 1659977623 964.599243 388.447388
0 1478209177 668.058838 196.021484
0 1438982617 978.079346 395.288635
0 1524805264 1568.043335 562.379333
0 1771287074 1056.001099 344.282410
0 2087111947 892.901550 423.091400
0 1524817279 1410.489868 669.560913
0 1524795251 1531.951416 695.084045
0 1478230204 646.905396 238.386536
0 1478230203 580.004395 203.864548
0 1524847318 1639.123779 625.333923
0 1578516671 1004.297363 332.190186
0 1568513659 977.884705 409.177032
0 1578529687 1057.022827 356.537231
0 1524819282 1483.650391 670.159973
0 1478253235 637.644409 256.933960
0 1524836304 1580.902954 647.440857
0 1478243221 600.996582 203.916168
0 1568501644 877.794250 331.679108
0 1438998637 1084.653564 369.296356
0 1524816278 1492.043091 542.650024
0 1705773174 1006.541199 453.890198
0 1524845316 1713.988525 749.168518
0 1524842312 1674.660767 748.809143
0 1568507651 1092.728027 438.989746
0 1438999638 864.680542 422.945343
0 1478252233 732.138733 247.806320
0 1438993630 918.763245 453.402954
0 1478237214 546.840027 256.650665
0 1524857332 1681.068115 583.165894
0 1478248228 669.043396 238.450470
0 1478225197 557.866699 276.275208
0 1524859335 1606.937256 695.720703
0 1524832298 1556.943359 670.760132
0 1478200166 511.266052 276.118439
0 1478250231 720.446106 220.962112
0 1478245225 552.735168 247.267700
0 1438995633 1035.843018 454.052856
0 1524804263 1591.459106 603.323730
0 1524839308 1593.639526 671.060547
0 1524849321 1435.680786 561.472656
0 1568512658 1035.060669 438.680664
0 1568514661 1032.180420 382.093964
0 1478231205 727.181580 204.226532
0 1773608077 949.403137 423.383850
0 1438977615 978.798523 343.959137
0 1524834301 1613.340332 582.685242
0 1607644171 901.743713 343.636444
0 1524800258 1659.231445 721.829834
0 1568504647 862.552490 437.755951
0 1568500642 978.267761 381.842834
0 1478256239 673.207581 229.534470
0 1524815277 1524.511475 542.864807
0 1568503646 1029.645630 332.292603
0 1478220191 558.475464 238.131134
0 1478207174 659.918457 212.324600
0 1524841311 1695.082642 604.085693
0 1478213182 575.116699 247.334885
0 1524813274 1545.725586 582.205383
0 1568516663 866.738708 408.621552
0 1578517672 833.872925 437.602234
0 1578527685 903.063049 331.781189
0 1478240218 695.071411 229.595169
0 1478215185 563.773926 266.364655
0 1524838307 1557.006104 543.079651
0 1478197163 677.265015 220.846924
0 1478221192 716.947144 229.655899
0 1524819281 1620.833984 721.491699
0 2086284946 1005.463135 395.420746
0 1524824288 1385.003174 601.805664
0 1524802260 1654.646240 543.725403
0 1478226199 629.515625 229.413147
0 1578518673 843.801025 381.216492
0 1438981616 977.260559 453.727661
0 1478238215 581.187378 276.353668
0 1609135173 1058.076538 369.176849
0 1524837305 1634.387085 562.833801
0 1524793249 1511.960327 581.965759
0 1568515662 1083.188721 356.650757
0 1568516664 1089.338501 409.734009
0 1438991628 1087.726196 395.817719
0 1478249230 627.869446 276.510712
0 1438996634 977.683655 423.530212
0 1578519675 848.305969 355.631500
0 1524829295 1688.844604 648.293457
0 1524864341 1579.518799 582.445190
0 1478255238 524.171082 256.579956
0 1438993631 1081.768188 344.390289
0 1524788244 1501.808105 561.925659
0 1772785076 836.479370 422.799377
0 1524828293 1473.248047 646.590637
0 1478203171 536.398438 238.067383
0 1524798255 1544.147705 720.816345
0 1478199165 602.666016 238.258774
0 1578528686 1005.215027 381.968353
0 1478192156 585.871277 229.291946
0 1478228201 702.532471 212.433792
0 1772037075 1062.644653 423.970001
0 1578515670 1004.742065 356.310333
0 1524851323 1568.692627 624.797180
0 1478218188 548.000183 220.502029
0 1478202169 691.193604 238.514435
0 1478254236 553.581238 212.052109
0 1478246226 517.806763 266.215698
0 1524809269 1652.832031 648.008972
0 1524822285 1505.859009 720.479065
0 1524841310 1394.793457 542.006897
0 1478235210 585.054993 195.825699
0 1578515669 852.541382 331.577118
0 1524854328 1616.851562 647.724854
0 0 564.419617 641.997314
0 1 1385.319092 534.633484
0 2 1380.690063 439.435883
0 3 350.019318 632.398315
0 4 1302.967529 256.118378
0 5 1522.345459 679.262390
0 6 913.792480 650.759949
0 7 1068.915405 162.763794
0 8 1009.499146 166.657608
0 9 1003.881714 207.389893
0 10 1128.997681 158.376114
0 11 1127.918213 204.927551
0 12 529.387817 207.009018
0 13 806.702393 181.327850
0 14 471.106018 216.926849
0 15 701.744507 253.887878
0 16 559.933533 698.537354
0 17 766.045959 199.953842
0 18 1497.221436 337.972565
0 19 1171.493530 513.845093
0 20 1429.295044 365.511200
0 21 1335.525269 195.297073
0 22 1425.413574 299.671570
0 23 283.202393 406.614136
0 24 1507.966919 414.727661
0 25 677.783386 498.841522
0 26 819.247375 516.558533
0 27 1495.773682 376.237549
0 28 1209.826050 197.339279
0 29 1359.564453 248.186478
0 30 1348.310547 398.381165
0 31 882.424316 701.988220
0 32 895.108887 149.989029
0 33 722.378357 324.940979
0 34 724.926453 162.323654
0 35 1032.198120 722.534790
0 36 1076.292969 522.196411
0 37 1002.259827 148.131927
0 38 1086.838257 184.423782
0 39 760.076904 149.736862
