0 1578512666 1049.953613 498.324066
0 1707269176 922.743042 625.899475
0 1438989626 939.182678 444.752747
0 1438992629 954.494202 490.242706
0 1568509654 936.873230 506.416687
0 1578523681 793.236633 603.940857
0 1578518674 942.647705 605.937744
0 1438985621 840.549561 594.830078
0 1438994632 1060.912964 523.557983
0 1578520676 946.648804 466.934326
0 1568511657 1044.062744 541.003845
0 1775370079 1066.048584 482.182953
0 1568510655 1077.268799 506.623901
0 1578521677 1037.654053 587.435242
0 1769859072 998.740906 549.683777
0 1578525683 997.149902 482.279388
0 1770636073 1019.408569 606.963562
0 1568511656 767.649109 593.941772
0 1438985620 880.821899 557.864990
0 1707993177 1042.586670 671.200745
0 2088218948 907.209351 567.213562
0 1606348170 867.269409 604.930298
0 1438990627 1026.695557 558.985107
0 1709860179 1178.287354 515.297546
0 1438988624 934.237549 576.789185
0 1578514668 1000.568726 627.128113
0 1438997636 918.736328 523.064087
0 1568514660 931.201416 657.855164
0 2085418945 1114.757446 588.285645
0 1568501643 971.242126 616.398987
0 1438989625 1049.247925 617.535095
0 1568505649 914.758606 595.734436
0 1568506650 1030.656006 638.135620
0 1568505648 1067.245850 597.592651
0 1568497640 873.907959 635.465820
0 1578511665 902.185303 646.516174
0 1578529688 1131.386475 569.180847
0 1708834178 961.930054 586.600098
0 1568499641 1023.254272 490.211334
0 1578525682 1072.470825 550.170349
0 1438996635 951.549011 636.788269
0 1438999639 904.775574 474.677856
0 1578523680 1105.221191 515.117371
0 1578530689 911.578125 498.254639
0 1568508653 849.419189 522.823303
0 1608354172 1079.858643 628.379883
0 1706512175 963.464600 451.916840
0 1438986622 1149.248901 506.730133
0 1438987623 1084.677856 578.277344
0 1578521678 874.447693 531.414368
0 2084722944 1055.332886 568.513428
0 1578522679 962.748535 514.765930
0 1774531078 893.281494 514.594604
0 1525674169 980.196655 498.289093
0 1768901071 1120.877930 498.359650
0 1578526684 1016.321655 532.052551
0 1578513667 980.618835 567.857788
0 1438983618 990.311768 596.655151
0 1568502645 860.993958 576.064575
0 1568508652 1008.787109 577.526611
0 1438984619 1011.440369 659.427368
0 1659977623 975.969421 554.044861
0 1438982617 971.444580 540.601562
0 1771287074 814.474915 584.973816
0 2087111947 1089.092651 532.379883
0 1578516671 846.341431 624.693359
0 1568513659 989.224304 523.308960
0 1578529687 835.070618 566.580505
0 1568501644 991.568848 681.445740
0 1438998637 829.880005 539.817322
0 1705773174 1013.629272 466.717316
0 1568507651 922.215088 459.510040
0 1438999638 1117.947754 541.413208
0 1438993630 1093.151733 490.179413
0 1438995633 988.274353 459.236633
0 1568512658 971.621155 474.522308
0 1568514661 900.060730 540.206116
0 2079485312 975.963684 553.992676
0 1773608077 1033.385132 514.940186
0 1438977615 894.658752 615.283508
0 1607644171 981.104858 647.960510
0 1568504647 1133.833252 523.811279
0 1568500642 953.123962 558.420166
0 1568503646 819.459412 614.188293
0 1568516663 1101.570312 559.559937
0 1578517672 1163.128906 532.712891
0 1578527685 960.985657 669.494385
0 2086284946 944.783691 531.730774
0 1578518673 1097.590210 608.008423
0 1438981616 1039.547729 474.364197
0 1609135173 855.052551 548.735474
0 1568515662 809.756531 557.319397
0 1568516664 886.843994 490.273621
0 1438991628 868.399292 506.315643
0 1438996634 1006.486816 506.519440
0 1578519675 1061.534180 649.432373
0 1438993631 789.022339 575.352661
0 1772785076 1147.502563 550.665588
0 1578528686 926.278870 549.205505
0 1772037075 929.360046 482.374268
0 1578515670 887.548828 585.779724
0 1578515669 1022.983704 693.722107
0 0 1259.806152 525.411072
0 1 1324.164185 504.726196
0 2 1200.861572 434.396484
0 3 850.401367 393.692291
0 4 906.492859 841.484070
0 5 1228.660645 806.778748
0 6 725.008118 558.372253
0 7 568.453064 596.273682
0 8 616.704529 623.606384
0 9 1173.215332 722.517334
