0 1578512666 974.281677 507.552246
0 1524823287 497.830933 397.064941
0 1478234209 1380.402832 907.203430
0 1707269176 960.015015 608.011536
0 1438989626 844.707397 493.708771
0 1524801259 645.026733 407.016510
0 1438992629 890.692139 519.399353
0 1478227200 1584.380859 884.431824
0 1524854327 625.240601 436.092621
0 1478249229 1697.530518 859.697876
0 1524807266 721.286011 355.976318
0 1524863340 542.457581 371.496979
0 1524831297 679.839050 355.859009
0 1478229202 1571.427490 855.834290
0 1568509654 887.369995 532.625610
0 1524790246 563.395874 371.576111
0 1578523681 833.920349 622.368469
0 1478207175 1686.593140 917.574585
0 1524861337 471.979156 424.992920
0 1478210178 1581.146606 978.284912
0 1524862338 711.432983 372.135773
0 1478186149 1554.080933 913.086182
0 1524797254 638.593323 355.742279
0 1578518674 962.286194 592.018738
0 1438985621 868.833069 606.426880
0 1524857331 511.510376 406.235229
0 1478203170 1627.681885 980.028259
0 1438994632 999.884155 520.742310
0 1578520676 867.273315 506.315826
0 1478237213 1301.915283 749.140076
0 1568511657 998.477783 534.077759
0 1775370079 976.045654 495.131805
0 1478195160 1352.044312 969.701965
0 1568510655 1001.242310 507.863739
0 1478257240 1344.927490 773.170044
0 1578521677 1024.538086 562.647156
0 1524794250 517.399658 425.310059
0 1524812272 615.904968 416.277161
0 1769859072 968.608337 547.500916
0 1578525683 920.611450 506.932098
0 1770636073 1023.512756 577.542847
0 1524846317 570.339478 363.464447
0 1524833300 622.627075 406.885468
0 1568511656 803.263428 621.806152
0 1438985620 876.661865 575.258179
0 1478185148 1397.394287 971.401001
0 1707993177 1083.106567 610.150635
0 1478189152 1338.811890 750.064392
0 1524791247 556.260193 379.912262
0 1524830296 584.386230 371.655487
0 2088218948 905.832703 575.712036
0 1524827292 519.577026 397.180450
0 1606348170 899.119873 606.953186
0 1524855329 695.592224 398.115234
0 1478183145 1296.915039 727.139709
0 1438990627 997.020508 547.894958
0 1524840309 503.207825 415.554932
0 1478222194 1429.250488 799.549438
0 1709860179 1082.572388 496.286011
0 1478188151 1536.268066 778.212036
0 1438988624 935.102722 576.167419
0 1478243222 1601.480591 756.644592
0 1524843313 529.059509 363.328278
0 1524844315 659.191162 355.800568
0 1524858333 513.876160 379.731018
0 1524811271 701.021912 389.210266
0 1524859334 505.965790 388.276703
0 1478216186 1351.337891 797.390320
0 1524851324 508.923981 435.211548
0 1524814275 661.407776 416.568726
0 1578514668 1022.448364 593.008484
0 1478184146 1382.866699 774.169800
0 1524829294 577.532349 380.003235
0 1478176143 1487.957397 753.800659
0 1524860336 684.251038 416.715149
0 1478222193 1599.883057 829.854370
0 1438997636 883.928711 546.326477
0 1478194158 1413.071045 751.924683
0 1478201168 1642.204590 916.071106
0 1478187150 1432.973633 939.999939
0 1478205172 1598.034424 914.575012
0 1524838306 668.872314 371.974884
0 1568514660 988.866455 625.210693
0 1524865342 672.218872 436.448425
0 2085418945 1082.820190 549.084961
0 1524808268 638.625854 416.422729
0 1478200167 1499.050659 881.683044
0 1478194159 1627.353271 885.816101
0 1568501643 992.314941 592.512756
0 1478239216 1369.176147 728.860168
0 1524820283 608.981934 425.949554
0 1438989625 1053.184570 578.004456
0 1568505649 932.361389 591.526489
0 1478255237 1344.578003 936.851379
0 1524804262 678.325256 426.433746
0 1568506650 1052.686768 593.505859
0 1478217187 1324.444702 848.267212
0 1568505648 1053.663940 563.075195
0 1568497640 926.553284 624.067688
0 1578511665 957.653687 624.638184
0 1478258241 1466.817871 910.130493
0 1524796253 641.671753 380.277466
0 1478206173 1670.532471 887.207092
0 1524826291 679.125916 389.105469
0 1578529688 1082.754883 535.179321
0 1478233207 1488.796509 974.825256
0 1708834178 964.472473 576.624329
0 1478189153 1547.416138 802.824097
0 1568499641 947.404846 507.241699
0 1478245224 1442.977783 973.108643
0 1524852325 684.702637 380.461487
0 1478219190 1589.561279 734.107422
0 1578525682 1026.479248 534.443787
0 1478232206 1575.034668 779.233582
0 1524818280 600.286499 406.754700
0 1524850322 695.402283 363.876984
0 1438996635 990.624268 608.543396
0 1524832299 607.126953 397.645416
0 1478242220 1522.258667 943.180237
0 1524789245 536.349365 355.452972
0 1438999639 836.610840 518.734192
0 1478196161 1414.530029 878.960327
0 1478252234 1318.395630 821.651917
0 1524803261 533.616943 406.364624
0 1478211179 1667.166016 806.142578
0 1578523680 1028.287231 508.176239
0 1578530689 859.815491 532.265442
0 1568508653 823.360107 559.690247
0 1524826290 700.537292 355.917572
0 1524847319 626.523987 371.814789
0 1524810270 601.848877 435.915436
0 1524835302 629.156921 397.762421
0 1524821284 521.571167 371.417999
0 1524799257 613.774719 388.792664
0 1478233208 1468.464966 800.636169
0 1608354172 1082.958008 578.467712
0 1524835303 655.147766 426.271912
0 1478251232 1337.509521 905.750549
0 1524812273 667.485718 407.147949
0 1706512175 870.815247 493.991638
0 1438986622 1055.817871 495.996155
0 1478211180 1541.613770 883.054077
0 1524823286 535.041504 379.821533
0 1478223195 1358.065308 822.807922
0 1478244223 1488.335083 853.288452
0 1438987623 1054.125977 548.687012
0 1478193157 1518.545410 827.484253
0 1478198164 1477.504272 941.586182
0 1524862339 563.238464 397.412323
0 1478236212 1405.529541 729.725769
0 1478240217 1375.863647 750.992615
0 1478214183 1612.446411 946.392639
0 1578521678 851.813538 560.108398
0 1524844314 690.125977 372.055206
0 1524848320 563.066528 425.628937
0 1524806265 635.502563 388.896667
0 1524787243 632.640198 363.669952
0 1478241219 1497.668945 777.194885
0 1524799256 651.244263 397.879700
0 1478190154 1478.686401 731.467529
0 1478226198 1507.853149 801.727661
0 1478208176 1655.299072 858.403992
0 1478214184 1307.150513 772.174561
0 2084722944 1025.526245 548.290344
0 1578522679 915.013062 532.986877
0 1524825289 556.699402 355.510559
0 1774531078 855.886230 545.937561
0 1525674169 917.860779 519.733459
0 1478197162 1749.450928 951.272644
0 1524815276 673.389282 397.997314
0 1768901071 1029.145386 495.707153
0 1578526684 970.566467 533.712952
0 1478182144 1567.238892 944.782410
0 1524853326 716.426331 363.946289
0 1478218189 1332.971680 727.998230
0 1578513667 966.578430 561.795227
0 1438983618 993.942261 577.082764
0 1478224196 1420.969360 775.173828
0 1478247227 1674.459717 981.780762
0 1524792248 485.852051 435.036804
0 1524795252 549.674255 363.396301
0 1524808267 578.004761 406.624329
0 1478191155 1525.638306 754.744629
0 1524856330 618.045410 355.684143
0 1478236211 1330.807617 876.263245
0 1478258242 1768.750977 985.313232
0 1478212181 1450.435303 752.860718
0 1478185147 1390.208496 798.467529
0 1568502645 872.821655 590.546997
0 1568508652 995.509644 562.220459
0 1438984619 1052.169556 609.613037
0 1659977623 953.303467 554.378845
0 1478209177 1534.852051 976.550537
0 1438982617 940.289307 547.108154
0 1524805264 540.202148 425.469299
0 1771287074 838.652649 605.902405
0 2087111947 1027.399048 521.080688
0 1524817279 706.300110 380.553833
0 1524795251 647.671753 371.894714
0 1478230204 1478.152832 826.307190
0 1478230203 1703.550659 949.637695
0 1524847318 541.379517 397.296234
0 1578516671 895.564697 623.499207
0 1568513659 942.745056 533.349304
0 1578529687 843.205688 590.059814
0 1524819282 663.159912 380.369385
0 1478253235 1459.236450 776.182129
0 1524836304 592.102539 388.688934
0 1478243221 1657.883179 948.011047
0 1568501644 1051.631714 626.362000
0 1438998637 818.615540 574.355103
0 1524816278 578.521484 435.738739
0 1705773174 923.269836 494.559998
0 1524845316 577.098633 355.568268
0 1524842312 597.547241 355.626160
0 1568507651 840.727844 506.009094
0 1438999638 1055.001465 521.420166
0 1478252233 1312.637695 796.317810
0 1438993630 1002.554871 495.419037
0 1478237214 1613.970093 780.259521
0 1524857332 480.848114 415.411621
0 1478248228 1437.942749 825.135498
0 1478225197 1552.449707 733.223877
0 1524859335 605.428894 371.735046
0 1524832298 620.237915 380.185852
0 1478200166 1626.827148 734.994751
0 1478250231 1372.569824 877.608582
0 1478245225 1627.071533 805.031494
0 1438995633 897.002563 494.275391
0 1524804263 555.781677 406.494293
0 1524839308 598.858154 380.094391
0 1524849321 632.033386 426.110504
0 1568512658 893.901062 506.623505
0 1568514661 880.361633 560.528015
0 1478231205 1388.665527 938.421814
0 1773608077 972.456421 520.404968
0 1438977615 929.513672 607.481445
0 1524834301 525.627014 415.698608
0 1607644171 1021.342285 609.077271
0 1524800258 591.055481 363.532806
0 1568504647 1055.416748 508.489685
0 1568500642 937.743591 561.371399
0 1478256239 1447.077637 852.024414
0 1524815277 555.258484 435.562531
0 1568503646 864.687195 622.932861
0 1478220191 1640.830933 831.047607
0 1478207174 1510.342651 911.604675
0 1524841311 489.461731 406.106232
0 1478213182 1587.155273 803.925293
0 1524813274 570.645325 415.987091
0 1568516663 1054.571411 534.810913
0 1578517672 1082.631104 508.804138
0 1578527685 1020.192261 625.785339
0 1478240218 1406.010986 850.766296
0 1478215185 1563.479126 755.692627
0 1524838307 532.059326 435.386810
0 1478197163 1456.689819 880.318420
0 1478221192 1365.133789 849.513855
0 1524819281 611.822266 363.601288
0 2086284946 912.062927 546.716675
0 1524824288 690.004211 407.279694
0 1524802260 462.843262 434.862518
0 1478226199 1529.784546 854.558472
0 1578518673 1082.887817 563.504700
0 1438981616 949.617432 494.845490
0 1478238215 1515.491699 732.343933
0 1609135173 847.589600 574.805847
0 1524837305 494.658752 425.151276
0 1524793249 593.244873 416.131927
0 1568515662 813.691589 589.574219
0 1568516664 832.349182 531.906433
0 1438991628 827.934998 545.549866
0 1478249230 1442.032593 730.594910
0 1438996634 945.115479 520.068726
0 1578519675 1083.030884 594.005127
0 1524829295 527.417603 388.379364
0 1524864341 548.106140 415.842651
0 1478255238 1653.075317 781.290039
0 1438993631 808.577942 605.379761
0 1524788244 585.993042 425.789001
0 1772785076 1082.692017 521.760742
0 1524828293 657.286255 389.000916
0 1478203171 1681.966187 832.246277
0 1524798255 653.509399 363.738800
0 1478199165 1559.121704 828.666626
0 1578528686 909.004822 560.949036
0 1478192156 1613.265259 857.116150
0 1478228201 1423.505005 908.663391
0 1772037075 863.608887 519.066223
0 1578515670 902.540100 591.035889
0 1524851323 585.154236 397.528717
0 1478218188 1713.919922 888.604736
0 1478202169 1397.914062 823.969055
0 1478254236 1731.201660 919.085571
0 1478246226 1639.644165 757.600647
0 1524809269 548.924133 388.482300
0 1524822285 674.430054 363.807800
0 1524841310 648.697266 436.270294
0 1478235210 1721.482056 983.542297
0 1578515669 1083.185303 626.940857
0 1524854328 570.485779 388.585480
0 0 1565.365356 357.657318
0 1 998.520142 380.634918
0 2 442.137848 685.334839
0 3 1603.394409 435.039093
0 4 363.739563 880.296753
0 5 978.063599 324.589539
0 6 785.123596 328.030243
0 7 1322.031372 906.353271
0 8 1288.536621 830.896545
0 9 287.962952 773.013245
0 10 1166.978394 982.919678
0 11 1133.661377 832.576904
0 12 1067.684814 760.781372
0 13 1498.777344 739.699402
0 14 1202.042236 780.708618
0 15 1159.314819 906.125549
0 16 1169.573730 324.203491
0 17 771.455078 797.239685
0 18 563.004028 344.655396
0 19 590.008057 476.926392
0 20 283.041748 689.002686
0 21 512.125366 491.523834
0 22 457.576752 752.968384
0 23 1742.387939 757.972656
0 24 669.239929 319.834198
0 25 769.815186 394.696350
0 26 665.304871 390.329071
0 27 612.740417 328.206604
0 28 345.638092 651.253479
0 29 548.424805 424.609192
0 30 383.510712 743.574463
0 31 1333.058716 343.195984
0 32 307.138519 956.615662
0 33 1058.563721 404.740234
0 34 834.814026 968.444702
0 35 1283.752319 332.964752
0 36 598.652405 445.007446
0 37 212.542542 894.434814
0 38 177.853485 764.170593
0 39 660.984985 958.066345
