0 1578512666 993.551453 590.248779
0 1478234209 1514.850098 417.778656
0 1707269176 1215.222290 587.230225
0 1438989626 960.611328 690.787415
0 1524801259 603.286499 975.578857
0 1438992629 1028.219116 647.423157
0 1478227200 1450.259888 361.458038
0 1524854327 735.382141 974.524048
0 1478249229 1406.590942 331.693237
0 1524807266 373.108551 909.970154
0 1524831297 340.638153 977.676086
0 1478229202 1425.835693 361.870209
0 1568509654 1061.777466 646.994690
0 1578523681 1269.904053 665.237366
0 1478207175 1460.265747 340.646820
0 1478210178 1531.927002 370.876343
0 1524862338 455.995361 909.225159
0 1478186149 1482.246216 371.706909
0 1524797254 304.464661 1053.103638
0 1578518674 1183.466431 587.662598
0 1438985621 1230.067871 644.845947
0 1478203170 1523.637207 360.219757
0 1438994632 1024.178833 572.075073
0 1578520676 995.106689 668.661804
0 1478237213 1362.852783 432.786285
0 1568511657 1055.186523 571.644653
0 1775370079 962.001892 590.678406
0 1478195160 1577.439941 429.384735
0 1568510655 993.199524 572.505005
0 1478257240 1382.953003 419.893768
0 1578521677 1114.632935 553.701172
0 1524812272 638.133057 1011.999817
0 1769859072 1088.376221 588.957520
0 1578525683 994.297729 627.877991
0 1770636073 1145.144287 553.270020
0 1524833300 592.940796 1012.336121
0 1568511656 1276.243408 686.955078
0 1438985620 1162.651733 645.706726
0 1478185148 1567.751709 416.930359
0 1707993177 1197.922607 520.090698
0 1478189152 1356.634766 420.315796
0 2088218948 1158.867920 625.728271
0 1606348170 1224.919556 624.865417
0 1524855329 580.709412 908.104248
0 1478183145 1336.123901 433.209991
0 1438990627 1086.222412 571.213989
0 1478222194 1395.789307 395.701111
0 1709860179 962.934692 523.523254
0 1478188151 1352.667725 363.104950
0 1438988624 1155.233398 606.539551
0 1478243222 1318.127808 343.088409
0 1524844315 323.052765 1014.344421
0 1524811271 539.086792 908.478271
0 1478216186 1409.291748 419.471375
0 1524814275 655.907349 940.395874
0 1578514668 1175.683105 552.838501
0 1478184146 1376.513550 407.818848
0 1478176143 1333.636230 374.191345
0 1524860336 664.109253 907.354614
0 1478222193 1395.185791 351.926056
0 1438997636 1095.368896 646.565796
0 1478194158 1344.778198 396.537079
0 1478201168 1467.377808 350.696716
0 1478187150 1532.331543 405.292389
0 1478205172 1474.701416 361.045563
0 1524838306 427.960114 976.978821
0 1568514660 1241.828735 569.054321
0 1524865342 747.715454 906.603149
0 2085418945 1080.225586 521.809937
0 1524808268 647.260986 975.227722
0 1478200167 1464.825928 383.112244
0 1478194159 1443.296875 351.106781
0 1568501643 1179.500732 569.919373
0 1478239216 1324.731934 408.658478
0 1524820283 683.385864 1011.663025
0 1438989625 1142.027710 536.814514
0 1568505649 1187.588867 606.107727
0 1478255237 1550.542725 429.811096
0 1524804262 705.886536 906.979126
0 1568506650 1172.005493 536.383667
0 1478217187 1469.977783 431.088196
0 1568505648 1112.076294 537.245056
0 1568497640 1252.391968 605.242859
0 1578511665 1247.007812 586.797363
0 1478258241 1498.040527 394.025482
0 1524796253 457.726288 1013.342285
0 1478206173 1436.534912 341.054474
0 1524826291 527.608459 941.486389
0 1578529688 1050.864868 522.238831
0 1478233207 1549.281128 393.185822
0 1708834178 1151.739990 588.094666
0 1478189153 1377.039673 362.693634
0 1568499641 993.917175 608.692383
0 1478245224 1558.370361 404.870148
0 1524852325 484.950439 941.848938
0 1478219190 1294.495728 343.494354
0 1578525682 1053.692261 554.562317
0 1478232206 1347.142456 352.744171
0 1524818280 582.002563 1051.197998
0 1524850322 399.796173 942.572754
0 1438996635 1210.650391 569.487000
0 1524832299 535.587097 1051.516724
0 1478242220 1515.237305 382.277679
0 1438999639 1030.498779 689.938843
0 1478196161 1480.313232 406.135834
0 1478252234 1443.165039 431.513214
0 1478211179 1359.889648 332.502197
0 1578523680 992.860657 555.421936
0 1578530689 1063.598022 667.808228
0 1568508653 1135.600586 688.662720
0 1524826290 357.299774 942.933960
0 1524847319 396.723145 1052.470215
0 1524810270 728.699463 1011.325928
0 1524835302 547.808960 1012.671936
0 1524799257 489.235443 1051.834961
0 1478233208 1389.348022 384.361786
0 1608354172 1139.023193 520.951111
0 1524835303 698.782288 940.031433
0 1478251232 1523.666626 430.237122
0 1524812273 613.086853 940.759827
0 1706512175 960.912781 669.087891
0 1438986622 962.714294 539.391907
0 1478211180 1457.432861 372.121704
0 1478223195 1435.650757 419.048706
0 1478244223 1439.648071 383.529053
0 1438987623 1082.151367 537.675171
0 1478193157 1407.860352 372.950439
0 1478198164 1523.651245 393.605804
0 1478236212 1319.301392 396.954559
0 1478240217 1350.612915 408.238831
0 1478214183 1499.160522 360.632812
0 1578521678 1132.227783 666.953064
0 1524844314 442.346375 942.211121
0 1524806265 502.737518 1013.007324
0 1524787243 350.562256 1052.787109
0 1478241219 1358.359619 373.777985
0 1524799256 559.369385 975.929504
0 1478190154 1308.930664 374.604309
0 1478226198 1383.101074 373.364349
0 1478208176 1412.820679 341.461823
0 1478214184 1389.602539 432.362274
0 2084722944 1084.148926 554.131958
0 1578522679 1060.030151 627.019287
0 1774531078 1097.895630 667.380859
0 1525674169 1027.148071 627.448853
0 1478197162 1476.762939 330.477661
0 1524815276 570.320557 941.123352
0 1768901071 962.485779 555.851135
0 1578526684 1056.738525 589.388367
0 1478182144 1507.077515 371.291779
0 1524853326 414.526428 909.597839
0 1478218189 1330.336670 420.737488
0 1578513667 1120.043335 588.526306
0 1438983618 1148.379517 570.351318
0 1478224196 1370.274292 396.119263
0 1478247227 1515.590698 349.875702
0 1478191155 1328.313354 363.515930
0 1478236211 1496.811646 430.662811
0 1478258242 1500.185669 330.071960
0 1478212181 1339.122070 385.193298
0 1478185147 1402.433838 407.398560
0 1568502645 1196.343140 645.276550
0 1568508652 1117.286743 570.782776
0 1438984619 1202.009644 535.952393
0 1659977623 1105.469604 597.874023
0 1478209177 1540.470947 381.859955
0 1438982617 1090.615112 607.401917
0 1771287074 1235.432739 665.666931
0 2087111947 1023.262817 554.992310
0 1524817279 497.515472 908.851929
0 1524795251 412.775177 1013.676758
0 1478230204 1414.488770 383.945587
0 1478230203 1484.013062 340.238922
0 1578516671 1257.993652 624.433411
0 1568513659 1058.351807 607.832458
0 1578529687 1200.996338 666.096069
0 1524819282 471.706238 976.629517
0 1478253235 1364.225830 384.777710
0 1478243221 1491.475708 350.286346
0 1568501644 1232.040405 535.520752
0 1438998637 1170.706787 688.236450
0 1524816278 721.633423 1050.239258
0 1705773174 961.479248 628.306702
0 1568507651 995.537109 690.363342
0 1438999638 1022.380249 538.534302
0 1478252233 1416.373169 431.937927
0 1438993630 962.248413 572.934570
0 1478237214 1341.776367 342.682190
0 1478248228 1421.323364 395.282715
0 1478225197 1299.166626 353.561127
0 1524832298 442.947479 1052.152832
0 1478200166 1289.957275 333.713593
0 1478250231 1488.429932 418.202332
0 1478245225 1365.441406 342.275665
0 1438995633 961.201843 648.278870
0 1524849321 691.292847 974.876099
0 1568512658 994.693909 647.851257
0 1568514661 1128.993652 646.136475
0 1478231205 1541.290771 417.354675
0 1773608077 1025.130249 589.818787
0 1438977615 1219.974976 605.675537
0 1607644171 1206.249390 552.406555
0 1568504647 992.534180 538.963257
0 1568500642 1122.908936 606.970947
0 1478256239 1446.876587 394.863953
0 1568503646 1263.826050 644.414917
0 1478220191 1389.122803 341.868896
0 1478207174 1490.022339 382.695129
0 1478213182 1371.155640 352.335236
0 1568516663 1052.252686 538.104919
0 1578517672 992.219482 523.095459
0 1578527685 1236.843140 551.974243
0 1478240218 1454.333618 406.557068
0 1478215185 1323.146118 353.152771
0 1478197163 1472.448975 394.444885
0 1478221192 1462.030151 418.625671
0 2086284946 1092.944092 626.589355
0 1524824288 622.383606 907.729614
0 1478226199 1432.637695 372.536224
0 1578518673 1109.611694 521.380737
0 1438981616 961.745789 609.121765
0 1478238215 1303.976196 363.926636
0 1609135173 1166.594604 666.524780
0 1524793249 628.482056 1050.878906
0 1568515662 1205.849365 687.809753
0 1568516664 1065.496704 689.513855
0 1438991628 1100.530518 689.088562
0 1478249230 1314.036743 385.608551
0 1438996634 1026.119263 608.262634
0 1578519675 1168.460205 520.521057
0 1478255238 1336.562866 332.906281
0 1438993631 1241.028076 687.382690
0 1524788244 675.025574 1050.559326
0 1772785076 1021.529480 522.667358
0 1524828293 515.509216 976.279724
0 1478203171 1383.232300 332.097839
0 1524798255 367.884033 1014.010742
0 1478199165 1401.428955 362.282074
0 1578528686 1125.890015 626.159058
0 1478192156 1419.232788 351.516571
0 1478228201 1506.312500 405.714264
0 1772037075 1029.335083 668.235229
0 1578515670 1191.877686 625.296997
0 1478218188 1429.965576 331.288330
0 1478202169 1428.373901 406.977997
0 1478254236 1453.356201 330.883148
0 1478246226 1313.252075 333.310059
0 1524822285 384.270813 977.327698
0 1524841310 741.711731 939.666565
0 1478235210 1507.776855 339.830688
0 1578515669 1227.410645 519.659973
0 1 1082.316895 170.441528
0 2 1078.726807 153.180496
0 3 375.120117 759.424377
0 6 619.283630 392.235901
0 7 609.342346 426.817047
0 10 556.600464 415.415649
0 13 663.928955 406.757751
0 20 360.355743 930.179871
0 22 1409.213867 168.210724
0 23 1509.474243 532.360107
0 24 1719.035034 287.185425
0 25 1457.097778 429.030792
0 26 1110.553589 397.728058
0 27 923.323914 559.548584
0 28 1660.489990 679.660034
0 29 1064.164062 720.597229
0 30 1655.177246 281.873993
0 31 1492.263184 739.138184
0 33 881.548950 776.265625
0 35 1710.778442 306.742645
0 37 1617.239014 263.043640
0 39 1356.539062 163.952332
0 40 1774.164429 284.382843
0 53 1039.272583 165.130676
0 55 1735.577393 181.790070
0 185 546.971069 719.237488
0 210 1581.020020 275.727844
0 213 1523.198486 275.439850
0 218 1103.211182 247.255234
0 227 746.104553 269.347534
0 228 634.152771 238.151001
0 229 1037.427856 221.492218
0 231 1697.221069 199.638824
0 232 1830.645752 19.702042
0 234 1815.006470 25.715231
0 236 1906.349854 94.692574
