0 1578512666 909.615906 474.882141
0 1524823287 1347.004761 435.678253
0 1478234209 451.032745 391.454437
0 1707269176 805.631409 426.065338
0 1438989626 999.634644 456.042114
0 1524801259 1258.610596 461.458405
0 1438992629 939.502808 452.134735
0 1478227200 358.875885 420.568970
0 1524854327 1206.918213 441.708679
0 1478249229 301.808929 442.888550
0 1524807266 1349.522827 515.703491
0 1524863340 1391.187866 459.255737
0 1524831297 1370.554688 504.228149
0 1478229202 369.603210 427.546570
0 1568509654 924.184753 445.273102
0 1524790246 1381.804321 464.034943
0 1578523681 852.451050 402.384735
0 1478207175 304.044830 423.328796
0 1524861337 1296.187256 417.692596
0 1478210178 349.132477 395.982208
0 1524862338 1310.407593 500.398804
0 1478186149 369.778320 409.074493
0 1524797254 1390.694336 493.239563
0 1578518674 819.690796 432.665680
0 1438985621 851.536621 412.730865
0 1524857331 1320.211670 433.874542
0 1478203170 327.872681 400.402893
0 1438994632 878.060730 472.873169
0 1578520676 969.617065 454.091553
0 1478237213 539.015381 426.111053
0 1568511657 862.642273 465.514984
0 1775370079 925.602234 482.387115
0 1478195160 448.970215 375.222321
0 1568510655 893.773193 480.371735
0 1478257240 507.499023 424.063110
0 1578521677 816.385925 456.290833
0 1524794250 1276.513306 425.984558
0 1524812272 1251.954834 450.039246
0 1769859072 863.416321 453.193176
0 1578525683 940.268433 464.260925
0 1770636073 801.793518 449.208588
0 1524846317 1400.415405 470.760712
0 1524833300 1269.399170 456.627472
0 1568511656 866.864807 398.296875
0 1438985620 879.835022 425.406921
0 1478185148 429.820099 379.204315
0 1707993177 739.765991 445.197784
0 1478189152 519.425049 430.950287
0 1524791247 1363.509766 457.423584
0 1524830296 1372.229370 468.911713
0 2088218948 864.875183 429.969482
0 1524827292 1337.514893 440.062225
0 1606348170 836.547241 417.084930
0 1524855329 1254.369141 478.472687
0 1478183145 551.215454 433.005859
0 1438990627 847.509705 458.293243
0 1524840309 1303.190186 427.787659
0 1478222194 455.526367 426.818481
0 1709860179 860.118530 505.689972
0 1478188151 403.044922 449.298798
0 1438988624 849.601379 434.627808
0 1478243222 369.219299 468.054199
0 1524843313 1418.782593 461.082336
0 1524844315 1380.732544 498.674957
0 1524858333 1382.295166 448.168518
0 1524811271 1272.710083 485.648926
0 1524859334 1364.504150 441.871765
0 1478216186 495.791656 417.302216
0 1524851324 1259.958740 420.002045
0 1524814275 1229.985352 459.580627
0 1578514668 787.467102 442.255432
0 1478184146 487.528900 428.887817
0 1524829294 1353.831787 462.191559
0 1478176143 436.555786 451.420715
0 1524860336 1218.658081 464.500031
0 1478222193 358.360809 439.786133
0 1438997636 909.138855 438.533417
0 1478194158 478.922424 440.955261
0 1478201168 326.442871 418.471802
0 1478187150 420.723877 389.439362
0 1478205172 348.348633 413.721527
0 1524838306 1331.891846 489.456421
0 1568514660 775.869507 424.104034
0 1524865342 1184.185425 451.011932
0 2085418945 797.635132 474.284271
0 1524808268 1241.081909 454.761383
0 1478200167 401.436493 411.141541
0 1478194159 336.879517 425.441254
0 1568501643 803.750122 437.409637
0 1478239216 511.495331 443.040070
0 1524820283 1234.806519 443.562805
0 1438989625 785.159180 454.281830
0 1568505649 835.299866 428.020477
0 1478255237 459.542267 381.197083
0 1524804262 1201.271118 457.697021
0 1568506650 770.830566 447.206451
0 1478217187 492.388580 399.760071
0 1568505648 799.756775 461.490021
0 1568497640 807.441528 415.149872
0 1578511665 791.818542 419.580719
0 1478258241 411.269836 400.077026
0 1524796253 1323.586426 477.092499
0 1478206173 314.384216 430.424133
0 1524826291 1283.771118 480.373840
0 1578529688 812.802429 481.907715
0 1478233207 390.319366 387.417969
0 1708834178 834.003479 439.384949
0 1478189153 391.681671 441.907532
0 1568499641 925.110535 469.513214
0 1478245224 410.273956 383.268677
0 1524852325 1302.348511 487.555756
0 1478219190 380.858887 476.041779
0 1578525682 846.399292 470.857422
0 1478232206 380.692596 454.699036
0 1524818280 1279.970581 451.893738
0 1524850322 1340.530396 502.316620
0 1438996635 789.685181 430.697357
0 1524832299 1297.629639 458.487854
0 1478242220 380.251160 398.032898
0 1524789245 1437.494141 467.704895
0 1438999639 968.301331 442.414398
0 1478196161 442.189056 402.114594
0 1478252234 503.730988 406.170166
0 1524803261 1310.446289 438.247345
0 1478211179 323.309662 458.066528
0 1578523680 877.570557 485.985992
0 1578530689 938.766785 440.476959
0 1568508653 923.328552 422.854523
0 1524826290 1360.154053 509.902954
0 1524847319 1352.480713 478.970032
0 1524810270 1217.946655 437.195282
0 1524835302 1287.147095 463.330383
0 1524821284 1400.385620 454.571136
0 1524799257 1315.595459 465.196594
0 1478233208 434.719757 431.735901
0 1608354172 768.156311 459.467468
0 1524835303 1212.677490 452.889526
0 1478251232 470.299408 387.276459
0 1524812273 1247.598022 466.389618
0 1706512175 985.463806 461.084930
0 1438986622 877.059326 499.661499
0 1478211180 380.389587 415.803528
0 1524823286 1372.995605 452.750153
0 1478223195 484.297028 410.664185
0 1478244223 412.324554 417.878662
0 1438987623 814.631226 468.834900
0 1478193157 402.216431 429.644806
0 1478198164 400.700867 393.690857
0 1524862339 1317.968994 449.091797
0 1478236212 490.958740 448.228088
0 1478240217 499.398926 435.897125
0 1478214183 338.016083 407.000641
0 1578521678 908.991882 427.336945
0 1524844314 1321.265137 494.868774
0 1524848320 1256.068359 434.601501
0 1524806265 1305.206787 470.151031
0 1524787243 1371.416992 486.041168
0 1478241219 424.887909 444.021637
0 1524799256 1276.447510 468.273254
0 1478190154 448.453918 458.965759
0 1478226198 413.443573 436.764343
0 1478208176 324.924683 437.657410
0 1478214184 527.038574 419.342438
0 2084722944 831.251953 463.505859
0 1578522679 909.291626 450.171600
0 1524825289 1428.515015 472.604004
0 1774531078 923.748474 433.849213
0 1525674169 924.638428 457.151855
0 1478197162 271.098541 421.209198
0 1524815276 1265.523804 473.319611
0 1768901071 893.611511 493.771271
0 1578526684 878.531128 460.289032
0 1478182144 359.360992 402.468506
0 1524853326 1329.782959 507.979858
0 1478218189 531.575867 437.967255
0 1578513667 848.576233 446.226318
0 1438983618 818.071106 444.244110
0 1478224196 467.113739 433.820038
0 1478247227 306.149200 404.919983
0 1524792248 1269.965942 415.906586
0 1524795252 1409.691650 465.872711
0 1524808267 1290.331543 447.254333
0 1478191155 414.632812 456.836151
0 1524856330 1400.447266 487.918274
0 1478236211 481.246490 393.463165
0 1478258242 261.249329 414.256287
0 1478212181 457.980011 446.128479
0 1478185147 475.878754 422.008423
0 1568502645 865.563416 419.014069
0 1568508652 832.655212 451.204132
0 1438984619 756.763672 440.260345
0 1659977623 863.791870 447.215027
0 1478209177 369.943359 391.654877
0 1438982617 878.982910 448.202148
0 1524805264 1266.390015 430.251251
0 1771287074 866.226135 408.463867
0 2087111947 861.835999 478.349457
0 1524817279 1291.386475 492.956421
0 1524795251 1342.294556 484.158051
0 1478230204 423.417053 424.742279
0 1478230203 293.900879 416.367584
0 1524847318 1327.838257 444.532532
0 1578516671 822.748352 410.808746
0 1568513659 894.077209 455.175751
0 1578529687 880.237183 414.647125
0 1524819282 1313.079468 482.268951
0 1478253235 446.238678 438.863373
0 1524836304 1325.773682 460.342529
0 1478243221 316.201202 411.632568
0 1568501644 742.951416 433.439941
0 1438998637 908.850464 416.557587
0 1524816278 1228.758789 432.770477
0 1705773174 956.189514 471.502411
0 1524845316 1419.351440 477.603821
0 1524842312 1409.997437 482.707489
0 1568507651 983.828064 449.167389
0 1438999638 845.242126 483.950348
0 1478252233 515.279114 412.696564
0 1438993630 909.788269 488.014648
0 1478237214 357.812897 460.226685
0 1524857332 1312.853027 423.591095
0 1478248228 444.154114 419.946960
0 1478225197 403.926636 470.214325
0 1524859335 1362.456787 473.889038
0 1524832298 1333.876465 472.022919
0 1478200166 357.229004 482.011200
0 1478250231 461.922974 397.743408
0 1478245225 346.632751 452.554382
0 1438995633 970.985413 466.237152
0 1524804263 1300.488037 442.706421
0 1524839308 1343.956177 467.057007
0 1524849321 1223.853638 448.179108
0 1568512658 955.100464 459.121582
0 1568514661 894.357971 431.912354
0 1478231205 440.333496 385.275696
0 1773608077 893.928284 467.517395
0 1438977615 821.248718 421.528839
0 1524834301 1293.340210 432.065552
0 1607644171 773.399597 435.427979
0 1524800258 1390.948364 475.749329
0 1568504647 860.995544 491.729279
0 1568500642 864.160034 441.353943
0 1478256239 432.991089 413.201843
0 1524815277 1239.360840 428.431641
0 1568503646 837.748474 406.554535
0 1478220191 335.672089 445.032745
0 1478207174 390.747101 404.527405
0 1524841311 1329.790039 429.585510
0 1478213182 369.417267 447.169495
0 1524813274 1273.056396 440.874847
0 1568516663 829.790222 476.320312
0 1578517672 844.035156 497.606079
0 1578527685 759.584045 428.722748
0 1478240218 453.214630 408.625214
0 1478215185 392.193481 462.379120
0 1524838307 1249.758789 424.176270
0 1478197163 422.031494 406.579620
0 1478221192 473.009277 404.145630
0 1524819281 1381.284302 480.841705
0 2086284946 894.220337 443.316650
0 1524824288 1236.354736 471.424164
0 1524802260 1279.786011 411.887756
0 1478226199 391.200439 422.659088
0 1578518673 782.755737 466.805542
0 1438981616 941.065430 476.884399
0 1478238215 426.451965 464.523926
0 1609135173 894.490356 420.937256
0 1524837305 1286.443848 421.799133
0 1524793249 1262.610840 445.411346
0 1568515662 894.617920 410.367462
0 1568516664 953.047241 435.779999
0 1438991628 938.058655 429.261017
0 1478249230 469.950409 453.535248
0 1438996634 909.450500 462.278229
0 1578519675 753.828918 452.266144
0 1524829295 1355.107178 446.353210
0 1524864341 1283.297363 436.427124
0 1478255238 334.386902 465.886292
0 1438993631 880.624695 404.281433
0 1524788244 1245.542725 439.037842
0 1772785076 828.266174 489.680206
0 1524828293 1294.600952 475.209015
0 1478203171 312.452515 450.402130
0 1524798255 1361.340332 491.351044
0 1478199165 380.536469 434.658142
0 1578528686 879.417236 436.583679
0 1478192156 347.516876 432.544739
0 1478228201 431.360535 395.720337
0 1772037075 954.053894 447.223358
0 1578515670 850.587402 423.470917
0 1524851323 1307.901367 453.742615
0 1478218188 291.372711 435.521301
0 1478202169 464.442657 415.255371
0 1478254236 281.137817 428.296204
0 1478246226 345.691010 473.866180
0 1524809269 1345.523560 450.923706
0 1524822285 1351.046997 496.774963
0 1524841310 1195.666748 446.313293
0 1478235210 283.946747 409.536682
0 1578515669 725.960388 438.258728
0 1524854328 1335.747681 455.585907
0 0 1009.560120 306.487915
0 1 662.094055 294.793732
0 2 805.766052 504.823822
0 3 1269.490967 406.671631
0 4 1046.246216 473.359528
0 5 604.873047 348.297760
0 6 1345.403564 434.940765
0 7 960.477783 512.648926
0 8 1173.663940 433.152435
0 9 1373.674561 463.296539
0 10 535.898926 377.922424
0 11 1254.689453 519.741394
0 12 1320.455566 498.084564
0 13 439.611084 375.758667
0 14 1169.189575 579.146545
0 15 810.372253 263.619812
0 16 474.073151 353.266541
0 17 1053.125366 606.231384
0 18 565.178467 361.573364
0 19 478.258240 325.585815
0 20 991.042908 629.008728
0 21 1032.414307 522.454407
0 22 885.487305 671.198669
0 23 458.371338 415.473175
0 24 1355.530029 422.372864
0 25 670.097656 436.146484
0 26 517.317383 361.702942
0 27 1000.961609 675.049561
0 28 416.983887 603.969788
0 29 685.607239 473.183960
0 30 926.007935 308.120941
0 31 281.199890 423.590454
0 32 1073.050537 502.019989
0 33 544.991882 323.754395
0 34 1217.721558 396.229889
0 35 618.214539 544.037781
0 36 628.459412 314.639648
0 37 1243.550171 423.108704
0 38 313.774567 461.597900
0 39 1113.522583 484.951477
