0 1578512666 964.106506 563.920837
0 1524823287 1082.440552 353.716492
0 1478234209 310.593201 801.719177
0 1707269176 771.445862 577.607727
0 1438989626 967.584229 504.137848
0 1524801259 1098.200073 403.406158
0 1438992629 925.209595 529.563049
0 1478227200 302.805115 924.802734
0 1524854327 1036.072998 406.742676
0 1478249229 316.018463 1012.845032
0 1524807266 1234.155640 412.158051
0 1524863340 1143.851562 357.380096
0 1524831297 1219.851074 396.872864
0 1478229202 346.341919 920.271851
0 1568509654 899.355835 531.291687
0 1524790246 1149.446777 363.884399
0 1578523681 740.326294 530.143555
0 1478207175 234.109009 990.472046
0 1524861337 1025.760254 356.432220
0 1478210178 183.606049 909.974915
0 1524862338 1192.943237 414.448547
0 1478186149 270.282776 901.199890
0 1524797254 1206.292236 382.384735
0 1578518674 799.481140 575.616089
0 1438985621 767.796082 540.088135
0 1524857331 1068.195435 361.062683
0 1478203170 169.757172 938.648743
0 1438994632 941.330811 578.797546
0 1578520676 946.804016 516.606201
0 1478237213 541.186707 759.980286
0 1568511657 913.672424 580.803772
0 1775370079 990.960815 562.013062
0 1478195160 243.249542 786.484131
0 1568510655 968.817688 576.803711
0 1478257240 500.483612 784.402527
0 1578521677 860.739380 598.523315
0 1524794250 1034.083984 369.590057
0 1524812272 1072.517700 396.950806
0 1769859072 882.552979 569.714539
0 1578525683 955.162476 539.462952
0 1770636073 832.046448 600.649109
0 1524846317 1168.379639 362.948029
0 1524833300 1092.864502 395.876312
0 1568511656 739.658875 518.795044
0 1438985620 820.883545 536.538574
0 1478185148 232.449539 808.845337
0 1707993177 776.968872 634.383484
0 1478189152 537.554077 781.021973
0 1524791247 1130.430786 364.824921
0 1524830296 1155.184814 370.554779
0 2088218948 822.962769 548.479919
0 1524827292 1087.233154 360.135986
0 1606348170 768.970642 552.162537
0 1524855329 1130.376343 417.925873
0 1478183145 577.128784 756.782959
0 1438990627 885.840942 582.822632
0 1524840309 1049.074463 361.993378
0 1478222194 451.658142 833.632080
0 1709860179 1012.821350 616.135010
0 1478188151 474.591400 906.925232
0 1438988624 825.114685 560.838501
0 1478243222 506.577026 960.451233
0 1524843313 1156.885986 350.149597
0 1524844315 1212.982056 389.533142
0 1524858333 1119.822754 351.925415
0 1524811271 1151.332642 416.761169
0 1524859334 1101.171753 352.819031
0 1478216186 463.115448 787.810242
0 1524851324 1014.557434 370.555786
0 1524814275 1082.800537 412.283966
0 1578514668 803.168823 602.788574
0 1478184146 495.792603 806.600342
0 1524829294 1135.938354 371.522125
0 1478176143 521.191650 875.798279
0 1524860336 1088.157593 420.272278
0 1478222193 381.126770 944.713257
0 1438997636 873.351135 533.030457
0 1478194158 529.765564 826.135437
0 1478201168 246.825455 959.089539
0 1478187150 261.352173 828.527710
0 1478205172 258.865906 929.375366
0 1524838306 1179.680054 399.030273
0 1568514660 744.029297 593.109192
0 1524865342 1045.526001 422.641663
0 2085418945 896.455505 625.138550
0 1524808268 1077.589233 404.513062
0 1478200167 322.757202 870.343872
0 1478194159 292.015747 954.252136
0 1568501643 801.291565 588.955627
0 1478239216 571.401245 799.528564
0 1524820283 1052.075684 398.030304
0 1438989625 834.530701 614.916504
0 1568505649 797.734253 562.744202
0 1478255237 281.535248 783.078369
0 1524804262 1066.893921 421.454071
0 1568506650 805.117004 617.143066
0 1478217187 394.575104 773.022583
0 1568505648 863.752808 612.704407
0 1568497640 742.469727 566.590576
0 1578511665 743.235535 579.611877
0 1478258241 291.430359 849.010620
0 1524796253 1153.340088 392.682709
0 1478206173 280.623566 985.346985
0 1524826291 1145.148560 408.878021
0 1578529688 925.834717 622.865295
0 1478233207 209.240524 856.899170
0 1708834178 827.343079 573.636719
0 1478189153 432.229645 911.333740
0 1568499641 959.557495 551.481384
0 1478245224 221.126221 832.290100
0 1524852325 1165.733765 407.753479
0 1478219190 550.487610 955.613159
0 1578525682 917.578430 594.312134
0 1478232206 468.584259 935.351379
0 1524818280 1087.669800 388.545502
0 1524850322 1206.611938 405.520416
0 1438996635 772.751160 591.025879
0 1524832299 1107.666870 387.506958
0 1478242220 239.122559 878.585632
0 1524789245 1175.299194 349.267395
0 1438999639 917.929993 507.330994
0 1478196161 340.799774 821.096924
0 1478252234 431.661255 769.723450
0 1524803261 1072.878296 367.671356
0 1478211179 409.500519 1002.235840
0 1578523680 973.699829 590.154236
0 1578530689 896.071228 519.932434
0 1568508653 842.393677 512.188477
0 1524826290 1226.906372 404.411804
0 1524847319 1167.111572 384.419617
0 1524810270 1031.537720 399.114868
0 1524835302 1113.116699 394.806824
0 1524821284 1138.393921 351.035614
0 1524799257 1127.572510 386.473114
0 1478233208 445.503235 858.247803
0 1608354172 837.110046 629.730164
0 1524835303 1061.817871 413.430206
0 1478251232 319.515686 779.699707
0 1524812273 1103.682617 411.143250
0 1706512175 971.954407 514.957275
0 1438986622 1007.054199 601.856628
0 1478211180 313.038300 896.871399
0 1524823286 1125.060669 358.294739
0 1478223195 425.446014 791.245422
0 1478244223 364.028595 866.276733
0 1438987623 892.785217 610.506653
0 1478193157 397.409515 888.329773
0 1478198164 250.512115 852.937866
0 1524862339 1097.187500 373.469849
0 1478236212 568.332214 822.433838
0 1478240217 533.751099 803.050049
0 1478214183 214.518463 933.990540
0 1578521678 844.754211 523.296936
0 1524844314 1186.221191 406.634338
0 1524848320 1042.844116 383.437531
0 1524806265 1133.275024 393.742310
0 1524787243 1186.746460 383.399872
0 1478241219 480.294403 879.938721
0 1524799256 1118.714111 402.304443
0 1478190154 561.731873 871.694092
0 1478226198 439.035248 884.115662
0 1478208176 326.688263 980.271606
0 1478214184 504.963623 763.202637
0 2084722944 889.249451 596.411011
0 1578522679 902.752258 543.037720
0 1524825289 1181.190552 355.562592
0 1774531078 870.486389 521.609863
0 1525674169 929.034668 541.245056
0 1478197162 172.255508 1029.160522
0 1524815276 1124.465088 410.007935
0 1768901071 1001.495605 588.094910
0 1578526684 909.904053 567.771484
0 1478182144 227.140411 905.567627
0 1524853326 1213.598877 413.300568
0 1478218189 574.330322 777.668274
0 1578513667 855.033142 571.669617
0 1438983618 829.652222 586.898376
0 1478224196 490.875549 829.868103
0 1478247227 155.144730 968.903503
0 1524792248 1010.580505 363.867096
0 1524795252 1162.561401 356.469391
0 1524808267 1082.610718 381.405945
0 1478191155 516.572144 902.556335
0 1524856330 1199.774536 375.420349
0 1478236211 357.194397 776.347839
0 1478258242 123.361847 1034.709473
0 1478212181 525.583984 850.356262
0 1478185147 457.522186 810.179810
0 1568502645 794.418030 538.308105
0 1568508652 857.834778 584.854065
0 1438984619 775.509766 619.384338
0 1659977623 867.331543 564.290466
0 1478209177 196.749664 882.761353
0 1438982617 879.379150 557.061768
0 1524805264 1038.407471 376.424225
0 1771287074 766.660767 528.416992
0 2087111947 945.727966 592.226624
0 1524817279 1172.188110 415.602081
0 1524795251 1173.312500 391.627991
0 1478230204 404.942444 862.244873
0 1478230203 187.138031 995.647339
0 1524847318 1092.147217 366.718353
0 1578516671 741.730469 554.020508
0 1568513659 906.266235 555.190430
0 1578529687 792.842651 526.700378
0 1524819282 1159.453369 400.116547
0 1478253235 485.715637 854.285095
0 1524836304 1122.018066 379.392700
0 1478243221 201.203812 963.973083
0 1568501644 745.707214 621.640381
0 1438998637 816.928894 513.826050
0 1524816278 1027.123169 391.690033
0 1705773174 981.136902 537.691284
0 1524845316 1187.229736 362.015717
0 1524842312 1193.422485 368.632874
0 1568507651 942.826660 505.729950
0 1438999638 950.288269 606.153748
0 1478252233 468.456299 766.450256
0 1438993630 996.134583 574.822205
0 1478237214 462.247864 965.335510
0 1524857332 1044.735352 355.523071
0 1478248228 412.109161 837.427979
0 1478225197 554.433716 926.161621
0 1524859335 1161.071045 377.397583
0 1524832298 1147.387329 385.444031
0 1478200166 546.321167 986.708191
0 1478250231 349.188599 798.199585
0 1478245225 417.494141 970.266479
0 1438995633 976.469543 526.135681
0 1524804263 1077.681885 374.450226
0 1524839308 1141.588623 378.392883
0 1524849321 1056.880249 405.625214
0 1568512658 950.913757 527.844421
0 1568514661 847.194153 534.779358
0 1478231205 271.681396 805.267700
0 1773608077 937.088074 565.840210
0 1438977615 770.186523 564.661499
0 1524834301 1053.524170 368.628571
0 1607644171 774.104858 604.941956
0 1524800258 1174.345947 369.591705
0 1568504647 978.762451 603.998230
0 1568500642 852.329102 558.944397
0 1478256239 372.224426 841.256042
0 1524815277 1022.824524 384.460236
0 1568503646 741.016418 541.878662
0 1478220191 372.309692 975.244934
0 1478207174 281.123413 874.446655
0 1524841311 1063.628662 354.617859
0 1478213182 425.059357 940.010498
0 1524813274 1062.772583 382.419434
0 1568516663 921.629761 608.323120
0 1578517672 984.015747 618.363708
0 1578527685 744.852600 607.109192
0 1478240218 380.029663 817.427734
0 1478215185 511.707214 930.735291
0 1524838307 1018.637329 377.417938
0 1478197163 331.999603 845.116821
0 1478221192 387.471619 794.708435
0 1524819281 1180.466309 376.406738
0 2086284946 876.313721 544.841003
0 1524824288 1109.318115 419.096252
0 1524802260 1006.702759 357.345337
0 1478226199 355.412140 892.581543
0 1578518673 866.881226 627.426758
0 1438981616 985.964600 549.643494
0 1478238215 558.176758 898.226685
0 1609135173 818.873413 524.993774
0 1524837305 1029.869751 362.928192
0 1524793249 1067.580688 389.588837
0 1568515662 791.318970 515.472900
0 1568516664 892.893066 508.941010
0 1438991628 867.714661 510.560150
0 1478249230 565.112854 846.460876
0 1438996634 932.991882 553.330383
0 1578519675 807.139893 632.049011
0 1524829295 1106.187988 359.213379
0 1524864341 1058.088745 375.435028
0 1478255238 455.554413 997.009216
0 1438993631 765.562683 517.129211
0 1524788244 1047.398682 390.637024
0 1772785076 955.020874 620.607178
0 1524828293 1139.131592 401.207916
0 1478203171 362.990784 1007.514160
0 1524798255 1193.192993 390.578156
0 1478199165 389.481567 915.782410
0 1578528686 849.717712 546.655029
0 1478192156 336.780884 949.460266
0 1478228201 301.241913 824.796875
0 1772037075 921.510010 518.264587
0 1578515670 796.047607 550.315735
0 1524851323 1102.359009 380.397064
0 1478218188 268.576508 1018.229187
0 1478202169 418.935791 813.788818
0 1478254236 220.657944 1023.667419
0 1478246226 501.159088 991.833618
0 1524809269 1111.331177 365.769531
0 1524822285 1199.812378 397.949066
0 1524841310 1040.734009 414.582001
0 1478235210 139.703796 1000.873718
0 1578515669 746.594788 636.733582
0 1524854328 1116.606079 372.493805
0 0 490.761047 375.022614
0 1 1042.540527 395.454651
0 2 614.056396 403.070953
0 3 867.538940 350.885620
0 4 349.410675 473.717316
0 5 450.295349 507.081543
0 6 995.338806 345.485291
0 7 417.130615 703.280823
0 8 511.980286 679.510742
0 9 997.087341 981.111694
0 10 347.202423 662.064880
0 11 445.786957 641.167969
0 12 382.278320 827.809937
0 13 464.022217 446.149414
0 14 1341.381958 483.902618
0 15 1005.385315 653.819641
0 16 539.518372 360.903198
0 17 1498.717041 713.488708
0 18 507.893768 391.369843
0 19 681.005554 397.998169
0 20 1271.113037 943.325623
0 21 475.609772 406.749298
0 22 1436.765381 974.688477
0 23 329.887421 701.350403
0 24 403.139893 597.711060
0 25 857.088257 389.752594
0 26 1104.449097 411.545868
0 27 281.295288 989.222595
0 28 1578.100586 869.116272
0 29 627.040222 379.364838
0 30 378.738464 422.549225
0 31 429.606232 413.152710
0 32 580.784119 719.356567
0 33 1181.266724 562.923157
0 34 875.361267 698.884277
0 35 395.870880 762.835266
0 36 792.718018 395.178986
0 37 194.154144 732.062134
0 38 1521.664795 797.659546
0 39 680.653931 696.438477
