0 1578512666 943.677429 723.058167
0 1478234209 1416.182861 560.419312
0 1707269176 1149.663086 714.378906
0 1438989626 916.252502 812.655701
0 1524801259 584.399780 1079.792603
0 1438992629 978.149048 772.388306
0 1478227200 1355.554932 513.335693
0 1524854327 711.729309 1073.468018
0 1478249229 1314.799683 488.578735
0 1524807266 357.783691 1029.601807
0 1478229202 1333.455444 514.171448
0 1568509654 1009.489868 771.032349
0 1578523681 1203.014038 780.936829
0 1478207175 1363.761230 495.258453
0 1478210178 1429.623169 519.808228
0 1524862338 439.087952 1025.673096
0 1478186149 1384.880249 521.509644
0 1578518674 1120.352051 715.613953
0 1438985621 1165.540527 764.280823
0 1478203170 1421.722412 510.833313
0 1438994632 971.703064 706.250488
0 1578520676 947.880981 792.079529
0 1478237213 1279.044067 576.638367
0 1568511657 1000.641418 705.041199
0 1775370079 914.096008 724.304565
0 1478195160 1472.964844 569.042236
0 1568510655 942.727539 707.461243
0 1478257240 1296.833618 565.065308
0 1578521677 1055.318359 687.747559
0 1769859072 1032.188599 719.328735
0 1578525683 945.693481 756.160950
0 1770636073 1083.605225 686.574951
0 1568511656 1209.683838 799.715210
0 1438985620 1103.250488 766.975830
0 1478185148 1463.744019 558.567810
0 1707993177 1131.175049 656.271790
0 1478189152 1272.886841 565.997498
0 2088218948 1099.001953 749.588074
0 1606348170 1160.033081 746.971497
0 1524855329 560.501587 1019.806091
0 1478183145 1254.685059 577.592529
0 1438990627 1029.542480 703.833496
0 1478222194 1307.542236 543.921082
0 1709860179 912.653198 665.191895
0 1478188151 1267.024902 516.683716
0 1438988624 1094.922607 732.893188
0 1478243222 1234.747681 500.086090
0 1524811271 520.102417 1021.758240
0 1478216186 1320.754639 564.134094
0 1524814275 634.196167 1045.956055
0 1578514668 1111.856323 685.403931
0 1478184146 1290.496460 554.779663
0 1478176143 1250.109741 526.634521
0 1524860336 641.084473 1015.912170
0 1478222193 1305.253540 506.212006
0 1438997636 1040.786987 769.678284
0 1478194158 1261.145142 545.705627
0 1478201168 1370.595947 503.754089
0 1478187150 1431.412842 549.327393
0 1478205172 1377.632690 512.500732
0 1568514660 1173.491577 697.818237
0 1524865342 721.381531 1012.032043
0 2085418945 1022.179993 660.720947
0 1524808268 626.922546 1077.680542
0 1478200167 1369.605957 531.662598
0 1478194159 1348.836426 504.572601
0 1568501643 1116.022949 700.219666
0 1478239216 1243.325684 556.604797
0 1438989625 1080.111084 672.275208
0 1568505649 1124.853760 731.621216
0 1478255237 1448.817017 569.988098
0 1524804262 681.268677 1013.970398
0 1568506650 1107.843384 671.134583
0 1478217187 1376.215576 572.832031
0 1568505648 1052.344604 673.417236
0 1568497640 1184.596191 729.082336
0 1578511665 1178.935547 713.145508
0 1478258241 1400.047729 540.362976
0 1478206173 1342.310791 496.061127
0 1524826291 509.894592 1052.044067
0 1578529688 994.848267 661.836670
0 1478233207 1446.156738 538.589539
0 1708834178 1091.002808 716.850586
0 1478189153 1289.190308 515.845459
0 1568499641 944.665283 739.278625
0 1478245224 1454.812378 548.422058
0 1524852325 468.308960 1054.080933
0 1478219190 1213.172852 500.893402
0 1578525682 998.637634 690.097168
0 1478232206 1261.585083 507.854614
0 1524850322 384.908630 1058.165649
0 1438996635 1144.775635 699.018127
0 1478242220 1415.067993 529.924011
0 1438999639 981.791870 809.765381
0 1478196161 1384.539795 551.140991
0 1478252234 1351.962280 573.782043
0 1478211179 1272.398926 490.157227
0 1578523680 941.813477 692.452698
0 1578530689 1011.936829 789.281921
0 1568508653 1079.743774 805.445618
0 1524826290 343.093628 1060.213745
0 1478233208 1301.238281 534.277039
0 1608354172 1076.743652 658.493652
0 1524835303 675.478943 1043.934082
0 1478251232 1424.642700 570.935059
0 1524812273 592.838013 1047.981689
0 1706512175 915.784485 793.481323
0 1438986622 912.993896 679.148926
0 1478211180 1362.474976 522.361633
0 1478223195 1344.650024 563.203918
0 1478244223 1346.839966 532.533142
0 1438987623 1024.543457 674.560791
0 1478193157 1317.596802 524.068237
0 1478198164 1423.114136 539.475830
0 1478236212 1237.910400 546.599304
0 1478240217 1266.923584 555.691772
0 1478214183 1399.688477 511.666626
0 1578521678 1075.810425 786.492310
0 1524844314 426.647003 1056.121460
0 1478241219 1272.628052 525.778259
0 1478190154 1227.568726 527.491699
0 1478226198 1295.123779 524.922791
0 1478208176 1320.839600 496.864563
0 1478214184 1303.376709 575.685242
0 2084722944 1026.995850 688.921631
0 1578522679 1007.142578 753.526367
0 1774531078 1043.896362 787.886108
0 1525674169 976.438965 754.842773
0 1478197162 1378.250000 486.216583
0 1524815276 551.404236 1050.011108
0 1768901071 913.347412 693.632690
0 1578526684 1002.723633 720.570251
0 1478182144 1407.262939 520.658508
0 1524853326 398.472107 1027.635742
0 1478218189 1248.914307 566.930664
0 1578513667 1061.614990 718.088867
0 1438983618 1087.233154 701.422729
0 1478224196 1284.355713 544.812927
0 1478247227 1414.051392 502.119507
0 1478191155 1244.837402 517.522827
0 1478236211 1400.442383 571.883057
0 1478258242 1399.359985 485.430664
0 1478212181 1255.543213 536.024475
0 1478185147 1314.044434 553.868591
0 1568502645 1134.417114 765.627380
0 1568508652 1058.406372 702.627380
0 1438984619 1135.541382 669.995300
0 1659977623 1048.413696 726.677002
0 1478209177 1437.764282 529.056091
0 1438982617 1034.940430 735.442261
0 1771287074 1171.280762 782.322693
0 2087111947 970.243469 691.274170
0 1524817279 479.631287 1023.713928
0 1478230204 1324.050903 533.404663
0 1478230203 1385.191162 494.456604
0 1578516671 1190.486328 745.665894
0 1568513659 1004.888977 736.719299
0 1578529687 1139.502686 783.710632
0 1478253235 1278.402466 535.150269
0 1478243221 1392.334351 502.936401
0 1568501644 1163.205200 668.857544
0 1438998637 1112.299561 804.009888
0 1705773174 914.905823 757.480896
0 1568507651 949.046082 811.209534
0 1438999638 968.837952 676.851990
0 1478252233 1327.682739 574.733093
0 1438993630 913.714539 708.673645
0 1478237214 1256.301880 499.279541
0 1478248228 1330.704590 543.030151
0 1478225197 1217.831299 509.500488
0 1478200166 1208.646606 492.530640
0 1478250231 1392.364136 561.346497
0 1478245225 1277.835205 498.473785
0 1438995633 915.335999 775.105957
0 1524849321 669.365662 1075.572388
0 1568512658 946.764465 773.746216
0 1568514661 1072.040527 768.326111
0 1478231205 1439.976196 559.493042
0 1773608077 973.219849 721.813416
0 1438977615 1154.744873 730.350952
0 1607644171 1140.071899 684.234314
0 1568504647 940.933228 677.999695
0 1568500642 1064.951538 734.166870
0 1478256239 1353.842896 542.140198
0 1568503646 1196.620483 762.936096
0 1478220191 1299.347778 497.668793
0 1478207174 1392.348511 530.792847
0 1478213182 1283.429932 507.032928
0 1568516663 996.707947 675.705627
0 1578517672 940.084961 664.072083
0 1578527685 1168.251953 683.066162
0 1478240218 1361.066040 552.049194
0 1478215185 1239.718872 508.677155
0 1478197163 1376.957275 541.251160
0 1478221192 1368.519897 562.274658
0 2086284946 1037.804199 752.211853
0 1524824288 600.828857 1017.857361
0 1478226199 1340.047241 523.214539
0 1578518673 1049.478516 659.606689
0 1438981616 914.492859 740.560913
0 1478238215 1222.627686 518.362732
0 1609135173 1107.679199 785.100464
0 1568515662 1144.808105 802.576233
0 1568516664 1014.489990 808.323364
0 1438991628 1047.140625 806.883423
0 1478249230 1232.660522 536.899536
0 1438996634 974.797302 737.998108
0 1578519675 1103.975830 657.382080
0 1478255238 1251.168335 490.947632
0 1438993631 1177.269531 801.144714
0 1772785076 967.483276 662.953674
0 1478203171 1293.609497 489.367584
0 1478199165 1311.333862 515.007996
0 1578528686 1068.423950 750.899048
0 1478192156 1327.055542 505.391907
0 1478228201 1407.988647 550.233704
0 1772037075 979.931702 790.679749
0 1578515670 1129.538330 748.278870
0 1478218188 1335.969849 487.790588
0 1478202169 1337.567749 552.958435
0 1478254236 1357.119995 487.003204
0 1478246226 1229.917603 491.738739
0 1524841310 716.686462 1041.915771
0 1478235210 1406.600464 493.655487
0 1578515669 1158.340942 655.162903
0 1 653.804871 847.947327
0 2 1566.929199 1014.155701
0 3 533.684692 693.823242
0 4 1686.254761 782.421387
0 6 1220.320679 499.305298
0 7 1581.495972 624.594177
0 8 1517.528687 571.772217
0 10 1569.843384 595.218872
0 12 469.597565 682.878113
0 14 790.474854 447.147430
0 15 1313.115234 523.514221
0 16 1428.479126 556.476929
0 17 1025.305664 452.921997
0 18 1675.221069 935.366699
0 19 1070.943970 962.342957
0 20 1392.541748 570.359436
0 21 1376.949707 998.071838
0 22 1460.713257 616.505554
0 23 580.386902 551.461670
0 24 1709.969727 1008.664612
0 25 827.079773 987.436768
0 26 716.207703 1017.904785
0 27 1823.475220 1050.804321
0 28 1352.063477 547.511353
0 29 1274.229004 1043.639648
0 30 1852.834717 923.744019
0 32 1627.207642 678.413879
0 33 731.034424 735.657043
0 34 1390.278076 519.313354
0 36 940.487854 992.311462
0 37 1712.073120 725.557617
0 38 1320.658081 459.827026
0 39 1463.861084 532.666138
