0 1578512666 986.254333 566.926086
0 1524823287 1413.849854 475.932800
0 1478234209 528.096680 539.552063
0 1707269176 876.443848 531.417419
0 1438989626 1071.838135 537.739807
0 1524801259 1330.066650 512.072205
0 1438992629 1011.915527 541.052734
0 1478227200 443.920959 578.466187
0 1524854327 1274.926270 498.819000
0 1478249229 392.449493 606.685852
0 1524807266 1431.255859 554.899780
0 1524863340 1462.623047 493.877167
0 1524831297 1450.290405 540.968445
0 1478229202 455.143311 583.977966
0 1568509654 995.716309 536.143616
0 1524790246 1454.080200 499.745361
0 1578523681 918.419922 502.749390
0 1478207175 391.938934 587.492493
0 1524861337 1359.673950 464.374451
0 1478210178 431.239929 555.828186
0 1524862338 1389.084106 544.392212
0 1478186149 452.760803 566.077454
0 1524797254 1468.516968 527.628540
0 1578518674 891.231079 536.199036
0 1438985621 919.185913 512.951294
0 1524857331 1386.669312 477.404022
0 1478203170 411.558075 562.571167
0 1438994632 954.904419 568.679810
0 1578520676 1041.900757 539.394958
0 1478237213 617.686035 562.848145
0 1568511657 938.573364 563.279419
0 1775370079 1003.227539 572.414673
0 1478195160 523.826355 524.107971
0 1568510655 971.570435 574.190979
0 1478257240 587.016541 564.543762
0 1578521677 891.763672 559.699341
0 1524794250 1341.525391 474.924957
0 1524812272 1321.349854 501.602600
0 1769859072 937.339539 551.108826
0 1578525683 1014.675415 552.864746
0 1770636073 876.363953 554.489624
0 1524846317 1474.075439 504.154694
0 1524833300 1339.978027 506.001648
0 1568511656 931.859009 497.045044
0 1438985620 948.938416 521.967712
0 1478185148 506.046753 530.199219
0 1707993177 815.189819 557.881409
0 1478189152 599.502808 569.839966
0 1524791247 1434.454468 495.417542
0 1524830296 1445.363159 505.733276
0 2088218948 935.017822 528.205750
0 1524827292 1405.145874 481.411316
0 1606348170 905.224792 518.982971
0 1524855329 1328.907715 529.398621
0 1478183145 630.466431 568.123230
0 1438990627 922.567261 557.986450
0 1524840309 1368.518555 473.467468
0 1478222194 537.423157 573.281921
0 1709860179 942.605164 603.052246
0 1478188151 490.209229 601.200439
0 1438988624 920.809326 534.572876
0 1478243222 460.381531 623.334900
0 1524843313 1490.748779 492.339111
0 1524844315 1459.501465 534.226929
0 1524858333 1451.602661 483.987335
0 1524811271 1348.571899 534.298157
0 1524859334 1432.556763 479.923920
0 1478216186 574.773560 559.350708
0 1524851324 1323.915771 471.041718
0 1524814275 1301.130249 513.663086
0 1578514668 861.264954 549.381653
0 1478184146 568.488403 571.559570
0 1524829294 1425.620483 501.305817
0 1478176143 522.684265 599.378235
0 1524860336 1290.706787 519.880432
0 1478222193 446.074097 597.143127
0 1438997636 979.826172 531.328186
0 1478194158 561.937561 584.284607
0 1478201168 412.650970 580.199829
0 1478187150 498.772827 541.151428
0 1478205172 432.920258 573.063110
0 1524838306 1408.641602 530.957947
0 1568514660 847.088196 533.027039
0 1524865342 1253.938477 510.719238
0 2085418945 876.277283 579.537903
0 1524808268 1311.342407 507.571747
0 1478200167 483.337616 564.391724
0 1478194159 423.567383 585.733765
0 1568501643 876.404663 542.721436
0 1478239216 593.612549 582.518066
0 1524820283 1303.063721 497.284363
0 1438989625 860.909546 561.415039
0 1568505649 905.753662 529.810364
0 1478255237 534.803711 528.638794
0 1524804262 1272.148682 515.256470
0 1568506650 845.801758 556.184143
0 1478217187 568.981262 542.745422
0 1568505648 876.321533 566.751221
0 1568497640 876.481445 520.550720
0 1578511665 861.934021 526.725525
0 1478258241 491.208984 552.539978
0 1524796253 1398.014282 519.706848
0 1478206173 402.764618 593.161743
0 1524826291 1358.690063 527.747375
0 1578529688 892.342407 585.233215
0 1478233207 469.403564 542.753235
0 1708834178 906.303833 541.073059
0 1478189153 478.280212 595.341614
0 1568499641 1000.619202 559.819031
0 1478245224 487.909485 536.413086
0 1524852325 1378.631104 532.626709
0 1478219190 472.655609 629.762695
0 1578525682 923.502014 570.436401
0 1478232206 469.526672 609.032104
0 1524818280 1349.690674 500.052765
0 1524850322 1419.712646 542.678955
0 1438996635 861.606140 537.827820
0 1524832299 1368.569580 504.433929
0 1478242220 461.248077 554.182800
0 1524789245 1510.868530 496.631653
0 1438999639 1038.657837 528.093628
0 1478196161 521.122620 550.899841
0 1478252234 580.808777 547.627258
0 1524803261 1377.694458 482.900909
0 1478211179 415.051849 618.925049
0 1578523680 956.556946 581.618896
0 1578530689 1009.265198 529.709656
0 1568508653 991.191650 514.294250
0 1524826290 1440.877441 547.857727
0 1524847319 1427.384644 518.083069
0 1524810270 1285.110229 493.044678
0 1524835302 1358.958130 510.483734
0 1524821284 1470.996948 488.125031
0 1524799257 1387.804565 508.897797
0 1478233208 518.138062 580.475037
0 1608354172 845.118103 568.491455
0 1524835303 1282.662598 509.144287
0 1478251232 545.984741 533.253784
0 1524812273 1319.950439 518.268188
0 1706512175 1058.698975 544.380188
0 1438986622 958.282471 595.129150
0 1478211180 463.839752 571.353760
0 1524823286 1443.113525 489.645844
0 1478223195 562.766663 554.257874
0 1478244223 494.709045 569.647095
0 1438987623 892.046936 572.195984
0 1478193157 486.666809 582.225037
0 1478198164 480.202972 547.600281
0 1524862339 1387.220459 492.694336
0 1478236212 574.571899 589.955139
0 1478240217 580.924377 576.983765
0 1478214183 422.134705 567.765869
0 1578521678 977.850464 520.386658
0 1524844314 1398.967896 537.602966
0 1524848320 1322.669312 485.886749
0 1524806265 1378.299927 515.051331
0 1524787243 1447.751099 522.809448
0 1478241219 510.431793 593.543091
0 1524799256 1349.148193 516.658508
0 1478190154 535.193787 605.335938
0 1478226198 498.428467 587.826538
0 1478208176 413.813324 598.947815
0 1478214184 605.154358 557.675781
0 2084722944 907.473206 565.013855
0 1578522679 981.882019 542.713196
0 1524825289 1502.743286 502.578552
0 1774531078 993.409546 525.004150
0 1525674169 998.117615 547.739075
0 1478197162 360.257874 589.254089
0 1524815276 1339.133545 522.962097
0 1768901071 973.604065 587.385864
0 1578526684 953.320251 556.276489
0 1478182144 441.896210 560.903198
0 1524853326 1409.956299 549.592712
0 1478218189 612.239563 575.242493
0 1578513667 921.670410 546.042053
0 1438983618 891.491943 547.710449
0 1478224196 549.557190 578.727966
0 1478247227 391.459198 569.457031
0 1524792248 1333.161865 465.799164
0 1524795252 1482.496216 498.187317
0 1524808267 1359.210571 494.222046
0 1478191155 502.388641 607.182373
0 1524856330 1477.343140 521.168762
0 1478236211 557.375366 537.955139
0 1478258242 349.956421 583.675903
0 1478212181 542.528992 591.747620
0 1478185147 556.297302 566.242126
0 1568502645 933.924255 517.417664
0 1568508652 906.876526 552.797852
0 1438984619 830.989258 551.055481
0 1659977623 936.741455 545.208801
0 1478209177 450.517639 549.223572
0 1438982617 951.800415 544.376282
0 1524805264 1332.188354 480.352966
0 1771287074 932.872070 507.038391
0 2087111947 939.859802 575.970215
0 1524817279 1368.626709 539.295105
0 1524795251 1418.111572 524.452820
0 1478230204 506.306946 575.007202
0 1478230203 381.329529 581.936462
0 1524847318 1396.271240 486.997406
0 1578516671 890.739197 514.498840
0 1568513659 967.753235 549.422607
0 1578529687 947.589600 511.406128
0 1524819282 1388.424683 526.098755
0 1478253235 530.209656 586.054077
0 1524836304 1397.116943 502.868683
0 1478243221 401.950348 574.775391
0 1568501644 816.463379 546.026062
0 1438998637 975.950195 509.863251
0 1524816278 1295.095459 487.382996
0 1705773174 1031.565186 558.093201
0 1524845316 1494.450684 508.647797
0 1524842312 1485.985840 514.843201
0 1568507651 1055.088501 532.870361
0 1438999638 924.477112 583.424500
0 1478252233 592.864258 552.603088
0 1438993630 988.581970 579.816345
0 1478237214 448.368286 617.043823
0 1524857332 1377.416870 468.159882
0 1478248228 525.528198 567.943237
0 1478225197 493.985931 621.431274
0 1524859335 1436.466431 511.844543
0 1524832298 1407.406128 513.446655
0 1478200166 450.817902 638.292297
0 1478250231 539.434692 544.361206
0 1478245225 436.607758 610.884949
0 1438995633 1045.277710 551.163025
0 1524804263 1368.543335 488.505829
0 1524839308 1416.606201 507.314301
0 1524849321 1292.965454 503.154785
0 1568512658 1028.432861 546.058289
0 1568514661 964.236389 526.603699
0 1478231205 516.969421 534.832214
0 1773608077 969.621948 561.547791
0 1438977615 890.980347 525.137085
0 1524834301 1359.448853 478.877411
0 1607644171 846.457886 544.372437
0 1524800258 1465.481323 510.244934
0 1568504647 941.202515 589.215515
0 1568500642 936.155396 539.427307
0 1478256239 513.865234 562.708679
0 1524815277 1304.887817 481.830688
0 1568503646 904.716003 508.566193
0 1478220191 425.091949 604.854248
0 1478207174 472.186096 559.237854
0 1524841311 1395.472656 472.012054
0 1478213182 457.678467 603.025818
0 1524813274 1340.774048 490.016510
0 1568516663 908.095459 577.752563
0 1578517672 925.495422 596.986511
0 1578527685 831.934509 539.459167
0 1478240218 532.621216 555.915222
0 1478215185 481.626495 615.165833
0 1524838307 1314.492798 476.384583
0 1478197163 502.427734 557.575256
0 1478221192 550.989197 549.262268
0 1524819281 1456.708374 516.461853
0 2086284946 965.959534 537.784180
0 1524824288 1309.622925 524.593628
0 1524802260 1342.235962 460.654083
0 1478226199 475.139587 576.735229
0 1578518673 860.539124 573.958435
0 1438981616 1017.551880 565.175293
0 1478238215 514.826477 613.291199
0 1609135173 962.579834 515.854797
0 1524837305 1350.685669 469.599762
0 1524793249 1331.158325 495.752014
0 1568515662 960.985901 505.512817
0 1568516664 1022.537292 523.407043
0 1438991628 1006.718018 518.808105
0 1478249230 555.103882 597.559204
0 1438996634 984.022949 554.569214
0 1578519675 830.004700 563.133484
0 1524829295 1423.957642 485.491241
0 1524864341 1350.202393 484.392731
0 1478255238 426.717560 625.242004
0 1438993631 946.291260 501.240784
0 1524788244 1312.962891 491.529480
0 1772785076 908.744873 591.048279
0 1524828293 1368.597168 521.333191
0 1478203171 403.631714 612.741028
0 1524798255 1438.603516 529.291931
0 1478199165 466.594025 589.601990
0 1578528686 950.340942 532.949280
0 1478192156 434.706146 591.380371
0 1478228201 509.841888 545.979492
0 1772037075 1025.426025 534.505676
0 1578515670 919.981812 523.551208
0 1524851323 1377.988403 498.505341
0 1478218188 381.497742 600.755493
0 1478202169 544.343811 561.028320
0 1478254236 370.769440 594.946167
0 1478246226 438.636749 631.696289
0 1524809269 1415.188110 491.168945
0 1524822285 1429.259399 535.913513
0 1524841310 1264.537964 504.709320
0 1478235210 370.929993 576.490356
0 1578515669 800.664734 552.731995
0 1524854328 1406.242920 496.960266
0 0 1335.900879 612.113586
0 1 887.731201 369.861877
0 2 964.531189 401.722321
0 3 639.489563 600.448914
0 4 750.053101 420.465637
0 5 1105.339966 406.876221
0 6 704.298584 682.150024
0 7 626.775879 522.882080
0 8 602.698486 512.522705
0 9 690.206543 470.455383
0 10 562.637817 486.188690
0 11 870.207031 398.973175
0 12 527.428467 722.536438
0 13 982.823059 388.657288
0 14 518.546692 671.725098
0 15 1065.447510 414.585114
0 16 1272.137695 435.152039
0 17 363.232758 595.429810
0 18 1200.160522 423.832611
0 19 1031.905640 423.847046
0 20 636.696533 481.280060
0 21 1069.539673 603.024109
0 22 593.890137 497.552429
0 23 559.852661 763.931213
0 24 1026.558716 384.390900
0 25 1213.528809 463.892242
0 26 1167.151489 453.752472
0 27 731.100098 449.254639
0 28 996.886597 376.797302
0 29 503.447571 492.956451
0 30 587.504395 467.994629
0 31 1156.298828 414.606506
0 32 1264.914185 457.041992
0 33 1235.806396 511.241455
0 34 1121.577271 425.380615
0 35 807.265503 423.413818
0 36 1164.053345 541.920959
0 37 1322.840088 470.617676
0 38 1358.823364 459.295135
0 39 1184.700073 439.617584
