0 1578512666 1003.340515 618.287476
0 1524823287 1814.996704 816.906799
0 1478234209 775.571228 391.093903
0 1707269176 1005.629883 520.863098
0 1438989626 1153.253540 634.338013
0 1524801259 1538.252197 791.471252
0 1438992629 1090.382690 602.752441
0 1478227200 666.041931 400.374237
0 1524854327 1505.189453 726.254761
0 1478249229 596.942932 409.505463
0 1524807266 1535.313354 952.080139
0 1524863340 1834.267456 895.929443
0 1524831297 1620.147705 953.010254
0 1478229202 661.112000 409.001801
0 1568509654 1089.168945 587.817566
0 1524790246 1793.290771 895.562622
0 1578523681 1108.409058 508.315399
0 1478207175 629.162048 392.330475
0 1524861337 1762.620361 748.018799
0 1478210178 700.402161 375.662659
0 1524862338 1509.607544 893.023376
0 1478186149 691.724121 391.802124
0 1524797254 1705.476074 953.945740
0 1578518674 1005.335754 533.378845
0 1438985621 1083.703247 520.561951
0 1524857331 1759.527344 792.681396
0 1478203170 680.057739 375.846008
0 1438994632 974.926392 602.868042
0 1578520676 1121.196533 618.232910
0 1478237213 776.653564 445.138367
0 1568511657 975.793396 587.989929
0 1775370079 1002.963623 634.323669
0 1478195160 802.563538 374.742004
0 1568510655 974.027039 618.301086
0 1478257240 757.673096 435.602814
0 1578521677 950.209290 559.851379
0 1524794250 1691.655151 747.738342
0 1524812272 1562.552368 768.928711
0 1769859072 1004.391052 573.581360
0 1578525683 1062.147827 618.260254
0 1770636073 951.452515 546.481140
0 1524846317 1813.312744 924.683594
0 1524833300 1574.900269 791.671692
0 1568511656 1134.147095 508.205261
0 1438985620 1085.777222 546.082153
0 1478185148 782.072510 374.926666
0 1707993177 902.188660 521.262085
0 1478189152 753.778381 445.288147
0 1524791247 1774.258423 867.880981
0 1524830296 1752.427734 895.196838
0 2088218948 1058.811646 546.162231
0 1524827292 1776.890747 816.667480
0 1606348170 1057.631592 520.662537
0 1524855329 1475.548218 814.775330
0 1478183145 772.980469 455.118073
0 1438990627 976.629883 573.637451
0 1524840309 1742.945923 769.775513
0 1478222194 717.103516 426.513611
0 1709860179 883.854431 634.312317
0 1478188151 645.470215 436.375580
0 1438988624 1031.896484 546.242188
0 1478243222 594.675476 446.329895
0 1524843313 1897.576904 925.520508
0 1524844315 1662.749878 953.477295
0 1524858333 1854.240479 868.522217
0 1524811271 1486.358765 839.611450
0 1524859334 1834.144165 842.090454
0 1478216186 761.456787 426.193542
0 1524851324 1677.267700 726.812622
0 1524814275 1491.012329 768.592957
0 1578514668 952.654053 533.559082
0 1478184146 735.161560 435.757843
0 1524829294 1734.429443 867.561646
0 1478176143 662.644043 445.884888
0 1524860336 1455.373535 768.425659
0 1478222193 634.326294 418.034637
0 1438997636 1087.998291 573.412415
0 1478194158 708.138123 445.587006
0 1478201168 649.985413 392.154633
0 1478187150 758.133850 383.083801
0 1478205172 670.839355 391.978485
0 1524838306 1590.101562 893.743896
0 1568514660 980.404724 508.863159
0 1524865342 1436.921265 726.033447
0 2085418945 893.667419 573.805115
0 1524808268 1526.738647 768.760620
0 1478200167 708.404968 400.028931
0 1478194159 644.907776 400.546509
0 1568501643 978.970764 533.468994
0 1478239216 726.592712 455.405548
0 1524820283 1550.744995 747.181458
0 1438989625 924.737915 546.560486
0 1568505649 1031.749390 533.288452
0 1478255237 799.626587 382.721466
0 1524804262 1445.946167 746.767212
0 1568506650 926.385620 533.648926
0 1478217187 790.327209 407.987671
0 1568505648 923.033081 559.919373
0 1568497640 1031.469604 508.644653
0 1578511665 1005.914490 508.753967
0 1478258241 733.585876 391.448547
0 1524796253 1615.586182 866.608765
0 1478206173 623.805054 400.718536
0 1524826291 1524.596558 839.884033
0 1578529688 891.346069 588.118286
0 1478233207 741.178711 375.295197
0 1708834178 1005.031616 546.321960
0 1478189153 650.832214 426.991882
0 1568499641 1032.713989 618.273926
0 1478245224 761.610962 375.111084
0 1524852325 1536.888916 865.977783
0 1478219190 588.332031 456.262482
0 1578525682 947.588928 588.032837
0 1478232206 623.135803 436.529388
0 1524818280 1611.640381 791.872620
0 1524850322 1563.375000 922.201355
0 1438996635 979.699524 520.963074
0 1524832299 1625.445190 815.716492
0 1478242220 716.761658 383.445068
0 1438999639 1148.460205 602.694214
0 1478196161 750.894775 399.682556
0 1478252234 787.053040 416.883514
0 1524803261 1722.415771 792.478455
0 1478211179 584.869324 427.467957
0 1578523680 944.773315 618.314697
0 1578530689 1117.652954 587.774231
0 1568508653 1141.897827 559.371399
0 1524826290 1577.669067 952.544495
0 1524847319 1671.040283 894.468384
0 1524810270 1539.443604 726.365784
0 1524835302 1587.826904 815.480347
0 1524821284 1875.358154 896.297241
0 1524799257 1639.913452 840.705994
0 1478233208 694.978699 426.673309
0 1608354172 898.073059 546.639709
0 1524835303 1480.795532 746.904968
0 1478251232 796.610474 390.916260
0 1524812273 1501.695923 791.271362
0 1706512175 1123.069824 634.335205
0 1438986622 913.539001 634.315186
0 1478211180 687.207642 400.201721
0 1524823286 1814.195312 868.201172
0 1478223195 765.134155 417.048706
0 1478244223 704.053284 408.664795
0 1438987623 921.268188 573.749268
0 1478193157 677.795166 417.707001
0 1478198164 737.432739 383.264587
0 1524862339 1700.973022 816.190796
0 1478236212 703.455505 455.548981
0 1478240217 730.939941 445.437683
0 1478214183 675.509644 383.805298
0 1578521678 1114.356812 559.440308
0 1524844314 1549.799194 893.383118
0 1524848320 1621.030762 747.459229
0 1524806265 1601.373535 840.431274
0 1524787243 1687.812378 923.437134
0 1478241219 667.839966 436.221497
0 1524799256 1550.304688 815.244751
0 1478190154 657.293884 455.835083
0 1478226198 672.888306 426.832733
0 1478208176 618.300354 409.337830
0 1478214184 780.220398 435.447510
0 2084722944 948.922241 573.693420
0 1578522679 1060.741089 587.860840
0 1524825289 1877.631104 955.833130
0 1774531078 1115.975586 573.355835
0 1525674169 1061.431519 602.781372
0 1478197162 613.855713 384.343719
0 1524815276 1512.878662 815.009705
0 1768901071 943.285217 634.317993
0 1578526684 1004.053467 587.946960
0 1478182144 696.120728 383.625336
0 1524853326 1522.129639 921.791687
0 1478218189 749.767700 455.261902
0 1578513667 1004.716858 559.714905
0 1438983618 978.217041 546.401611
0 1478224196 712.685547 435.912628
0 1478247227 659.742371 376.029083
0 1524792248 1711.927002 726.924927
0 1524795252 1855.384766 925.101440
0 1524808267 1648.472656 792.074036
0 1478191155 639.951599 446.033447
0 1524856330 1748.326660 954.415527
0 1478236211 793.511841 399.335205
0 1478258242 619.198914 376.394470
0 1478212181 685.372864 445.736053
0 1478185147 739.262878 426.353699
0 1568502645 1084.722778 533.107178
0 1568508652 977.437256 559.783203
0 1438984619 927.979004 521.162598
0 1659977623 1018.334412 566.556213
0 1478209177 720.775818 375.479095
0 1438982617 1032.206177 573.525146
0 1524805264 1656.300415 747.598572
0 1771287074 1109.822021 520.461182
0 2087111947 946.206848 602.896790
0 1524817279 1497.698608 865.663574
0 1524795251 1630.515015 894.105591
0 1478230204 699.579590 417.542786
0 1478230203 634.377258 384.164520
0 1524847318 1738.882812 816.428894
0 1578516671 1057.070435 508.535095
0 1568513659 1032.369385 587.903931
0 1578529687 1111.282715 533.016357
0 1524819282 1576.184692 866.292908
0 1478253235 690.244995 436.067200
0 1524836304 1678.554932 840.981445
0 1478243221 654.928528 383.985046
0 1568501644 929.520874 509.080872
0 1438998637 1139.860352 545.921509
0 1524816278 1573.778198 726.477112
0 1705773174 1062.891357 634.329407
0 1524845316 1834.403564 955.359192
0 1524842312 1791.302246 954.886658
0 1568507651 1150.811890 618.219177
0 1438999638 917.544800 602.925476
0 1478252233 783.685425 426.033112
0 1438993630 973.093384 634.320801
0 1478237214 600.836426 436.682953
0 1524857332 1779.291870 769.946106
0 1478248228 721.397583 417.378357
0 1478225197 611.281982 456.120239
0 1524859335 1711.677734 894.832092
0 1524832298 1655.093750 866.925598
0 1478200166 565.419189 456.404480
0 1478250231 772.187378 399.509003
0 1478245225 606.822815 427.309509
0 1438995633 1092.949097 634.332275
0 1524804263 1685.397705 792.276001
0 1524839308 1694.708130 867.243164
0 1524849321 1515.728394 747.043091
0 1568512658 1091.641846 618.246643
0 1568514661 1086.868408 559.509155
0 1478231205 778.865173 382.902771
0 1773608077 1003.703491 602.839172
0 1438977615 1031.607178 520.762878
0 1524834301 1706.689575 769.605286
0 1607644171 953.815979 521.062927
0 1524800258 1771.360474 924.266968
0 1568504647 915.579163 618.328186
0 1568500642 1032.048584 559.646423
0 1478256239 725.572754 408.495911
0 1524815277 1608.193604 726.588684
0 1568503646 1082.716797 508.425323
0 1478220191 612.641785 418.198090
0 1478207174 712.639587 391.625458
0 1524841311 1796.732544 792.884827
0 1478213182 628.810364 427.150818
0 1524813274 1634.443970 769.266174
0 1568516663 919.439880 588.075623
0 1578517672 886.444519 618.341675
0 1578527685 954.940186 508.972107
0 1478240218 747.124817 408.326721
0 1478215185 617.295410 446.181793
0 1524838307 1642.689941 726.700562
0 1478197163 729.633972 399.855896
0 1478221192 768.709656 408.157349
0 1524819281 1729.527222 923.851440
0 2086284946 1060.075195 573.468811
0 1524824288 1465.230835 791.071960
0 1524802260 1746.668213 727.037598
0 1478226199 682.566406 408.833435
0 1578518673 895.908325 559.987305
0 1438981616 1032.896240 634.326538
0 1478238215 634.269226 455.977753
0 1609135173 1112.793335 546.001892
0 1524837305 1727.094971 747.878418
0 1524793249 1598.454102 769.097229
0 1568515662 1137.891724 532.925293
0 1568516664 1146.193604 587.730835
0 1438991628 1144.007446 573.299194
0 1478249230 680.355896 455.692139
0 1438996634 1032.538452 602.810303
0 1578519675 900.165283 533.738647
0 1524829295 1795.092529 841.812134
0 1524864341 1670.522339 769.435547
0 1478255238 578.572266 436.836273
0 1438993631 1135.988403 520.360229
0 1524788244 1585.845825 747.320190
0 1772785076 888.940063 602.954102
0 1524828293 1562.934570 840.157288
0 1478203171 590.990479 418.361267
0 1524798255 1646.215820 923.024109
0 1478199165 656.044067 417.870941
0 1578528686 1059.432373 559.577881
0 1478192156 639.690002 409.169952
0 1478228201 754.563049 391.271362
0 1772037075 1119.392212 602.723328
0 1578515670 1058.211670 533.197876
0 1524851323 1663.160645 815.953369
0 1478218188 602.733765 400.890289
0 1478202169 743.249084 417.213654
0 1478254236 608.369263 392.506104
0 1478246226 572.091614 446.477783
0 1524809269 1756.144043 841.534485
0 1524822285 1604.736816 922.612122
0 1524841310 1471.015381 726.143982
0 1478235210 639.456116 376.211914
0 1578515669 904.146606 509.189453
0 1524854328 1717.298340 841.257629
0 0 1496.907104 494.887115
0 1 886.483398 349.613403
0 2 1326.416260 349.930420
0 3 1600.149658 568.976196
0 4 985.733093 333.135651
0 5 1262.202637 360.663025
0 6 1592.451538 873.993652
0 7 855.397278 336.609436
0 8 799.050659 451.092712
0 9 230.372055 823.674255
0 10 911.553833 331.418488
0 11 924.126465 369.019501
0 12 968.230713 878.158386
0 13 1474.026489 399.606323
0 14 765.032166 859.488403
0 15 1450.107056 463.974243
0 16 1455.246460 435.880402
0 17 129.969803 805.019226
0 18 743.217957 369.991791
0 19 1490.776855 680.457397
0 20 304.230164 770.331909
0 21 798.884094 691.621765
0 22 380.887451 611.880859
0 23 1094.667725 889.286377
0 24 848.522949 378.621033
0 25 1448.040039 730.292175
0 26 1399.243774 507.307373
0 27 984.213318 374.935486
0 28 332.421051 589.898987
0 29 712.923584 489.973663
0 30 1219.391968 342.851044
0 31 1444.817383 371.319641
0 32 1412.815308 682.535522
0 33 1258.678589 731.699707
0 34 1472.715698 524.519226
0 35 1315.635620 371.458679
0 36 1136.739014 335.822113
0 37 1348.003052 704.483093
0 38 525.325806 573.980164
0 39 1560.830322 660.326965
