0 1578512666 917.536987 700.114624
0 1707269176 633.191284 704.507568
0 1438989626 956.422791 570.256592
0 1438992629 881.145813 619.744019
0 1568509654 843.181091 620.327576
0 1578523681 622.278625 599.035095
0 1578518674 673.821899 703.879883
0 1438985621 653.314941 623.245667
0 1438994632 875.385376 730.313354
0 1578520676 919.586670 594.472839
0 1568511657 833.803711 730.957031
0 1775370079 958.144775 699.487305
0 1568510655 916.963562 729.669800
0 1578521677 745.970215 763.309631
0 1769859072 795.694092 701.997009
0 1578525683 918.607422 644.945740
0 1770636073 703.363281 763.970398
0 1568511656 628.934570 575.274353
0 1438985620 729.269958 622.078308
0 1707993177 601.541321 832.314331
0 2088218948 724.549316 647.933228
0 1606348170 646.905334 649.128540
0 1438990627 792.218628 731.600708
0 1709860179 959.840332 826.733826
0 1438988624 719.614136 674.963806
0 1578514668 660.752747 764.631226
0 1438997636 805.213562 620.911011
0 1568514660 584.242126 734.819824
0 2085418945 780.722534 829.523621
0 1568501643 667.442932 733.531982
0 1438989625 697.404419 796.607361
0 1568505649 679.910706 675.576111
0 1568506650 653.727905 797.286194
0 1568505648 741.077209 795.928650
0 1568497640 600.494629 676.800842
0 1578511665 592.557434 705.135315
0 1578529688 825.507874 828.826111
0 1708834178 714.449219 703.252197
0 1568499641 918.084351 671.903137
0 1578525682 831.173340 761.988220
0 1438996635 625.844238 734.175842
0 1438999639 883.665894 571.371399
0 1578523680 916.362183 760.667053
0 1578530689 845.276001 595.613159
0 1568508653 774.510986 573.043823
0 1608354172 691.139832 830.918823
0 1706512175 956.737915 593.902771
0 1438986622 959.384644 792.535950
0 1438987623 784.746216 795.250000
0 1578521678 770.954407 596.753662
0 2084722944 788.573547 762.648865
0 1578522679 840.993042 646.140564
0 1774531078 808.116577 596.183350
0 1525674169 879.801697 645.543091
0 1768901071 958.951233 760.006470
0 1578526684 836.311646 701.369507
0 1578513667 755.073303 702.624573
0 1438983618 709.038269 732.888123
0 1568502645 691.293884 622.661987
0 1568508652 750.630188 732.244385
0 1438984619 610.047546 797.965027
0 1659977623 777.295410 688.015625
0 1438982617 799.011475 673.739441
0 1771287074 659.451660 598.464661
0 2087111947 873.769592 761.327576
0 1578516671 608.078857 649.726257
0 1568513659 838.705566 673.127258
0 1578529687 696.621948 597.894287
0 1568501644 566.363525 798.643982
0 1438998637 738.120789 573.601440
0 1705773174 957.410095 644.348328
0 1568507651 920.045715 570.814026
0 1438999638 872.072998 793.892822
0 1438993630 958.538391 729.026306
0 1438995633 957.066711 618.577209
0 1568512658 919.107666 619.160583
0 1568514661 767.243164 621.494629
0 2079485312 777.287903 687.957947
0 1773608077 876.925964 700.742065
0 1438977615 640.204224 676.188477
0 1607644171 618.138672 765.292175
0 1568504647 915.730713 793.214355
0 1568500642 759.314331 674.351562
0 1568503646 615.333130 623.829468
0 1568516663 828.411499 794.571411
0 1578517672 915.066833 827.431152
0 1578527685 575.520996 765.953064
0 2086284946 802.181458 646.738037
0 1578518673 735.933167 830.221191
0 1438981616 957.769104 671.291138
0 1609135173 733.789551 597.323914
0 1568515662 701.728027 574.158997
0 1568516664 847.283569 571.928833
0 1438991628 810.898560 572.486267
0 1438996634 878.396545 672.515198
0 1578519675 646.342590 831.616516
0 1438993631 665.332581 574.716614
0 1772785076 870.289368 828.128601
0 1578528686 763.366882 647.335632
0 1772037075 882.432678 595.042969
0 1578515670 685.728760 648.530823
0 1578515669 556.736206 833.012146
0 0 1005.468384 830.343506
0 1 1024.036133 426.069122
0 2 975.893311 383.504578
0 3 877.429871 420.928497
0 4 529.997620 573.120361
0 5 268.739288 1033.714478
0 6 613.349670 508.022675
0 7 521.209778 517.896790
0 9 555.925964 420.571442
