0 1578512666 967.250183 385.327667
0 1524823287 782.668884 256.030304
0 1478234209 860.326843 637.361938
0 1707269176 869.719849 431.434723
0 1438989626 900.214966 356.653748
0 1524801259 857.293579 281.302979
0 1438992629 905.188782 377.086273
0 1478227200 1000.679871 676.294739
0 1524854327 821.817261 293.852814
0 1478249229 1098.499878 695.601318
0 1524807266 948.628601 264.005310
0 1524863340 828.117371 248.137726
0 1524831297 922.918823 258.087799
0 1478229202 1019.283142 662.612671
0 1568509654 891.684631 383.068604
0 1524790246 840.003479 250.949326
0 1578523681 788.004272 416.427399
0 1478207175 1034.372803 713.604004
0 1524861337 747.232361 267.244690
0 1478210178 915.292236 708.222961
0 1524862338 927.655457 271.682800
0 1478186149 956.012634 679.277771
0 1524797254 897.867493 252.321823
0 1578518674 884.611328 424.394806
0 1438985621 819.587830 415.007080
0 1524857331 782.889709 262.669678
0 1478203170 941.071411 720.134644
0 1438994632 971.124939 396.448883
0 1578520676 902.656006 366.681488
0 1478237213 949.585632 559.469177
0 1568511657 957.885498 402.851013
0 1775370079 979.999939 379.300293
0 1478195160 795.875122 653.044556
0 1568510655 984.077881 390.185272
0 1478257240 954.220825 578.510620
0 1578521677 947.927246 421.484894
0 1524794250 771.150330 273.415955
0 1524812272 832.823242 282.144928
0 1769859072 927.304993 404.211609
0 1578525683 934.423157 375.851624
0 1770636073 933.842896 428.455048
0 1524846317 850.824646 247.418396
0 1524833300 844.472473 278.092133
0 1568511656 772.110779 411.116608
0 1438985620 849.382080 401.808350
0 1478185148 818.573120 663.532471
0 1707993177 940.940186 454.772766
0 1478189152 971.404968 567.739929
0 1524791247 829.003113 254.538712
0 1524830296 852.042358 253.797043
0 2088218948 865.689026 406.953033
0 1524827292 794.480408 258.945496
0 1606348170 836.002380 420.385925
0 1524855329 894.807556 283.707153
0 1478183145 966.412109 549.225647
0 1438990627 944.349915 409.396332
0 1524840309 771.101807 266.457214
0 1478222194 982.184387 607.711121
0 1709860179 1048.730347 398.809113
0 1478188151 1071.698486 624.063049
0 1438988624 882.280884 412.187653
0 1478243222 1138.707153 631.157104
0 1524843313 827.256958 241.919800
0 1524844315 910.312439 255.186218
0 1524858333 805.327454 248.859695
0 1524811271 905.948425 279.628876
0 1524859334 794.091553 252.415451
0 1478216186 936.536194 589.595154
0 1524851324 758.974792 277.388824
0 1524814275 858.710449 288.724670
0 1578514668 919.429688 435.587952
0 1478184146 976.655640 587.209839
0 1524829294 841.071045 257.433441
0 1478176143 1063.705078 602.726990
0 1524860336 871.925232 292.083466
0 1478222193 1062.859863 659.746399
0 1438997636 877.888550 389.180176
0 1478194158 1016.516541 584.839783
0 1478201168 1007.575745 701.865295
0 1478187150 862.938416 660.657837
0 1478205172 981.464294 690.427063
0 1524838306 901.786072 265.563568
0 1568514660 871.862610 444.448639
0 1524865342 848.205688 300.766235
0 2085418945 997.310486 425.505829
0 1524808268 845.677612 285.412109
0 1478200167 950.733521 654.969116
0 1478194159 1026.608032 687.365295
0 1568501643 901.863892 429.941040
0 1478239216 1010.282837 565.490479
0 1524820283 820.967163 286.269623
0 1438989625 951.652649 434.073883
0 1568505649 867.663757 418.946594
0 1478255237 817.176392 640.076843
0 1524804262 860.172974 296.385498
0 1568506650 937.317261 441.338348
0 1478217187 877.289368 603.481445
0 1568505648 965.657959 426.976654
0 1568497640 837.409424 432.936127
0 1578511665 854.478760 438.639862
0 1478258241 906.990784 657.803406
0 1524796253 878.231934 266.347107
0 1478206173 1053.205688 698.721802
0 1524826291 892.848206 276.441742
0 1578529688 1010.603271 418.604370
0 1478233207 865.702026 685.309082
0 1708834178 899.165283 417.514526
0 1478189153 1054.766235 636.516113
0 1568499641 950.700928 380.550446
0 1478245224 841.841492 674.283997
0 1524852325 903.835388 272.488556
0 1478219190 1154.257812 618.868591
0 1578525682 975.153259 408.011047
0 1478232206 1096.880371 633.827393
0 1524818280 831.824036 274.924500
0 1524850322 925.251526 264.782959
0 1438996635 887.038818 437.109924
0 1524832299 843.304016 270.995636
0 1478242220 911.021179 682.282471
0 1524789245 837.959167 238.532928
0 1438999639 873.821106 367.874969
0 1478196161 903.181213 634.665649
0 1478252234 896.155823 591.996033
0 1524803261 794.880981 265.672699
0 1478211179 1132.770874 667.473145
0 1578523680 1001.191040 395.125275
0 1578530689 875.816528 378.326813
0 1568508653 832.103943 385.610809
0 1524826290 935.689758 261.027252
0 1524847319 876.590454 259.603699
0 1524810270 808.898682 290.468292
0 1524835302 855.920227 274.109406
0 1524821284 816.381104 245.361603
0 1524799257 854.588501 267.133636
0 1478233208 1005.811035 617.087708
0 1608354172 969.787781 439.795349
0 1524835303 846.921448 292.966370
0 1478251232 837.826477 627.505554
0 1524812273 870.290894 284.557953
0 1706512175 915.662048 361.038330
0 1438986622 1031.111694 393.808075
0 1478211180 975.396179 665.499390
0 1524823286 817.089539 251.681046
0 1478223195 918.328674 601.007324
0 1478244223 969.663513 641.949341
0 1438987623 979.344604 420.040985
0 1478193157 1012.361633 639.223328
0 1478198164 886.678833 671.334778
0 1524862339 818.570496 264.891174
0 1478236212 1032.948120 573.893555
0 1478240217 993.709839 576.194763
0 1478214183 961.605713 705.032349
0 1578521678 847.814026 390.476715
0 1524844314 914.634888 268.602844
0 1524848320 795.719604 279.755310
0 1524806265 867.171692 270.194977
0 1524787243 887.317322 255.932526
0 1478241219 1047.104980 614.526794
0 1524799256 868.707214 277.265350
0 1478190154 1079.820923 591.271423
0 1478226198 1029.998413 626.686707
0 1478208176 1071.423462 684.325806
0 1478214184 932.281433 570.003540
0 2084722944 961.693848 414.671967
0 1578522679 907.818665 387.889832
0 1524825289 849.641663 241.221848
0 1774531078 861.965332 384.336670
0 1525674169 921.262756 381.806519
0 1478197162 1042.618042 741.466614
0 1524815276 881.668457 280.464325
0 1768901071 1013.788513 388.891022
0 1578526684 940.911987 397.778961
0 1478182144 935.988708 693.511353
0 1524853326 938.231384 267.811340
0 1478218189 988.109436 557.269836
0 1578513667 913.392822 410.788513
0 1438983618 916.349915 422.936157
0 1478224196 999.602539 596.107605
0 1478247227 967.541748 732.365601
0 1524792248 746.913757 274.228973
0 1524795252 838.966614 244.651794
0 1524808267 819.344971 271.799316
0 1478191155 1088.123535 611.982910
0 1524856330 885.580933 249.493866
0 1478236211 857.854980 615.312683
0 1478258242 1022.670471 757.838684
0 1478212181 1039.842285 593.681641
0 1478185147 959.098816 598.549377
0 1568502645 834.651306 408.334015
0 1568508652 930.508240 416.089661
0 1438984619 922.640015 448.776001
0 1659977623 911.958069 404.894440
0 1478209177 890.177551 696.618408
0 1438982617 910.551270 399.115509
0 1524805264 783.351929 276.564209
0 1771287074 803.458984 409.721832
0 2087111947 988.315796 401.497070
0 1524817279 916.896057 275.621368
0 1524795251 889.105713 262.564087
0 1478230204 988.013977 629.328247
0 1478230203 1014.892639 728.997437
0 1524847318 806.446594 261.898865
0 1578516671 820.645935 427.334595
0 1568513659 924.225464 392.792603
0 1578529687 818.571411 403.164734
0 1524819282 890.948547 269.397430
0 1478253235 1023.079468 605.210815
0 1524836304 842.170776 264.112549
0 1478243221 987.898071 716.856934
0 1568501644 907.608521 456.393158
0 1438998637 817.594238 391.779541
0 1524816278 796.158752 287.130585
0 1705773174 947.308655 370.021057
0 1524845316 861.470886 243.944519
0 1524842312 873.449707 246.701645
0 1568507651 887.153931 362.206543
0 1438999638 1005.804077 406.632629
0 1478252233 914.478760 580.841370
0 1438993630 996.753601 384.055756
0 1478237214 1122.672119 643.828186
0 1524857332 759.244202 263.443390
0 1478248228 964.239136 619.665833
0 1478225197 1128.869629 609.456055
0 1524859335 864.237000 256.681580
0 1524832298 865.682312 263.336884
0 1478200166 1180.249268 628.504822
0 1478250231 880.249756 624.874573
0 1478245225 1106.129761 656.900330
0 1438995633 931.357971 365.493500
0 1524804263 807.031677 268.715637
0 1524839308 853.296448 260.365906
0 1524849321 833.854126 289.594757
0 1568512658 918.410339 371.229248
0 1568514661 863.791016 395.425293
0 1478231205 839.777954 650.241638
0 1773608077 954.223938 391.485779
0 1438977615 852.710510 425.860931
0 1524834301 783.117249 269.511169
0 1607644171 904.675964 442.889374
0 1524800258 862.833740 250.220261
0 1568504647 1018.597046 400.149811
0 1568500642 896.573181 405.578949
0 1478256239 945.742615 631.987793
0 1524815277 783.593872 283.838745
0 1568503646 804.180176 421.832581
0 1478220191 1089.055420 670.392639
0 1478207174 931.195984 668.406677
0 1524841311 771.054749 259.705780
0 1478213182 1080.135986 646.584412
0 1524813274 807.634766 275.742767
0 1568516663 992.723267 413.261383
0 1578517672 1036.303467 405.261078
0 1578527685 889.569458 450.365417
0 1478240218 922.386292 622.261414
0 1478215185 1113.117432 621.457031
0 1524838307 771.200439 280.591766
0 1478197163 926.668945 644.694214
0 1478221192 899.574829 612.761902
0 1524819281 874.997009 253.058075
0 2086284946 894.081543 394.105774
0 1524824288 883.468262 287.857971
0 1524802260 735.013977 271.111359
0 1478226199 994.169800 652.154602
0 1578518673 983.708984 432.567627
0 1438981616 963.520569 374.622681
0 1478238215 1104.063843 600.259460
0 1609135173 833.352783 396.751282
0 1524837305 759.111572 270.309753
0 1524793249 820.143494 278.922089
0 1568515662 802.765930 398.083710
0 1568516664 860.207886 373.662567
0 1438991628 846.305237 379.573212
0 1478249230 1056.121582 582.485046
0 1438996634 937.605591 386.605713
0 1578519675 955.535461 447.195007
0 1524829295 805.878784 255.283142
0 1524864341 795.293884 272.606079
0 1478255238 1149.095947 654.074219
0 1438993631 787.608521 404.527832
0 1524788244 808.256836 282.990143
0 1772785076 1023.597534 411.857819
0 1524828293 879.923828 273.297455
0 1478203171 1115.914185 681.308289
0 1524798255 899.797729 258.844330
0 1478199165 1037.302856 649.359802
0 1578528686 880.041687 400.458649
0 1478192156 1045.026245 673.333069
0 1478228201 883.374817 647.458252
0 1772037075 889.377014 372.443054
0 1578515670 851.012939 413.593842
0 1524851323 830.855225 267.923157
0 1478218188 1080.499268 710.375305
0 1478202169 941.017029 610.228149
0 1478254236 1061.882690 725.654907
0 1478246226 1164.914429 641.091125
0 1524809269 817.819031 258.188049
0 1524822285 912.441406 261.794250
0 1524841310 834.918335 297.285156
0 1478235210 994.731567 744.929138
0 1578515669 925.989319 462.535095
0 1524854328 829.915344 261.130951
0 0 1246.407959 311.188477
0 1 724.604492 288.567566
0 2 1145.465210 345.181732
0 3 1464.867432 411.834351
0 4 888.801208 276.943268
0 5 790.902466 252.450500
0 6 1426.031006 463.796753
0 7 977.013794 299.959991
0 8 783.895447 289.124084
0 9 1073.007568 647.306885
0 10 762.252747 272.144867
0 11 652.086365 467.614288
0 12 1266.137817 572.211182
0 13 479.714783 341.151367
0 14 961.416565 581.353455
0 15 796.854553 272.922424
0 16 820.824097 242.202621
0 17 1172.682617 641.815552
0 18 750.414917 260.051758
0 19 1194.114014 353.235291
0 20 900.856445 552.086975
0 21 789.656799 571.652039
0 22 831.791138 544.003235
0 23 1036.144409 259.317596
0 24 572.158691 308.981262
0 25 1171.071899 372.008148
0 26 1169.224976 388.996979
0 27 724.558228 478.642822
0 28 703.362061 277.951447
0 29 634.998901 549.474365
0 30 493.989532 378.740265
0 31 416.034210 364.431793
0 32 1076.814331 451.610901
0 33 971.271484 496.782898
0 34 1179.174927 330.089600
0 35 774.372253 241.393326
0 36 845.688660 578.881348
0 37 1119.293457 384.004639
0 38 642.865784 300.693176
0 39 1156.977295 423.193207
