0 1578512666 994.353882 494.301605
0 1524823287 533.188171 374.939270
0 1478234209 1374.408936 890.066711
0 1707269176 975.769165 590.530579
0 1438989626 867.787354 477.333069
0 1524801259 676.104309 388.392731
0 1438992629 911.742798 503.357239
0 1478227200 1577.664795 875.305481
0 1524854327 655.701538 415.868896
0 1478249229 1691.812988 855.462219
0 1524807266 752.644043 341.101196
0 1524863340 577.491150 351.476166
0 1524831297 712.097107 339.921478
0 1478229202 1566.477295 847.490906
0 1568509654 907.906433 515.989868
0 1524790246 597.872498 352.093384
0 1578523681 851.751404 600.554382
0 1478207175 1677.349609 910.536438
0 1524861337 507.121185 401.107513
0 1478210178 1568.931763 964.791687
0 1524862338 742.351074 356.468872
0 1478186149 1545.904175 901.654602
0 1524797254 671.798950 338.749023
0 1578518674 978.721619 575.243225
0 1438985621 886.549133 586.317078
0 1524857331 546.151917 384.120544
0 1478203170 1614.991089 968.106567
0 1438994632 1018.928711 507.742737
0 1578520676 889.355835 490.102905
0 1478237213 1305.374512 736.409912
0 1568511657 1016.927368 520.555054
0 1775370079 996.658081 482.370941
0 1478195160 1343.095947 948.538025
0 1568510655 1020.862793 495.361633
0 1478257240 1346.604492 760.820496
0 1578521677 1041.229126 548.818542
0 1524794250 551.193909 402.618683
0 1524812272 647.356995 396.543793
0 1769859072 986.952454 532.625305
0 1578525683 941.648682 492.194000
0 1770636073 1039.523560 563.122559
0 1524846317 604.934692 344.449188
0 1524833300 654.265015 387.674744
0 1568511656 821.854187 599.106750
0 1438985620 895.558899 556.648987
0 1478185148 1387.678101 951.746643
0 1707993177 1096.606689 596.237183
0 1478189152 1341.797607 738.475769
0 1524791247 590.619080 359.944489
0 1524830296 618.317810 352.712555
0 2088218948 924.104980 557.932556
0 1524827292 554.313110 375.619476
0 1606348170 916.156799 587.715332
0 1524855329 725.825378 381.141998
0 1478183145 1301.594604 715.153503
0 1438990627 1014.855225 533.821472
0 1524840309 537.757629 392.864502
0 1478222194 1428.617920 788.841431
0 1709860179 1101.568115 486.472137
0 1478188151 1536.061035 771.869751
0 1438988624 952.773682 559.221741
0 1478243222 1602.272949 753.249329
0 1524843313 564.748535 343.256409
0 1524844315 691.917053 339.334381
0 1524858333 549.394043 358.670410
0 1524811271 731.486755 372.689423
0 1524859334 541.401978 366.693604
0 1478216186 1351.639038 784.222839
0 1524851324 542.612122 411.907745
0 1524814275 691.717407 398.033051
0 1578514668 1037.753906 577.963074
0 1478184146 1384.083374 763.006287
0 1524829294 611.330078 360.584564
0 1478176143 1489.443237 746.849854
0 1524860336 714.010803 398.781433
0 1478222193 1596.315430 823.543823
0 1438997636 903.935303 529.066528
0 1478194158 1415.226685 742.640503
0 1478201168 1633.260498 907.557373
0 1478187150 1424.507446 923.121277
0 1478205172 1589.446167 904.596802
0 1524838306 700.745300 355.208862
0 1568514660 1003.284973 607.891907
0 1524865342 701.491638 417.472778
0 2085418945 1099.264282 537.439941
0 1524808268 669.499634 397.287170
0 1478200167 1493.153076 869.766968
0 1478194159 1620.306641 878.100037
0 1568501643 1008.172852 576.600159
0 1478239216 1372.996826 719.093750
0 1524820283 640.247009 405.672119
0 1438989625 1068.690674 564.434082
0 1568505649 949.399170 573.892212
0 1478255237 1337.497681 917.055603
0 1524804262 707.843140 407.989838
0 1568506650 1067.465576 579.332031
0 1478217187 1322.366699 831.965698
0 1568505648 1069.871582 550.075867
0 1568497640 942.258301 604.936951
0 1578511665 972.702148 606.411072
0 1478258241 1459.626953 895.824890
0 1524796253 673.860229 362.517029
0 1478206173 1663.209106 880.911621
0 1524826291 710.091431 372.014526
0 1578529688 1099.870483 524.028259
0 1478233207 1477.714111 958.226624
0 1708834178 981.565796 560.516418
0 1478189153 1545.713135 795.866882
0 1568499641 967.949402 493.245728
0 1478245224 1432.549805 954.976074
0 1524852325 715.881409 363.815674
0 1478219190 1591.731445 731.164551
0 1578525682 1044.461914 521.708069
0 1478232206 1574.579712 774.116150
0 1524818280 632.498413 386.959167
0 1524850322 726.999268 348.072235
0 1438996635 1005.775574 591.947632
0 1524832299 639.506348 378.362610
0 1478242220 1512.624512 929.264160
0 1524789245 572.127136 335.849121
0 1438999639 858.788208 501.190613
0 1478196161 1409.655640 864.294983
0 1478252234 1317.810669 806.344604
0 1524803261 567.631287 384.826691
0 1478211179 1664.804932 803.012207
0 1578523680 1047.476562 496.425873
0 1578530689 880.927002 514.860107
0 1568508653 844.087341 540.164429
0 1524826290 732.339355 340.510437
0 1524847319 659.401733 353.956757
0 1524810270 632.926147 415.071167
0 1524835302 660.979675 379.054047
0 1524821284 557.173462 350.860840
0 1524799257 646.320923 370.003021
0 1478233208 1467.430908 791.170105
0 1608354172 1097.984619 565.751282
0 1524835303 685.233521 407.214600
0 1478251232 1332.191162 887.213989
0 1524812273 698.016663 389.113068
0 1706512175 893.363098 478.332886
0 1438986622 1075.187134 485.440796
0 1478211180 1535.281006 872.527832
0 1524823286 569.973877 359.306458
0 1478223195 1356.917603 808.759644
0 1478244223 1484.149414 842.254944
0 1438987623 1071.010376 536.228760
0 1478193157 1515.597412 818.559021
0 1478198164 1468.426270 926.182922
0 1524862339 596.770386 376.986572
0 1478236212 1408.977173 721.079346
0 1478240217 1378.414429 740.552612
0 1478214183 1601.870239 935.485718
0 1578521678 871.896240 541.385193
0 1524844314 721.515259 355.837891
0 1524848320 595.568237 404.140167
0 1524806265 667.508850 370.671356
0 1524787243 665.682373 346.252258
0 1478241219 1497.753784 769.635620
0 1524799256 682.523682 379.747711
0 1478190154 1481.503906 725.081665
0 1478226198 1506.462036 793.511963
0 1478208176 1649.785645 852.789246
0 1478214184 1309.328735 758.646545
0 2084722944 1042.874268 535.022583
0 1578522679 934.995544 517.124207
0 1524825289 591.939941 336.425568
0 1774531078 876.490784 527.890015
0 1525674169 938.378662 504.447052
0 1478197162 1737.902954 944.968933
0 1524815276 704.138855 380.443726
0 1768901071 1048.908936 484.413544
0 1578526684 989.505371 519.406799
0 1478182144 1557.104980 932.364990
0 1524853326 747.566040 348.682678
0 1478218189 1337.203125 717.118469
0 1578513667 984.307617 546.319824
0 1438983618 1010.482178 561.816650
0 1478224196 1421.766724 765.203979
0 1478247227 1661.354492 971.443481
0 1524792248 520.228516 411.123718
0 1524795252 584.810608 343.851868
0 1524808267 610.804199 386.245972
0 1478191155 1526.850952 748.971558
0 1524856330 651.742432 338.165497
0 1478236211 1327.154175 858.888306
0 1478258242 1755.006348 978.183716
0 1478212181 1452.235718 744.739563
0 1478185147 1390.021240 786.525696
0 1568502645 891.137573 571.207825
0 1568508652 1012.708069 547.566528
0 1438984619 1066.193359 594.800903
0 1659977623 971.611267 538.802856
0 1478209177 1523.173828 961.498413
0 1438982617 959.165405 531.434143
0 1524805264 573.343140 403.378113
0 1771287074 857.072571 584.925049
0 2087111947 1045.994995 508.850189
0 1524817279 736.993286 364.468140
0 1524795251 680.040894 354.581818
0 1478230204 1475.585693 816.088074
0 1478230203 1692.266479 941.787476
0 1524847318 575.507080 376.301910
0 1578516671 911.952515 603.469421
0 1568513659 962.194946 518.263184
0 1578529687 862.196716 569.874451
0 1524819282 694.837158 363.165314
0 1478253235 1459.656250 767.413696
0 1524836304 625.201477 369.336884
0 1478243221 1646.923218 938.626465
0 1568501644 1064.871460 610.874023
0 1438998637 838.831421 554.098206
0 1524816278 610.229858 414.276184
0 1705773174 944.811035 480.344116
0 1524845316 611.813232 337.003784
0 1524842312 631.747314 337.583740
0 1568507651 863.362610 489.063477
0 1438999638 1073.170532 509.962067
0 1478252233 1313.469482 781.932739
0 1438993630 1022.732727 483.390259
0 1478237214 1613.311401 776.375000
0 1524857332 516.057983 392.136017
0 1478248228 1435.803223 813.631287
0 1478225197 1554.795288 729.126221
0 1524859335 638.827454 353.333710
0 1524832298 652.950256 361.870819
0 1478200166 1628.863281 733.213623
0 1478250231 1368.281494 861.583496
0 1478245225 1624.882568 800.616943
0 1438995633 919.037476 479.336548
0 1524804263 589.181946 385.535187
0 1524839308 632.106995 361.226685
0 1524849321 662.701599 406.442017
0 1568512658 915.450989 491.146393
0 1568514661 899.821960 542.611023
0 1478231205 1380.865356 920.078796
0 1773608077 991.971008 506.639771
0 1438977615 945.896545 589.119812
0 1524834301 559.530212 393.595428
0 1607644171 1035.916626 593.371094
0 1524800258 625.121216 345.048340
0 1568504647 1074.195923 497.494324
0 1568500642 956.026978 545.078308
0 1478256239 1443.347656 839.659973
0 1524815277 587.612427 413.483978
0 1568503646 881.783875 602.008606
0 1478220191 1637.026123 826.057983
0 1478207174 1502.632080 898.730713
0 1524841311 524.743469 383.416748
0 1478213182 1585.186035 798.235229
0 1524813274 603.295532 395.064636
0 1568516663 1072.109253 522.865784
0 1578517672 1101.021484 498.567047
0 1578527685 1034.007812 609.379578
0 1478240218 1402.784668 837.080200
0 1478215185 1564.460327 751.104675
0 1524838307 565.073242 412.694489
0 1478197163 1451.278687 867.022766
0 1478221192 1362.458374 834.515503
0 1524819281 645.370361 345.649353
0 2086284946 931.493225 530.247864
0 1524824288 720.002380 389.835876
0 1524802260 497.922028 410.342377
0 1478226199 1525.191772 844.865173
0 1578518673 1098.636108 551.338623
0 1438981616 970.684448 481.355560
0 1478238215 1518.053223 727.098633
0 1609135173 867.134644 555.370850
0 1524837305 529.120056 401.861816
0 1524793249 625.289124 395.803009
0 1568515662 833.381409 568.546753
0 1568516664 854.056519 513.734924
0 1438991628 849.159180 526.718384
0 1478249230 1445.145752 723.075256
0 1438996634 965.121216 505.541229
0 1578519675 1097.308594 580.707031
0 1524829295 562.250793 367.351257
0 1524864341 581.376038 394.328796
0 1478255238 1652.258179 778.646423
0 1438993631 827.726318 583.539124
0 1524788244 617.869324 404.904816
0 1772785076 1100.455811 511.078461
0 1524828293 688.765564 371.341858
0 1478203171 1677.973999 828.586731
0 1524798255 686.057739 346.857025
0 1478199165 1555.839844 821.044250
0 1578528686 927.865356 543.842102
0 1478192156 1608.007690 850.132202
0 1478228201 1416.886841 892.936890
0 1772037075 885.212891 502.271759
0 1578515670 920.204773 572.547058
0 1524851323 618.103333 377.673462
0 1478218188 1706.374390 883.740479
0 1478202169 1396.247803 811.188538
0 1478254236 1721.716187 913.534363
0 1478246226 1640.290771 755.405579
0 1524809269 583.166748 368.011017
0 1524822285 706.496582 347.463684
0 1524841310 678.556580 416.669434
0 1478235210 1708.025146 974.802368
0 1578515669 1095.877075 612.375427
0 1524854328 604.150269 368.672852
0 0 655.508850 333.472931
0 1 863.437927 361.669495
0 2 1194.214355 468.886078
0 3 919.700073 779.394470
0 4 1064.550781 396.096954
0 5 1308.095093 342.673370
0 6 792.655640 769.228027
0 7 619.390198 417.958038
0 8 663.704468 392.517914
0 9 601.648621 333.425964
0 10 717.031677 368.067169
0 11 828.917053 314.642334
0 12 305.271088 726.767090
0 13 1491.478271 784.922058
0 14 300.616302 666.454468
0 15 1252.618774 412.522522
0 16 1512.492432 378.099945
0 17 418.843018 557.853516
0 18 1463.578613 360.021545
0 19 1242.692749 686.067017
0 20 575.843567 355.869324
0 21 1051.612305 905.267639
0 22 513.822266 437.484650
0 23 407.506561 745.975464
0 24 1145.207031 329.470184
0 25 1268.262573 823.104492
0 26 1255.491089 748.599609
0 27 646.014709 316.370758
0 28 1080.415894 322.824371
0 29 529.169922 464.367828
0 30 795.448914 379.011993
0 31 1364.459717 339.137909
0 32 1332.163330 605.804749
0 33 1117.497437 849.203918
0 34 1259.409424 462.180145
0 35 754.642395 311.458038
0 36 416.184753 815.067810
0 37 1260.425537 498.769165
0 38 407.963470 690.071350
0 39 1294.494995 537.076233
