0 1578512666 940.873596 505.542938
0 1707269176 802.668335 428.952515
0 1438989626 1057.792969 466.692261
0 1438992629 978.788330 464.150146
0 1568509654 958.292542 453.480804
0 1578523681 863.160889 386.214691
0 1578518674 821.111633 439.173401
0 1438985621 862.247009 403.483093
0 1438994632 899.004456 504.274261
0 1578520676 1018.359619 465.423401
0 1568511657 878.333740 492.563782
0 1775370079 962.495178 517.525146
0 1568510655 920.167664 516.263733
0 1578521677 817.009460 479.836884
0 1769859072 878.953613 471.228210
0 1578525683 980.641724 484.952393
0 1770636073 797.706726 468.650665
0 1568511656 881.647583 378.509186
0 1438985620 899.433594 422.840973
0 1707993177 715.878113 466.054626
0 2088218948 880.106628 431.544281
0 1606348170 842.874023 411.764893
0 1438990627 858.138489 481.122681
0 1709860179 876.272217 563.517456
0 1438988624 860.289856 440.468170
0 1578514668 778.838745 457.716370
0 1438997636 938.244385 443.044464
0 1568514660 763.751343 427.649994
0 2085418945 792.232422 512.451050
0 1568501643 800.247009 448.325684
0 1438989625 775.731689 478.546448
0 1568505649 841.453186 430.250610
0 1568506650 756.865540 467.354950
0 1568505648 795.038513 489.999329
0 1568497640 804.978821 410.465790
0 1578511665 784.621155 418.951141
0 1578529688 812.478149 524.753235
0 1708834178 839.964355 449.621185
0 1568499641 961.024231 495.109619
0 1578525682 856.980713 503.000916
0 1438996635 781.798584 437.874176
0 1438999639 1015.667603 445.603180
0 1578523680 898.883240 527.284058
0 1578530689 977.022034 444.326019
0 1568508653 955.809204 415.636444
0 1608354172 753.161987 488.710022
0 1706512175 1039.727051 476.328766
0 1438986622 898.755493 551.524658
0 1438987623 814.801514 501.722809
0 1578521678 937.448608 424.128937
0 2084722944 836.762146 491.283875
0 1578522679 939.078491 462.872406
0 1774531078 957.021973 434.118561
0 1525674169 959.625122 473.787537
0 1768901071 920.602905 539.870972
0 1578526684 899.119751 482.403809
0 1578513667 859.240234 460.303467
0 1438983618 819.110229 459.012207
0 1568502645 880.643677 413.059692
0 1568508652 838.402527 469.941711
0 1438984619 738.425049 456.416016
0 1659977623 879.252380 460.947388
0 1438982617 899.229431 461.590179
0 1771287074 881.156860 395.399292
0 2087111947 877.681946 514.997559
0 1578516671 824.843018 402.186127
0 1568513659 919.360962 472.510132
0 1578529687 899.528748 404.775757
0 1568501644 720.395996 445.721100
0 1438998637 936.688660 406.064240
0 1705773174 1002.144836 496.375610
0 1568507651 1036.498535 456.031708
0 1438999638 855.762573 526.021057
0 1438993630 941.841125 528.542297
0 1438995633 1021.184143 486.219818
0 1568512658 999.746948 475.060394
0 1568514661 918.629395 432.833618
0 2079485312 879.253723 460.898682
0 1773608077 919.754150 493.839020
0 1438977615 823.020447 420.252136
0 1607644171 760.391113 447.025665
0 1568504647 876.995728 538.616638
0 1568500642 879.543945 450.912201
0 1568503646 844.231384 394.104767
0 1568516663 835.037170 513.726685
0 1578517672 854.479065 550.274963
0 1578527685 742.349792 436.570465
0 2086284946 918.986450 452.198700
0 1578518673 772.465942 500.440002
0 1438981616 982.588928 506.806915
0 1609135173 918.288574 414.350220
0 1568515662 917.962952 396.689636
0 1568516664 995.285095 435.399200
0 1438991628 975.336914 425.412598
0 1438996634 939.953857 483.680359
0 1578519675 734.304504 477.251343
0 1438993631 899.619751 387.506531
0 1772785076 833.220886 537.357483
0 1578528686 899.333923 441.758545
0 1772037075 997.463013 454.758453
0 1578515670 861.291016 421.548737
0 1578515669 697.868225 455.111023
0 0 1010.207764 427.564545
0 1 813.588562 513.535767
0 2 1024.086426 503.449554
0 3 1126.190918 380.910736
0 4 571.300964 345.638519
0 5 471.967682 438.899170
0 6 552.751526 437.623749
0 7 543.578674 371.770660
0 8 728.335449 393.000397
0 9 476.426971 372.630249
