0 1578512666 979.800537 634.425110
0 1524823287 1418.151611 556.866333
0 1478234209 520.009399 589.257935
0 1707269176 871.202332 593.841797
0 1438989626 1068.282227 607.602844
0 1524801259 1331.490723 590.846436
0 1438992629 1007.430054 608.771362
0 1478227200 431.982910 625.972961
0 1524854327 1276.179565 575.193665
0 1478249229 377.620026 653.018311
0 1524807266 1432.551758 638.766235
0 1524863340 1466.963013 577.078552
0 1524831297 1452.522705 625.097717
0 1478229202 442.746674 632.046753
0 1568509654 991.358276 603.125549
0 1524790246 1458.042603 582.789917
0 1578523681 915.516479 566.047180
0 1478207175 378.939484 633.288513
0 1524861337 1363.708862 543.039307
0 1478210178 421.358398 602.313660
0 1524862338 1390.038086 626.330566
0 1478186149 442.002808 613.605286
0 1524797254 1471.624756 612.023865
0 1578518674 885.791870 599.293945
0 1438985621 915.596863 576.511414
0 1524857331 1390.506592 557.371277
0 1478203170 400.987396 608.482666
0 1438994632 947.947327 635.053650
0 1578520676 1037.875732 608.186707
0 1478237213 608.047546 616.440247
0 1568511657 931.782654 628.881836
0 1775370079 996.639282 640.717773
0 1478195160 517.085083 573.324768
0 1568510655 964.457275 641.357239
0 1478257240 577.047058 617.035522
0 1578521677 884.696045 623.446045
0 1524794250 1344.834961 553.168518
0 1524812272 1323.132690 579.770264
0 1769859072 931.352783 616.320129
0 1578525683 1009.476013 621.017700
0 1770636073 869.500549 617.515747
0 1524846317 1478.205811 588.065735
0 1524833300 1341.836060 584.978394
0 1568511656 929.449890 560.711304
0 1438985620 945.017761 586.846680
0 1478185148 498.715454 578.887634
0 1707993177 807.487000 618.714417
0 1478189152 589.160217 622.934692
0 1524791247 1438.267212 577.615540
0 1524830296 1448.936035 588.620483
0 2088218948 930.545349 592.724182
0 1524827292 1409.084961 562.159973
0 1606348170 901.101807 582.169861
0 1524855329 1329.504028 608.623840
0 1478183145 620.472229 622.329407
0 1438990627 915.952576 622.837769
0 1524840309 1372.269043 552.670349
0 1478222194 526.412964 624.147644
0 1709860179 933.191223 670.044861
0 1478188151 476.431824 651.054871
0 1438988624 915.767456 598.725830
0 1478243222 444.387054 672.715332
0 1524843313 1495.623657 576.542114
0 1524844315 1462.178711 618.488953
0 1524858333 1456.157471 566.518738
0 1524811271 1349.268188 614.405029
0 1524859334 1436.977051 561.647400
0 1478216186 565.178528 611.255493
0 1524851324 1327.168091 548.545898
0 1524814275 1302.037720 591.404663
0 1578514668 854.613342 611.705750
0 1478184146 557.807129 623.540771
0 1524829294 1429.044800 583.335999
0 1478176143 509.278839 650.402100
0 1524860336 1291.155273 597.406494
0 1478222193 432.415222 645.225769
0 1438997636 975.605286 597.591675
0 1478194158 550.115112 636.360474
0 1478201168 400.423431 626.583008
0 1478187150 490.441315 589.807861
0 1478205172 421.439484 620.023438
0 1524838306 1410.526123 613.212891
0 1568514660 841.475159 594.401611
0 1524865342 1254.302979 586.626892
0 2085418945 867.648438 643.280945
0 1524808268 1312.694458 585.527222
0 1478200167 472.856140 613.016724
0 1478194159 410.864227 632.667297
0 1568501643 870.369080 605.433533
0 1478239216 582.154846 635.732666
0 1524820283 1304.786621 574.661621
0 1438989625 853.398376 624.055115
0 1568505649 900.892334 593.282654
0 1478255237 527.697754 578.355103
0 1524804262 1272.547607 591.963623
0 1568506650 838.513977 618.114746
0 1478217187 560.783752 594.037537
0 1568505648 868.594482 630.119995
0 1568497640 872.002441 582.711121
0 1578511665 856.896851 588.495850
0 1478258241 481.828583 601.174866
0 1524796253 1400.197021 601.229492
0 1478206173 389.270538 639.512207
0 1524826291 1359.854614 608.037170
0 1578529688 883.502380 649.754761
0 1478233207 460.836700 590.358459
0 1708834178 900.674194 604.855469
0 1478189153 464.963715 644.583557
0 1568499641 994.803101 627.646973
0 1478245224 479.969879 584.564331
0 1524852325 1379.916992 613.808594
0 1478219190 456.157288 679.805908
0 1578525682 916.051208 635.682983
0 1478232206 454.907104 658.332581
0 1524818280 1351.969238 579.230591
0 1524850322 1421.301147 625.713745
0 1438996635 855.778564 599.862793
0 1524832299 1370.941528 584.430237
0 1478242220 451.612518 601.743896
0 1524789245 1515.931152 581.699707
0 1438999639 1035.292480 596.460388
0 1478196161 512.006653 600.606506
0 1478252234 572.248901 599.471985
0 1524803261 1381.159668 562.673096
0 1478211179 399.180939 666.460632
0 1578523680 948.761353 648.448730
0 1578530689 1005.467590 597.025696
0 1568508653 988.186890 580.550171
0 1524826290 1442.649536 631.855164
0 1524847319 1430.140503 600.654480
0 1524810270 1286.787598 569.649719
0 1524835302 1360.907104 590.288879
0 1524821284 1475.702881 571.482727
0 1524799257 1390.286621 589.732056
0 1478233208 506.384705 630.808289
0 1608354172 836.937317 630.740295
0 1524835303 1283.516846 586.076721
0 1478251232 538.514465 583.482117
0 1524812273 1320.926758 596.838623
0 1706512175 1054.575928 613.938232
0 1438986622 949.612427 662.454651
0 1478211180 452.641907 619.424316
0 1524823286 1447.302979 572.010986
0 1478223195 553.547485 605.591064
0 1478244223 483.803772 618.825989
0 1438987623 884.112244 636.313171
0 1478193157 474.586761 631.427185
0 1478198164 471.229614 595.713562
0 1524862339 1390.399902 573.069336
0 1478236212 562.344849 642.662109
0 1478240217 569.854065 629.573181
0 1478214183 411.109772 614.194580
0 1578521678 974.318848 586.298279
0 1524844314 1400.394897 619.699524
0 1524848320 1325.209473 563.701111
0 1524806265 1380.356934 595.704895
0 1524787243 1450.672607 606.281677
0 1478241219 497.468079 643.942200
0 1524799256 1350.660645 596.271423
0 1478190154 521.347107 657.002869
0 1478226198 485.906708 637.618591
0 1478208176 399.822479 645.868835
0 1478214184 595.873779 610.669983
0 2084722944 900.209595 629.500488
0 1578522679 976.945251 609.356689
0 1524825289 1507.439331 587.511597
0 1774531078 989.740479 591.609375
0 1525674169 993.044373 615.127625
0 1478197162 346.972198 633.910645
0 1524815276 1340.195312 602.381653
0 1768901071 965.652222 655.040710
0 1578526684 947.168030 622.230286
0 1478182144 431.577118 607.902832
0 1524853326 1411.070068 632.482666
0 1478218189 601.525757 628.956787
0 1578513667 915.858093 610.529724
0 1438983618 885.255432 611.117310
0 1478224196 538.140381 630.190308
0 1478247227 380.176941 614.784668
0 1524792248 1336.779663 543.522705
0 1524795252 1487.004639 582.244385
0 1524808267 1361.896729 573.599426
0 1478191155 488.150146 657.667236
0 1524856330 1480.867432 605.697998
0 1478236211 549.541077 588.708618
0 1478258242 337.179779 627.805481
0 1478212181 529.928467 643.301697
0 1478185147 546.006287 617.631531
0 1568502645 930.165710 581.629333
0 1568508652 900.446777 616.917542
0 1438984619 823.931824 612.294861
0 1659977623 931.144592 610.236145
0 1478209177 441.303772 596.273621
0 1438982617 946.421326 609.942810
0 1524805264 1335.118896 558.382935
0 1771287074 929.800842 570.966614
0 2087111947 932.231506 641.997620
0 1524817279 1369.441895 620.306030
0 1524795251 1420.438965 606.866028
0 1478230204 494.977570 624.755249
0 1478230203 368.822388 627.193848
0 1524847318 1399.836182 567.559875
0 1578516671 886.801453 577.043762
0 1568513659 962.218689 615.723450
0 1578529687 944.357361 575.979736
0 1524819282 1390.166382 607.451294
0 1478253235 518.032349 636.989136
0 1524836304 1400.010986 583.882751
0 1478243221 390.196472 620.623413
0 1568501644 809.642700 606.592041
0 1438998637 973.083130 575.448730
0 1524816278 1297.184326 564.216125
0 1705773174 1026.250610 627.030762
0 1524845316 1498.768555 593.446045
0 1524842312 1489.913330 599.506775
0 1568507651 1051.622437 601.975952
0 1438999638 916.154236 649.101318
0 1478252233 583.943237 605.015015
0 1438993630 981.323669 647.796997
0 1478237214 432.876801 665.781311
0 1524857332 1381.526733 547.564514
0 1478248228 514.925171 618.228333
0 1478225197 478.403046 672.024475
0 1524859335 1439.637329 594.574036
0 1524832298 1410.015747 595.139099
0 1478200166 433.370697 687.776550
0 1478250231 530.969604 594.595520
0 1478245225 421.617981 658.998840
0 1438995633 1040.568848 620.412659
0 1524804263 1371.624878 568.081360
0 1524839308 1419.629639 589.175903
0 1524849321 1294.260864 580.310669
0 1568512658 1023.830078 614.532532
0 1568514661 960.161377 592.166382
0 1478231205 509.260071 584.022888
0 1773608077 963.313721 628.263977
0 1438977615 886.306824 587.945435
0 1524834301 1362.829102 557.876770
0 1607644171 840.025208 606.012451
0 1524800258 1469.221558 594.009644
0 1568504647 932.700500 655.705017
0 1568500642 930.940674 604.278137
0 1478256239 503.669861 612.428833
0 1524815277 1307.376099 558.889709
0 1568503646 901.303223 571.490234
0 1478220191 410.602478 652.362915
0 1478207174 462.127930 607.323792
0 1524841311 1399.671387 552.172791
0 1478213182 443.539764 651.708435
0 1524813274 1343.379883 568.603516
0 1568516663 899.961914 642.638855
0 1578517672 916.262024 663.131958
0 1578527685 825.727234 600.432373
0 1478240218 523.113037 606.167908
0 1478215185 466.525421 665.102966
0 1524838307 1317.368774 553.667297
0 1478197163 492.639893 606.745483
0 1478221192 542.146729 600.038940
0 1524819281 1460.045898 600.080322
0 2086284946 961.168762 603.701477
0 1524824288 1310.136963 602.958801
0 1524802260 1346.208862 538.594788
0 1478226199 463.500916 625.363708
0 1578518673 852.130249 636.944214
0 1438981616 1011.611145 633.797485
0 1478238215 500.126892 664.425598
0 1609135173 959.193970 581.089417
0 1524837305 1354.363037 548.054932
0 1524793249 1333.359009 574.130249
0 1568515662 958.264343 570.443604
0 1568516664 1019.282776 591.053040
0 1438991628 1003.583923 585.750610
0 1478249230 542.080933 649.750305
0 1438996634 978.342468 621.623657
0 1578519675 822.059509 624.664978
0 1524829295 1428.013672 567.039001
0 1524864341 1353.201172 563.186768
0 1478255238 410.322815 673.407166
0 1438993631 943.722473 565.531982
0 1524788244 1315.100708 569.126282
0 1772785076 899.703003 656.370239
0 1524828293 1370.215210 601.805237
0 1478203171 388.282654 659.666016
0 1524798255 1441.095215 612.617981
0 1478199165 453.737854 638.248901
0 1578528686 945.705200 598.158386
0 1478192156 421.525848 638.880188
0 1478228201 501.118195 595.154236
0 1772037075 1021.509460 602.550354
0 1578515670 915.680420 587.395752
0 1524851323 1380.770386 578.691589
0 1478218188 367.185547 646.512817
0 1478202169 534.443970 611.841858
0 1478254236 356.971863 640.145020
0 1478246226 421.716492 680.510681
0 1524809269 1418.868652 572.539795
0 1524822285 1431.307129 619.093811
0 1524841310 1265.353516 580.851624
0 1478235210 358.912750 621.224060
0 1578515669 793.210571 612.884827
0 1524854328 1409.536377 578.153259
0 0 681.019775 876.768860
0 1 1244.029663 552.753296
0 2 1179.536865 601.969421
0 3 635.528259 841.774780
0 4 1270.078857 539.526733
0 5 1101.618896 785.946472
0 6 349.100281 629.670410
0 7 1111.471069 503.662750
0 8 889.005920 443.491302
0 9 903.484070 454.465729
0 10 1152.447388 518.363342
0 11 1424.456909 621.801147
0 12 583.574402 558.821045
0 13 950.657715 822.998108
0 14 641.796143 530.072693
0 15 598.200500 599.523254
0 16 763.830383 890.015137
0 17 830.255859 471.923401
0 18 1462.185425 568.013489
0 19 677.276917 594.601257
0 20 941.679138 446.734589
0 21 858.427490 434.244781
0 22 1005.594299 447.903931
0 23 526.151550 568.028076
0 24 1382.440430 636.395874
0 25 622.508972 565.868103
0 26 633.343811 582.227539
0 27 1374.412964 677.711792
0 28 1060.204102 459.666412
0 29 1014.205994 462.147308
0 30 1284.288208 566.665466
0 31 895.112610 885.676453
0 32 593.493774 520.389893
0 33 552.789429 520.102356
0 34 558.789062 584.048767
0 35 1039.770020 832.040100
0 36 1139.219238 646.272095
0 37 614.171448 505.697418
0 38 987.140564 436.407074
0 39 538.456055 547.133240
