0 1578512666 942.064697 507.075989
0 1524823287 1368.690308 428.074738
0 1478234209 484.322021 468.621613
0 1707269176 834.279175 469.283142
0 1438989626 1028.249146 480.392731
0 1524801259 1284.319702 461.527161
0 1438992629 968.681946 482.180573
0 1478227200 398.296997 505.278564
0 1524854327 1230.828003 447.092316
0 1478249229 345.607697 532.089722
0 1524807266 1380.938232 506.024231
0 1524863340 1415.367920 446.964813
0 1524831297 1400.391602 492.849335
0 1478229202 409.520020 511.035492
0 1568509654 952.816956 476.931061
0 1524790246 1406.644287 452.515106
0 1578523681 877.315552 441.925354
0 1478207175 345.481995 512.989746
0 1524861337 1316.178711 415.287872
0 1478210178 385.964996 482.417023
0 1524862338 1340.317993 494.714020
0 1478186149 407.520599 493.164520
0 1524797254 1419.026489 480.228546
0 1578518674 848.836182 474.387329
0 1438985621 877.656433 452.061279
0 1524857331 1341.930542 428.829010
0 1478203170 365.878845 488.649384
0 1438994632 910.859741 508.044617
0 1578520676 998.503418 481.285522
0 1478237213 573.975403 494.027313
0 1568511657 894.857361 502.320007
0 1775370079 958.660095 512.894836
0 1478195160 480.406891 453.113251
0 1568510655 927.173645 513.880676
0 1478257240 543.062195 494.955139
0 1578521677 848.420898 497.641632
0 1524794250 1297.719482 425.229095
0 1524812272 1276.350830 451.005493
0 1769859072 894.141968 490.272888
0 1578525683 970.889038 493.904297
0 1770636073 833.283813 492.114624
0 1524846317 1425.926636 457.345398
0 1524833300 1294.404541 455.803284
0 1568511656 890.955261 436.609497
0 1438985620 906.917419 461.743408
0 1478185148 462.276886 458.738678
0 1707993177 772.109863 493.965881
0 1478189152 555.479309 500.521759
0 1524791247 1387.698364 447.769043
0 1524830296 1397.744141 458.177643
0 2088218948 892.793701 467.568909
0 1524827292 1359.822266 433.247498
0 1606348170 863.488159 457.686462
0 1524855329 1282.191040 478.529358
0 1478183145 586.669250 499.577881
0 1438990627 879.157654 496.703644
0 1524840309 1324.337524 424.484375
0 1478222194 492.853882 502.416992
0 1709860179 897.190247 541.604736
0 1478188151 444.526825 528.992554
0 1438988624 878.377869 473.514893
0 1478243222 413.905365 550.232239
0 1524843313 1442.971069 446.162506
0 1524844315 1409.807983 486.471893
0 1524858333 1405.195312 436.963898
0 1524811271 1301.206787 483.824036
0 1524859334 1386.788086 432.481659
0 1478216186 530.876465 489.492218
0 1524851324 1280.618774 420.945282
0 1524814275 1255.788818 462.369690
0 1578514668 818.428040 486.690277
0 1478184146 524.207642 501.468140
0 1524829294 1378.686646 453.334137
0 1478176143 477.319489 527.965820
0 1524860336 1245.190552 468.227081
0 1478222193 400.053497 523.900269
0 1438997636 937.239624 471.776672
0 1478194158 517.262146 513.940857
0 1478201168 366.611725 506.237457
0 1478187150 454.649170 469.477386
0 1478205172 387.286469 499.630585
0 1524838306 1360.267212 482.021698
0 1568514660 804.912537 470.143463
0 1524865342 1209.503784 458.290527
0 2085418945 832.205261 516.854187
0 1524808268 1266.173340 456.630341
0 1478200167 438.478882 492.242889
0 1478194159 377.543671 512.011292
0 1568501643 833.791260 480.474426
0 1478239216 549.190796 512.958191
0 1524820283 1258.610962 446.291077
0 1438989625 817.603699 498.582092
0 1568505649 863.572754 468.424957
0 1478255237 491.381561 457.912079
0 1524804262 1227.187378 463.214325
0 1568506650 802.736450 493.039062
0 1478217187 525.497498 472.829712
0 1568505648 832.755554 504.231232
0 1568497640 834.748596 458.515289
0 1578511665 819.982300 464.270264
0 1478258241 446.722473 480.637024
0 1524796253 1350.533691 470.719666
0 1478206173 356.328979 518.893738
0 1524826291 1311.511353 477.642059
0 1578529688 847.970459 522.858643
0 1478233207 424.902618 470.335297
0 1708834178 863.660706 479.585205
0 1478189153 432.628357 522.889160
0 1568499641 956.633057 500.418762
0 1478245224 443.779236 464.478180
0 1524852325 1330.774780 482.921722
0 1478219190 426.137451 556.890076
0 1578525682 879.571716 509.015808
0 1478232206 423.467957 536.267029
0 1524818280 1304.288574 450.193420
0 1524850322 1370.393799 493.780457
0 1438996635 819.220337 475.261902
0 1524832299 1322.567017 454.978210
0 1478242220 416.382141 481.525909
0 1524789245 1462.356445 450.882935
0 1438999639 995.807739 470.047119
0 1478196161 476.986176 479.750427
0 1478252234 537.284912 477.983948
0 1524803261 1332.793091 434.015137
0 1478211179 368.217987 544.783752
0 1578523680 911.949036 520.837769
0 1578530689 966.560181 470.910828
0 1568508653 949.288147 455.211945
0 1524826290 1390.770508 499.365265
0 1524847319 1379.392578 469.853485
0 1524810270 1241.176636 441.657898
0 1524835302 1312.780518 460.686676
0 1524821284 1423.920288 441.523529
0 1524799257 1341.171387 459.848297
0 1478233208 473.218262 509.091644
0 1608354172 801.581482 505.190643
0 1524835303 1237.873169 457.459442
0 1478251232 502.551392 462.796204
0 1524812273 1274.027710 467.368591
0 1706512175 1014.921021 486.617737
0 1438986622 913.085144 534.180908
0 1478211180 418.604004 498.690643
0 1524823286 1396.532837 442.313354
0 1478223195 518.915649 484.130127
0 1478244223 449.840057 497.753113
0 1438987623 848.200317 509.989594
0 1478193157 441.411438 510.062256
0 1478198164 435.713440 475.439362
0 1524862339 1341.561646 443.898743
0 1478236212 529.825012 519.872131
0 1478240217 536.579346 507.158051
0 1478214183 376.482300 494.088531
0 1578521678 935.753662 460.905273
0 1524844314 1350.398804 488.300262
0 1524848320 1278.544434 435.555878
0 1524806265 1331.487183 465.658020
0 1524787243 1399.028076 474.993530
0 1478241219 465.114960 521.880737
0 1524799256 1302.793091 466.512238
0 1478190154 489.768494 534.172852
0 1478226198 453.147949 515.914001
0 1478208176 367.390015 524.914124
0 1478214184 561.517639 488.580017
0 2084722944 863.847412 503.274353
0 1578522679 938.784424 483.077942
0 1524825289 1454.040283 456.515167
0 1774531078 951.018677 465.863129
0 1525674169 954.686890 488.440582
0 1478197162 313.334717 513.970764
0 1524815276 1292.598877 472.458557
0 1768901071 928.620483 526.925049
0 1578526684 909.814453 495.768097
0 1478182144 396.642822 487.740936
0 1524853326 1360.434082 500.315094
0 1478218189 568.134338 506.195099
0 1578513667 878.760071 484.879517
0 1438983618 848.632690 485.783752
0 1478224196 504.940796 508.123566
0 1478247227 345.363678 495.014923
0 1524792248 1290.018677 416.009094
0 1524795252 1434.534058 451.698029
0 1524808267 1313.977539 444.694275
0 1478191155 456.664124 535.218445
0 1524856330 1428.053223 474.115143
0 1478236211 513.921509 467.767975
0 1478258242 302.989777 508.162842
0 1478212181 497.513763 520.875061
0 1478185147 512.068848 495.885376
0 1568502645 892.157776 456.859619
0 1568508652 863.752197 491.192535
0 1438984619 788.145874 487.599213
0 1659977623 893.794922 484.428253
0 1478209177 405.635315 476.313629
0 1438982617 908.810547 483.977570
0 1524805264 1288.223999 430.342896
0 1771287074 891.545410 446.547028
0 2087111947 895.602600 514.869202
0 1524817279 1320.578979 489.217987
0 1524795251 1369.929688 475.874146
0 1478230204 461.417786 503.368347
0 1478230203 334.842773 507.198883
0 1524847318 1350.781006 438.521149
0 1578516671 849.220459 452.875092
0 1568513659 924.453430 489.355560
0 1578529687 906.023865 451.249451
0 1524819282 1340.757446 476.756989
0 1478253235 485.248047 514.926086
0 1524836304 1350.660889 454.155182
0 1478243221 355.887024 500.572998
0 1568501644 773.824463 482.259644
0 1438998637 934.323059 450.439575
0 1524816278 1251.324341 436.328918
0 1705773174 987.399353 499.471893
0 1524845316 1445.554443 462.262238
0 1524842312 1436.893921 468.127655
0 1568507651 1011.880432 475.172699
0 1438999638 880.003235 521.846863
0 1478252233 549.289612 483.233124
0 1438993630 943.808289 519.831482
0 1478237214 401.921936 543.709717
0 1524857332 1333.393066 419.479645
0 1478248228 480.994904 496.818024
0 1478225197 447.842743 549.140991
0 1524859335 1388.662109 463.955933
0 1524832298 1360.110107 464.805908
0 1478200166 403.913544 564.824280
0 1478250231 495.644287 473.697449
0 1478245225 390.179688 537.318420
0 1438995633 1001.307434 492.976013
0 1524804263 1323.477173 439.302551
0 1524839308 1369.492432 459.011963
0 1524849321 1248.345581 451.819489
0 1568512658 984.842590 487.528015
0 1568514661 921.942261 466.714966
0 1478231205 473.201355 463.636169
0 1773608077 925.785828 501.368134
0 1438977615 849.032043 463.425873
0 1524834301 1315.108398 429.585083
0 1607644171 803.845947 481.365906
0 1524800258 1417.143555 463.108032
0 1568504647 896.379517 527.952515
0 1568500642 893.454651 478.698242
0 1478256239 469.357361 491.323639
0 1524815277 1261.276978 431.102448
0 1568503646 863.406677 447.346191
0 1478220191 378.671326 531.054504
0 1478207174 427.328186 486.834747
0 1524841311 1350.894531 423.741364
0 1478213182 411.644226 530.022095
0 1524813274 1296.108765 440.085815
0 1568516663 863.946594 515.860352
0 1578517672 880.453308 535.230225
0 1578527685 789.529907 476.138641
0 1478240218 488.464294 485.029358
0 1478215185 435.531616 542.638672
0 1524838307 1271.040039 425.975525
0 1478197163 457.935211 485.930908
0 1478221192 507.173523 478.866058
0 1524819281 1408.179077 468.989502
0 2086284946 923.173279 477.813538
0 1524824288 1263.521973 473.331238
0 1524802260 1299.244385 411.164307
0 1478226199 429.898926 504.322174
0 1578518673 816.745178 510.965973
0 1438981616 973.186890 506.109955
0 1478238215 469.047363 541.570557
0 1609135173 920.757690 456.034760
0 1524837305 1307.036011 420.211639
0 1524793249 1286.327393 445.491730
0 1568515662 919.616943 445.749756
0 1568516664 980.023254 465.013428
0 1438991628 964.519165 460.069153
0 1478249230 510.022491 526.941895
0 1438996634 940.391479 494.834991
0 1578519675 786.705811 499.524994
0 1524829295 1378.020264 437.741608
0 1524864341 1305.700562 434.784576
0 1478255238 379.871796 551.326538
0 1438993631 905.163147 441.140442
0 1524788244 1268.675293 440.870911
0 1772785076 864.049988 528.982727
0 1524828293 1321.602661 471.588013
0 1478203171 356.798950 538.372803
0 1524798255 1389.684326 481.123993
0 1478199165 420.961670 516.904541
0 1578528686 907.845581 472.644714
0 1478192156 388.688782 517.897827
0 1478228201 465.716370 474.567322
0 1772037075 982.385925 476.050781
0 1578515670 878.010315 462.583618
0 1524851323 1332.158936 449.383362
0 1478218188 334.637573 525.930786
0 1478202169 500.156494 490.406738
0 1478254236 323.881989 519.892334
0 1478246226 391.767792 558.005310
0 1524809269 1369.080078 443.105133
0 1524822285 1380.141724 487.384918
0 1524841310 1220.272461 452.635468
0 1478235210 324.405487 501.517914
0 1578515669 757.786011 488.510406
0 1524854328 1359.961914 448.575256
0 0 386.126251 578.323547
0 1 610.645813 497.607269
0 2 584.012939 390.845764
0 3 435.555817 465.755829
0 4 554.563171 438.021332
0 5 721.685486 730.553772
0 6 1232.360107 382.356964
0 7 827.065186 561.247131
0 8 890.608032 575.433411
0 9 1237.892212 397.286469
0 10 764.952942 513.774536
0 11 584.357971 526.696899
0 12 926.736816 321.767426
0 13 496.660828 687.667053
0 14 894.380981 317.292511
0 15 834.831726 332.211334
0 16 1377.843018 474.294067
0 17 991.924683 331.508087
0 18 1181.243408 609.262817
0 19 810.266541 325.397980
0 20 670.845398 390.905090
0 21 1107.474731 507.065094
0 22 543.996643 423.613190
0 23 737.026672 378.115845
0 24 1073.086426 641.935120
0 25 909.828430 336.140594
0 26 881.891052 327.277618
0 27 1118.949829 617.603882
0 28 1382.472046 423.247314
0 29 1020.865417 568.913208
0 30 562.305908 406.720215
0 31 416.302094 604.323181
0 32 1148.360596 379.950745
0 33 1100.575317 392.050385
0 34 949.516541 330.658478
0 35 540.343750 724.041870
0 36 843.393433 318.254913
0 37 1182.567017 394.688538
0 38 1287.346680 401.343109
0 39 1020.795959 350.939819
