0 1578512666 963.049377 442.120697
0 1707269176 1249.734619 464.686371
0 1438989626 887.171143 601.702026
0 1438992629 986.535400 540.348755
0 1568509654 1029.088257 544.087280
0 1578523681 1291.738525 602.841003
0 1578518674 1207.826294 461.387665
0 1438985621 1247.112549 563.242310
0 1438994632 1008.193359 415.804047
0 1578520676 937.602905 570.562561
0 1568511657 1047.827515 418.811646
0 1775370079 923.331787 438.994446
0 1568510655 968.854492 412.818848
0 1578521677 1130.907227 395.969604
0 1769859072 1084.029785 451.643372
0 1578525683 950.795898 503.970306
0 1770636073 1170.748169 398.884216
0 1568511656 1291.674683 639.956055
0 1438985620 1158.833496 555.486328
0 1707993177 1252.813599 348.955933
0 2088218948 1161.395996 521.806519
0 1606348170 1248.019775 529.142944
0 1438990627 1087.760254 421.841919
0 1709860179 947.948120 328.231293
0 1438988624 1163.863647 489.371857
0 1578514668 1210.887573 401.820618
0 1438997636 1071.985962 547.856201
0 1568514660 1292.023438 437.342194
0 2085418945 1098.199707 338.445343
0 1568501643 1209.384277 431.071228
0 1438989625 1172.885010 370.798248
0 1568505649 1206.210449 492.829315
0 1568506650 1212.338745 373.580627
0 1568505648 1133.719482 368.036163
0 1568497640 1291.915894 499.826874
0 1578511665 1291.970703 468.010895
0 1578529688 1060.235107 335.864532
0 1708834178 1166.241821 458.114471
0 1568499641 957.033691 472.484894
0 1578525682 1052.106689 390.204865
0 1438996635 1250.545776 434.194702
0 1438999639 974.431213 609.954224
0 1578523680 974.460083 384.524597
0 1578530689 1023.950623 578.432861
0 1568508653 1108.091064 622.594421
0 1608354172 1174.949585 343.662750
0 1706512175 894.955627 566.675354
0 1438986622 942.104980 354.523041
0 1438987623 1094.838867 365.294220
0 1578521678 1111.731567 586.433838
0 2084722944 1091.361084 393.076538
0 1578522679 1034.034546 511.019989
0 1774531078 1067.659668 582.416870
0 1525674169 992.250916 507.481232
0 1768901071 936.061646 381.715515
0 1578526684 1043.394775 448.444885
0 1578513667 1124.977539 454.866455
0 1438983618 1168.535156 427.971405
0 1568502645 1202.791870 559.348389
0 1568508652 1127.994995 424.895081
0 1438984619 1252.083862 376.383545
0 1659977623 1102.730591 468.603058
0 1438982617 1080.162354 482.537933
0 1771287074 1246.169556 598.687439
0 2087111947 1013.140747 387.354309
0 1578516671 1291.859131 532.855835
0 1568513659 1038.800293 479.160858
0 1578529687 1200.981934 594.568726
0 1568501644 1292.123535 379.207275
0 1438998637 1153.401733 626.879517
0 1705773174 909.665527 500.486847
0 1568507651 930.619568 605.810974
0 1438999638 1017.920288 359.869720
0 1438993630 929.807617 409.855804
0 1438995633 902.448364 532.961121
0 1568512658 944.323486 536.640137
0 1568514661 1115.233032 551.655762
0 2079485312 1102.733398 468.548798
0 1773608077 1003.069153 445.270752
0 1438977615 1248.893188 496.314209
0 1607644171 1251.328491 404.779114
0 1568504647 979.876221 357.186737
0 1568500642 1121.848999 485.941498
0 1568503646 1291.800049 567.168457
0 1568516663 1056.240112 362.572144
0 1578517672 985.112244 330.757690
0 1578527685 1292.074341 407.759888
0 2086284946 1076.150513 514.586914
0 1578518673 1136.436890 341.044678
0 1438981616 916.622009 469.185425
0 1609135173 1156.170776 590.484375
0 1568515662 1199.099243 631.201111
0 1568516664 1018.610474 614.132263
0 1438991628 1063.162231 618.345581
0 1438996634 997.758545 475.809967
0 1578519675 1213.740845 346.299774
0 1438993631 1245.188599 635.559814
0 1772785076 1022.540222 333.302032
0 1578528686 1118.603027 518.182312
0 1772037075 980.599854 574.481628
0 1578515670 1204.533447 525.459961
0 1578515669 1292.171021 351.631409
0 0 902.478210 280.387848
0 1 862.800171 416.159973
0 2 804.485229 333.713379
0 3 735.855286 857.070312
0 4 1467.897461 695.318115
0 5 1426.852905 146.216003
0 6 1560.674438 422.603760
0 7 1488.126587 827.167725
0 8 1320.335083 591.738708
0 9 1368.321533 193.546204
