0 1578512666 943.510986 514.048157
0 1478234209 1467.195801 358.288208
0 1707269176 1163.257080 516.731628
0 1438989626 906.808350 611.794312
0 1524801259 542.506714 880.556946
0 1438992629 975.613037 571.012939
0 1478227200 1407.005249 300.718292
0 1524854327 673.756836 881.940491
0 1478249229 1365.607544 269.843811
0 1524807266 313.283752 812.716370
0 1524831297 279.540833 877.784912
0 1478229202 1382.898560 300.400085
0 1568509654 1008.882996 571.410767
0 1524790246 278.418884 1075.387085
0 1578523681 1213.219971 594.208923
0 1478207175 1418.078369 280.368439
0 1478210178 1486.790771 312.464020
0 1524862338 396.668640 813.619812
0 1478186149 1437.904785 311.821045
0 1524797254 242.103455 949.977722
0 1578518674 1131.891479 516.348633
0 1438985621 1175.083130 573.397949
0 1478203170 1479.293701 301.672516
0 1438994632 974.718933 496.951843
0 1578520676 941.908875 590.989807
0 1478237213 1316.819824 368.775635
0 1568511657 1005.554443 497.330811
0 1775370079 912.083191 513.664368
0 1478195160 1527.799927 371.494690
0 1568510655 943.874939 496.572754
0 1478257240 1337.349365 356.607483
0 1578521677 1065.335327 481.223053
0 1524794250 580.406189 1078.302368
0 1524812272 576.240479 916.189331
0 1769859072 1037.741211 515.198853
0 1578525683 942.740967 551.029236
0 1770636073 1095.592163 481.597229
0 1524846317 228.007904 1074.900391
0 1524833300 531.306580 915.722839
0 1568511656 1218.348999 615.460938
0 1438985620 1108.632935 572.603455
0 1478185148 1519.091919 358.959930
0 1707993177 1149.402100 450.342621
0 1478189152 1311.361816 356.271118
0 1524791247 328.807037 1075.873535
0 1524830296 298.245453 1031.497437
0 2088218948 1105.822876 552.993591
0 1606348170 1170.988647 553.778442
0 1524855329 521.628784 814.973816
0 1478183145 1290.418945 368.435394
0 1438990627 1036.381348 497.709656
0 1478222194 1351.351196 333.044006
0 1709860179 915.644165 447.418274
0 1478188151 1310.547119 299.445007
0 1438988624 1103.119629 534.128113
0 1478243222 1277.415649 278.498657
0 1524844315 261.320831 912.919556
0 1524811271 479.990997 814.522705
0 1478216186 1363.330933 356.943817
0 1524851324 630.657776 1078.787598
0 1524814275 595.800537 847.624207
0 1578514668 1125.840576 481.971252
0 1478184146 1331.662842 344.479614
0 1524829294 347.171112 1031.979370
0 1478176143 1291.117676 309.890533
0 1524860336 604.857605 815.875671
0 1478222193 1353.200073 289.611938
0 1438997636 1042.142944 571.808472
0 1478194158 1300.936401 332.386047
0 1478201168 1424.500488 290.556488
0 1478187150 1485.096802 346.473938
0 1478205172 1431.106689 301.036438
0 1524838306 367.265198 878.709656
0 1568514660 1190.387573 499.602448
0 1524865342 688.024231 816.776794
0 2085418945 1032.584717 448.881226
0 1524808268 586.273926 881.018311
0 1478200167 1420.092651 322.598755
0 1478194159 1400.738892 290.241699
0 1568501643 1128.810791 498.845642
0 1478239216 1280.470947 343.814178
0 1524820283 621.156311 916.655701
0 1438989625 1093.260010 465.322540
0 1568505649 1135.089111 534.515930
0 1478255237 1501.449341 371.155090
0 1524804262 646.448730 816.326294
0 1568506650 1122.975342 465.692169
0 1478217187 1422.360107 370.135803
0 1568505648 1063.536743 464.952789
0 1568497640 1199.000732 535.291138
0 1578511665 1194.614014 517.114563
0 1478258241 1452.111816 334.359009
0 1524796253 396.395599 914.322083
0 1478206173 1394.646973 280.056976
0 1524826291 467.772552 846.255310
0 1578529688 1003.361084 448.515625
0 1478233207 1502.457886 335.016083
0 1708834178 1100.516968 515.965454
0 1478189153 1334.669434 299.763489
0 1568499641 943.133301 532.187500
0 1478245224 1510.648438 346.806091
0 1524852325 425.063812 845.798645
0 1478219190 1253.954590 278.186798
0 1578525682 1004.797119 480.474426
0 1478232206 1305.641113 288.981934
0 1524818280 519.493958 952.811401
0 1524850322 339.597076 844.884827
0 1438996635 1159.603394 499.224091
0 1524832299 473.310150 952.339600
0 1478242220 1469.708984 323.248840
0 1438999639 976.115234 612.610046
0 1478196161 1433.975830 345.809509
0 1478252234 1395.984375 369.795868
0 1524803261 479.834778 1077.331543
0 1478211179 1319.363159 269.227020
0 1578523680 944.225769 479.725403
0 1578530689 1009.798828 591.795288
0 1568508653 1079.994507 613.832642
0 1524826290 296.839111 844.427673
0 1524847319 334.643768 950.923096
0 1524810270 666.053955 917.121887
0 1524835302 486.354401 915.256042
0 1524799257 427.107239 951.867615
0 1478233208 1345.626465 321.623108
0 1608354172 1091.008789 449.612122
0 1524835303 638.443726 848.080200
0 1478251232 1475.092529 370.815399
0 1524812273 553.140930 847.168091
0 1706512175 907.948242 590.586914
0 1438986622 914.801086 463.102600
0 1478211180 1413.453857 311.499512
0 1478223195 1389.306274 357.279999
0 1478244223 1395.276123 322.273590
0 1438987623 1033.805542 464.582947
0 1478193157 1364.535522 310.856140
0 1478198164 1477.287720 334.687561
0 1524862339 444.957947 1032.942749
0 1478236212 1275.720459 332.056946
0 1478240217 1306.069824 344.146973
0 1478214183 1455.202881 301.354523
0 1578521678 1077.647339 592.600342
0 1524844314 382.338654 845.341797
0 1524848320 601.926086 992.937683
0 1524806265 441.384064 914.789185
0 1524787243 288.383209 950.450500
0 1478241219 1315.595581 310.212463
0 1524799256 498.722198 880.095398
0 1478190154 1266.634155 309.568542
0 1478226198 1340.068359 310.534332
0 1478208176 1371.210571 279.745422
0 1478214184 1343.214355 369.115814
0 2084722944 1035.070435 480.848785
0 1578522679 1008.002441 551.815369
0 1774531078 1043.728271 592.197876
0 1525674169 975.376526 551.422363
0 1478197162 1434.937988 270.768433
0 1524815276 510.464905 846.711792
0 1768901071 913.927673 479.350708
0 1578526684 1006.340088 514.815430
0 1478182144 1462.350586 312.142578
0 1524853326 354.984009 813.168213
0 1478218189 1285.368164 355.934662
0 1578513667 1069.133545 515.582214
0 1438983618 1098.009399 498.467102
0 1478224196 1326.146606 332.715057
0 1478247227 1472.008545 291.185791
0 1524808267 507.017334 991.984924
0 1478191155 1286.419312 299.126556
0 1524856330 221.804352 989.121643
0 1478236211 1448.729492 370.475647
0 1478258242 1458.038452 271.076538
0 1478212181 1295.954590 320.972290
0 1478185147 1357.250000 344.812195
0 1568502645 1141.863037 573.000732
0 1568508652 1067.199707 498.088440
0 1438984619 1152.682617 466.061707
0 1659977623 1054.285156 524.383057
0 1478209177 1494.508789 323.573761
0 1438982617 1039.152710 533.352173
0 1524805264 591.477112 1034.386230
0 1771287074 1179.342407 593.806946
0 2087111947 974.515564 480.099945
0 1524817279 438.337616 814.071350
0 1524795251 351.388885 913.854736
0 1478230204 1370.454102 321.948395
0 1478230203 1441.504761 280.679840
0 1524847318 429.514984 1076.845825
0 1578516671 1203.557129 554.170776
0 1568513659 1007.155518 532.964050
0 1578529687 1145.454346 593.404907
0 1524819282 411.101471 879.171692
0 1478253235 1320.793335 321.297729
0 1524836304 412.027527 991.031372
0 1478243221 1448.257080 290.871185
0 1568501644 1182.381958 466.431183
0 1438998637 1114.599243 614.239929
0 1524816278 657.930237 954.225647
0 1705773174 910.095825 550.636047
0 1524845316 177.574081 1074.413574
0 1524842312 200.329620 1030.532715
0 1568507651 941.467163 612.202271
0 1438999638 974.319336 463.842987
0 1478252233 1369.602417 369.455902
0 1438993630 913.022278 496.193542
0 1478237214 1300.871826 278.810455
0 1478248228 1376.549927 333.372864
0 1478225197 1258.061646 288.351654
0 1524859335 316.956604 990.076904
0 1524832298 380.885132 951.395447
0 1478200166 1249.960327 268.301392
0 1478250231 1441.238770 357.952209
0 1478245225 1324.322998 279.122162
0 1438995633 909.043213 570.217041
0 1524804263 493.819153 1033.424072
0 1524839308 364.502228 990.554199
0 1524849321 630.023987 881.479553
0 1568512658 942.333130 570.615051
0 1568514661 1075.392944 572.205933
0 1478231205 1493.146973 358.624115
0 1773608077 974.929932 514.431885
0 1438977615 1167.049438 534.903564
0 1524834301 530.131836 1077.817139
0 1607644171 1156.080933 482.345245
0 1524800258 249.298325 1031.015137
0 1568504647 944.564148 463.472839
0 1568500642 1071.140747 533.740234
0 1478256239 1401.742920 333.701630
0 1524815277 649.350098 993.413757
0 1568503646 1208.293335 573.794983
0 1478220191 1347.769287 279.433868
0 1478207174 1444.903564 322.923828
0 1478213182 1329.423218 289.296997
0 1524813274 554.481812 992.461365
0 1568516663 1004.066406 464.213013
0 1578517672 944.890869 447.784149
0 1578527685 1186.312866 482.719086
0 1478240218 1408.406372 345.477142
0 1478215185 1281.853882 288.666809
0 1524838307 640.273987 1034.866943
0 1478197163 1426.930298 334.030365
0 1478221192 1415.275513 357.616150
0 1524819281 269.390594 989.599426
0 2086284946 1040.618896 552.208130
0 1524824288 563.251038 815.424866
0 1478226199 1388.997314 311.177856
0 1578518673 1061.800537 449.246704
0 1438981616 911.108398 531.799011
0 1478238215 1262.286377 298.808014
0 1609135173 1111.556030 593.002686
0 1524793249 565.658508 953.283020
0 1568515662 1149.193237 614.647034
0 1568516664 1010.752502 613.017639
0 1438991628 1045.378906 613.425232
0 1478249230 1271.110229 320.646759
0 1438996634 975.148987 532.575806
0 1578519675 1120.209229 449.977417
0 1524864341 542.658875 1033.905273
0 1478255238 1296.233765 268.918549
0 1438993631 1183.776489 615.054016
0 1524788244 611.803955 953.754395
0 1772785076 974.129761 448.149933
0 1524828293 454.920471 879.633667
0 1478203171 1342.487793 269.535431
0 1524798255 306.363953 913.387329
0 1478199165 1358.786499 300.081818
0 1578528686 1073.225708 552.600952
0 1478192156 1376.972046 289.926849
0 1478228201 1459.539307 346.141754
0 1772037075 975.859131 591.392639
0 1578515670 1138.410522 553.386047
0 1524851323 459.532562 991.508240
0 1478218188 1388.722412 270.152069
0 1478202169 1382.831177 345.144714
0 1478254236 1411.832642 270.460297
0 1478246226 1273.099487 268.609985
0 1524809269 379.172424 1076.359741
0 1524822285 323.411682 878.247375
0 1524841310 681.070679 848.535950
0 1478235210 1464.926270 280.991180
0 1578515669 1178.587158 450.707733
0 1524854328 396.075256 1032.461182
0 0 965.503906 93.798149
0 1 451.208984 869.768433
0 2 932.544678 112.611725
0 3 1094.895386 175.047165
0 4 1008.771179 142.826706
0 6 578.463440 303.933289
0 7 626.878174 317.684448
0 9 987.321716 75.846855
0 10 513.406372 306.321167
0 11 691.749634 197.843765
0 13 567.608887 333.585022
0 16 423.636292 390.417999
0 19 903.281006 101.595177
0 20 1050.259766 138.097321
0 21 347.387177 530.638000
0 22 1612.842896 132.079025
0 23 1176.435059 321.276855
0 24 1326.983521 231.949051
0 25 1030.208618 327.789062
0 26 1079.141235 299.982330
0 27 1504.534912 597.591980
0 28 1523.158203 695.181030
0 29 1480.989380 510.861969
0 30 1494.018433 213.517334
0 31 1108.835693 340.160858
0 33 812.905090 555.724548
0 35 1539.199341 234.654510
0 37 1322.421631 212.823395
0 39 1671.903931 137.013489
0 40 1617.195923 221.496475
0 46 1457.539551 100.603928
0 53 451.545441 465.346649
0 55 1279.750122 90.164780
0 131 698.255554 167.489944
0 170 589.316406 511.627777
0 187 1417.756226 204.904083
0 192 1219.243896 191.956375
0 201 451.808990 281.998901
0 204 0.000000 0.000000
0 206 482.813995 244.096924
0 208 0.000000 0.000000
0 210 1089.789673 134.822235
0 212 1130.579956 145.998383
0 213 1340.592041 149.535797
0 218 1516.574951 153.704819
0 223 131.354477 1027.973633
