0 1578512666 969.308594 553.615540
0 1524823287 419.601227 456.503204
0 1478234209 1500.801514 954.307129
0 1707269176 984.966980 663.301880
0 1438989626 829.129456 545.639771
0 1524801259 587.311462 460.689606
0 1438992629 885.499146 571.063293
0 1478227200 1686.746094 912.011902
0 1524854327 573.880371 493.768738
0 1478249229 1782.746704 876.698303
0 1524807266 655.929016 401.502472
0 1524863340 462.750793 426.019196
0 1524831297 610.716858 403.045197
0 1478229202 1665.409790 883.019897
0 1568509654 885.972229 585.648315
0 1524790246 486.289032 425.200592
0 1578523681 856.283875 687.501038
0 1478207175 1791.697876 937.944031
0 1524861337 398.122101 489.059906
0 1478210178 1714.394409 1011.577942
0 1524862338 649.927856 419.509644
0 1478186149 1667.820190 944.912170
0 1524797254 565.353882 404.593079
0 1578518674 982.460632 645.744934
0 1438985621 888.629517 667.570496
0 1524857331 437.753326 466.105377
0 1478203170 1758.124512 1009.001892
0 1438994632 999.779663 566.410095
0 1578520676 856.836731 558.136108
0 1478237213 1373.992432 791.379639
0 1568511657 1002.372192 580.845764
0 1775370079 967.386719 540.152649
0 1478195160 1493.521362 1024.589233
0 1568510655 997.279907 552.491333
0 1478257240 1423.520508 813.717407
0 1578521677 1037.908569 610.112427
0 1524794250 449.902771 487.144165
0 1524812272 557.765381 472.288269
0 1769859072 975.511108 597.063416
0 1578525683 913.190369 555.871094
0 1770636073 1041.399536 626.240051
0 1524846317 491.734985 415.929474
0 1524833300 562.498840 461.588135
0 1568511656 823.258972 688.987061
0 1438985620 887.503601 632.860229
0 1478185148 1537.994873 1021.969299
0 1707993177 1112.348633 657.657715
0 1478189152 1410.248901 789.573669
0 1524791247 480.679657 434.750000
0 1524830296 509.786743 424.383423
0 2088218948 918.424377 631.530090
0 1524827292 444.292999 455.618347
0 1606348170 920.818909 666.144287
0 1524855329 640.234314 448.596436
0 1478183145 1362.150146 768.274658
0 1438990627 1005.062805 595.827515
0 1524840309 431.004730 476.927521
0 1478222194 1513.145630 835.138306
0 1709860179 1076.975586 535.803284
0 1478188151 1607.534668 804.378296
0 1438988624 949.274048 630.203003
0 1478243222 1661.283569 777.069275
0 1524843313 445.314728 417.528412
0 1524844315 588.054321 403.818451
0 1524858333 432.844482 436.429962
0 1524811271 643.563354 438.607239
0 1524859334 426.323914 446.313416
0 1478216186 1437.448364 839.054932
0 1524851324 443.138428 498.659760
0 1524814275 608.141357 470.444611
0 1578514668 1045.030273 643.013733
0 1478184146 1460.530029 811.839111
0 1524829294 504.534546 433.912201
0 1478176143 1554.284790 782.399048
0 1524860336 633.259521 469.525330
0 1478222193 1683.421021 853.466736
0 1438997636 886.463318 600.787659
0 1478194158 1482.463989 785.976501
0 1478201168 1750.536133 940.259399
0 1478187150 1561.980103 984.703491
0 1478205172 1709.243774 942.582092
0 1524838306 603.374451 421.128662
0 1568514660 1020.202087 680.125366
0 1524865342 625.827637 491.825409
0 2085418945 1093.328369 592.135986
0 1524808268 582.976685 471.365601
0 1478200167 1605.902832 916.460815
0 1478194159 1726.980713 909.797791
0 1568501643 1013.782104 644.377747
0 1478239216 1432.931152 764.812378
0 1524820283 552.879028 483.334290
0 1438989625 1071.967651 624.925110
0 1568505649 951.065918 647.115295
0 1478255237 1475.625122 989.672424
0 1524804262 629.603455 480.495667
0 1568506650 1076.205688 641.652893
0 1478217187 1427.530273 895.835815
0 1568505648 1067.892456 608.840881
0 1568497640 954.874817 683.064819
0 1578511665 987.578186 681.593323
0 1478258241 1584.577026 949.594666
0 1524796253 575.849731 431.407593
0 1478206173 1767.091553 907.590454
0 1524826291 619.596191 439.457458
0 1578529688 1089.013306 577.270996
0 1478233207 1626.491943 1016.756104
0 1708834178 980.052917 628.878967
0 1478189153 1625.879395 829.305359
0 1568499641 941.278809 554.742126
0 1478245224 1582.318115 1019.358276
0 1524852325 623.186401 429.745117
0 1478219190 1643.016968 754.536133
0 1578525682 1031.314941 579.651611
0 1478232206 1644.029663 802.526123
0 1524818280 537.640869 462.488251
0 1524850322 630.054749 411.165039
0 1438996635 1016.926331 661.885803
0 1524832299 542.616028 452.094757
0 1478242220 1647.770020 979.767090
0 1524789245 451.280792 408.485413
0 1438999639 827.992432 573.404724
0 1478196161 1524.557129 920.937317
0 1478252234 1413.126465 867.733032
0 1524803261 462.793823 465.198608
0 1478211179 1737.649902 823.522278
0 1578523680 1025.192993 551.369385
0 1578530689 856.713989 586.855530
0 1568508653 826.121277 619.093994
0 1524826290 633.341797 402.273193
0 1524847319 556.661072 422.753235
0 1524810270 547.832092 494.743195
0 1524835302 567.086304 451.217804
0 1524821284 439.171936 426.839233
0 1524799257 547.439941 442.017059
0 1478233208 1550.831299 833.188354
0 1608354172 1102.465942 623.613220
0 1524835303 604.076721 481.440094
0 1478251232 1458.712402 956.674561
0 1524812273 612.078979 459.792725
0 1706512175 856.894836 544.537842
0 1438986622 1049.662354 536.887268
0 1478211180 1646.386963 914.232910
0 1524823286 456.782990 435.589264
0 1478223195 1452.082275 865.676941
0 1478244223 1586.595215 887.266113
0 1438987623 1063.971313 593.363770
0 1478193157 1606.761108 857.512878
0 1478198164 1604.945312 982.231201
0 1524862339 493.543060 453.853363
0 1478236212 1468.179688 763.088318
0 1478240217 1446.406006 787.772644
0 1478214183 1733.000366 974.862854
0 1578521678 856.581726 617.802185
0 1524844314 626.671143 420.318451
0 1524848320 501.488098 485.235626
0 1524806265 571.534607 441.162354
0 1524787243 561.070557 413.541199
0 1478241219 1570.937622 806.235657
0 1524799256 591.512756 450.342468
0 1478190154 1538.394409 759.653748
0 1478226198 1588.409058 831.244080
0 1478208176 1743.751709 878.799194
0 1478214184 1386.406860 815.601013
0 2084722944 1034.549438 594.594238
0 1578522679 915.166992 584.443787
0 1524825289 474.171844 407.704315
0 1774531078 856.649109 602.034607
0 1525674169 914.160645 569.896240
0 1478197162 1859.808716 967.566223
0 1524815276 615.895386 449.468658
0 1768901071 1022.293396 537.973511
0 1578526684 973.366821 582.042542
0 1478182144 1690.454712 977.310913
0 1524853326 652.971924 410.375671
0 1478218189 1397.588135 766.541199
0 1578513667 977.738220 612.664185
0 1438983618 1010.761414 627.558044
0 1478224196 1497.435669 809.966064
0 1478247227 1801.708008 1006.434448
0 1524792248 416.839142 499.643585
0 1524795252 468.544617 416.728241
0 1524808267 512.737488 463.390045
0 1478191155 1590.048340 780.617554
0 1524856330 542.615417 405.368927
0 1478236211 1442.704346 925.441650
0 1478258242 1888.438721 1001.325317
0 1478212181 1518.423462 784.185303
0 1478185147 1475.351318 837.093811
0 1568502645 888.055237 649.865723
0 1568508652 1007.857117 611.386902
0 1438984619 1080.616943 659.063782
0 1659977623 961.672791 605.418457
0 1478209177 1670.517212 1014.162598
0 1438982617 945.894043 598.302063
0 1524805264 475.719788 486.188995
0 1771287074 856.362915 669.000244
0 2087111947 1028.198364 565.252991
0 1524817279 646.793091 428.916016
0 1524795251 580.037781 421.940247
0 1478230204 1568.261963 859.544861
0 1478230203 1817.676514 969.990479
0 1524847318 468.940186 454.735046
0 1578516671 922.091492 684.539978
0 1568513659 944.298401 583.241882
0 1578529687 856.438782 651.245789
0 1524819282 599.538696 430.575623
0 1478253235 1534.238159 808.098267
0 1524836304 523.302612 442.873291
0 1478243221 1775.407349 972.422729
0 1568501644 1085.211914 677.200195
0 1438998637 825.448181 635.529602
0 1524816278 521.733887 495.719513
0 1705773174 912.254395 542.340759
0 1524845316 497.024567 406.924561
0 1524842312 519.839050 406.146088
0 1568507651 828.571106 559.272217
0 1438999638 1056.556519 564.098450
0 1478252233 1399.435791 841.021729
0 1438993630 994.868225 539.061951
0 1478237214 1680.422974 800.679016
0 1524857332 405.510803 477.860565
0 1478248228 1529.649414 861.582886
0 1478225197 1608.235596 756.237488
0 1524859335 533.244019 423.567627
0 1524832298 552.119446 432.240997
0 1478200166 1677.705933 752.839355
0 1478250231 1483.694458 923.185974
0 1478245225 1700.499268 825.444458
0 1438995633 884.603088 543.438171
0 1524804263 487.788513 464.293488
0 1524839308 528.347778 433.075867
0 1524849321 578.502014 482.386322
0 1568512658 885.043091 557.002441
0 1568514661 886.973389 616.513367
0 1478231205 1518.873535 987.183899
0 1773608077 971.300720 567.569763
0 1438977615 952.931335 664.721375
0 1524834301 456.451202 475.996216
0 1607644171 1048.809570 660.473083
0 1524800258 514.886047 415.132019
0 1568504647 1053.047852 550.249817
0 1568500642 947.551392 613.944336
0 1478256239 1547.009155 889.398743
0 1524815277 495.585693 496.697723
0 1568503646 889.227905 686.018738
0 1478220191 1721.582886 851.452515
0 1478207174 1626.264893 947.249695
0 1524841311 412.666901 467.013763
0 1478213182 1663.242554 827.372131
0 1524813274 507.202393 474.138794
0 1568516663 1060.195190 578.460022
0 1578517672 1080.844971 549.132629
0 1578527685 1052.746460 678.661011
0 1478240218 1507.303345 891.538025
0 1478215185 1625.714355 778.841003
0 1524838307 469.387238 497.677765
0 1478197163 1565.293091 918.695557
0 1478221192 1467.477295 893.683655
0 1524819281 537.997925 414.335968
0 2086284946 916.211609 599.543518
0 1524824288 636.801331 458.897491
0 1524802260 390.489197 500.629303
0 1478226199 1626.061768 885.139771
0 1578518673 1097.809326 607.572144
0 1438981616 939.848816 541.245544
0 1478238215 1573.361572 757.943359
0 1609135173 856.511658 634.193359
0 1524837305 424.036926 488.101135
0 1524793249 532.507385 473.212677
0 1568515662 824.747925 652.629089
0 1568516664 827.391968 588.065308
0 1438991628 826.768738 603.284302
0 1478249230 1503.333862 761.368713
0 1438996634 942.761108 568.731750
0 1578519675 1107.308472 640.295288
0 1524829295 450.633240 445.451111
0 1524864341 481.850403 475.066650
0 1478255238 1716.715210 798.837158
0 1438993631 824.018799 670.433350
0 1524788244 527.207764 484.284058
0 1772785076 1084.854980 562.946228
0 1524828293 595.586609 440.309143
0 1478203171 1759.633423 849.444153
0 1524798255 584.104248 412.747803
0 1478199165 1645.147217 855.486816
0 1578528686 917.296570 615.227417
0 1478192156 1704.639648 880.906372
0 1478228201 1542.756104 951.947144
0 1772037075 856.776489 572.232727
0 1578515670 919.597534 648.488892
0 1524851323 518.101562 452.973236
0 1478218188 1807.079102 905.389954
0 1478202169 1490.922974 863.626892
0 1478254236 1832.729736 935.635986
0 1478246226 1696.755981 775.302368
0 1524809269 474.899353 444.590302
0 1524822285 607.098938 411.955750
0 1524841310 599.878784 492.796173
0 1478235210 1845.145752 1003.875610
0 1578515669 1117.598511 675.742920
0 1524854328 499.122437 443.731018
0 0 559.202393 401.886932
0 1 1121.124390 327.411926
0 2 1459.823975 365.095184
0 3 1208.508911 325.230652
0 4 1011.115051 329.902618
0 6 1072.682739 350.399078
0 7 1067.291626 331.626862
0 10 1194.093628 421.224823
0 11 680.294678 374.706451
0 13 1189.780518 395.790955
0 16 113.585144 654.331299
0 18 131.580872 415.348480
0 19 130.516235 599.917786
0 23 983.351685 487.407806
0 25 763.416748 489.841888
0 26 1046.539307 826.423340
0 27 1291.880249 567.122375
0 28 1364.265869 591.138367
0 29 1288.349854 607.710999
0 31 1173.194214 452.493164
0 33 1164.612061 864.554810
0 36 763.026550 404.667267
0 41 936.859192 385.449219
0 44 1783.942627 694.334412
0 52 621.628357 377.226013
0 53 1378.485718 365.242035
0 59 518.253906 392.948792
0 61 371.813110 368.659149
0 69 66.136696 277.906403
0 70 14.714390 274.273682
0 71 358.260010 271.196503
0 75 302.703796 268.673492
0 76 247.412079 281.375763
0 78 161.282928 276.820435
0 80 360.017334 286.051819
0 83 315.917603 283.789917
0 88 40.143574 291.579071
0 90 3.451734 287.708435
