0 1578512666 926.424438 613.465210
0 1478234209 1398.482056 456.392365
0 1707269176 1130.659668 606.594727
0 1438989626 898.896057 701.065491
0 1524801259 573.900269 956.163452
0 1438992629 960.305237 662.176331
0 1478227200 1339.618164 408.632477
0 1524854327 698.476318 950.739990
0 1478249229 1299.644287 383.298004
0 1524807266 349.907562 907.240723
0 1524831297 321.931763 967.132874
0 1478229202 1317.568481 409.245331
0 1568509654 991.315369 661.086365
0 1578523681 1182.112793 672.220215
0 1478207175 1348.323486 390.540009
0 1478210178 1413.155640 415.886292
0 1524862338 430.022797 903.892578
0 1478186149 1368.582642 417.137909
0 1524797254 290.832611 1033.711670
0 1578518674 1101.637817 607.570984
0 1438985621 1145.497314 655.667114
0 1478203170 1405.588745 406.798767
0 1438994632 954.350891 597.126404
0 1578520676 930.249878 681.209717
0 1478237213 1261.781250 471.257629
0 1568511657 983.095886 596.172791
0 1775370079 897.040649 614.453613
0 1478195160 1454.504150 465.544952
0 1568510655 925.555786 598.081665
0 1478257240 1279.759888 459.872131
0 1578521677 1037.540405 579.559998
0 1524812272 608.437805 986.102844
0 1769859072 1014.263794 610.510254
0 1578525683 928.262939 646.023071
0 1770636073 1065.625610 578.640869
0 1524833300 565.678223 988.004578
0 1568511656 1188.307861 690.572021
0 1438985620 1083.997681 657.828674
0 1478185148 1445.730103 455.007507
0 1707993177 1113.269165 549.078857
0 1478189152 1255.911621 460.571136
0 2088218948 1080.039307 640.767639
0 1606348170 1140.360718 638.678955
0 1524855329 549.482971 898.900146
0 1478183145 1237.530273 471.976501
0 1438990627 1011.790894 595.220825
0 1478222194 1290.957642 438.825562
0 1709860179 895.788757 556.010742
0 1478188151 1251.240845 411.088959
0 1438988624 1076.231079 624.353088
0 1478243222 1219.376465 394.053680
0 1524844315 306.804382 999.518372
0 1524811271 509.757507 900.560364
0 1478216186 1303.573364 459.174133
0 1524814275 622.258057 924.221069
0 1578514668 1093.663208 577.723389
0 1478184146 1273.711792 449.526459
0 1478176143 1234.129395 420.913483
0 1524860336 628.652100 895.591492
0 1478222193 1289.652466 400.953125
0 1438997636 1022.267395 659.998474
0 1478194158 1244.696411 440.152252
0 1478201168 1354.887695 399.157959
0 1478187150 1413.961426 445.460754
0 1478205172 1361.637939 408.020416
0 1524838306 406.342163 963.458069
0 1568514660 1154.521606 590.485901
0 1524865342 707.447388 892.298523
0 2085418945 1004.887146 552.533386
0 1524808268 615.528992 954.351135
0 1478200167 1353.076538 427.164459
0 1478194159 1333.171509 399.755524
0 1568501643 1097.577759 592.375000
0 1478239216 1226.693237 450.889465
0 1524820283 651.088074 984.205872
0 1438989625 1062.339600 564.476929
0 1568505649 1105.851440 623.342346
0 1478255237 1430.537964 466.255371
0 1524804262 668.096313 893.943054
0 1568506650 1089.886597 563.587341
0 1478217187 1358.427124 468.392883
0 1568505648 1034.746460 565.367981
0 1568497640 1164.932495 621.326294
0 1578511665 1159.630493 605.620117
0 1478258241 1383.089355 436.183502
0 1524796253 436.740356 993.739258
0 1478206173 1326.902832 391.123688
0 1524826291 500.292999 929.421875
0 1578529688 977.679993 553.400574
0 1478233207 1428.960815 434.868042
0 1708834178 1072.564575 608.549011
0 1478189153 1273.380005 410.473572
0 1568499641 927.326172 629.434265
0 1478245224 1437.219482 444.786560
0 1524852325 459.439697 931.163879
0 1478219190 1197.786255 394.641998
0 1578525682 981.225708 581.402832
0 1478232206 1246.017212 402.153870
0 1524818280 557.000916 1021.609131
0 1524850322 377.433533 934.660706
0 1438996635 1126.074341 591.429626
0 1524832299 512.931763 1023.612915
0 1478242220 1398.352173 425.879761
0 1438999639 963.649963 698.717590
0 1478196161 1367.345215 446.812134
0 1478252234 1334.319214 469.107483
0 1478211179 1257.240967 384.442322
0 1578523680 924.718384 583.252075
0 1578530689 993.577209 678.949463
0 1568508653 1060.307373 695.213074
0 1524826290 336.279938 936.415527
0 1524847319 380.024750 1029.656128
0 1524810270 693.629578 982.313782
0 1524835302 522.809143 989.911255
0 1524799257 468.746277 1025.621948
0 1478233208 1284.926880 429.098175
0 1608354172 1059.167236 550.803284
0 1524835303 662.716064 922.495911
0 1478251232 1406.536499 466.966827
0 1524812273 581.701782 925.950500
0 1706512175 898.494995 682.343079
0 1438986622 896.085083 569.845581
0 1478211180 1346.250488 417.765045
0 1478223195 1327.352417 458.477173
0 1478244223 1330.391602 427.808136
0 1438987623 1007.107178 566.260437
0 1478193157 1301.494263 419.021820
0 1478198164 1406.041260 435.525330
0 1478236212 1221.516724 440.816956
0 1478240217 1250.219360 450.207458
0 1478214183 1383.628174 407.409149
0 1578521678 1056.662476 676.697815
0 1524844314 418.486664 932.910156
0 1524848320 638.138977 1052.926636
0 1524806265 479.829987 991.822815
0 1524787243 335.487762 1031.681152
0 1478241219 1256.615234 420.282043
0 1524799256 532.167603 957.980225
0 1478190154 1211.612793 421.545776
0 1478226198 1279.070068 419.651520
0 1478208176 1305.453979 391.708160
0 1478214184 1285.996338 470.539856
0 2084722944 1009.406982 580.480652
0 1578522679 989.141113 643.915100
0 1774531078 1025.150024 677.822571
0 1525674169 958.730042 644.968140
0 1478197162 1363.043823 381.587006
0 1524815276 541.046875 927.684021
0 1768901071 896.392151 584.179077
0 1578526684 985.035767 611.493530
0 1478182144 1390.884399 416.511658
0 1524853326 390.012909 905.564636
0 1478218189 1232.028564 461.271149
0 1578513667 1043.439941 609.528809
0 1438983618 1069.031738 593.321960
0 1478224196 1267.843384 439.488434
0 1478247227 1398.233398 397.965118
0 1524808267 547.829346 1057.127686
0 1478191155 1229.071655 411.705170
0 1524856330 273.943665 1069.868408
0 1478236211 1382.499512 467.679291
0 1478258242 1384.122559 381.018158
0 1478212181 1239.335571 430.391815
0 1478185147 1297.170410 448.846436
0 1568502645 1114.776245 656.746887
0 1568508652 1040.436157 594.270569
0 1438984619 1117.387451 562.699341
0 1659977623 1030.265991 617.871521
0 1478209177 1420.942993 425.238770
0 1438982617 1016.830322 626.380066
0 1771287074 1150.839844 673.336487
0 2087111947 952.996216 582.326660
0 1524817279 469.937500 902.224487
0 1524795251 393.539825 995.660645
0 1478230204 1307.675049 428.452698
0 1478230203 1369.716064 389.957092
0 1578516671 1170.438599 637.637451
0 1568513659 987.049500 627.396362
0 1578529687 1119.507324 674.454773
0 1524819282 448.388916 961.627563
0 1478253235 1262.146973 429.744568
0 1524836304 457.029572 1061.351562
0 1478243221 1376.574951 398.561157
0 1568501644 1144.842285 561.812744
0 1438998637 1092.401001 694.049377
0 1524816278 688.515503 1015.629211
0 1705773174 897.739624 647.079956
0 1568507651 931.304749 699.890381
0 1438999638 951.689392 568.050049
0 1478252233 1310.175537 469.823151
0 1438993630 896.710449 599.038574
0 1478237214 1240.938354 393.466156
0 1478248228 1314.039307 438.163666
0 1478225197 1202.265625 403.357880
0 1524859335 365.735657 1065.598389
0 1524832298 424.444122 1027.636475
0 1478200166 1193.429443 386.164429
0 1478250231 1374.806519 457.086304
0 1478245225 1262.471802 392.879395
0 1438995633 898.109863 664.362366
0 1524839308 411.444672 1063.472046
0 1524849321 657.054260 952.543335
0 1568512658 929.236755 663.268250
0 1568514661 1053.161377 658.912537
0 1478231205 1422.123169 455.699402
0 1773608077 955.756104 612.478455
0 1438977615 1135.418457 622.333435
0 1607644171 1121.653198 576.807373
0 1568504647 923.910583 568.947083
0 1568500642 1046.557495 625.365723
0 1478256239 1337.088379 437.502686
0 1524815277 683.111206 1050.834595
0 1568503646 1176.161011 654.589294
0 1478220191 1283.976929 392.293365
0 1478207174 1375.730103 426.521667
0 1478213182 1267.849365 401.553101
0 1524813274 593.045166 1055.024414
0 1568516663 979.421509 567.154541
0 1578517672 923.130920 555.139221
0 1578527685 1149.595459 575.893005
0 1478240218 1343.987061 447.489258
0 1478215185 1224.156128 402.755463
0 1478197163 1360.105103 436.842621
0 1478221192 1351.096680 457.781250
0 1524819281 319.902161 1067.730469
0 2086284946 1019.496216 642.864014
0 1524824288 589.114441 897.243835
0 1478226199 1323.887695 418.393005
0 1578518673 1032.049561 551.667603
0 1438981616 897.383484 630.456055
0 1478238215 1206.872559 412.322205
0 1609135173 1088.114868 675.575256
0 1524793249 600.954346 1019.610596
0 1568515662 1124.432129 692.888062
0 1568516664 995.932068 697.547180
0 1438991628 1028.151123 696.378906
0 1478249230 1216.492065 431.039978
0 1438996634 957.214783 628.414429
0 1578519675 1086.240356 549.940369
0 1478255238 1235.998047 385.015594
0 1438993631 1156.401001 691.728882
0 1524788244 644.792358 1017.617249
0 1772785076 950.427979 554.269165
0 1524828293 490.330627 959.801636
0 1478203171 1278.456299 383.869781
0 1524798255 350.227997 997.587036
0 1478199165 1295.489136 409.859070
0 1578528686 1049.795654 641.814880
0 1478192156 1311.426392 400.353943
0 1478228201 1390.669922 446.135956
0 1772037075 961.943909 680.078491
0 1578515670 1110.227783 639.722351
0 1524851323 502.490967 1059.236816
0 1478218188 1320.804810 382.726929
0 1478202169 1320.595459 448.167358
0 1478254236 1341.937988 382.156586
0 1478246226 1214.727539 385.589630
0 1524822285 364.189880 965.293213
0 1524841310 703.076111 920.774902
0 1478235210 1391.080688 389.374908
0 1578515669 1140.253540 548.218750
0 0 1508.896362 620.956360
0 1 1164.979492 423.854523
0 2 965.330200 455.871765
0 3 282.996338 883.691833
0 4 740.906921 583.058655
0 5 1630.359863 1007.048340
0 6 349.921600 702.107605
0 7 844.261353 872.245667
0 8 983.777954 885.704773
0 9 1368.132324 410.505249
0 10 692.710449 739.057251
0 11 1629.421021 732.954590
0 12 676.830139 328.580048
0 13 1690.926147 934.713257
0 14 514.874573 481.240143
0 15 1621.897217 558.940308
0 16 934.623352 999.776794
0 17 941.585999 332.997620
0 18 1114.148193 1037.957764
0 19 1251.514648 451.465424
0 20 1324.832764 383.892761
0 21 831.553345 956.356812
0 22 1257.285400 334.875366
0 23 636.406006 379.135468
0 24 1702.752808 820.468872
0 25 1366.993408 435.003723
0 26 1425.425293 460.354767
0 27 1414.631592 487.712677
0 28 398.610718 831.939453
0 29 685.683167 483.897461
0 30 697.269897 681.744690
0 31 1265.109985 1003.900818
0 32 1797.858643 735.828369
0 33 1552.039917 563.063354
0 34 1661.278687 622.839355
0 35 1486.222290 651.057312
0 36 1310.913452 440.504700
0 37 1542.171387 905.870361
0 38 987.156738 348.034943
0 39 1737.902710 675.801880
