0 1578512666 896.184326 702.689331
0 1478234209 999.183289 540.952271
0 1707269176 1003.080566 659.378296
0 1438989626 971.491211 752.412476
0 1524801259 1049.561768 950.770081
0 1438992629 966.349548 720.096130
0 1478227200 922.965088 522.302979
0 1524854327 1107.273682 911.777283
0 1478249229 874.598206 512.818237
0 1524807266 861.076355 1008.034973
0 1524831297 913.616882 1042.620728
0 1478229202 911.336182 525.466614
0 1568509654 982.192932 713.086487
0 1578523681 1087.457642 681.755737
0 1478207175 909.805298 510.943146
0 1524861337 1290.301636 1031.169556
0 1478210178 969.132629 517.246643
0 1524862338 910.271057 977.378540
0 1478186149 946.953796 523.415955
0 1524797254 969.743530 1079.567139
0 1578518674 988.898499 665.124390
0 1438985621 1055.659058 680.582947
0 1524857331 1222.469238 1046.979736
0 1478203170 956.622559 513.146484
0 1438994632 895.448792 688.347046
0 1578520676 968.857300 735.857849
0 1478237213 942.083130 567.577454
0 1568511657 911.514099 682.018677
0 1775370079 879.329895 709.518250
0 1478195160 1034.572510 538.694275
0 1568510655 878.976746 694.835632
0 1478257240 940.685181 558.790894
0 1578521677 925.806763 662.746399
0 1524794250 1228.280273 998.302795
0 1524812272 1095.950562 951.696716
0 1769859072 944.255127 683.212524
0 1578525683 931.727112 718.911316
0 1770636073 940.787720 657.005920
0 1524833300 1076.222168 965.604492
0 1568511656 1105.987061 689.109863
0 1438985620 1027.365845 693.100708
0 1478185148 1021.084534 534.273682
0 1707993177 937.607971 632.973450
0 1478189152 928.292847 562.569824
0 2088218948 1009.340149 685.585754
0 1524827292 1203.222900 1064.192749
0 1606348170 1037.782227 673.373291
0 1524855329 977.623108 935.407043
0 1478183145 929.476318 571.514465
0 1438990627 927.187439 675.844666
0 1524840309 1240.983765 1030.421021
0 1478222194 926.049988 545.618530
0 1709860179 812.487000 678.407776
0 1478188151 875.139282 535.313904
0 1438988624 991.680359 678.223267
0 1478243222 837.778809 529.701599
0 1524844315 941.209351 1060.783936
0 1524811271 955.970093 948.900513
0 1478216186 952.837646 555.085022
0 1524851324 1245.743408 983.468811
0 1524814275 1043.739990 923.356750
0 1578514668 955.419556 651.399292
0 1478184146 927.151428 553.943359
0 1524829294 1099.447388 1062.842651
0 1478176143 875.332397 543.338379
0 1524860336 1018.738037 909.785706
0 1478222193 887.038391 524.344849
0 1438997636 997.633545 706.255188
0 1478194158 901.383118 552.798157
0 1478201168 922.004028 515.038940
0 1478187150 996.912903 533.163391
0 1478205172 934.385498 519.196045
0 1524838306 962.376465 1009.676453
0 1568514660 1000.148865 647.103943
0 1524865342 1057.169678 885.836365
0 2085418945 878.009216 654.615173
0 1524808268 1069.466797 937.321350
0 1478200167 948.350342 530.932739
0 1478194159 910.558167 518.085144
0 1568501643 971.994568 658.194397
0 1478239216 902.058899 561.417786
0 1524820283 1114.996094 938.270325
0 1438989625 924.485291 650.209351
0 1568505649 1006.141418 672.193359
0 1478255237 1023.764099 542.069580
0 1524804262 1038.272583 897.612427
0 1568506650 939.164185 644.735229
0 1478217187 990.097839 552.583130
0 1568505648 909.459534 655.812927
0 1568497640 1034.046631 660.557556
0 1578511665 1016.933472 653.765503
0 1478258241 972.668396 532.049744
0 1524796253 1012.552429 1010.489563
0 1478206173 898.335938 513.930237
0 1524826291 981.379028 963.794922
0 1578529688 862.217224 660.349609
0 1478233207 994.717712 525.632019
0 1708834178 974.375244 671.008728
0 1478189153 887.429382 531.970459
0 1568499641 913.763672 710.712708
0 1478245224 1007.801147 529.920105
0 1524852325 959.065308 978.264343
0 1478219190 824.983032 533.034119
0 1578525682 894.746216 674.648132
0 1478232206 862.642212 530.837769
0 1524818280 1103.693115 980.889954
0 1524850322 911.885437 1008.858276
0 1438996635 986.235352 652.584656
0 1524832299 1083.437256 995.811951
0 1478242220 970.871216 524.525635
0 1438999639 1004.169617 737.031860
0 1478196161 974.527039 539.831543
0 1478252234 978.442139 556.223022
0 1524803261 1191.356445 1029.667725
0 1478211179 850.568115 518.944031
0 1578523680 862.129333 687.146362
0 1578530689 1000.823486 721.275818
0 1568508653 1050.044189 715.440308
0 1524826290 886.920166 1025.047119
0 1524847319 1017.898743 1044.092529
0 1524810270 1133.393555 925.300659
0 1524835302 1055.773682 980.020020
0 1524799257 1062.416138 1011.297668
0 1478233208 912.973267 540.997375
0 1608354172 908.497620 643.544128
0 1524835303 1063.128418 910.784241
0 1478251232 1012.752808 545.508301
0 1524812273 1023.676514 936.366943
0 1706512175 952.224548 743.445251
0 1438986622 828.671997 685.940735
0 1478211180 935.561096 526.584961
0 1478223195 964.757202 551.450256
0 1478244223 936.776672 534.225403
0 1438987623 894.074585 661.550354
0 1478193157 912.140808 533.099609
0 1478198164 983.793213 528.811707
0 1524862339 1141.416260 1028.909790
0 1478236212 888.687012 556.493530
0 1478240217 914.727966 557.643982
0 1478214183 945.602844 516.144409
0 1578521678 1031.167236 707.433838
0 1524844314 935.916626 993.275146
0 1524848320 1169.951904 967.392944
0 1524806265 1034.564819 994.971558
0 1524787243 994.303223 1061.474731
0 1478241219 887.833984 539.860840
0 1524799256 1028.941040 964.702393
0 1478190154 862.589539 546.882935
0 1478226198 900.101318 536.448547
0 1478208176 886.660217 516.971008
0 1478214184 954.441589 563.718140
0 2084722944 910.463989 668.625427
0 1578522679 963.959106 705.071533
0 1774531078 1016.190369 714.265869
0 1525674169 948.051025 711.902161
0 1478197162 909.076477 504.029022
0 1524815276 1002.902405 949.838013
0 1768901071 845.200073 693.633362
0 1578526684 928.631348 689.542786
0 1478182144 958.142517 520.303650
0 1524853326 886.135254 992.419067
0 1478218189 915.653503 566.424072
0 1578513667 959.498535 677.036377
0 1438983618 957.414490 663.937744
0 1478224196 913.835144 549.173889
0 1478247227 944.295227 509.106262
0 1524792248 1275.978882 999.122986
0 1524808267 1132.012085 996.647278
0 1478191155 862.616333 538.720825
0 1478236211 1001.532654 549.012146
0 1478258242 920.173035 501.200287
0 1478212181 888.252991 548.030212
0 1478185147 939.336426 550.313843
0 1568502645 1041.685791 686.765198
0 1568508652 942.483093 669.819458
0 1438984619 953.508179 639.385925
0 1659977623 960.575867 683.807617
0 1478209177 981.829590 521.408020
0 1438982617 961.677795 690.733643
0 1524805264 1198.675415 982.614319
0 1771287074 1073.901123 687.939880
0 2087111947 878.639526 680.819946
0 1524817279 933.533813 962.881958
0 1524795251 989.689758 1026.606934
0 1478230204 924.986389 537.579712
0 1478230203 921.073792 508.008423
0 1524847318 1171.817749 1046.264893
0 1578516671 1051.498291 667.483887
0 1568513659 946.109131 697.225403
0 1578529687 1060.009155 694.277039
0 1524819282 985.392273 994.125916
0 1478253235 900.731018 544.480225
0 1524836304 1091.160400 1028.146973
0 1478243221 933.247925 512.046448
0 1568501644 967.528625 634.157410
0 1438998637 1064.561157 708.607605
0 1524816278 1160.266479 939.213806
0 1705773174 914.970520 726.106323
0 1568507651 988.051270 744.618164
0 1438999638 862.174255 673.446899
0 1478252233 966.558960 559.934021
0 1438993630 862.082214 701.490723
0 1478237214 850.338013 526.430664
0 1524857332 1272.798462 1047.690063
0 1478248228 938.034363 542.130371
0 1478225197 837.319763 537.577148
0 1524859335 1047.047974 1062.160889
0 1524832298 1040.585938 1027.379395
0 1478200166 812.838928 528.561951
0 1478250231 987.923828 544.385803
0 1478245225 862.667175 523.219666
0 1438995633 933.389099 734.678772
0 1524804263 1161.219116 1012.898682
0 1524839308 1069.535767 1044.821289
0 1524849321 1088.692749 924.331421
0 1568512658 950.087158 727.291016
0 1568514661 1012.686279 699.595398
0 1478231205 1010.234985 537.582153
0 1773608077 912.612793 696.033020
0 1438977615 1020.259521 666.306396
0 1524834301 1210.163818 1013.691895
0 1607644171 969.714294 645.921814
0 1568504647 845.630859 679.616333
0 1568500642 976.863525 684.401550
0 1478256239 949.794861 538.707336
0 1524815277 1187.925293 953.533997
0 1568503646 1069.298340 674.548523
0 1478220191 874.772522 520.067017
0 1478207174 959.713318 527.700012
0 1524841311 1254.605835 1064.861206
0 1478213182 874.952820 527.561340
0 1524813274 1151.326172 981.754761
0 1568516663 878.317383 667.426636
0 1578517672 829.470581 672.240662
0 1578527685 983.683655 640.569092
0 1478240218 963.017822 543.259827
0 1478215185 850.100037 534.175781
0 1524838307 1216.405273 968.279297
0 1478197163 961.337463 535.347717
0 1478221192 976.450439 547.884460
0 2086284946 979.466736 698.412842
0 1524824288 998.533203 922.376648
0 1524802260 1307.153931 1015.263611
0 1478226199 923.958679 529.812317
0 1578518673 893.431702 649.014893
0 1438981616 896.955200 717.721497
0 1478238215 849.853638 542.192871
0 1609135173 1045.768921 700.773010
0 1524837305 1258.807739 1014.480103
0 1524793249 1123.224976 966.501343
0 1568515662 1078.715210 701.945862
0 1568516664 1019.863708 729.645142
0 1438991628 1035.149902 722.450439
0 1478249230 875.532288 551.649170
0 1438996634 930.142944 703.882935
0 1578519675 923.219116 638.198425
0 1524864341 1180.292236 997.477539
0 1478255238 838.222412 522.091187
0 1438993631 1092.519531 695.448547
0 1524788244 1142.070923 952.618042
0 1772785076 846.042358 666.223083
0 1524828293 1007.565308 979.144836
0 1478203171 862.691345 515.853516
0 1524798255 965.926880 1043.359009
0 1478199165 899.492981 528.688538
0 1578528686 994.589111 691.919617
0 1478192156 898.904785 521.186646
0 1478228201 985.823486 536.466614
0 1772037075 985.051208 728.470703
0 1578515670 1023.733643 679.405518
0 1524851323 1111.970825 1012.100647
0 1478218188 886.294312 509.836670
0 1478202169 951.289673 546.753296
0 1478254236 897.785278 506.907379
0 1478246226 825.648132 525.296570
0 1524809269 1151.504517 1063.519897
0 1524822285 938.468933 1025.829468
0 1524841310 1081.875610 898.627625
0 1478235210 932.146606 505.124603
0 1578515669 951.675232 627.865295
0 1524854328 1120.840942 1045.545288
0 0 650.680664 860.353821
0 1 950.660034 522.329285
0 2 907.394043 566.557434
0 3 417.328827 632.201538
0 4 667.873108 636.457642
0 5 971.912842 988.751160
0 6 373.106262 586.614502
0 7 1059.116211 856.701050
0 8 1133.525513 829.614746
0 9 1427.601562 658.873169
0 10 952.810364 798.165466
0 11 1237.051392 898.563782
0 12 850.524048 487.195984
0 13 912.130859 935.847534
0 14 799.781311 489.222504
0 15 1341.440430 600.053650
0 16 631.956421 802.928589
0 17 986.228821 511.782349
0 18 734.187561 887.561768
0 19 946.143860 547.843140
0 20 1291.500366 620.346436
0 21 826.972961 769.716431
0 22 1225.200317 602.097473
0 23 690.691589 510.869049
0 24 1171.572998 920.470032
0 25 1022.438171 530.232056
0 26 1283.125732 596.560364
0 27 1446.604370 736.322205
0 28 1094.149170 555.689392
0 29 603.564270 639.467651
0 30 753.225952 613.947144
0 31 824.216187 922.799133
0 32 1438.014771 687.902100
0 33 1418.688477 639.099670
0 34 1466.376831 638.445251
0 35 1303.175415 829.532776
0 36 982.406738 536.834778
0 37 1325.563477 757.485779
0 38 1049.830444 546.326050
0 39 1481.911011 680.879822
