0 1578512666 962.615906 691.306335
0 1707269176 1252.601807 751.146973
0 1438989626 863.641663 851.392883
0 1438992629 974.302124 798.085388
0 1568509654 1017.644775 807.550171
0 1578523681 1283.932007 905.321289
0 1578518674 1209.994019 742.354553
0 1438985621 1241.011841 856.327148
0 1438994632 1011.609741 669.575745
0 1578520676 919.996643 824.245483
0 1568511657 1051.432861 677.648132
0 1775370079 922.713684 683.072266
0 1568510655 972.147095 661.576294
0 1578521677 1138.116699 664.317932
0 1769859072 1084.566162 716.471680
0 1578525683 942.265869 754.782715
0 1770636073 1178.212891 672.305725
0 1568511656 1280.642334 946.220825
0 1438985620 1150.307373 836.519836
0 1707993177 1265.843750 630.977112
0 2088218948 1156.403564 800.645935
0 1606348170 1245.055176 819.633057
0 1438990627 1091.620972 685.794556
0 1709860179 961.570374 572.353149
0 1438988624 1162.224731 766.390137
0 1578514668 1218.674072 680.366272
0 1438997636 1061.422241 817.109863
0 1568514660 1298.220581 727.673828
0 2085418945 1111.084717 601.159912
0 1568501643 1214.427979 710.688477
0 1438989625 1183.101318 643.539307
0 1568505649 1205.358887 775.455872
0 1568506650 1222.743408 651.304077
0 1568505648 1143.809326 635.843079
0 1568497640 1292.897583 793.854431
0 1578511665 1295.618652 760.023804
0 1578529688 1073.224976 593.865540
0 1708834178 1167.789185 733.645325
0 1568499641 952.664917 722.345642
0 1578525682 1058.999634 648.556580
0 1438996635 1256.128540 719.141479
0 1438999639 952.931702 871.697876
0 1578523680 981.284546 633.074524
0 1578530689 1008.191895 843.893250
0 1568508653 1090.408325 902.960693
0 1608354172 1187.791504 615.938843
0 1706512175 876.564697 814.569885
0 1438986622 952.443420 598.359741
0 1438987623 1104.862915 628.214539
0 1578521678 1098.207764 863.946533
0 2084722944 1098.380615 656.401855
0 1578522679 1026.667969 772.859680
0 1774531078 1052.968750 853.868408
0 1525674169 984.262146 763.777283
0 1768901071 942.941101 625.435852
0 1578526684 1043.536987 708.004944
0 1578513667 1125.981812 725.018005
0 1438983618 1173.113525 702.313721
0 1568502645 1195.428711 846.373047
0 1568508652 1132.179565 694.016113
0 1438984619 1262.740479 659.138428
0 1659977623 1101.801147 736.666382
0 1438982617 1077.196167 748.519165
0 1771287074 1236.770630 894.814941
0 2087111947 1019.969238 640.781128
0 1578516671 1290.048950 829.269592
0 1568513659 1035.289917 739.711426
0 1578529687 1190.101318 884.418152
0 1568501644 1303.097290 667.043213
0 1438998637 1137.208252 913.603210
0 1705773174 900.673218 745.874573
0 1568507651 908.055481 861.492798
0 1438999638 1027.988770 613.156982
0 1438993630 933.039734 653.648926
0 1438995633 888.895203 779.434937
0 1568512658 931.387756 788.714111
0 1568514661 1105.640869 826.765930
0 2079485312 1101.809692 736.612610
0 1773608077 1002.888550 699.616882
0 1438977615 1248.914429 784.610168
0 1607644171 1259.505005 688.500427
0 1568504647 990.052063 605.726257
0 1568500642 1119.505859 757.411621
0 1568503646 1287.063843 866.383545
0 1568516663 1066.257446 620.652832
0 1578517672 998.471924 579.462952
0 1578527685 1300.711060 696.709351
0 2086284946 1069.489380 782.030945
0 1578518673 1149.272095 608.517395
0 1438981616 911.934937 713.785217
0 1609135173 1143.916138 874.129211
0 1568515662 1184.508423 924.359497
0 1568516664 998.277649 882.009766
0 1438991628 1044.100586 892.430115
0 1438996634 993.781372 730.987366
0 1578519675 1226.647217 623.425110
0 1438993631 1232.317139 935.231445
0 1772785076 1035.688721 586.633484
0 1578528686 1112.732544 791.292603
0 1772037075 963.870178 834.019409
0 1578515670 1200.508911 810.092224
0 1578515669 1305.385498 638.595520
0 0 908.999268 554.013000
0 1 1007.368896 614.879578
0 2 920.253845 645.268555
0 3 830.898438 616.374207
0 4 1383.642700 729.149048
0 5 1416.728882 442.555786
0 6 1367.135986 929.145142
0 7 1522.685669 895.834473
0 8 1477.836792 487.573883
0 9 1367.089478 1046.049683
