0 1578512666 1017.214417 615.270996
0 1524823287 1477.849854 517.321838
0 1478234209 538.007446 581.677429
0 1707269176 902.221863 575.194580
0 1438989626 1109.485352 583.538940
0 1524801259 1387.577515 556.830261
0 1438992629 1045.445923 586.772827
0 1478227200 447.287689 623.529053
0 1524854327 1327.912231 541.822144
0 1478249229 391.147797 654.073486
0 1524807266 1498.560547 605.416687
0 1524863340 1531.312500 537.439270
0 1524831297 1519.080811 589.908447
0 1478229202 458.313263 629.667786
0 1568509654 1028.365112 581.231384
0 1524790246 1522.153931 543.905212
0 1578523681 947.816284 544.052612
0 1478207175 392.731415 632.980835
0 1524861337 1419.045410 504.337860
0 1478210178 436.569092 598.697205
0 1524862338 1452.205933 593.288086
0 1478186149 457.678528 610.045105
0 1524797254 1538.687744 575.090576
0 1578518674 917.602661 580.554993
0 1438985621 948.179871 555.217285
0 1524857331 1448.423950 518.805847
0 1478203170 415.616943 605.895691
0 1438994632 983.731628 616.963013
0 1578520676 1077.467041 585.155823
0 1478237213 628.911377 607.807251
0 1568511657 966.573486 610.833374
0 1775370079 1035.149536 621.521606
0 1478195160 535.026062 564.870422
0 1568510655 1001.283508 623.233398
0 1478257240 596.850220 609.426270
0 1578521677 917.051270 606.493774
0 1524794250 1399.586914 515.846802
0 1524812272 1378.047974 545.173584
0 1769859072 965.769531 597.341797
0 1578525683 1048.011719 599.878052
0 1770636073 901.000244 600.613098
0 1524846317 1544.098999 548.928894
0 1524833300 1398.253174 550.158752
0 1568511656 962.227722 537.900452
0 1438985620 979.253418 565.298340
0 1478185148 516.132568 571.361694
0 1707993177 836.219299 603.885071
0 1478189152 609.393738 615.341492
0 1524791247 1500.664795 538.985840
0 1524830296 1512.800049 550.508911
0 2088218948 964.263245 572.063232
0 1524827292 1468.519775 523.323425
0 1606348170 933.177124 561.738770
0 1524855329 1386.485229 576.092407
0 1478183145 641.806152 613.704407
0 1438990627 949.795898 604.839600
0 1524840309 1428.725220 514.377502
0 1478222194 544.560059 618.616089
0 1709860179 969.217651 655.210266
0 1478188151 492.909119 648.929810
0 1438988624 948.953491 578.972412
0 1478243222 459.718903 673.119324
0 1524843313 1561.957520 535.892761
0 1524844315 1528.994629 582.416138
0 1524858333 1519.047607 526.418274
0 1524811271 1407.906372 581.697266
0 1524859334 1498.241211 521.824219
0 1478216186 584.576172 603.638062
0 1524851324 1380.557617 511.490570
0 1524814275 1356.264893 558.410950
0 1578514668 885.297546 594.860107
0 1478184146 576.978394 616.978760
0 1524829294 1491.182617 545.468384
0 1478176143 526.823181 647.215576
0 1524860336 1345.021484 565.243469
0 1478222193 447.582550 644.058044
0 1438997636 1011.646851 575.807556
0 1478194158 569.038818 630.919434
0 1478201168 414.857727 625.167053
0 1478187150 507.591766 583.211975
0 1478205172 436.501526 617.523682
0 1524838306 1473.303101 578.393616
0 1568514660 871.197144 576.760559
0 1524865342 1305.299438 554.850342
0 2085418945 899.666260 628.369812
0 1524808268 1367.271362 551.722473
0 1478200167 489.407104 608.443115
0 1478194159 425.523865 631.324280
0 1568501643 901.624207 587.630432
0 1478239216 602.183533 629.244690
0 1524820283 1358.258423 540.290955
0 1438989625 884.303711 608.148132
0 1568505649 933.243958 573.628845
0 1478255237 545.932983 569.858582
0 1524804262 1324.949707 559.991760
0 1568506650 868.611206 602.249023
0 1478217187 580.015320 585.445496
0 1568505648 900.348267 614.179443
0 1568497640 902.794922 563.271729
0 1578511665 887.161011 569.945679
0 1478258241 498.691010 595.561768
0 1524796253 1461.497559 565.762878
0 1478206173 403.269409 639.295105
0 1524826291 1418.827515 574.458862
0 1578529688 916.448608 634.846252
0 1478233207 477.173523 584.746765
0 1708834178 933.313660 586.030518
0 1478189153 481.115387 642.363403
0 1568499641 1032.786377 607.487854
0 1478245224 496.852386 577.985718
0 1524852325 1440.606323 580.045349
0 1478219190 471.824066 680.372681
0 1578525682 950.245789 618.655334
0 1478232206 470.666138 657.383423
0 1524818280 1408.706177 543.626465
0 1524850322 1485.645020 591.598206
0 1438996635 886.249146 582.137756
0 1524832299 1429.232422 548.595154
0 1478242220 467.631409 597.129456
0 1524789245 1584.088257 540.779236
0 1438999639 1074.329346 572.643311
0 1478196161 529.747986 593.994202
0 1478252234 591.853821 590.859619
0 1524803261 1438.796021 524.822632
0 1478211179 413.178345 667.792175
0 1578523680 984.981445 631.381409
0 1578530689 1042.989502 574.225403
0 1568508653 1024.308350 557.140686
0 1524826290 1508.938843 597.573364
0 1524847319 1493.481567 564.147644
0 1524810270 1338.871826 535.507751
0 1524835302 1418.887207 555.249695
0 1524821284 1540.282104 531.106812
0 1524799257 1450.194336 553.669312
0 1478233208 523.883179 626.355408
0 1608354172 867.231018 615.852783
0 1524835303 1336.286743 553.286316
0 1478251232 557.062195 574.948303
0 1524812273 1376.671753 563.645508
0 1706512175 1095.273071 590.800842
0 1438986622 986.290649 646.486633
0 1478211180 468.576996 615.903870
0 1524823286 1509.951172 532.637207
0 1478223195 572.562927 597.972900
0 1478244223 500.649597 614.284302
0 1438987623 916.756775 620.347717
0 1478193157 491.099731 628.011536
0 1478198164 487.820312 590.098022
0 1524862339 1449.281738 535.698303
0 1478236212 581.694946 637.280518
0 1478240217 589.441101 623.043640
0 1478214183 425.947083 611.647217
0 1578521678 1009.945679 563.749512
0 1524844314 1462.873169 585.757019
0 1524848320 1379.340820 527.821533
0 1524806265 1439.963989 560.449890
0 1524787243 1515.837036 569.559143
0 1478241219 514.645020 640.668945
0 1524799256 1408.319214 562.047607
0 1478190154 539.284119 653.914368
0 1478226198 502.740204 634.269287
0 1478208176 414.046631 645.752808
0 1478214184 616.293579 602.036743
0 2084722944 933.462341 612.506348
0 1578522679 1013.422058 588.390015
0 1524825289 1575.395020 547.349060
0 1774531078 1026.294067 568.932373
0 1525674169 1030.527222 594.071045
0 1478197162 359.936005 634.637512
0 1524815276 1397.520996 568.993530
0 1768901071 1002.960999 637.968689
0 1578526684 982.537415 603.185608
0 1478182144 447.011627 604.310913
0 1524853326 1475.117432 599.282837
0 1478218189 622.215576 621.387939
0 1578513667 949.365540 591.624756
0 1438983618 917.333008 593.242371
0 1478224196 556.663635 624.699463
0 1478247227 394.212830 613.249451
0 1524792248 1390.472290 505.778229
0 1524795252 1553.122314 542.342163
0 1524808267 1418.943237 537.229065
0 1478191155 504.976776 655.648743
0 1524856330 1548.167603 567.926208
0 1478236211 568.420532 580.142883
0 1478258242 349.988953 628.443420
0 1478212181 548.171509 638.974609
0 1478185147 564.786255 611.045471
0 1568502645 963.556824 560.205994
0 1568508652 933.386353 598.977417
0 1438984619 853.259277 596.477966
0 1659977623 965.380676 590.815979
0 1478209177 457.083435 591.649109
0 1438982617 981.395203 590.007324
0 1524805264 1389.565308 521.774231
0 1771287074 962.878906 548.827881
0 2087111947 967.414307 624.945374
0 1524817279 1429.807861 587.427734
0 1524795251 1483.503296 571.192261
0 1478230204 512.138855 620.253601
0 1478230203 382.424744 626.805176
0 1524847318 1458.999146 529.447632
0 1578516671 918.109009 556.734253
0 1568513659 998.149780 595.706360
0 1578529687 978.248169 553.700439
0 1524819282 1451.166870 572.825500
0 1478253235 535.891052 632.594238
0 1524836304 1460.208862 547.031738
0 1478243221 404.423187 619.143555
0 1568501644 838.237000 590.830872
0 1438998637 1008.313965 552.183716
0 1524816278 1349.609497 529.321167
0 1705773174 1065.888306 605.815308
0 1524845316 1566.514648 554.060364
0 1524842312 1557.441040 560.917847
0 1568507651 1091.718750 578.032654
0 1438999638 950.716614 633.113770
0 1478252233 603.943848 596.388794
0 1438993630 1019.242859 629.649353
0 1478237214 447.898254 666.036499
0 1524857332 1438.263428 508.581207
0 1478248228 532.719299 612.664795
0 1478225197 494.847687 671.342651
0 1524859335 1503.244873 557.254883
0 1524832298 1471.605835 558.852295
0 1478200166 448.237061 689.623657
0 1478250231 549.286255 586.996216
0 1478245225 436.352264 659.118225
0 1438995633 1080.744385 598.224487
0 1524804263 1428.970947 530.962463
0 1524839308 1481.498535 552.089050
0 1524849321 1347.387207 546.720886
0 1568512658 1062.901611 592.435852
0 1568514661 995.279968 570.497742
0 1478231205 526.958557 576.466980
0 1773608077 999.681458 609.160522
0 1438977615 917.861145 568.396423
0 1524834301 1418.995850 520.289978
0 1607644171 869.932007 589.230591
0 1524800258 1534.881226 555.657593
0 1568504647 968.294800 639.721680
0 1568500642 965.000244 584.430664
0 1478256239 521.132935 606.841309
0 1524815277 1360.132202 523.258545
0 1568503646 933.113037 550.329224
0 1478220191 425.071411 652.358765
0 1478207174 478.403564 602.726135
0 1524841311 1457.861084 512.908386
0 1478213182 458.991852 650.644226
0 1524813274 1398.940430 532.477417
0 1568516663 933.541870 626.657471
0 1578517672 951.209900 648.260925
0 1578527685 854.892822 583.720642
0 1478240218 541.179199 599.557190
0 1478215185 482.614868 664.281006
0 1524838307 1370.446289 517.316223
0 1478197163 509.792755 601.141602
0 1478221192 560.802185 592.426880
0 1524819281 1525.462769 562.532654
0 2086284946 996.684021 582.830933
0 1524824288 1365.528442 570.609131
0 1524802260 1400.196045 500.175934
0 1478226199 479.714722 621.891296
0 1578518673 883.264648 622.040283
0 1438981616 1050.693970 613.578979
0 1478238215 517.328064 662.525696
0 1609135173 993.933899 558.673279
0 1524837305 1409.411621 510.035828
0 1524793249 1388.602051 538.759949
0 1568515662 992.642090 547.326599
0 1568516664 1057.305298 567.367188
0 1438991628 1040.635254 562.200745
0 1478249230 560.733948 645.501526
0 1438996634 1015.276123 601.531738
0 1578519675 851.553162 609.802551
0 1524829295 1489.024658 527.932861
0 1524864341 1409.069580 526.322083
0 1478255238 424.586639 674.896240
0 1438993631 977.283081 542.566467
0 1524788244 1368.907349 533.992554
0 1772785076 933.625122 641.474792
0 1524828293 1429.510742 567.378113
0 1478203171 402.035126 660.853149
0 1524798255 1505.996948 576.742004
0 1478199165 469.586365 635.944397
0 1578528686 980.301575 577.389893
0 1478192156 436.429413 637.619690
0 1478228201 518.554626 588.547058
0 1772037075 1060.043213 579.631958
0 1578515670 948.558594 566.847351
0 1524851323 1439.361694 542.079468
0 1478218188 380.507599 647.447754
0 1478202169 552.855957 605.239685
0 1478254236 370.106323 640.970764
0 1478246226 436.269562 682.171326
0 1524809269 1479.617676 534.167725
0 1524822285 1495.935425 584.086487
0 1524841310 1316.723755 548.268250
0 1478235210 372.341980 620.763611
0 1578515669 821.218201 598.096008
0 1524854328 1470.014526 540.532593
0 0 79.251991 965.517395
0 1 358.391937 764.342346
0 3 364.072388 798.336975
0 4 273.486664 799.145264
0 6 1055.324829 795.333130
0 7 1195.557739 798.073425
0 8 1430.751709 473.348083
0 9 1503.930542 525.262207
0 10 1122.301880 770.441101
0 11 732.522583 978.487000
0 12 1231.302856 415.993011
0 13 930.043579 721.350647
0 14 625.717224 397.944153
0 16 1256.957886 878.743835
0 17 1025.551025 381.726593
0 19 487.163757 990.061218
0 20 190.030350 865.942505
0 21 1106.888184 386.252319
0 23 1152.146851 540.376160
0 24 228.170303 558.400757
0 25 1149.588013 519.366455
0 26 854.069519 463.364868
0 27 944.652954 669.449036
0 28 673.894226 630.143188
0 29 1136.505615 561.566101
0 30 291.231659 556.040955
0 31 959.049744 466.760162
0 33 817.065125 481.537354
0 35 244.953583 578.151550
0 37 292.125671 585.774597
0 40 209.765656 537.255371
0 43 700.278748 384.747650
0 53 1466.913818 497.034180
0 59 970.508667 394.177032
0 100 1414.272949 589.948914
0 104 1535.178711 483.097229
0 105 1450.262939 516.515320
0 108 1406.137573 384.468903
0 109 1322.865967 369.134399
0 110 1000.148743 348.199402
0 114 663.885010 443.494110
0 118 1733.208618 383.583496
0 131 590.328735 1036.513184
0 132 1048.400757 1053.010864
0 143 257.274414 879.723755
0 146 366.785370 482.675720
0 147 852.835999 368.636230
0 148 667.301697 396.778351
0 149 807.929565 237.449203
