0 1578512666 942.565491 462.023285
0 1707269176 929.046814 678.727539
0 1438989626 754.707825 423.650665
0 1438992629 822.821472 481.919586
0 1568509654 818.694519 510.234650
0 1578523681 744.327942 704.274109
0 1578518674 931.228455 643.755737
0 1438985621 795.321045 670.602539
0 1438994632 980.132935 491.833405
0 1578520676 788.127563 452.240143
0 1568511657 979.141479 520.291626
0 1775370079 944.206665 435.714386
0 1568510655 981.086426 464.463470
0 1578521677 1018.708984 583.325500
0 1769859072 937.242126 547.357178
0 1578525683 865.417358 457.136200
0 1770636073 1018.470398 615.506836
0 1568511656 698.594482 701.515320
0 1438985620 805.264648 602.378418
0 1707993177 1106.688477 689.520813
0 2088218948 847.992371 605.009399
0 1606348170 839.943604 673.313721
0 1438990627 978.109802 549.904358
0 1709860179 1095.193115 445.326385
0 1438988624 890.676758 607.637756
0 1578514668 1018.221497 649.077637
0 1438997636 814.399902 539.700745
0 1568514660 972.252930 718.023010
0 2085418945 1100.475098 557.531067
0 1568501643 974.747559 646.418030
0 1438989625 1060.981934 618.124512
0 1568505649 887.664368 641.090637
0 1568506650 1061.650391 651.734436
0 1568505648 1060.341064 585.904968
0 1568497640 881.231079 712.532349
0 1578511665 926.766663 715.279175
0 1578529688 1099.075928 527.809204
0 1708834178 933.317810 610.263489
0 1568499641 904.009155 459.580872
0 1578525682 1019.157715 522.799866
0 1438996635 973.527710 681.430176
0 1438999639 743.944519 476.948700
0 1578523680 1019.572205 466.901459
0 1578530689 778.487000 507.714417
0 1568508653 726.123230 565.196960
0 1608354172 1103.450562 620.739624
0 1706512175 792.675903 426.067749
0 1438986622 1057.497314 442.926605
0 1438987623 1059.726196 554.991333
0 1578521678 768.046021 567.794495
0 2084722944 1018.937866 552.449097
0 1578522679 858.863708 512.752502
0 1774531078 773.372681 537.143616
0 1525674169 862.204529 484.401520
0 1768901071 1019.767700 440.524689
0 1578526684 939.087158 517.781006
0 1578513667 935.320557 578.158752
0 1438983618 975.915649 612.886475
0 1568502645 800.400452 635.752136
0 1568508652 977.035461 580.743408
0 1438984619 1062.348389 686.826721
0 1659977623 915.632507 561.316223
0 1438982617 896.334595 544.807495
0 1771287074 750.651184 667.888428
0 2087111947 1019.368958 494.306061
0 1578516671 835.646179 709.782532
0 1568513659 898.994568 515.267944
0 1578529687 756.700562 633.078735
0 1568501644 1063.077881 723.501709
0 1438998637 719.678894 597.108398
0 1705773174 868.509583 430.895416
0 1568507651 749.429321 449.788727
0 1438999638 1058.568359 496.776428
0 1438993630 982.004272 438.120636
0 1438995633 830.609863 428.482666
0 1568512658 826.790222 454.689270
0 1568514661 809.927063 570.389404
0 2079485312 915.635010 561.261108
0 1773608077 940.860229 489.358429
0 1438977615 884.518799 676.022095
0 1607644171 1017.961548 684.129883
0 1568504647 1058.022705 469.337158
0 1568500642 893.564331 575.571533
0 1568503646 790.011780 707.029846
0 1568516663 1059.135864 525.305725
0 1578517672 1096.437866 471.770660
0 1578527685 1017.690002 720.763855
0 2086284946 855.387146 542.255371
0 1578518673 1101.932007 588.481934
0 1438981616 906.375183 433.305969
0 1609135173 762.493530 599.744751
0 1568515662 712.955322 630.402588
0 1568516664 738.240967 505.191772
0 1438991628 732.305359 534.583984
0 1438996634 901.550781 486.881134
0 1578519675 1105.034546 654.388550
0 1438993631 705.933899 665.171509
0 1772785076 1097.731201 499.244476
0 1578528686 851.766418 572.981750
0 1772037075 783.401489 479.435303
0 1578515670 844.055054 638.422791
0 1578515669 1108.416870 726.236694
0 0 840.788940 400.104553
0 1 1148.105347 414.075073
0 2 1052.040283 404.005798
0 3 935.604065 386.453888
0 4 1441.872925 927.364197
0 5 1441.080811 816.054626
0 6 1408.107788 1050.671509
0 7 1144.589600 1002.850525
0 8 633.847473 585.016846
0 9 1252.107788 555.835632
