0 1578512666 884.831482 644.617859
0 1478234209 1369.269531 540.644592
0 1707269176 1087.398682 659.138916
0 1438989626 846.346252 727.553589
0 1524801259 489.620361 945.232910
0 1438992629 912.113281 695.815552
0 1478227200 1317.281860 488.123016
0 1524854327 614.589783 952.703125
0 1478249229 1281.136597 459.363007
0 1524807266 272.518066 873.692871
0 1524831297 236.242416 930.086914
0 1478229202 1295.573364 486.414948
0 1568509654 942.920105 697.968079
0 1578523681 1129.985840 728.650330
0 1478207175 1328.007690 471.476959
0 1478210178 1388.524414 502.838623
0 1524862338 353.048553 878.676025
0 1478186149 1344.666870 499.402740
0 1524797254 195.827606 992.915710
0 1578518674 1058.645264 657.077698
0 1438985621 1095.913086 708.658447
0 1478203170 1382.196777 493.230682
0 1438994632 914.523865 631.549133
0 1578520676 879.940308 711.341736
0 1478237213 1233.230591 540.849426
0 1568511657 943.046936 633.609741
0 1775370079 855.645081 642.525696
0 1478195160 1423.121094 555.371216
0 1568510655 885.940796 629.484131
0 1478257240 1252.288940 531.652100
0 1578521677 998.911255 623.046143
0 1524812272 520.066711 978.425415
0 1769859072 972.016663 650.867798
0 1578525683 882.481934 676.669067
0 1770636073 1026.743042 625.071838
0 1524833300 477.118591 975.906982
0 1568511656 1133.818726 747.257568
0 1438985620 1034.923218 704.396790
0 1478185148 1415.776978 544.219666
0 1707993177 1077.432983 601.178589
0 1478189152 1228.769897 529.844177
0 1524830296 246.036728 1068.584106
0 2088218948 1033.159302 687.292114
0 1606348170 1092.964355 691.508484
0 1524855329 472.974487 886.097046
0 1478183145 1209.304077 539.019592
0 1438990627 971.510254 635.666016
0 1478222194 1265.854492 512.363892
0 1709860179 861.906433 585.272217
0 1478188151 1230.236572 481.274078
0 1438988624 1031.463135 670.842834
0 1478243222 1201.029541 461.403076
0 1524844315 216.595505 960.630005
0 1524811271 433.114441 883.630493
0 1478216186 1275.766846 533.456848
0 1524814275 542.149292 918.632141
0 1578514668 1054.517822 627.093323
0 1478184146 1247.610107 520.963562
0 1524829294 293.549652 1071.189087
0 1478176143 1212.226074 489.027130
0 1524860336 552.351074 891.008850
0 1478222193 1269.184692 475.449249
0 1438997636 973.657166 700.115845
0 1478194158 1220.250000 508.823669
0 1478201168 1333.404297 480.523499
0 1478187150 1385.766846 531.636963
0 1478205172 1338.955200 489.828308
0 1524838306 321.216644 935.166382
0 1568514660 1112.936890 645.883240
0 1524865342 631.273071 895.892517
0 2085418945 970.097595 593.256958
0 1524808268 531.402832 947.730530
0 1478200167 1328.244995 507.519287
0 1478194159 1312.031982 478.834747
0 1568501643 1056.543457 641.809143
0 1478239216 1201.239990 517.381226
0 1524820283 562.881592 980.936035
0 1438989625 1025.281738 610.900879
0 1568505649 1060.827515 672.930786
0 1478255237 1399.531616 553.567200
0 1524804262 591.868652 893.454224
0 1568506650 1052.564209 612.900757
0 1478217187 1328.512329 548.136047
0 1568505648 997.944397 608.897034
0 1568497640 1119.365723 677.093140
0 1578511665 1116.091064 661.195740
0 1478258241 1356.601196 519.408447
0 1524796253 347.468140 968.304382
0 1478206173 1306.927979 469.804565
0 1524826291 419.752808 911.183716
0 1578529688 943.130432 591.266663
0 1478233207 1401.744751 522.912903
0 1708834178 1029.830566 655.012207
0 1478189153 1252.050781 482.990479
0 1568499641 883.679321 660.334717
0 1478245224 1408.654907 533.405212
0 1524852325 378.712128 908.686157
0 1478219190 1179.749390 459.714813
0 1578525682 943.075806 618.982361
0 1478232206 1226.200073 472.052856
0 1524818280 463.910431 1008.314209
0 1524850322 296.264648 903.668884
0 1438996635 1084.769653 643.848267
0 1524832299 419.588074 1005.768372
0 1478242220 1372.810425 510.994965
0 1438999639 910.757263 731.968506
0 1478196161 1339.872803 528.091431
0 1478252234 1304.755371 546.319214
0 1478211179 1239.384766 456.037537
0 1578523680 887.009827 614.901733
0 1578530689 942.885132 715.698853
0 1568508653 1006.805054 738.551819
0 1524826290 254.856857 901.148926
0 1524847319 285.764313 998.081665
0 1524810270 605.563782 983.438904
0 1524835302 434.036530 973.380676
0 1524799257 375.123444 1003.214294
0 1478233208 1261.117676 502.283966
0 1608354172 1023.871643 597.225586
0 1524835303 582.708069 921.100342
0 1478251232 1375.900513 551.760071
0 1524812273 501.470886 916.156616
0 1706512175 848.358337 709.155579
0 1438986622 860.425232 598.816650
0 1478211180 1322.683960 497.680573
0 1478223195 1299.203857 535.258484
0 1478244223 1305.906494 505.777069
0 1438987623 970.551697 606.889099
0 1478193157 1278.609863 494.227722
0 1478198164 1379.192017 521.162109
0 1524862339 388.091003 1076.372559
0 1478236212 1197.389526 507.049072
0 1478240217 1224.445068 519.173950
0 1478214183 1360.593506 491.530884
0 1578521678 1005.539673 720.035950
0 1524844314 337.549591 906.181213
0 1524848320 540.757019 1047.707397
0 1524806265 390.819946 970.846497
0 1524787243 240.868546 995.502869
0 1478241219 1234.390381 490.763519
0 1524799256 447.711060 942.727722
0 1478190154 1190.025146 487.287872
0 1478226198 1256.518311 492.497070
0 1478208176 1285.815063 468.129578
0 1478214184 1257.114502 542.675903
0 2084722944 971.022278 621.016357
0 1578522679 942.953674 680.932434
0 1774531078 974.248596 717.869934
0 1525674169 912.751404 678.803101
0 1478197162 1343.521606 464.331879
0 1524815276 460.672211 913.673828
0 1768901071 858.889954 612.855042
0 1578526684 943.017029 648.788940
0 1478182144 1366.613647 501.122070
0 1524853326 312.841583 876.188049
0 1478218189 1205.209717 528.033020
0 1578513667 1000.954407 652.942139
0 1438983618 1028.258423 639.765747
0 1478224196 1243.071533 510.595276
0 1478247227 1376.047119 483.892822
0 1524808267 449.934326 1042.605835
0 1478191155 1208.386841 479.554901
0 1524856330 173.840179 1027.097534
0 1478236211 1352.227417 549.949646
0 1478258242 1364.252075 465.983032
0 1478212181 1216.178711 498.779175
0 1478185147 1270.735352 522.750122
0 1568502645 1065.452515 706.530029
0 1568508652 999.914001 637.718018
0 1438984619 1079.791626 614.896606
0 1659977623 986.891113 659.728943
0 1478209177 1395.037598 512.728455
0 1438982617 972.542480 666.653320
0 1771287074 1098.981689 726.504150
0 2087111947 915.071716 616.944092
0 1524817279 393.139282 881.156921
0 1524795251 303.980591 965.754272
0 1478230204 1283.530762 504.031982
0 1478230203 1349.054321 473.146698
0 1578516671 1122.767944 693.609680
0 1568513659 942.985962 664.551758
0 1578529687 1067.906006 724.353027
0 1524819282 363.509766 937.694519
0 1478253235 1238.666992 500.533051
0 1524836304 358.511230 1037.470581
0 1478243221 1354.742798 482.209503
0 1568501644 1106.964355 616.888367
0 1438998637 1038.670410 740.735901
0 1524816278 596.030212 1015.903076
0 1705773174 852.145020 674.530273
0 1524842312 150.522369 1063.347290
0 1568507651 878.589905 729.763672
0 1438999638 915.599976 602.861084
0 1478252233 1280.956055 544.499146
0 1438993630 857.297668 627.414917
0 1478237214 1222.276123 463.088684
0 1478248228 1288.598755 514.129517
0 1478225197 1183.077637 468.645599
0 1524859335 266.481873 1032.301147
0 1524832298 330.515717 1000.652161
0 1478200166 1176.512695 451.029907
0 1478250231 1345.954956 538.852356
0 1478245225 1243.489136 464.771637
0 1438995633 850.289673 691.495605
0 1524804263 435.121094 1078.951050
0 1524839308 312.572723 1034.890137
0 1524849321 573.059143 950.220581
0 1568512658 881.236572 693.658020
0 1568514661 1004.324829 702.258728
0 1478231205 1392.543579 542.433716
0 1773608077 913.955383 646.705627
0 1438977615 1090.128418 675.014221
0 1607644171 1082.235596 629.110657
0 1524800258 198.361267 1065.970215
0 1568504647 888.040527 600.840942
0 1568500642 1002.034851 668.750366
0 1478256239 1311.304688 515.892151
0 1524815277 585.945068 1050.245605
0 1568503646 1126.305176 710.782043
0 1478220191 1264.668701 466.451935
0 1478207174 1350.546387 509.258575
0 1478213182 1247.709473 473.752411
0 1524813274 495.420288 1045.160767
0 1568516663 943.103577 604.877136
0 1578517672 889.035034 587.274292
0 1578527685 1109.896729 631.123901
0 1478240218 1316.866577 526.314026
0 1478215185 1204.656128 470.350616
0 1478197163 1333.972046 517.651794
0 1478221192 1322.599731 537.057007
0 1524819281 220.237930 1029.703735
0 2086284946 973.088928 683.057007
0 1524824288 512.719788 888.556519
0 1478226199 1300.665039 495.955566
0 1578518673 997.011230 595.243225
0 1438981616 853.928833 658.219299
0 1478238215 1186.501465 477.832886
0 1609135173 1036.758789 722.197021
0 1524793249 508.091125 1010.851929
0 1568515662 1070.461060 742.914856
0 1568516664 942.848755 734.168091
0 1438991628 974.864624 736.362549
0 1478249230 1193.652832 497.022400
0 1438996634 913.364990 662.445496
0 1578519675 1050.678711 599.204041
0 1478255238 1218.459961 454.370911
0 1438993631 1102.177002 745.088806
0 1524788244 552.130859 1013.381531
0 1772785076 916.109619 589.272522
0 1524828293 405.674408 940.214966
0 1478203171 1260.276855 457.701538
0 1524798255 260.356598 963.196167
0 1478199165 1273.829834 484.704102
0 1578528686 1003.157410 685.176880
0 1478192156 1290.625366 477.143341
0 1478228201 1362.839478 529.865723
0 1772037075 911.449097 713.522827
0 1578515670 1063.094849 689.402588
0 1524851323 404.298157 1040.042358
0 1478218188 1301.963867 461.021881
0 1478202169 1293.820801 524.533630
0 1478254236 1322.758789 462.678162
0 1478246226 1197.502686 452.701691
0 1524822285 278.794373 932.630554
0 1524841310 623.147705 923.561279
0 1478235210 1370.067871 474.813812
0 1578515669 1104.134277 603.149231
0 1524854328 340.900787 1073.785278
0 0 1400.485596 589.409973
0 1 1503.306396 622.169373
0 2 1694.934326 925.719177
0 3 387.851654 641.971863
0 4 1509.404175 597.221558
0 5 1457.863037 710.708252
0 6 444.240082 592.047668
0 7 1320.102661 509.100220
0 8 1233.310059 525.971375
0 9 1060.393677 392.547638
0 10 1393.058716 515.999939
0 11 1310.783203 456.792755
0 12 602.468994 406.628510
0 13 1332.517456 560.948486
0 14 667.809937 379.218994
0 15 1443.325562 982.758118
0 16 1663.899780 1056.275879
0 17 696.825012 355.567871
0 18 1577.332520 925.910767
0 19 1439.493164 918.763428
0 20 892.104675 373.217712
0 21 571.179199 728.890503
0 22 821.001648 356.204346
0 23 537.516968 481.138367
0 24 702.078369 1024.485718
0 25 1221.750732 985.896240
0 26 1237.861572 888.003967
0 27 1119.966919 403.882355
0 28 1335.861084 480.158966
0 29 1223.744995 478.530518
0 30 1339.104736 537.309509
0 31 1416.385620 544.485962
0 32 748.093933 945.645569
0 33 1111.736328 927.456421
0 34 1336.419189 957.562134
0 35 1287.220947 432.991364
0 36 663.814880 691.579529
0 37 1144.018311 1031.908081
0 38 973.475098 387.359436
0 39 1003.131287 960.552795
