0 1578512666 959.474121 500.209198
0 1524823287 1384.261841 405.822479
0 1478234209 501.713043 477.694061
0 1707269176 850.192017 466.109253
0 1438989626 1044.596313 470.438721
0 1524801259 1300.739502 442.467346
0 1438992629 985.053162 474.321442
0 1478227200 417.947357 517.285767
0 1524854327 1246.394287 429.853302
0 1478249229 366.898956 545.852417
0 1524807266 1399.742065 483.805756
0 1524863340 1432.032471 423.169067
0 1524831297 1418.796997 469.869690
0 1478229202 429.328583 522.643921
0 1568509654 968.964294 469.614441
0 1524790246 1423.468384 429.065094
0 1578523681 892.019836 437.181549
0 1478207175 365.935730 526.803894
0 1524861337 1330.897583 394.834442
0 1478210178 404.719177 494.894928
0 1524862338 1358.405396 473.858734
0 1478186149 426.564636 504.874786
0 1524797254 1437.057495 456.514526
0 1578518674 864.942383 470.711914
0 1438985621 892.787415 447.328125
0 1524857331 1357.357666 407.536499
0 1478203170 385.080353 501.812378
0 1438994632 928.320679 502.266998
0 1578520676 1014.855774 472.378082
0 1478237213 591.898865 499.958527
0 1568511657 912.088989 497.088470
0 1775370079 976.313232 505.463623
0 1478195160 497.151031 462.337280
0 1568510655 944.871765 507.547394
0 1478257240 561.209106 501.959808
0 1578521677 865.509399 494.020782
0 1524794250 1312.735352 405.492981
0 1524812272 1292.299927 432.171906
0 1769859072 910.867493 485.042175
0 1578525683 987.751221 485.998993
0 1770636073 850.163330 489.013062
0 1524846317 1443.088013 433.241577
0 1524833300 1310.645996 436.355499
0 1568511656 905.425232 431.371063
0 1438985620 922.435303 456.001892
0 1478185148 479.395050 468.591553
0 1707993177 789.202271 493.000702
0 1478189152 573.791260 507.091492
0 1524791247 1404.196289 424.962524
0 1524830296 1414.732788 435.079285
0 2088218948 908.565186 462.337280
0 1524827292 1375.543945 411.343628
0 1606348170 878.870789 453.464233
0 1524855329 1299.291992 459.634033
0 1478183145 604.760925 505.065674
0 1438990627 896.167480 492.008911
0 1524840309 1339.479248 403.793823
0 1478222194 511.653503 511.156128
0 1709860179 916.071533 536.363831
0 1478188151 464.838379 539.361511
0 1438988624 894.411926 468.801971
0 1478243222 435.389832 561.610779
0 1524843313 1459.813965 421.379120
0 1524844315 1428.023315 463.121796
0 1524858333 1421.382202 413.465790
0 1524811271 1318.625488 464.286285
0 1524859334 1402.662354 409.611267
0 1478216186 548.863098 496.924408
0 1524851324 1295.365479 401.795410
0 1524814275 1272.097168 444.323669
0 1578514668 835.105347 484.099335
0 1478184146 542.755554 509.121643
0 1524829294 1395.347046 430.882233
0 1478176143 497.339447 537.207520
0 1524860336 1261.687500 450.585083
0 1478222193 420.503326 535.809753
0 1438997636 953.170288 464.993744
0 1478194158 536.395935 521.822327
0 1478201168 386.577881 519.337769
0 1478187150 472.291016 479.584229
0 1478205172 406.782959 512.029724
0 1524838306 1377.965454 460.392273
0 1568514660 820.916321 468.000977
0 1524865342 1225.435547 441.861633
0 2085418945 850.132324 513.826233
0 1524808268 1282.299438 438.187195
0 1478200167 457.235504 502.880951
0 1478194159 397.666504 524.721619
0 1568501643 850.177917 477.336517
0 1478239216 568.078369 519.736511
0 1524820283 1274.276978 428.062012
0 1438989625 834.785828 496.036896
0 1568505649 879.408203 464.221344
0 1478255237 508.258545 466.747681
0 1524804262 1243.396973 446.183777
0 1568506650 819.715027 491.004791
0 1478217187 542.796631 480.461670
0 1568505648 850.148193 501.166351
0 1568497640 850.205444 455.305786
0 1578511665 835.707886 461.589661
0 1478258241 464.910004 491.005493
0 1524796253 1367.712646 449.368713
0 1478206173 376.942596 532.320007
0 1524826291 1328.736572 457.707947
0 1578529688 866.124146 519.292114
0 1478233207 442.809509 481.478210
0 1708834178 879.966675 475.399994
0 1478189153 452.767334 533.678589
0 1568499641 973.763916 493.028076
0 1478245224 461.284760 474.970612
0 1524852325 1348.326538 462.337250
0 1478219190 447.811768 567.836060
0 1578525682 897.099548 504.329224
0 1478232206 444.264160 547.346436
0 1524818280 1320.356934 430.364227
0 1524850322 1388.633423 471.862061
0 1438996635 835.412476 472.625793
0 1524832299 1338.936035 434.527405
0 1478242220 434.845581 492.948212
0 1524789245 1479.543579 425.441589
0 1438999639 1011.688965 461.201080
0 1478196161 494.912628 489.066772
0 1478252234 554.733215 485.201294
0 1524803261 1348.373291 413.079346
0 1478211179 389.859375 557.739319
0 1578523680 929.946533 515.047852
0 1578530689 982.459473 463.095490
0 1568508653 964.525452 447.961487
0 1524826290 1409.372070 476.762756
0 1524847319 1396.725220 447.476837
0 1524810270 1256.568726 424.023895
0 1524835302 1329.323975 440.614746
0 1524821284 1440.429688 417.387817
0 1524799257 1357.850830 438.765869
0 1478233208 492.447571 518.501953
0 1608354172 819.077515 503.211914
0 1524835303 1253.895996 440.022552
0 1478251232 519.564941 471.237091
0 1524812273 1290.631592 448.703491
0 1706512175 1031.511353 477.150482
0 1438986622 931.642151 528.377075
0 1478211180 437.799194 510.007202
0 1524823286 1412.872925 419.158173
0 1478223195 536.746704 491.982697
0 1478244223 468.749725 507.988953
0 1438987623 865.810425 506.395966
0 1478193157 460.922211 520.570679
0 1478198164 453.758636 486.198303
0 1524862339 1357.597290 422.709229
0 1478236212 549.133484 527.313354
0 1478240217 555.294556 514.377747
0 1478214183 395.829254 506.872833
0 1578521678 951.228577 454.146790
0 1524844314 1368.288574 467.054443
0 1524848320 1293.875366 416.560822
0 1524806265 1348.343018 444.951752
0 1524787243 1416.704102 451.953705
0 1478241219 484.960205 531.552185
0 1524799256 1319.516724 446.825714
0 1478190154 509.968628 542.976990
0 1478226198 472.823456 526.007629
0 1478208176 388.167938 537.945557
0 1478214184 579.277954 494.947205
0 2084722944 881.151917 499.125214
0 1578522679 955.188599 476.268890
0 1524825289 1471.386353 431.407471
0 1774531078 966.702332 458.580536
0 1525674169 971.316284 481.088043
0 1478197162 334.136108 528.890686
0 1524815276 1309.508179 453.164154
0 1768901071 946.865051 520.568665
0 1578526684 926.760376 490.001343
0 1478182144 415.539917 499.838257
0 1524853326 1378.873413 478.784027
0 1478218189 586.616516 512.322327
0 1578513667 895.272339 480.175934
0 1438983618 865.220337 482.135620
0 1478224196 523.904968 516.437622
0 1478247227 365.029175 508.875092
0 1524792248 1304.615845 396.495422
0 1524795252 1451.533813 427.251526
0 1524808267 1329.878296 424.490021
0 1478191155 477.153381 545.159241
0 1524856330 1445.905273 450.043579
0 1478236211 531.075867 475.807709
0 1478258242 323.636627 523.454956
0 1478212181 517.082153 529.430420
0 1478185147 530.454468 503.965240
0 1568502645 907.479126 451.626312
0 1568508652 880.547424 487.025513
0 1438984619 804.927429 486.067230
0 1659977623 910.274841 479.197662
0 1478209177 423.958160 488.118317
0 1438982617 925.261719 478.220367
0 1524805264 1303.395020 410.974274
0 1771287074 906.433167 441.311432
0 2087111947 913.361267 509.635773
0 1524817279 1338.326294 469.027008
0 1524795251 1387.442383 453.867798
0 1478230204 480.484955 513.195007
0 1478230203 355.141052 521.394165
0 1524847318 1366.657349 416.971527
0 1578516671 864.417847 449.145508
0 1568513659 941.123718 483.063019
0 1578529687 921.101196 445.514313
0 1524819282 1358.119873 455.785889
0 1478253235 504.644348 523.912720
0 1524836304 1367.169678 432.703033
0 1478243221 375.700775 514.056519
0 1568501644 790.415100 481.221588
0 1438998637 949.359253 443.704041
0 1524816278 1266.547607 418.306549
0 1705773174 1004.502319 491.004395
0 1524845316 1463.064331 437.493958
0 1524842312 1454.572388 443.704681
0 1568507651 1027.990723 465.777283
0 1438999638 898.070740 517.167603
0 1478252233 566.891541 490.028961
0 1438993630 961.751770 512.932739
0 1478237214 423.222046 555.512939
0 1524857332 1348.387329 398.435699
0 1478248228 499.634735 505.974976
0 1478225197 469.006195 559.359558
0 1524859335 1405.820190 441.215302
0 1524832298 1377.110840 443.081635
0 1478200166 426.119537 576.511658
0 1478250231 513.177734 482.369965
0 1478245225 411.300690 549.538513
0 1438995633 1018.149719 484.004181
0 1524804263 1339.215332 418.729492
0 1524839308 1386.320435 436.920746
0 1524849321 1264.187134 433.983185
0 1568512658 1001.445435 479.117188
0 1568514661 937.663208 460.457001
0 1478231205 490.454010 473.101990
0 1773608077 942.959595 495.056091
0 1438977615 864.675110 459.723328
0 1524834301 1330.401978 409.253723
0 1607644171 820.327515 479.277039
0 1524800258 1434.471191 439.352753
0 1568504647 914.687622 522.716003
0 1568500642 909.693848 473.467499
0 1478256239 487.842072 500.891266
0 1524815277 1276.336426 412.698090
0 1568503646 878.353271 443.105255
0 1478220191 399.618408 543.683960
0 1478207174 445.936096 497.868256
0 1524841311 1366.172852 402.097839
0 1478213182 432.264801 541.520325
0 1524813274 1311.719971 420.490845
0 1568516663 881.781494 511.728699
0 1578517672 899.083679 530.557495
0 1578527685 805.821899 474.543579
0 1478240218 506.539307 493.940460
0 1478215185 456.508728 553.291626
0 1524838307 1285.940674 407.195343
0 1478197163 476.269165 495.902313
0 1478221192 524.853638 487.132050
0 1524819281 1425.678467 445.588837
0 2086284946 939.359619 471.538971
0 1524824288 1280.316040 455.067719
0 1524802260 1313.696533 391.292633
0 1478226199 449.249634 515.238159
0 1578518673 834.453186 508.467194
0 1438981616 990.560059 498.155884
0 1478238215 489.719757 551.075317
0 1609135173 936.030640 449.792053
0 1524837305 1321.901245 400.113953
0 1524793249 1302.104858 426.274292
0 1568515662 934.458313 439.521118
0 1568516664 995.682800 456.707855
0 1438991628 979.964233 452.295380
0 1478249230 529.768311 535.058289
0 1438996634 957.288208 487.998016
0 1578519675 803.996704 498.057373
0 1524829295 1394.046265 415.216949
0 1524864341 1321.150635 414.818390
0 1478255238 401.695953 563.867249
0 1438993631 919.815918 435.410736
0 1524788244 1284.171143 422.255676
0 1772785076 882.437927 524.868103
0 1524828293 1338.640259 451.264496
0 1478203171 378.262756 551.735596
0 1524798255 1407.542358 458.451355
0 1478199165 440.933014 528.107178
0 1578528686 923.821106 466.895905
0 1478192156 408.972839 530.211243
0 1478228201 483.498474 484.282166
0 1772037075 998.507874 467.693878
0 1578515670 893.584229 457.860748
0 1524851323 1348.358643 428.560120
0 1478218188 355.760986 540.086121
0 1478202169 518.384521 498.905792
0 1478254236 344.842163 534.433289
0 1478246226 413.780060 570.123352
0 1524809269 1385.262085 420.931976
0 1524822285 1398.187500 465.086029
0 1524841310 1236.018677 435.798035
0 1478235210 344.552521 516.087708
0 1578515669 774.686157 488.039215
0 1524854328 1376.304932 426.759521
0 0 511.396179 493.174255
0 1 962.768433 327.339417
0 2 621.674011 468.013611
0 3 510.041382 678.924438
0 4 853.743225 560.540649
0 5 1223.483154 373.982025
0 6 471.052673 645.144897
0 7 730.719971 502.860413
0 8 1189.159546 486.324860
0 9 717.617493 379.563873
0 10 923.517700 562.047668
0 11 859.484070 324.483521
0 12 374.527069 501.715607
0 13 1008.690613 321.453003
0 14 445.347107 485.335602
0 15 1253.104614 417.878723
0 16 1409.290039 422.977692
0 17 509.164185 456.749634
0 18 1335.882568 379.574005
0 19 559.505493 441.308624
0 20 626.197815 412.075256
0 21 635.620483 508.386658
0 22 603.011353 428.762726
0 23 430.145203 608.734741
0 24 880.811218 339.906830
0 25 662.529053 365.467804
0 26 709.339294 355.620728
0 27 769.620178 367.993713
0 28 804.259460 353.486084
0 29 666.633240 379.974579
0 30 1091.978882 470.560272
0 31 901.609253 317.147888
0 32 929.422302 593.387451
0 33 753.883606 341.633026
0 34 1152.289307 470.048126
0 35 830.290527 340.722504
0 36 920.898621 330.607849
0 37 1060.224976 546.577759
0 38 681.836121 401.912720
0 39 1014.051392 572.488098
