0 1578512666 944.217651 453.938263
0 1524823287 1373.048462 377.136902
0 1478234209 486.034424 412.587952
0 1707269176 836.482117 415.366425
0 1438989626 1030.752930 427.695892
0 1524801259 1287.745728 410.292847
0 1438992629 971.055908 429.129608
0 1478227200 400.258911 448.829376
0 1524854327 1234.307129 395.453003
0 1478249229 347.866608 475.345398
0 1524807266 1383.810181 455.557159
0 1524863340 1419.542725 396.436951
0 1524831297 1403.573975 442.458282
0 1478229202 411.527100 454.663818
0 1568509654 955.200745 423.763519
0 1524790246 1410.670288 401.968628
0 1578523681 879.740051 388.126648
0 1478207175 347.544250 456.231018
0 1524861337 1320.537109 363.936554
0 1478210178 387.721954 425.837555
0 1524862338 1343.312866 443.964264
0 1478186149 409.376373 436.745544
0 1524797254 1422.521606 429.900330
0 1578518674 851.044495 420.580109
0 1438985621 880.029968 398.322357
0 1524857331 1346.157104 377.735992
0 1478203170 367.691010 431.966309
0 1438994632 912.976135 454.719055
0 1578520676 1000.940430 428.411896
0 1478237213 575.877991 438.620331
0 1568511657 896.991455 448.883667
0 1775370079 960.786987 459.870483
0 1478195160 482.015808 396.986969
0 1568510655 929.267090 460.666321
0 1478257240 544.956360 439.362915
0 1578521677 850.529358 443.910797
0 1524794250 1301.819336 373.844086
0 1524812272 1279.927246 399.664062
0 1769859072 896.342651 436.797882
0 1578525683 973.175476 440.906677
0 1770636073 835.397705 438.276001
0 1524846317 1429.924805 406.943573
0 1524833300 1297.962158 404.598511
0 1568511656 893.446777 382.860016
0 1438985620 909.306091 408.230682
0 1478185148 463.900055 402.529755
0 1707993177 774.152893 439.761322
0 1478189152 557.401489 445.018188
0 1524791247 1391.747314 397.079407
0 1524830296 1401.621582 407.610321
0 2088218948 895.118530 413.998230
0 1524827292 1364.041870 382.293640
0 1606348170 865.800659 403.891541
0 1524855329 1285.322998 427.363983
0 1478183145 588.596252 444.261658
0 1438990627 881.304688 443.156982
0 1524840309 1328.567139 373.253540
0 1478222194 494.779083 446.536987
0 1709860179 899.104248 488.235992
0 1478188151 446.652832 472.851257
0 1438988624 880.642944 419.882843
0 1478243222 416.236572 493.899658
0 1524843313 1447.274658 395.795929
0 1524844315 1413.146606 436.113800
0 1524858333 1409.534668 386.308807
0 1524811271 1304.299072 432.796082
0 1524859334 1391.138794 381.684448
0 1478216186 532.739563 433.811432
0 1524851324 1284.717407 369.425323
0 1524814275 1259.109985 410.967407
0 1578514668 820.543152 432.744354
0 1478184146 526.129211 445.776642
0 1524829294 1382.590942 402.623840
0 1478176143 479.410889 472.024200
0 1524860336 1248.386108 416.790314
0 1478222193 402.177338 467.484680
0 1438997636 939.629028 418.493317
0 1478194158 519.249634 458.229126
0 1478201168 368.594604 449.597290
0 1478187150 456.340363 413.267883
0 1478205172 389.200684 443.103607
0 1524838306 1363.553711 431.344696
0 1568514660 807.059937 416.052948
0 1524865342 1212.742920 406.586975
0 2085418945 834.224304 463.065918
0 1524808268 1269.621582 405.259796
0 1478200167 440.330322 436.009308
0 1478194159 379.576080 455.446442
0 1568501643 835.950378 426.599792
0 1478239216 551.166626 457.439484
0 1524820283 1262.201782 394.814240
0 1438989625 819.677673 444.666504
0 1568505649 865.834900 414.681549
0 1478255237 493.035339 401.874786
0 1524804262 1230.407104 411.643555
0 1568506650 804.812927 439.017761
0 1478217187 527.272888 417.061157
0 1568505648 834.822815 450.421722
0 1568497640 836.994080 404.551178
0 1578511665 822.176453 410.244659
0 1478258241 448.489502 424.419647
0 1524796253 1354.006104 419.932556
0 1478206173 358.442963 462.207520
0 1524826291 1314.740356 426.650543
0 1578529688 849.971558 469.175049
0 1478233207 426.576416 413.949463
0 1708834178 865.870483 425.888153
0 1478189153 434.717651 466.671448
0 1568499641 958.850403 447.353241
0 1478245224 445.423889 408.182800
0 1524852325 1333.962402 432.069489
0 1478219190 428.502411 500.625854
0 1578525682 881.655701 455.501801
0 1478232206 425.671875 479.998688
0 1524818280 1307.978516 399.015656
0 1524850322 1373.480591 443.210327
0 1438996635 821.375488 421.278992
0 1524832299 1326.237061 403.938782
0 1478242220 418.142212 425.127747
0 1524789245 1466.635376 400.662811
0 1438999639 998.335632 417.110413
0 1478196161 478.764099 423.713196
0 1478252234 539.096191 422.305450
0 1524803261 1336.884766 382.904144
0 1478211179 370.571838 488.175110
0 1578523680 913.988403 467.542023
0 1578530689 969.017151 417.801056
0 1568508653 951.821533 401.921722
0 1524826290 1393.797363 448.937927
0 1524847319 1382.973633 419.236877
0 1524810270 1244.777588 390.046844
0 1524835302 1316.314575 409.619904
0 1524821284 1428.243896 391.011963
0 1524799257 1344.816650 408.948456
0 1478233208 475.188110 453.104462
0 1608354172 803.621521 451.193665
0 1524835303 1241.215210 405.922638
0 1478251232 504.247864 406.848206
0 1524812273 1277.323242 416.102051
0 1706512175 1017.341309 433.863312
0 1438986622 915.043457 480.906189
0 1478211180 420.505768 442.351807
0 1524823286 1400.726929 391.642090
0 1478223195 520.744873 428.360870
0 1478244223 451.733612 441.601807
0 1438987623 850.256165 456.286499
0 1478193157 443.397705 453.883148
0 1478198164 437.434906 419.137695
0 1524862339 1345.505615 392.906586
0 1478236212 531.838745 464.244232
0 1478240217 538.529663 451.552979
0 1478214183 378.346527 437.483551
0 1578521678 938.213928 407.562531
0 1524844314 1353.539062 437.588531
0 1524848320 1282.388062 384.129303
0 1524806265 1334.992920 414.730408
0 1524787243 1402.568970 424.520416
0 1478241219 467.174469 465.860321
0 1524799256 1306.192139 415.415436
0 1478190154 491.888458 478.309540
0 1478226198 455.172302 459.814423
0 1478208176 369.553162 468.299988
0 1478214184 563.392700 433.082367
0 2084722944 865.945984 449.651733
0 1578522679 941.099121 429.849060
0 1524825289 1458.162354 406.278412
0 1774531078 953.479248 412.636475
0 1525674169 956.989807 435.327026
0 1478197162 315.431396 457.017609
0 1524815276 1295.863892 421.328918
0 1768901071 930.629333 473.738861
0 1578526684 912.003967 442.405029
0 1478182144 398.450256 431.241730
0 1524853326 1363.370972 449.706116
0 1478218189 570.081421 450.780151
0 1578513667 880.967407 431.293182
0 1438983618 850.791931 432.017914
0 1478224196 506.898651 452.327759
0 1478247227 347.240570 438.223389
0 1524792248 1294.243408 364.506836
0 1524795252 1438.685059 401.314972
0 1524808267 1317.800659 393.541016
0 1478191155 458.823547 479.152985
0 1524856330 1431.704834 423.813782
0 1478236211 515.658630 411.909546
0 1478258242 305.027832 451.139008
0 1478212181 499.548065 465.051239
0 1478185147 513.958618 440.107391
0 1568502645 894.540588 403.233398
0 1568508652 865.907532 437.536011
0 1438984619 790.220642 433.472595
0 1659977623 896.027649 430.931519
0 1478209177 407.346405 419.833191
0 1438982617 911.069702 430.570251
0 1524805264 1292.195435 378.938141
0 1771287074 893.983704 392.861023
0 2087111947 897.666870 461.464142
0 1524817279 1323.625610 438.328583
0 1524795251 1373.363159 425.228760
0 1478230204 463.350891 447.299225
0 1478230203 336.851044 450.367218
0 1524847318 1354.862549 387.549225
0 1578516671 851.521667 398.969147
0 1568513659 926.703308 436.061554
0 1578529687 908.472900 397.677063
0 1524819282 1344.086914 425.938782
0 1478253235 487.251648 459.020782
0 1524836304 1354.446655 403.280518
0 1478243221 357.817993 443.857330
0 1568501644 775.893555 428.028198
0 1438998637 936.850891 397.033203
0 1524816278 1255.048340 384.743896
0 1705773174 989.664368 446.590881
0 1524845316 1449.519897 412.006470
0 1524842312 1440.702393 417.850433
0 1568507651 1014.398438 422.355499
0 1438999638 882.021240 468.357513
0 1478252233 551.134155 427.645020
0 1438993630 945.873413 466.728668
0 1478237214 404.215881 487.307922
0 1524857332 1337.754883 368.264771
0 1478248228 482.884491 440.853668
0 1478225197 450.113586 493.017181
0 1524859335 1392.391235 413.365234
0 1524832298 1363.725952 414.047028
0 1478200166 406.386169 508.412292
0 1478250231 497.397949 417.751678
0 1478245225 392.433044 480.846588
0 1438995633 1003.648193 440.160278
0 1524804263 1327.434326 388.171539
0 1524839308 1373.252197 408.278625
0 1524849321 1251.811401 400.313934
0 1568512658 987.202393 434.594269
0 1568514661 924.333252 413.316589
0 1478231205 474.870148 407.514740
0 1773608077 927.959534 448.117493
0 1438977615 851.287598 409.571777
0 1524834301 1319.206177 378.336395
0 1607644171 805.958191 427.313141
0 1524800258 1420.989014 412.685059
0 1568504647 898.370605 474.570374
0 1568500642 895.718750 425.178223
0 1478256239 471.208649 435.274933
0 1524815277 1265.125000 379.541168
0 1568503646 865.767639 393.495361
0 1478220191 380.881073 474.511810
0 1478207174 429.135071 430.518890
0 1524841311 1355.256348 372.664307
0 1478213182 413.809662 473.680450
0 1524813274 1299.944214 388.795227
0 1568516663 865.986023 462.264008
0 1578517672 882.402222 481.756439
0 1578527685 791.635559 421.979584
0 1478240218 490.282043 429.078461
0 1478215185 437.770782 486.442963
0 1524838307 1275.012939 374.435883
0 1478197163 459.745544 429.797791
0 1478221192 508.966248 423.008514
0 1524819281 1411.872314 418.542816
0 2086284946 925.495422 424.470032
0 1524824288 1266.688477 422.029602
0 1524802260 1303.596069 359.677917
0 1478226199 431.844238 448.063324
0 1578518673 818.777100 457.073242
0 1438981616 975.380493 453.159485
0 1478238215 471.236816 485.580353
0 1609135173 923.214172 402.576813
0 1524837305 1311.264893 368.844421
0 1524793249 1290.032837 394.176910
0 1568515662 922.135803 392.228149
0 1568516664 982.556885 411.957977
0 1438991628 967.054565 406.895874
0 1478249230 512.084167 471.199249
0 1438996634 942.627441 441.654938
0 1578519675 788.749390 445.424042
0 1524829295 1382.229248 386.928314
0 1524864341 1309.666748 383.516022
0 1478255238 382.268616 494.784485
0 1438993631 907.669861 387.504456
0 1524788244 1272.391968 389.420349
0 1772785076 866.027832 475.404022
0 1524828293 1324.969604 420.629883
0 1478203171 359.106750 481.696716
0 1524798255 1393.073242 430.621613
0 1478199165 423.011261 460.610077
0 1578528686 910.171021 419.187256
0 1478192156 390.768250 461.407776
0 1478228201 467.452026 418.443848
0 1772037075 984.834961 423.058655
0 1578515670 880.330688 408.900452
0 1524851323 1335.965576 398.368744
0 1478218188 336.844818 469.117432
0 1478202169 502.011627 434.542297
0 1478254236 326.035126 463.009338
0 1478246226 394.204315 501.528809
0 1524809269 1373.147461 392.273621
0 1524822285 1383.379272 436.850250
0 1524841310 1223.630859 400.965302
0 1478235210 326.357513 444.612854
0 1578515669 759.824280 434.202606
0 1524854328 1363.888306 397.723328
0 0 1366.166382 363.617706
0 1 845.096741 253.163147
0 2 827.406921 480.182922
0 3 1381.208618 385.691223
0 4 1030.039551 484.586670
0 5 993.917419 280.476074
0 6 1333.958862 494.297516
0 7 1146.666504 349.164307
0 8 1055.608276 319.786407
0 9 501.404694 574.768433
0 10 1198.472290 362.034698
0 11 1137.113525 322.393555
0 12 945.231689 640.480896
0 13 978.009338 270.236938
0 14 901.302917 678.282288
0 15 1121.786865 470.493439
0 16 1321.289307 348.743469
0 17 590.899658 686.926575
0 18 695.074341 332.321930
0 19 642.931091 406.905243
0 20 1308.119873 463.891388
0 21 470.784790 372.167297
0 22 1353.644409 452.109741
0 23 1251.373779 504.585815
0 24 800.044617 297.512482
0 25 607.375488 331.581604
0 26 521.181885 348.192017
0 27 763.947998 310.290161
0 28 316.560120 467.933014
0 29 580.625122 322.436127
0 30 874.348145 504.807983
0 31 1178.528931 318.220062
0 32 808.304565 518.433105
0 33 751.068115 283.837067
0 34 925.425415 487.714447
0 35 1125.830933 304.430939
0 36 707.449463 491.324493
0 37 773.137390 492.000427
0 38 382.400177 495.663696
0 39 859.431030 538.025024
