0 1578512666 987.633911 636.616394
0 1524823287 1386.453125 968.418884
0 1478234209 1062.825562 462.414520
0 1707269176 1086.394531 579.949707
0 1438989626 1070.428589 676.148132
0 1524801259 1180.271973 861.520508
0 1438992629 1059.976807 644.866516
0 1478227200 983.820679 453.971130
0 1524854327 1231.295288 816.250427
0 1478249229 934.225403 450.972290
0 1524807266 1003.995422 939.791687
0 1524863340 1297.713989 1016.054565
0 1524831297 1061.191895 967.173828
0 1478229202 972.806030 458.683594
0 1568509654 1074.532104 635.906677
0 1524790246 1262.533936 1000.346436
0 1578523681 1174.220947 591.247986
0 1478207175 968.830383 444.388153
0 1524861337 1433.083984 911.401550
0 1478210178 1028.901733 442.730286
0 1524862338 1047.175537 904.187134
0 1478186149 1007.857117 451.872650
0 1524797254 1122.363892 996.459229
0 1578518674 1073.242432 587.496155
0 1438985621 1142.276855 594.204407
0 1524857331 1367.652344 935.007019
0 1478203170 1015.753418 440.308960
0 1438994632 984.501343 622.539124
0 1578520676 1065.076416 660.129517
0 1478237213 1010.435852 496.594391
0 1568511657 999.323059 614.220642
0 1775370079 972.140381 645.506226
0 1478195160 1097.789062 455.416046
0 1568510655 969.324219 631.057190
0 1478257240 1007.571045 488.020264
0 1578521677 1010.243103 593.298645
0 1524794250 1365.808472 886.572144
0 1524812272 1226.456787 856.819580
0 1769859072 1031.940063 611.194519
0 1578525683 1025.486206 648.109070
0 1770636073 1024.128418 585.671326
0 1524846317 1242.930420 1021.942993
0 1524833300 1209.106079 872.828613
0 1568511656 1193.949219 596.163330
0 1438985620 1116.137817 610.294983
0 1478185148 1083.575562 452.798615
0 1707993177 1016.956299 562.237122
0 1478189152 995.897278 493.430023
0 1524791247 1281.389160 979.574341
0 1524830296 1228.572388 985.182251
0 2088218948 1096.958130 605.162109
0 1524827292 1351.148560 954.132324
0 1606348170 1123.264771 589.354736
0 1524855329 1106.613037 855.177490
0 1478183145 998.576782 502.184784
0 1438990627 1013.801758 606.094666
0 1524840309 1383.561279 916.570984
0 1478222194 990.816162 476.828247
0 1709860179 901.037537 623.339539
0 1478188151 938.582153 473.325958
0 1438988624 1078.179565 600.136536
0 1478243222 900.663269 472.701965
0 1524843313 1315.319336 1055.396606
0 1524844315 1091.255371 981.566406
0 1524858333 1352.292603 1010.188110
0 1524811271 1087.463989 870.967041
0 1524859334 1369.703979 988.898621
0 1478216186 1019.029419 482.710236
0 1524851324 1380.957397 869.882996
0 1524814275 1170.057739 835.369385
0 1578514668 1037.706299 578.212830
0 1478184146 993.312012 484.983185
0 1524829294 1247.744385 965.047607
0 1478176143 940.134949 481.293121
0 1524860336 1143.079468 825.108704
0 1478222193 948.511719 460.807648
0 1438997636 1088.735718 627.163208
0 1478194158 967.549805 487.260101
0 1478201168 981.639526 446.844635
0 1478187150 1059.260742 454.927582
0 1478205172 994.646851 449.339203
0 1524838306 1103.724609 929.436768
0 1568514660 1081.443115 568.131897
0 1524865342 1177.292358 796.898132
0 2085418945 961.598267 591.417175
0 1524808268 1197.838135 845.935059
0 1478200167 1010.510315 459.196106
0 1478194159 970.785828 451.419342
0 1568501643 1055.294434 582.807495
0 1478239216 969.675781 495.755249
0 1524820283 1243.238647 841.335327
0 1438989625 1006.834839 581.043152
0 1568505649 1091.561401 592.281677
0 1478255237 1087.548950 460.243225
0 1524804262 1160.454346 810.782104
0 1568506650 1020.467468 573.709473
0 1478217187 1055.707153 475.253479
0 1568505648 992.896484 588.541199
0 1568497640 1117.429077 577.097961
0 1578511665 1099.256104 572.570129
0 1478258241 1034.905762 457.060059
0 1524796253 1153.336792 924.285522
0 1478206173 957.951477 448.906799
0 1524826291 1114.962036 882.456909
0 1578529688 946.973511 599.126038
0 1478233207 1055.812866 447.686035
0 1708834178 1059.789673 595.214966
0 1478189153 950.192078 468.358795
0 1568499641 1006.349976 642.298950
0 1478245224 1069.585327 450.222229
0 1524852325 1095.326416 899.238525
0 1478219190 888.590698 477.716400
0 1578525682 981.507080 609.083557
0 1478232206 925.448425 470.528534
0 1524818280 1238.838867 884.489197
0 1524850322 1053.944580 934.605469
0 1438996635 1068.513306 575.388550
0 1524832299 1221.125977 901.516846
0 1478242220 1031.854492 449.777649
0 1524789245 1295.667114 1079.426147
0 1438999639 1100.310791 656.798279
0 1478196161 1038.060425 464.589447
0 1478252234 1044.702026 480.441254
0 1524803261 1333.869629 921.758118
0 1478211179 911.475403 460.287018
0 1578523680 951.407715 625.617371
0 1578530689 1094.386841 641.631592
0 1568508653 1142.399658 629.543762
0 1524826290 1032.121338 953.256592
0 1524847319 1164.059082 956.376648
0 1524810270 1259.479370 826.350403
0 1524835302 1191.157227 889.389587
0 1524821284 1334.178833 1032.336426
0 1524799257 1202.781860 919.151611
0 1478233208 977.054199 473.959106
0 1608354172 989.884766 576.506897
0 1524835303 1187.253662 820.672913
0 1478251232 1077.125366 465.156952
0 1524812273 1152.296387 850.549072
0 1706512175 1049.856689 669.734741
0 1438986622 918.239868 628.702454
0 1478211180 997.060425 456.563049
0 1524823286 1316.217407 994.612000
0 1478223195 1030.278564 477.497253
0 1478244223 999.555359 464.030121
0 1438987623 978.642212 596.209229
0 1478193157 974.894348 466.192627
0 1478198164 1045.450073 452.332397
0 1524862339 1284.008057 926.963013
0 1478236212 955.591248 492.621887
0 1478240217 981.604065 490.319031
0 1478214183 1005.289551 444.785797
0 1578521678 1122.282593 624.026489
0 1524844314 1074.999634 916.610779
0 1524848320 1302.648926 863.261841
0 1524806265 1172.578735 906.531433
0 1524787243 1143.604126 976.040527
0 1478241219 951.930054 476.169006
0 1524799256 1162.109619 877.635071
0 1478190154 928.123657 486.511200
0 1478226198 963.514587 471.136322
0 1478208176 946.886230 453.502838
0 1478214184 1022.072266 491.108948
0 2084722944 996.039612 601.100708
0 1578522679 1055.112183 630.307068
0 1524825289 1258.417236 1061.593262
0 1774531078 1108.505005 632.721558
0 1525674169 1040.480469 639.099121
0 1478197162 966.936707 437.578918
0 1524815276 1133.941284 866.236328
0 1768901071 935.816101 634.181946
0 1578526684 1017.520874 619.467834
0 1478182144 1018.469360 447.262421
0 1524853326 1025.966187 921.675598
0 1478218189 984.002136 498.942413
0 1578513667 1046.025757 603.112427
0 1438983618 1041.776367 590.394287
0 1478224196 979.289490 481.996429
0 1478247227 1002.803650 437.924225
0 1524792248 1413.718750 881.623291
0 1524795252 1278.462646 1038.363770
0 1524808267 1269.512939 896.518799
0 1478191155 926.763062 478.382690
0 1524856330 1154.572632 1011.878784
0 1478236211 1066.513184 470.159515
0 1478258242 977.482117 433.261200
0 1478212181 953.728699 484.251862
0 1478185147 1004.806030 479.744904
0 1568502645 1129.359741 602.155945
0 1568508652 1027.949097 598.154663
0 1438984619 1033.804443 566.534851
0 1659977623 1048.221436 609.683899
0 1478209177 1042.253418 445.188995
0 1438982617 1050.466675 616.403442
0 1524805264 1333.738159 874.735962
0 1771287074 1161.689941 599.156372
0 2087111947 966.633789 617.253540
0 1524817279 1067.662842 887.294312
0 1524795251 1133.395386 942.684998
0 1478230204 988.405151 468.950348
0 1478230203 979.527710 439.944885
0 1524847318 1317.019409 940.321533
0 1578516671 1135.973145 581.718323
0 1568513659 1036.112915 624.828735
0 1578529687 1148.863647 607.251099
0 1524819282 1123.870117 911.562805
0 1478253235 965.497314 479.058777
0 1524836304 1233.975830 932.185730
0 1478243221 992.310547 442.346893
0 1568501644 1046.855225 559.514221
0 1438998637 1155.753052 620.896912
0 1524816278 1288.498779 836.749756
0 1705773174 1010.115479 657.345215
0 1524845316 1222.533203 1044.414185
0 1524842312 1187.941284 1027.853638
0 1568507651 1085.561279 666.349121
0 1438999638 949.141602 612.078979
0 1478252233 1033.492310 485.725494
0 1438993630 953.778625 639.781860
0 1478237214 912.523621 467.775665
0 1524857332 1418.109985 929.710815
0 1478248228 1002.135742 471.752960
0 1478225197 901.553162 480.600128
0 1524859335 1195.766724 970.534302
0 1524832298 1183.771851 937.426331
0 1478200166 875.836548 474.878998
0 1478250231 1052.171143 467.351868
0 1478245225 924.177368 462.935181
0 1438995633 1029.757690 663.468750
0 1524804263 1301.173706 908.935486
0 1524839308 1215.223755 951.006287
0 1524849321 1214.836792 830.853088
0 1568512658 1045.056641 654.051086
0 1568514661 1102.600220 618.628418
0 1478231205 1073.291992 457.564178
0 1773608077 1002.756409 627.939392
0 1438977615 1104.641235 584.604126
0 1524834301 1350.122192 903.853149
0 1607644171 1050.986816 570.917786
0 1524800258 1208.652710 1006.102051
0 1568504647 933.872070 620.293152
0 1568500642 1064.484985 608.174927
0 1478256239 1013.253723 466.768066
0 1524815277 1318.391235 847.461914
0 1568503646 1154.899780 586.434021
0 1478220191 935.629883 458.178284
0 1478207174 1021.275085 454.445984
0 1524841311 1402.576904 948.703613
0 1478213182 937.081299 465.625427
0 1524813274 1286.365601 879.604614
0 1568516663 964.061035 604.053162
0 1578517672 916.705139 615.080933
0 1578527685 1063.979492 563.780823
0 1478240218 1027.174805 469.550568
0 1478215185 913.607544 475.519318
0 1524838307 1349.196655 858.501343
0 1478197163 1024.175293 461.871216
0 1478221192 1041.323975 472.378632
0 1524819281 1175.564209 990.810547
0 2086284946 1069.394165 621.725098
0 1524824288 1125.141602 839.899597
0 1524802260 1447.528687 893.739380
0 1478226199 986.074585 461.335663
0 1578518673 975.898499 583.879272
0 1438981616 990.914612 651.359192
0 1478238215 914.729004 483.531342
0 1609135173 1135.731567 615.538757
0 1524837305 1398.906982 898.787842
0 1524793249 1255.952271 868.037537
0 1568515662 1168.788330 612.456055
0 1568516664 1114.691284 647.486206
0 1438991628 1128.716553 638.404175
0 1478249230 941.742493 489.540955
0 1438996634 1021.411621 633.458069
0 1578519675 1003.567444 569.294617
0 1524829295 1334.015747 973.986511
0 1524864341 1317.740112 891.537231
0 1478255238 899.802917 465.066193
0 1438993631 1181.516724 604.213806
0 1524788244 1272.496216 852.133423
0 1772785076 932.013000 607.011902
0 1524828293 1143.320068 894.305969
0 1478203171 922.947876 455.589722
0 1524798255 1112.715454 961.765747
0 1478199165 961.598267 463.478760
0 1578528686 1083.338867 613.345825
0 1478192156 959.744873 456.072968
0 1478228201 1048.754028 459.715912
0 1772037075 1079.915161 650.764771
0 1578515670 1110.263184 597.167236
0 1524851323 1252.060547 914.034973
0 1478218188 945.312866 446.432587
0 1478202169 1016.091736 474.601532
0 1478254236 956.215149 441.968781
0 1478246226 887.925110 469.929443
0 1524809269 1299.537964 959.580383
0 1524822285 1082.845459 947.961731
0 1524841310 1203.910767 806.437012
0 1478235210 990.047974 435.575226
0 1578515669 1030.060669 555.329712
0 1524854328 1266.210083 945.654602
0 0 1036.979126 438.678680
0 1 1546.819092 498.980469
0 2 1097.703979 433.918121
0 3 484.842285 587.471558
0 4 967.559387 489.287750
0 5 1508.273438 614.825867
0 6 538.083923 572.161194
0 7 1040.508667 469.059784
0 8 781.289185 636.766113
0 9 1092.875122 449.088531
0 10 954.093994 507.915192
0 11 1221.968750 471.161896
0 12 752.449890 476.695618
0 13 1469.669312 526.609375
0 14 800.481323 465.812653
0 15 1380.912720 701.253540
0 16 1407.742310 746.626587
0 17 855.168823 444.461212
0 18 1499.410889 671.243408
0 19 1235.807373 451.349640
0 20 1000.241577 429.028442
0 21 734.480469 580.608765
0 22 944.583191 422.847168
0 23 522.141968 545.892700
0 24 1572.508789 596.028748
0 25 1502.989624 491.378815
0 26 1500.846558 513.229187
0 27 1084.649048 461.755341
0 28 1132.986450 458.864075
0 29 1110.132812 424.181000
0 30 796.012451 583.289246
0 31 1279.304688 484.593262
0 32 894.625854 682.289368
0 33 1586.766724 521.095947
0 34 1285.002197 770.985718
0 35 1169.906982 467.950958
0 36 1345.380249 669.969849
0 37 1044.181885 746.365295
0 38 1043.979492 450.481232
0 39 971.700928 719.662537
