0 1578512666 966.475525 409.681091
0 1524823287 497.378082 921.016296
0 1478234209 1453.012939 289.506592
0 1707269176 1167.895264 417.631439
0 1438989626 933.594604 490.793060
0 1524801259 612.964722 699.627014
0 1438992629 996.027161 458.510223
0 1478227200 1399.336792 237.392929
0 1524854327 729.351440 703.890381
0 1478249229 1361.728027 208.936157
0 1524807266 405.558502 640.041382
0 1524863340 374.885895 879.468506
0 1524831297 379.429260 691.072327
0 1478229202 1376.809692 236.463593
0 1568509654 1026.365479 459.694153
0 1524790246 390.393585 844.592896
0 1578523681 1212.116943 483.944397
0 1478207175 1410.514282 219.693634
0 1524861337 635.854431 925.797058
0 1478210178 1473.358521 249.887711
0 1524862338 480.118103 642.808716
0 1478186149 1427.752075 248.010284
0 1524797254 350.816864 746.953003
0 1578518674 1139.167725 416.497498
0 1438985621 1177.798462 465.603760
0 1524857331 555.046753 885.751221
0 1478203170 1466.860596 240.178589
0 1438994632 995.069031 395.975250
0 1578520676 965.384094 474.355225
0 1478237213 1312.918701 294.650635
0 1568511657 1023.397278 397.097351
0 1775370079 937.639099 408.542877
0 1478195160 1508.645630 302.613312
0 1568510655 966.725830 394.852570
0 1478257240 1332.381714 284.586700
0 1578521677 1078.405273 384.936676
0 1524794250 653.485046 853.854431
0 1524812272 644.154907 728.501038
0 1769859072 1052.891602 413.092041
0 1578525683 965.948853 440.890076
0 1770636073 1106.228149 386.042511
0 1524846317 346.419128 843.044861
0 1524833300 604.429382 727.056152
0 1568511656 1216.350342 501.735382
0 1438985620 1117.276978 463.241913
0 1478185148 1501.188843 291.471436
0 1707993177 1156.147949 360.725739
0 1478189152 1308.222534 283.601379
0 1524791247 434.332001 846.139648
0 1524830296 405.128174 811.455811
0 2088218948 1114.913208 446.726288
0 1524827292 510.063354 884.182495
0 1606348170 1174.382568 449.056213
0 1524855329 591.763306 646.952576
0 1478183145 1288.402100 293.653259
0 1438990627 1051.710449 398.218842
0 1524840309 599.992432 887.318481
0 1478222194 1346.198608 264.341827
0 1709860179 940.414734 352.096069
0 1478188151 1309.171265 233.673157
0 1438988624 1112.630371 430.776154
0 1478243222 1278.739746 214.234802
0 1524843313 312.184296 914.622620
0 1524844315 365.455048 718.364258
0 1524858333 404.861176 917.822205
0 1524811271 554.574097 645.572266
0 1524859334 451.139587 919.419983
0 1478216186 1356.529907 285.571564
0 1524851324 697.208130 855.393677
0 1524814275 659.084229 674.811829
0 1578514668 1134.036621 387.147766
0 1478184146 1327.480103 273.834900
0 1524829294 447.966003 812.977234
0 1478176143 1290.697266 242.368332
0 1524860336 666.064209 649.710266
0 1478222193 1349.407715 226.128662
0 1438997636 1056.686523 460.877411
0 1478194158 1299.218384 262.416565
0 1478201168 1416.110352 228.886230
0 1478187150 1470.192017 279.669495
0 1478205172 1421.854248 238.321869
0 1524838306 457.387634 693.928040
0 1568514660 1193.050781 403.817444
0 1524865342 740.262024 652.464233
0 2085418945 1048.390503 356.415283
0 1524808268 651.788452 701.049133
0 1478200167 1410.683594 257.011902
0 1478194159 1393.885498 227.967422
0 1568501643 1136.559692 401.579773
0 1478239216 1279.824097 271.886536
0 1524820283 683.850891 729.944824
0 1438989625 1104.230835 372.086975
0 1568505649 1141.864990 431.925873
0 1478255237 1484.219116 301.619568
0 1524804262 703.176025 651.087769
0 1568506650 1131.594360 373.178101
0 1478217187 1410.872437 298.635620
0 1568505648 1076.853271 370.995270
0 1568497640 1200.285889 434.223419
0 1578511665 1196.607422 418.764740
0 1478258241 1440.034790 268.187286
0 1524796253 485.075500 722.715027
0 1478206173 1388.574585 218.784760
0 1524826291 545.117554 670.608887
0 1578529688 1021.417114 355.336273
0 1478233207 1486.890747 270.107452
0 1708834178 1110.424438 415.362976
0 1478189153 1331.726929 234.603714
0 1568499641 966.216797 425.018066
0 1478245224 1493.940063 280.640411
0 1524852325 507.074646 669.205933
0 1478219190 1256.745361 213.323669
0 1578525682 1022.715698 382.723267
0 1478232206 1304.892822 224.288376
0 1524818280 595.489319 755.785706
0 1524850322 430.907745 666.396912
0 1438996635 1164.812744 402.698883
0 1524832299 554.788086 754.316345
0 1478242220 1456.926514 258.911285
0 1524789245 265.785736 913.020691
0 1438999639 996.558960 493.229706
0 1478196161 1422.664062 277.726379
0 1478252234 1386.400879 297.640106
0 1524803261 565.931458 850.772339
0 1478211179 1318.360229 207.136032
0 1578523680 966.967957 380.507568
0 1578530689 1027.174561 476.756683
0 1568508653 1090.866455 496.879303
0 1524826290 392.783630 664.990967
0 1524847319 432.498566 749.901733
0 1524810270 723.517517 731.387634
0 1524835302 564.674255 725.610168
0 1524821284 358.542755 916.223145
0 1524799257 514.055969 752.845947
0 1478233208 1341.243652 254.159714
0 1608354172 1102.296509 358.571594
0 1524835303 697.019226 676.210876
0 1478251232 1459.781494 300.625397
0 1524812273 621.122314 673.411865
0 1706512175 934.461975 473.153442
0 1438986622 939.754272 365.528412
0 1478211180 1404.934204 247.070984
0 1524823286 419.982971 881.041138
0 1478223195 1380.667114 286.556000
0 1478244223 1387.546997 256.061584
0 1438987623 1049.461670 369.903015
0 1478193157 1359.268921 245.191132
0 1478198164 1463.467896 269.147583
0 1524862339 533.539124 816.016479
0 1478236212 1275.712646 261.453278
0 1478240217 1303.657471 272.860931
0 1478214183 1444.362183 239.250443
0 1578521678 1088.893311 479.155365
0 1524844314 469.004730 667.801941
0 1524848320 669.404724 788.893433
0 1524806265 524.889648 724.163147
0 1524787243 391.673279 748.427917
0 1478241219 1313.564331 243.309677
0 1524799256 574.112854 698.203796
0 1478190154 1267.820312 241.426605
0 1478226198 1336.421509 244.250610
0 1478208176 1366.625732 217.875504
0 1478214184 1337.424072 295.647583
0 2084722944 1050.567749 383.830261
0 1578522679 1025.584595 443.226501
0 1524825289 284.577881 876.319275
0 1774531078 1058.042969 477.956390
0 1525674169 995.775024 442.058624
0 1478197162 1426.713623 211.633560
0 1524815276 583.133484 672.010864
0 1768901071 939.072205 379.398865
0 1578526684 1024.101807 411.955658
0 1478182144 1450.560181 248.949203
0 1524853326 442.851288 641.425537
0 1478218189 1284.052368 282.615601
0 1578513667 1081.665771 414.227814
0 1438983618 1108.291626 400.460052
0 1478224196 1322.713623 263.379425
0 1478247227 1460.532104 230.722702
0 1524792248 689.770630 890.449280
0 1524795252 329.750885 877.894531
0 1524808267 586.115173 785.910400
0 1478191155 1286.605957 232.742249
0 1524856330 335.466187 776.933228
0 1478236211 1435.332520 299.630737
0 1478258242 1448.357910 212.531952
0 1478212181 1294.899902 252.256165
0 1478185147 1351.292114 274.808411
0 1568502645 1147.546387 464.423157
0 1568508652 1080.008423 399.339752
0 1438984619 1158.943604 374.268677
0 1659977623 1068.008423 421.289856
0 1478209177 1480.032837 259.860382
0 1438982617 1054.113281 428.474823
0 1524805264 661.642822 820.566406
0 1771287074 1181.337769 482.748169
0 2087111947 994.849121 381.615723
0 1524817279 517.359070 644.191040
0 1524795251 445.231689 721.265869
0 1478230204 1364.400391 255.110855
0 1478230203 1432.444946 220.602112
0 1524847318 522.100952 849.229370
0 1578516671 1204.092285 450.220215
0 1568513659 1024.830566 427.323181
0 1578529687 1150.540771 481.551270
0 1524819282 496.324310 695.354309
0 1478253235 1318.076782 253.208160
0 1524836304 502.695740 782.922729
0 1478243221 1438.325806 229.804657
0 1568501644 1186.279053 375.358704
0 1438998637 1122.265137 498.094421
0 1524816278 717.407410 760.187012
0 1705773174 936.105957 439.720886
0 1524845316 302.408539 841.495605
0 1524842312 319.349609 808.409241
0 1568507651 965.086121 492.011749
0 1438999638 994.636230 367.716827
0 1478252233 1361.918091 296.644043
0 1438993630 938.367493 393.729248
0 1478237214 1300.724854 215.145554
0 1524857332 589.735474 924.204895
0 1478248228 1369.673218 265.303833
0 1478225197 1260.340576 222.446533
0 1524859335 419.146179 779.930359
0 1524832298 473.292786 751.374390
0 1478200166 1253.241821 204.433121
0 1478250231 1428.908569 288.523499
0 1478245225 1322.700928 216.055893
0 1438995633 935.298584 456.140350
0 1524804263 576.274475 817.534363
0 1524839308 460.937225 781.427063
0 1524849321 690.583984 702.470215
0 1568512658 965.671448 457.325592
0 1568514661 1086.990356 462.060028
0 1478231205 1477.106323 290.489227
0 1773608077 995.296448 410.818695
0 1438977615 1171.083374 433.074982
0 1524834301 609.726135 852.314087
0 1607644171 1161.830444 388.252441
0 1524800258 362.256104 809.933105
0 1568504647 967.202332 366.622894
0 1568500642 1083.379883 429.625793
0 1478256239 1393.137451 266.265411
0 1524815277 711.000854 790.383301
0 1568503646 1208.033569 466.783630
0 1478220191 1344.667847 216.965912
0 1478207174 1433.810059 257.961823
0 1524841311 543.576660 922.611267
0 1478213182 1327.154907 225.208725
0 1524813274 627.776123 787.402466
0 1568516663 1022.056030 368.810211
0 1578517672 967.429138 353.176697
0 1578527685 1189.609741 389.356506
0 1478240218 1398.884033 276.754150
0 1478215185 1282.621460 223.367661
0 1524838307 704.275940 822.080566
0 1478197163 1416.591309 267.226562
0 1478221192 1404.793335 287.539978
0 1524819281 377.322479 778.432373
0 2086284946 1055.377441 444.393738
0 1524824288 628.926636 648.331909
0 1524802260 681.933716 927.387939
0 1478226199 1382.106445 246.131241
0 1578518673 1075.350342 357.493713
0 1438981616 936.885681 423.864532
0 1478238215 1264.031006 231.810913
0 1609135173 1119.725952 480.353668
0 1524837305 644.900391 888.884583
0 1524793249 636.159546 757.253906
0 1568515662 1153.645264 499.308777
0 1568516664 1028.013306 494.446991
0 1438991628 1059.449097 495.663513
0 1478249230 1271.712769 251.303772
0 1438996634 995.531738 426.170929
0 1578519675 1129.229004 359.648956
0 1524829295 465.042114 882.612488
0 1524864341 618.975647 819.050964
0 1478255238 1296.662842 206.235428
0 1438993631 1185.006958 500.522430
0 1524788244 676.798889 758.721008
0 1772785076 994.429993 354.256744
0 1524828293 535.232727 696.779602
0 1478203171 1340.048462 208.036285
0 1524798255 405.358215 719.815613
0 1478199165 1354.273071 235.533829
0 1578528686 1085.153564 445.560333
0 1478192156 1371.651367 227.048233
0 1478228201 1446.433350 278.698151
0 1772037075 996.288208 475.556305
0 1578515670 1144.656128 447.891571
0 1524851323 544.421631 784.417114
0 1478218188 1383.398804 209.835663
0 1478202169 1375.093384 275.781494
0 1478254236 1405.060669 210.734787
0 1478246226 1274.956787 205.334473
0 1524809269 478.234436 847.685120
0 1524822285 418.422638 692.500732
0 1524841310 734.927307 677.608826
0 1478235210 1454.366577 221.510254
0 1578515669 1183.053223 361.802032
0 1524854328 490.769684 814.497498
0 0 464.049347 672.789795
0 1 996.179260 728.537964
0 2 1503.491455 669.929443
0 3 1539.198853 459.036743
0 4 1720.913818 522.839233
0 5 1162.367554 150.384583
0 6 1592.839600 518.136597
0 7 1458.906616 281.605835
0 8 1390.494751 281.410400
0 9 591.174194 290.244324
0 10 1527.588623 272.522552
0 11 927.946472 127.252625
0 12 600.989502 758.727539
0 13 1095.974609 142.289490
0 14 1030.164429 817.613953
0 15 757.803467 302.226257
0 16 1372.464600 193.674118
0 17 379.662598 737.756897
0 18 1382.801392 172.313461
0 19 1189.694214 652.413818
0 20 560.106934 329.313751
0 21 1606.680054 329.667572
0 22 499.296906 425.134827
0 23 1194.698975 784.047485
0 24 1038.030518 130.783188
0 25 951.432983 653.802612
0 26 747.770203 513.626770
0 27 678.067261 167.921677
0 28 437.327759 581.156006
0 29 1874.814697 751.096863
0 30 1650.791138 475.671570
0 31 1307.132080 153.834381
0 32 894.075134 234.340485
0 33 790.153320 389.455200
0 34 793.174316 272.763428
0 35 868.158325 120.348389
0 36 1105.581299 683.757568
0 37 1181.411377 238.459137
0 38 362.099060 668.810364
0 39 827.719727 240.083115
