0 1578512666 939.579590 475.999878
0 1707269176 664.348816 456.554382
0 1438989626 988.411194 355.181244
0 1438992629 910.452881 396.630310
0 1568509654 873.288513 394.036407
0 1578523681 658.901001 355.280243
0 1578518674 703.564819 459.325073
0 1438985621 687.924683 381.098785
0 1438994632 896.446472 500.825287
0 1578520676 950.137939 375.530457
0 1568511657 856.257996 497.973541
0 1775370079 979.035645 478.787506
0 1568510655 936.670776 503.679626
0 1578521677 769.622986 520.820984
0 1769859072 821.417969 467.651550
0 1578525683 945.061768 423.833496
0 1770636073 728.711609 517.904724
0 1568511656 666.570435 332.885010
0 1438985620 761.978821 386.267456
0 1707993177 628.147766 572.417236
0 2088218948 755.836060 410.574402
0 1606348170 680.367371 405.286316
0 1438990627 816.105225 495.124268
0 1709860179 970.067505 597.023926
0 1438988624 749.452881 435.832336
0 1578514668 687.837219 514.991150
0 1438997636 836.154785 391.444611
0 1568514660 615.876038 480.915985
0 2085418945 798.783691 584.697266
0 1568501643 695.861023 486.591736
0 1438989625 721.210876 547.584534
0 1568505649 710.967346 433.124695
0 1568506650 679.472961 544.595398
0 1568505648 762.987488 550.576416
0 1568497640 634.094727 427.716309
0 1578511665 625.166931 453.786133
0 1578529688 841.543762 587.774536
0 1708834178 742.815002 462.098114
0 1568499641 942.374451 449.405334
0 1578525682 851.557373 526.661377
0 1438996635 655.850769 483.752594
0 1438999639 916.692444 350.212738
0 1578523680 933.640747 532.512390
0 1578530689 877.152344 370.455627
0 1568508653 809.327515 342.774811
0 1608354172 713.384949 578.551392
0 1706512175 986.675049 378.070923
0 1438986622 972.452637 565.577637
0 1438987623 804.802856 553.571106
0 1578521678 804.284546 365.389008
0 2084722944 810.571655 523.739868
0 1578522679 869.276245 418.523193
0 1774531078 840.703674 367.921295
0 1525674169 907.153137 421.177216
0 1768901071 974.738403 535.441895
0 1578526684 860.770813 470.431885
0 1578513667 782.099304 464.873627
0 1438983618 735.906860 489.433380
0 1568502645 724.936584 383.682068
0 1568508652 775.988220 492.277588
0 1438984619 637.773682 541.609070
0 1659977623 804.525696 452.949951
0 1438982617 826.522583 441.254608
0 1771287074 695.203003 357.804382
0 2087111947 892.580383 529.585571
0 1578516671 642.680420 402.645599
0 1568513659 865.106873 443.969177
0 1578529687 731.534180 360.330566
0 1568501644 596.113037 538.625427
0 1438998637 773.595825 340.299408
0 1705773174 983.002258 426.491974
0 1568507651 952.537598 352.696014
0 1438999638 888.549927 559.568848
0 1438993630 976.930847 506.536499
0 1438995633 984.873291 401.824554
0 1568512658 947.647766 399.226379
0 1568514661 799.051575 388.854980
0 2079485312 804.522278 452.892212
0 1773608077 900.158020 473.214661
0 1438977615 672.514648 430.419342
0 1607644171 646.999939 512.080200
0 1568504647 930.481812 562.571838
0 1568500642 787.971252 438.542297
0 1568503646 650.943176 378.517639
0 1568516663 846.656982 556.568604
0 1578517672 927.185547 593.937866
0 1578527685 606.199585 509.171906
0 2086284946 831.431152 415.871368
0 1578518673 756.064087 581.622864
0 1438981616 981.057800 452.126953
0 1609135173 767.894653 362.858765
0 1568515662 737.892517 337.825989
0 1568516664 880.875793 347.731476
0 1438991628 845.087463 345.252167
0 1438996634 903.724121 446.686096
0 1578519675 670.746216 575.482849
0 1438993631 702.217346 335.354523
0 1772785076 884.344360 590.854736
0 1578528686 793.617798 413.221771
0 1772037075 913.630432 372.992004
0 1578515670 718.085876 407.929260
0 1578515669 585.589600 569.354431
0 0 922.354675 609.013733
0 1 945.945923 316.034668
0 2 962.486816 511.257935
0 3 1067.505981 589.989807
0 4 657.370239 655.549133
0 5 329.079590 790.827698
0 6 354.204041 691.585327
0 7 500.943420 727.319519
0 8 240.734283 578.763123
0 9 588.059937 376.686005
