0 1578512666 911.994446 715.760071
0 1707269176 918.720215 952.851929
0 1438989626 716.218384 695.400574
0 1438992629 790.604309 749.760925
0 1568509654 788.551208 780.499146
0 1578523681 724.903381 1003.205872
0 1578518674 917.607544 913.627686
0 1438985621 776.613037 959.228821
0 1438994632 953.398132 743.285522
0 1578520676 752.598267 721.986511
0 1568511657 955.229370 773.744568
0 1775370079 911.204590 687.916931
0 1568510655 951.650024 714.210999
0 1578521677 1002.690918 837.397522
0 1769859072 914.595459 807.447205
0 1578525683 832.451538 718.867249
0 1770636073 1005.923523 872.574158
0 1568511656 675.864258 1005.456238
0 1438985620 781.757324 882.213318
0 1707993177 1106.670532 944.417786
0 2088218948 826.787598 880.277039
0 1606348170 824.091919 957.098267
0 1438990627 957.149963 805.689331
0 1709860179 1065.864746 681.981079
0 1438988624 871.718994 878.344971
0 1578514668 1009.325989 909.600098
0 1438997636 786.397461 812.743042
0 1568514660 968.353516 992.034119
0 2085418945 1084.283325 800.437439
0 1568501643 963.518250 911.611572
0 1438989625 1050.462769 870.658936
0 1568505649 871.593384 915.648315
0 1568506650 1055.030762 907.593079
0 1568505648 1046.122559 835.567566
0 1568497640 871.320923 996.486877
0 1578511665 919.894897 994.257935
0 1578529688 1079.350830 768.714478
0 1708834178 916.551941 876.417114
0 1568499641 872.261719 717.312134
0 1578525682 996.687256 772.064392
0 1438996635 965.870605 950.736084
0 1438999639 708.719421 753.018066
0 1578523680 991.228760 712.664978
0 1578530689 746.668701 782.196472
0 1568508653 696.055786 850.317261
0 1608354172 1094.904785 868.747925
0 1706512175 755.364441 693.898132
0 1438986622 1027.309570 683.460815
0 1438987623 1041.993652 802.184448
0 1578521678 740.143005 848.459717
0 2084722944 999.616028 803.935120
0 1578522679 830.348267 778.805359
0 1774531078 743.485840 814.515686
0 1525674169 831.424438 748.137207
0 1768901071 988.681274 684.943359
0 1578526684 913.687073 775.428040
0 1578513667 915.549194 841.069092
0 1438983618 961.286682 874.493530
0 1568502645 779.253174 919.703125
0 1568508652 959.166626 839.231323
0 1438984619 1059.845337 946.519104
0 1659977623 893.492554 824.950439
0 1438982617 871.952026 809.208862
0 1771287074 729.023987 961.364319
0 2087111947 993.894653 741.674744
0 1578516671 822.631287 998.721252
0 1568513659 872.060181 777.114929
0 1578529687 732.926514 921.737488
0 1568501644 1064.926636 987.602478
0 1438998637 691.398804 886.098816
0 1705773174 833.432861 690.901855
0 1568507651 712.554626 723.550720
0 1438999638 1034.310791 740.067078
0 1438993630 949.979736 686.428711
0 1438995633 794.435852 692.398560
0 1568512658 792.563843 720.425354
0 1568514661 784.135681 846.606079
0 2079485312 893.489380 824.893616
0 1773608077 912.821106 744.899597
0 1438977615 871.460815 954.972656
0 1607644171 1012.912109 948.625183
0 1568504647 1030.730835 711.121948
0 1568500642 871.838440 842.910828
0 1568503646 773.825623 1000.960876
0 1568516663 1038.060913 770.387756
0 1578517672 1070.156372 709.581909
0 1578527685 1016.697327 989.815674
0 2086284946 829.219421 810.974121
0 1578518673 1089.461792 833.741516
0 1438981616 872.355713 689.407959
0 1609135173 736.627808 884.153992
0 1568515662 686.494995 923.776428
0 1568516664 704.700439 783.897217
0 1438991628 700.484192 816.292114
0 1438996634 872.163269 746.516724
0 1578519675 1100.633301 905.590515
0 1438993631 681.324280 963.504883
0 1772785076 1074.646973 738.462646
0 1578528686 828.033997 844.756470
0 1772037075 749.702820 751.387878
0 1578515670 825.475342 917.673401
0 1578515669 1113.041992 985.394531
0 0 1127.905029 602.999207
0 1 545.558716 596.534485
0 2 439.236725 635.163391
0 3 494.144257 715.996399
0 4 761.585571 1032.807373
0 6 626.860291 965.174500
0 7 629.025330 1078.048828
