0 1578512666 934.251282 349.827301
0 1524823287 1371.432373 281.310059
0 1478234209 471.687561 296.970520
0 1707269176 826.669373 307.965576
0 1438989626 1022.711243 325.071930
0 1524801259 1283.265137 313.257233
0 1438992629 962.312134 325.152283
0 1478227200 384.370422 332.039062
0 1524854327 1230.046631 296.839539
0 1478249229 331.154053 357.861389
0 1524807266 1377.574341 361.612274
0 1524863340 1417.260498 302.153290
0 1524831297 1398.291138 348.742310
0 1478229202 395.723633 338.253998
0 1568509654 946.487915 319.304810
0 1524790246 1407.951294 307.603394
0 1578523681 871.383667 281.073517
0 1478207175 330.945251 338.372192
0 1524861337 1319.055908 266.543610
0 1478210178 371.866516 308.248932
0 1524862338 1337.439575 348.884583
0 1478186149 393.715149 319.907410
0 1524797254 1418.177124 336.388489
0 1578518674 841.239197 313.634918
0 1438985621 871.328308 291.531219
0 1524857331 1344.187744 281.297150
0 1478203170 351.514679 314.053345
0 1438994632 902.676025 349.901093
0 1578520676 992.549072 325.112061
0 1478237213 562.297424 325.684418
0 1568511657 886.737610 343.587189
0 1775370079 950.754272 356.248840
0 1478195160 467.819641 280.882629
0 1568510655 918.908813 356.331726
0 1478257240 530.983582 325.726074
0 1578521677 839.958374 337.443481
0 1524794250 1299.539917 276.272614
0 1524812272 1275.951294 302.209259
0 1769859072 886.504150 331.248199
0 1578525683 963.995850 337.217163
0 1770636073 824.843445 331.345306
0 1524846317 1427.089600 313.134369
0 1524833300 1293.907104 307.674469
0 1568511656 885.458679 275.990723
0 1438985620 900.626770 302.357849
0 1478185148 449.365997 286.145721
0 1707993177 762.871521 331.442932
0 1478189152 543.484619 331.788452
0 1524791247 1389.131348 302.164459
0 1524830296 1398.462158 313.158783
0 2088218948 886.062927 307.928558
0 1524827292 1362.011719 286.384399
0 1606348170 856.728210 296.903992
0 1524855329 1279.872070 330.628601
0 1478183145 575.064697 331.738708
0 1438990627 871.085693 337.386658
0 1524840309 1326.648071 276.291046
0 1478222194 480.082642 331.888306
0 1709860179 887.495789 383.656891
0 1478188151 431.066711 357.601349
0 1438988624 871.211487 313.609314
0 1478243222 400.108582 378.308350
0 1524843313 1445.323730 302.142212
0 1524844315 1408.334839 342.502838
0 1524858333 1407.774902 291.556122
0 1524811271 1298.722412 336.606445
0 1524859334 1389.456543 286.391602
0 1478216186 518.704102 319.771149
0 1524851324 1282.473267 271.340332
0 1524814275 1254.292725 313.282013
0 1578514668 809.995850 325.354889
0 1478184146 511.824005 331.838318
0 1524829294 1379.541504 307.621094
0 1478176143 464.194061 357.515106
0 1524860336 1243.144531 318.981384
0 1478222193 386.144806 351.108795
0 1438997636 930.936951 313.558289
0 1478194158 504.672668 344.381409
0 1478201168 352.302612 332.089569
0 1478187150 441.567657 296.975739
0 1478205172 373.221436 325.935974
0 1524838306 1358.598145 336.497223
0 1568514660 796.864441 307.984131
0 1524865342 1207.659302 307.728180
0 2085418945 822.872620 356.581635
0 1524808268 1265.226318 307.692322
0 1478200167 425.080017 319.873230
0 1478194159 363.376373 338.313019
0 1568501643 825.773499 319.436401
0 1478239216 536.966064 344.314270
0 1524820283 1258.293091 296.834625
0 1438989625 808.751770 337.500427
0 1568505649 856.402100 307.947052
0 1478255237 478.934692 286.153442
0 1524804262 1225.250610 313.306824
0 1568506650 793.896545 331.394012
0 1478217187 513.429688 302.511108
0 1568505648 823.877197 343.717865
0 1568497640 827.532837 296.909088
0 1578511665 812.347656 302.392792
0 1478258241 433.477905 308.210541
0 1524796253 1349.637085 324.637024
0 1478206173 341.938232 344.719727
0 1524826291 1309.608521 330.581726
0 1578529688 838.574768 363.160400
0 1478233207 411.374817 296.980957
0 1708834178 856.063782 319.403381
0 1478189153 419.065796 351.031860
0 1568499641 949.277039 343.457153
0 1478245224 430.554565 291.510834
0 1524852325 1328.697632 336.551758
0 1478219190 412.427887 385.421692
0 1578525682 871.019104 349.975128
0 1478232206 409.780487 364.392029
0 1524818280 1304.346313 302.198029
0 1524850322 1367.903931 348.813354
0 1438996635 811.193542 313.660614
0 1524832299 1322.519775 307.656647
0 1478242220 402.710175 308.229706
0 1524789245 1464.569458 307.568115
0 1438999639 990.372070 313.507507
0 1478196161 464.169922 308.191406
0 1478252234 525.327942 308.153320
0 1524803261 1334.504150 286.377228
0 1478211179 354.021606 371.438934
0 1578523680 903.239563 362.974701
0 1578530689 960.690674 313.532867
0 1568508653 943.899292 296.888977
0 1524826290 1388.039795 355.110779
0 1524847319 1378.922974 324.598053
0 1524810270 1240.925171 291.548340
0 1524835302 1312.167969 313.232574
0 1524821284 1426.394775 296.805603
0 1524799257 1341.001587 313.207916
0 1478233208 460.167847 338.136414
0 1608354172 792.325867 343.783417
0 1524835303 1236.477173 307.710236
0 1478251232 490.238098 291.513580
0 1524812273 1272.414551 318.949493
0 1706512175 1008.901306 331.055389
0 1438986622 903.826050 376.581482
0 1478211180 404.933929 325.893768
0 1524823286 1398.540771 296.810394
0 1478223195 506.640259 313.920807
0 1478244223 436.566071 325.851715
0 1438987623 839.280151 350.049347
0 1478193157 427.987366 338.195129
0 1478198164 422.330719 302.547150
0 1524862339 1342.637939 296.820038
0 1478236212 517.310547 350.802155
0 1478240217 524.280518 338.019470
0 1478214183 362.271301 319.941681
0 1578521678 929.912354 302.346252
0 1524844314 1348.126221 342.628021
0 1524848320 1279.299316 286.362793
0 1524806265 1330.741943 318.885895
0 1524787243 1398.379150 330.441956
0 1478241219 451.900208 350.955078
0 1524799256 1301.613525 318.917633
0 1478190154 476.721436 364.199738
0 1478226198 439.833344 344.516205
0 1478208176 353.136841 351.186005
0 1478214184 549.756226 319.737305
0 2084722944 855.347656 343.652405
0 1578522679 932.000122 325.192627
0 1524825289 1455.648804 313.109924
0 1774531078 945.169922 307.891724
0 1525674169 947.855957 331.151520
0 1478197162 298.429962 338.431519
0 1524815276 1290.850464 324.715240
0 1768901071 919.805176 369.658173
0 1578526684 902.134216 337.330048
0 1478182144 382.694397 314.026733
0 1524853326 1357.324951 355.190704
0 1478218189 556.213257 337.961212
0 1578513667 871.149780 325.273560
0 1438983618 840.610901 325.314178
0 1478224196 492.265442 338.077881
0 1478247227 330.748230 319.976044
0 1524792248 1292.395020 266.514648
0 1524795252 1436.293823 307.585724
0 1524808267 1314.588623 296.824921
0 1478191155 443.295837 364.295746
0 1524856330 1427.823975 330.395569
0 1478236211 501.734802 296.965332
0 1478258242 287.919556 332.191010
0 1478212181 484.648315 350.878510
0 1478185147 499.590576 325.767853
0 1568502645 885.854248 296.899017
0 1568508652 855.712585 331.296661
0 1438984619 779.304260 325.395752
0 1659977623 886.390747 325.253296
0 1478209177 391.815918 302.559235
0 1438982617 901.612732 325.233002
0 1524805264 1289.512695 281.271301
0 1771287074 885.653015 286.259827
0 2087111947 886.980347 356.414795
0 1524817279 1317.908447 342.690826
0 1524795251 1368.861694 330.488434
0 1478230204 448.260071 331.938416
0 1478230203 320.152435 332.140198
0 1524847318 1352.415283 291.553528
0 1578516671 842.428467 291.529907
0 1568513659 917.218567 331.199768
0 1578529687 900.160156 291.532593
0 1524819282 1339.271606 330.535034
0 1478253235 472.295197 344.448700
0 1524836304 1351.064575 307.638824
0 1478243221 341.428314 325.978271
0 1568501644 764.967957 319.502686
0 1438998637 928.924255 291.533905
0 1524816278 1251.601807 286.355499
0 1705773174 980.427124 343.392395
0 1524845316 1446.554321 318.759644
0 1524842312 1437.281250 324.520416
0 1568507651 1006.401245 319.239502
0 1438999638 870.949829 363.067413
0 1478252233 537.434937 313.894501
0 1438993630 935.444336 362.882172
0 1478237214 388.026520 371.331909
0 1524857332 1336.238770 271.387909
0 1478248228 468.118164 325.809723
0 1478225197 434.333862 378.190979
0 1524859335 1388.787964 318.822632
0 1524832298 1359.800049 318.854218
0 1478200166 390.025574 392.816223
0 1478250231 483.137329 302.523071
0 1478245225 376.174866 364.488556
0 1438995633 994.809509 337.160950
0 1524804263 1324.639404 291.552246
0 1524839308 1369.766235 313.183350
0 1524849321 1247.489258 302.220520
0 1568512658 978.416870 331.103424
0 1568514661 915.652161 307.910095
0 1478231205 460.432098 291.512207
0 1773608077 918.047363 343.522095
0 1438977615 841.844666 302.381104
0 1524834301 1316.881226 281.284241
0 1607644171 795.408325 319.469513
0 1524800258 1417.706055 318.791107
0 1568504647 887.232849 369.760712
0 1568500642 886.279419 319.370422
0 1478256239 456.366333 319.839111
0 1524815277 1262.081665 281.258331
0 1568503646 857.042786 286.252319
0 1478220191 364.547058 357.774445
0 1478207174 413.796509 314.000153
0 1524841311 1353.695435 276.309448
0 1478213182 397.851135 357.687775
0 1524813274 1296.799316 291.550964
0 1568516663 854.968384 356.498108
0 1578517672 870.877686 376.694397
0 1578527685 781.074280 313.686340
0 1478240218 475.769165 313.947205
0 1478215185 421.939148 371.225189
0 1524838307 1272.370483 276.254089
0 1478197163 444.821350 313.973633
0 1478221192 494.786499 308.172363
0 1524819281 1408.137573 324.559204
0 2086284946 916.420715 319.337585
0 1524824288 1261.348999 324.754456
0 1524802260 1302.140503 261.774628
0 1478226199 416.356140 331.988708
0 1578518673 807.458923 350.123749
0 1438981616 965.745300 349.753662
0 1478238215 455.759827 371.118744
0 1609135173 914.911194 296.893951
0 1524837305 1309.385986 271.364166
0 1524793249 1286.473755 296.829773
0 1568515662 914.196533 286.267273
0 1568516664 974.616638 307.873383
0 1438991628 959.127930 302.334686
0 1478249230 497.233551 357.429108
0 1438996634 933.104126 337.273529
0 1578519675 777.465820 337.557495
0 1524829295 1380.127075 291.554810
0 1524864341 1306.933350 286.369995
0 1478255238 365.789276 378.425995
0 1438993631 899.709961 281.086945
0 1524788244 1268.894653 291.549652
0 1772785076 854.573669 369.863495
0 1524828293 1320.279541 324.676056
0 1478203171 342.478668 364.585327
0 1524798255 1388.424683 336.442810
0 1478199165 407.286804 344.583862
0 1578528686 901.110657 313.583771
0 1478192156 374.655182 344.651672
0 1478228201 452.771088 302.535126
0 1772037075 976.481323 319.272095
0 1578515670 871.270996 302.369446
0 1524851323 1332.674561 302.186798
0 1478218188 320.041565 351.263367
0 1478202169 487.574219 319.805084
0 1478254236 309.135468 344.787903
0 1478246226 377.788330 385.550354
0 1524809269 1370.621948 296.815216
0 1524822285 1378.268311 342.565338
0 1524841310 1218.959961 302.231781
0 1478235210 309.554260 326.020660
0 1578515669 748.535889 325.436676
0 1524854328 1360.936035 302.175598
0 0 681.339478 222.487823
0 1 1016.326660 196.249786
0 2 1204.493652 271.831360
0 3 891.023376 155.889511
0 4 944.896667 186.326538
0 5 392.574219 304.852936
0 6 957.030945 155.336304
0 7 722.327454 180.243881
0 8 684.539307 192.245880
0 9 590.656311 364.438354
0 10 813.424194 156.551407
0 11 340.684174 357.690582
0 12 607.813232 222.967270
0 13 514.666504 268.664673
0 14 1349.473633 269.140594
0 15 1097.522705 358.643677
0 16 734.294861 210.559418
0 17 1307.091064 365.292023
0 18 636.230713 233.567123
0 19 1213.461670 295.106445
0 20 1046.477783 494.154083
0 21 637.378235 186.037888
0 22 983.315186 520.742615
0 23 741.805603 194.053650
0 24 315.546051 318.054535
0 25 1079.520264 333.071228
0 26 932.330444 398.294647
0 27 506.539551 505.253143
0 28 1157.214111 445.706604
0 29 743.390869 158.758194
0 30 975.490479 200.872009
0 31 571.713013 253.051071
0 32 863.206360 419.954803
0 33 783.368103 392.369965
0 34 1024.785889 400.220520
0 35 392.437073 431.804047
0 36 1128.025635 318.978912
0 37 691.764832 360.953033
0 38 1275.045288 402.331818
0 39 943.531616 421.929504
