0 1578512666 950.186340 530.831787
0 1524823287 441.888580 444.536713
0 1478234209 1411.200562 846.845459
0 1707269176 965.733948 619.694763
0 1438989626 823.108521 523.007812
0 1524801259 597.955261 449.901581
0 1438992629 874.824585 544.353271
0 1478227200 1570.394409 815.767578
0 1524854327 587.304321 477.511353
0 1478249229 1653.438232 789.569031
0 1524807266 658.647827 400.576782
0 1524863340 480.085327 419.171234
0 1524831297 616.684204 401.351929
0 1478229202 1553.699707 793.906982
0 1568509654 875.580383 556.254395
0 1524790246 502.005493 418.747101
0 1578523681 851.326172 638.121765
0 1478207175 1657.496094 835.436462
0 1524861337 424.189697 471.748535
0 1478210178 1588.758301 889.670105
0 1524862338 653.918518 415.807861
0 1478186149 1552.845703 840.284119
0 1524797254 574.516235 402.130859
0 1578518674 963.270020 605.611816
0 1438985621 879.782104 622.421082
0 1524857331 459.460602 452.844910
0 1478203170 1625.448242 887.855957
0 1438994632 977.815918 541.558716
0 1578520676 848.577881 533.520142
0 1478237213 1306.974487 722.720154
0 1568511657 980.313843 553.339294
0 1775370079 948.252441 519.778564
0 1478195160 1402.804321 898.864624
0 1568510655 975.399963 530.164612
0 1478257240 1349.248657 740.168579
0 1578521677 1012.458252 577.353577
0 1524794250 472.165161 470.679199
0 1524812272 571.235596 459.338715
0 1769859072 956.389038 566.283447
0 1578525683 899.533630 532.171936
0 1770636073 1015.703857 590.384399
0 1524846317 506.502350 410.921051
0 1524833300 575.025513 450.388885
0 1568511656 821.832520 639.082886
0 1438985620 878.010742 594.526245
0 1478185148 1440.332886 897.009094
0 1707993177 1078.997681 616.102112
0 1478189152 1338.411621 721.507690
0 1524791247 497.382019 426.793427
0 1524830296 523.870728 418.324066
0 2088218948 905.728394 593.692505
0 1524827292 464.841064 444.060303
0 1606348170 908.529358 621.509216
0 1524855329 646.315552 440.293610
0 1478183145 1297.206055 704.765015
0 1438990627 982.898010 565.526428
0 1524840309 453.919495 461.891876
0 1478222194 1425.705933 756.977417
0 1709860179 1047.057373 517.228943
0 1478188151 1507.848999 733.869446
0 1438988624 933.356079 592.861450
0 1478243222 1555.186523 713.147461
0 1524843313 463.220306 411.739288
0 1524844315 595.625854 401.740936
0 1524858333 452.855408 427.675262
0 1524811271 648.921570 431.900787
0 1524859334 447.450470 435.985352
0 1478216186 1360.558594 759.643188
0 1524851324 466.656616 480.265839
0 1524814275 617.722351 458.327026
0 1578514668 1019.067444 603.888550
0 1478184146 1381.213257 738.899048
0 1524829294 519.560425 426.354218
0 1478176143 1462.980347 716.703552
0 1524860336 640.872498 457.823181
0 1478222193 1570.419922 771.632996
0 1438997636 876.362366 568.568665
0 1478194158 1400.930542 719.096558
0 1478201168 1622.761597 837.045471
0 1478187150 1461.889526 869.568176
0 1478205172 1587.878418 838.661316
0 1524838306 610.785645 416.642395
0 1568514660 997.282593 633.365723
0 1524865342 635.098083 476.420166
0 2085418945 1061.930420 563.269531
0 1524808268 594.510132 458.832184
0 1478200167 1501.733154 818.848633
0 1478194159 1604.510376 814.236633
0 1568501643 991.214661 604.748779
0 1478239216 1358.715942 702.460571
0 1524820283 567.331665 468.558014
0 1438989625 1042.976074 589.564026
0 1568505649 935.233032 606.477783
0 1478255237 1388.769165 873.066589
0 1524804262 638.028564 466.982239
0 1568506650 1046.828857 603.031067
0 1478217187 1350.510864 802.744385
0 1568505648 1039.258301 576.568237
0 1568497640 939.200378 635.258362
0 1578511665 968.291138 634.310425
0 1478258241 1482.328003 843.550659
0 1524796253 585.758362 425.043182
0 1478206173 1638.484375 812.712097
0 1524826291 626.765442 432.349976
0 1578529688 1058.023926 551.176453
0 1478233207 1514.880981 893.322998
0 1708834178 960.894226 592.033081
0 1478189153 1522.472656 753.017761
0 1568499641 924.897705 531.500854
0 1478245224 1477.691406 895.161804
0 1524852325 629.611328 424.174683
0 1478219190 1540.546387 695.648376
0 1578525682 1006.296631 552.616150
0 1478232206 1539.205811 732.624084
0 1524818280 552.034973 450.877502
0 1524850322 635.071289 408.490601
0 1438996635 994.192444 618.792053
0 1524832299 556.052063 442.167145
0 1478242220 1534.366577 866.100525
0 1524789245 468.192322 404.094849
0 1438999639 822.858337 545.763306
0 1478196161 1432.493286 821.955688
0 1478252234 1338.897461 781.397827
0 1524803261 482.696503 452.351105
0 1478211179 1618.111328 749.104370
0 1578523680 1000.538757 529.499512
0 1578530689 849.194458 556.988770
0 1568508653 822.449890 582.921753
0 1524826290 637.691467 400.963867
0 1524847319 567.436890 417.481110
0 1524810270 563.308289 478.059204
0 1524835302 578.706177 441.696930
0 1524821284 458.109955 419.596436
0 1524799257 559.954956 433.704468
0 1478233208 1458.088135 755.652344
0 1608354172 1070.160645 588.746277
0 1524835303 614.526978 467.506073
0 1478251232 1375.405762 848.503540
0 1524812273 620.824585 449.415558
0 1706512175 848.284607 522.358215
0 1438986622 1022.464050 517.863586
0 1478211180 1536.135742 817.304932
0 1524823286 475.147095 427.233795
0 1478223195 1372.372437 779.985962
0 1478244223 1486.525513 796.828613
0 1438987623 1035.668335 564.019531
0 1478193157 1504.932373 774.395020
0 1478198164 1498.208008 867.830505
0 1524862339 510.565979 443.111237
0 1478236212 1389.300659 701.314697
0 1478240217 1369.730103 720.299866
0 1478214183 1606.208740 862.663330
0 1578521678 849.854736 582.118713
0 1524844314 632.378967 416.224640
0 1524848320 519.878418 469.615692
0 1524806265 582.282288 433.251801
0 1524787243 571.024841 409.701324
0 1478241219 1476.372192 735.119629
0 1524799256 601.301331 441.227936
0 1478190154 1450.132568 699.035645
0 1478226198 1490.343384 754.332520
0 1478208176 1620.327271 791.009216
0 1478214184 1317.160522 741.443054
0 2084722944 1009.324402 564.771851
0 1578522679 901.884888 555.522217
0 1524825289 489.561188 403.700104
0 1774531078 849.518921 569.335205
0 1525674169 900.689575 543.651489
0 1478197162 1712.799194 857.563538
0 1524815276 623.837708 440.760162
0 1768901071 997.799011 518.500000
0 1578526684 954.251221 554.064758
0 1478182144 1570.366455 864.378113
0 1524853326 656.315247 408.088959
0 1478218189 1328.017944 703.610657
0 1578513667 958.602051 578.931824
0 1438983618 988.343384 591.207397
0 1478224196 1413.055054 737.634338
0 1478247227 1661.973877 886.049988
0 1524792248 442.325439 480.821350
0 1524795252 484.888245 411.329681
0 1524808267 528.983459 451.367401
0 1478191155 1493.830811 715.513733
0 1524856330 553.355164 402.521729
0 1478236211 1362.667358 825.089050
0 1478258242 1734.536377 882.462036
0 1478212181 1432.013794 717.897766
0 1478185147 1393.196411 758.307678
0 1568502645 878.880188 608.218201
0 1568508652 985.572876 578.141479
0 1438984619 1050.823853 616.995728
0 1659977623 944.085266 572.940186
0 1478209177 1551.902954 891.492432
0 1438982617 929.797058 567.042786
0 1524805264 496.054413 470.146759
0 1771287074 850.937683 623.335999
0 2087111947 1003.369812 540.865356
0 1524817279 651.454895 423.742065
0 1524795251 589.138367 417.061249
0 1478230204 1471.991821 775.784302
0 1478230203 1677.424072 859.256042
0 1524847318 487.733459 443.585144
0 1578516671 910.009583 636.209534
0 1568513659 928.108337 554.792358
0 1578529687 850.563477 609.092773
0 1524819282 607.712646 424.608368
0 1478253235 1444.774414 736.374573
0 1524836304 537.570007 434.158264
0 1478243221 1641.894165 860.955933
0 1568501644 1054.969116 631.485962
0 1438998637 822.303894 596.201965
0 1524816278 539.245850 478.608551
0 1705773174 898.415222 521.064575
0 1524845316 510.877747 403.306335
0 1524842312 532.142456 402.913574
0 1568507651 822.985474 534.197266
0 1438999638 1028.846680 540.174072
0 1478252233 1327.791626 760.984009
0 1438993630 973.061951 519.138367
0 1478237214 1570.443115 731.383423
0 1524857332 430.265747 462.406677
0 1478248228 1438.918701 777.179260
0 1478225197 1510.518799 696.773254
0 1524859335 545.681091 417.902069
0 1524832298 563.748352 425.479095
0 1478200166 1570.464355 694.527405
0 1478250231 1397.654053 823.519104
0 1478245225 1586.355957 750.403748
0 1438995633 873.386719 521.710449
0 1524804263 505.870697 451.858612
0 1524839308 541.682434 425.916077
0 1524849321 590.961426 468.031311
0 1568512658 874.093811 532.845032
0 1568514661 877.171997 581.318115
0 1478231205 1425.410278 871.313416
0 1773608077 952.184875 542.254211
0 1438977615 937.179810 620.600464
0 1524834301 477.509369 461.378510
0 1607644171 1022.555481 617.892395
0 1524800258 528.063110 410.513489
0 1568504647 1025.603149 528.836365
0 1568500642 931.545227 579.724731
0 1478256239 1452.731567 798.298462
0 1524815277 515.116516 479.159454
0 1568503646 880.718384 637.164062
0 1478220191 1602.968262 770.260193
0 1478207174 1517.662720 841.913879
0 1524841311 436.162781 453.340057
0 1478213182 1554.476562 751.708252
0 1524813274 524.498657 460.355865
0 1568516663 1032.199829 551.895142
0 1578517672 1050.593506 528.175171
0 1578527685 1026.175171 632.424194
0 1478240218 1418.798218 799.774353
0 1478215185 1524.566040 714.328369
0 1524838307 490.920227 479.711884
0 1478197163 1467.186035 820.398865
0 1478221192 1384.725098 801.256287
0 1524819281 549.570435 410.106903
0 2086284946 903.121582 567.804504
0 1524824288 643.633606 448.930817
0 1524802260 417.926331 481.378387
0 1478226199 1520.181274 795.364868
0 1578518673 1065.973633 575.785339
0 1438981616 923.370361 520.420654
0 1478238215 1480.381104 697.902344
0 1609135173 850.202759 595.362732
0 1524837305 448.210358 471.213165
0 1524793249 547.898560 459.846619
0 1568515662 822.152527 609.970276
0 1568516664 822.726868 557.725403
0 1438991628 822.590820 570.104187
0 1478249230 1419.772583 700.173096
0 1438996634 926.476196 542.951782
0 1578519675 1074.499146 602.176575
0 1524829295 470.067749 435.526825
0 1524864341 501.035675 460.866486
0 1478255238 1601.561646 730.147461
0 1438993631 821.995544 624.254028
0 1524788244 543.637390 469.086151
0 1772785076 1054.247070 539.484863
0 1524828293 604.552490 432.800323
0 1478203171 1635.387207 768.892883
0 1524798255 592.426270 409.296753
0 1478199165 1537.741577 773.011292
0 1578528686 904.402039 580.520203
0 1478192156 1587.081421 792.455139
0 1478228201 1446.841064 845.194458
0 1772037075 848.881042 545.057251
0 1578515670 907.103210 607.346558
0 1524851323 533.338745 442.638580
0 1478218188 1672.317383 811.193909
0 1478202169 1405.712646 778.579773
0 1478254236 1692.083008 833.834351
0 1478246226 1585.692871 711.970886
0 1524809269 492.626678 435.069427
0 1524822285 613.775024 408.893158
0 1524841310 611.234131 476.964966
0 1478235210 1698.336060 884.251953
0 1578515669 1083.665283 630.550903
0 1524854328 515.127319 434.613281
0 0 1720.416870 525.953796
0 1 1814.241699 554.501709
0 2 1810.058960 473.709351
0 4 1800.654541 528.211426
0 6 1142.145020 378.544983
0 7 1167.699219 357.485474
0 8 677.663513 381.611481
0 9 788.422974 354.903595
0 10 1076.933838 362.911804
0 11 1681.388306 438.326477
0 12 367.593079 442.399750
0 13 1125.014648 361.136566
0 16 1373.432739 372.940521
0 17 193.761337 588.289917
0 19 1872.383545 512.350586
0 20 1880.770386 492.087799
0 21 215.664062 518.487305
0 23 717.088257 639.920898
0 25 703.635559 682.350403
0 26 645.613464 601.312927
0 27 773.162781 465.775085
0 28 1289.477173 756.593079
0 29 713.640930 602.501526
0 30 1719.685913 815.122131
0 31 1028.202881 728.511780
0 33 633.554016 643.734741
0 37 1846.649292 864.690063
0 53 333.298706 481.552155
0 100 1045.831543 385.053925
0 104 98.591827 413.511200
0 105 281.009064 398.793457
0 110 322.531891 1070.386353
0 118 126.785843 340.742584
0 131 1284.817871 357.516296
0 132 1528.124634 376.662903
0 138 1625.225830 443.081604
0 139 107.541069 277.825928
0 141 352.097839 293.986572
0 142 461.681061 345.901825
0 145 154.460892 288.857147
