0 1578512666 1049.620239 697.882202
0 1707269176 1227.766235 771.438293
0 1438989626 924.655640 756.295654
0 1438992629 1013.566467 749.002197
0 1568509654 1037.719727 759.958984
0 1578523681 1178.931030 851.002075
0 1578518674 1200.006104 759.976135
0 1438985621 1170.158203 820.038086
0 1438994632 1091.608398 694.437927
0 1578520676 969.111084 752.648926
0 1568511657 1115.500244 704.010498
0 1775370079 1026.956787 688.524597
0 1568510655 1068.370361 685.127441
0 1578521677 1183.260254 710.313599
0 1769859072 1121.547607 727.580933
0 1578525683 1010.514587 724.484070
0 1770636073 1209.170654 720.393066
0 1568511656 1157.926514 869.371460
0 1438985620 1114.702637 794.881348
0 1707993177 1296.793213 713.205383
0 2088218948 1134.757568 779.067993
0 1606348170 1189.969727 803.324463
0 1438990627 1140.073975 713.856201
0 1709860179 1099.241089 640.638672
0 1438988624 1154.205444 763.733276
0 1578514668 1235.842041 730.768738
0 1438997636 1062.604004 771.247437
0 1568514660 1274.270386 767.623413
0 2085418945 1192.610718 674.936035
0 1568501643 1218.191162 745.154663
0 1438989625 1226.446533 706.771057
0 1568505649 1181.261963 775.253113
0 1568506650 1252.981934 716.799194
0 1568505648 1200.657715 697.025024
0 1568497640 1237.948486 799.388611
0 1578511665 1256.392944 783.258179
0 1578529688 1168.322998 666.014404
0 1708834178 1173.073486 748.855713
0 1568499641 1030.342529 710.995972
0 1578525682 1133.596436 690.993652
0 1438996635 1245.806519 756.219055
0 1438999639 971.002136 778.761719
0 1578523680 1086.614258 672.716919
0 1578530689 1016.803101 775.004578
0 1568508653 1046.032593 815.132019
0 1608354172 1243.236206 693.532288
0 1706512175 946.300598 741.956482
0 1438986622 1081.882690 652.138062
0 1438987623 1175.584351 687.549438
0 1578521678 1067.472290 798.755798
0 2084722944 1158.078979 700.517761
0 1578522679 1058.021729 745.355469
0 1774531078 1041.748291 786.697693
0 1525674169 1033.924316 734.768677
0 1768901071 1064.061768 663.943726
0 1578526684 1096.887573 717.398865
0 1578513667 1146.932129 738.062073
0 1438983618 1191.387207 734.415405
0 1568502645 1141.990845 807.260254
0 1568508652 1165.359131 723.986938
0 1438984619 1280.296875 727.122009
0 1659977623 1124.704590 739.885437
0 1438982617 1102.477051 741.708801
0 1771287074 1149.697754 837.299011
0 2087111947 1109.783813 681.730286
0 1578516671 1218.909912 816.038818
0 1568513659 1077.735962 731.174805
0 1578529687 1121.406250 824.037292
0 1568501644 1308.426392 737.752563
0 1438998637 1072.654297 828.036560
0 1705773174 987.763489 714.488770
0 1568507651 947.483398 767.361267
0 1438999638 1127.468628 669.365662
0 1438993630 1045.759766 676.068298
0 1438995633 967.327881 728.026672
0 1568512658 990.112488 738.362610
0 1568514661 1088.253052 782.882812
0 2079485312 1124.703125 739.832581
0 1773608077 1072.921387 707.503235
0 1438977615 1209.162964 787.132507
0 1607644171 1263.308838 741.453613
0 1568504647 1104.372070 660.637146
0 1568500642 1127.955688 752.556885
0 1568503646 1199.247803 833.234192
0 1568516663 1151.197266 678.333191
0 1578517672 1121.662964 648.874878
0 1578527685 1291.606812 752.461975
0 2086284946 1082.837646 756.257935
0 1578518673 1217.572266 684.105164
0 1438981616 1007.632019 701.326538
0 1609135173 1094.011719 811.196106
0 1568515662 1100.147583 841.363708
0 1568516664 995.243652 790.512573
0 1438991628 1020.241821 802.630188
0 1438996634 1053.701172 720.941406
0 1578519675 1269.632568 703.228455
0 1438993631 1128.556152 855.134521
0 1772785076 1144.682251 657.330505
0 1578528686 1108.404785 767.490356
0 1772037075 992.601562 763.660095
0 1578515670 1161.932861 791.006958
0 1578515669 1324.751709 723.475342
0 0 1118.163940 572.329102
0 1 1186.561646 547.605713
0 2 1035.098145 577.635010
0 3 776.334717 704.792358
0 4 1370.295166 879.455444
0 5 1519.884399 628.469666
0 6 1313.219727 808.876160
0 7 1075.482178 824.578979
0 8 1306.786133 624.265076
0 9 1547.182739 726.731628
