0 1578512666 1023.000305 651.070435
0 1707269176 1197.824707 727.417419
0 1438989626 897.074036 706.573486
0 1438992629 985.824829 701.075745
0 1568509654 1009.581665 712.401672
0 1578523681 1147.196533 804.955627
0 1578518674 1170.669678 715.558655
0 1438985621 1139.390869 774.287292
0 1438994632 1064.877319 648.495850
0 1578520676 941.468628 703.823486
0 1568511657 1088.378174 658.475952
0 1775370079 1000.663513 641.315796
0 1568510655 1041.996948 638.779114
0 1578521677 1155.497437 666.078735
0 1769859072 1093.747192 681.966064
0 1578525683 983.390686 676.698792
0 1770636073 1180.905029 676.577576
0 1568511656 1125.903076 822.653137
0 1438985620 1085.129761 748.418701
0 1707993177 1267.914673 671.198242
0 2088218948 1105.451660 733.175232
0 1606348170 1159.480103 758.173645
0 1438990627 1112.525024 668.730469
0 1709860179 1073.909546 595.173218
0 1438988624 1125.163818 718.389099
0 1578514668 1207.030518 687.372986
0 1438997636 1034.030640 724.057556
0 1568514660 1243.948730 724.542419
0 2085418945 1165.797119 631.181335
0 1568501643 1189.118774 701.257629
0 1438989625 1198.433716 663.429321
0 1568505649 1151.659180 730.294983
0 1568506650 1224.428345 673.886780
0 1568505648 1173.143311 653.255188
0 1568497640 1207.068848 755.194153
0 1578511665 1225.793457 739.631592
0 1578529688 1141.928589 621.827942
0 1708834178 1144.293457 704.039978
0 1568499641 1003.472351 663.705444
0 1578525682 1106.720215 645.923279
0 1438996635 1216.135010 712.730713
0 1438999639 942.734680 729.736145
0 1578523680 1060.483643 626.817688
0 1578530689 988.402954 726.895569
0 1568508653 1016.447510 767.128906
0 1608354172 1215.473267 650.648010
0 1706512175 918.984558 692.770691
0 1438986622 1056.316162 606.256470
0 1438987623 1148.528931 643.352966
0 1578521678 1038.155762 751.353149
0 2084722944 1130.778320 655.864502
0 1578522679 1030.142578 698.330444
0 1774531078 1012.911438 738.943542
0 1525674169 1006.440491 687.363770
0 1768901071 1038.256836 617.633240
0 1578526684 1069.516357 671.384338
0 1578513667 1118.663086 692.846985
0 1438983618 1162.865845 690.108826
0 1568502645 1111.847046 761.155945
0 1568508652 1137.344727 679.270630
0 1438984619 1251.156982 684.639526
0 1659977623 1096.547241 694.216980
0 1438982617 1074.421875 695.587524
0 1771287074 1118.650757 790.923035
0 2087111947 1083.296875 636.244507
0 1578516671 1187.747559 771.252686
0 1568513659 1050.112549 684.663757
0 1578529687 1090.988525 777.324768
0 1568501644 1278.651245 695.700256
0 1438998637 1042.540283 780.365173
0 1705773174 960.966553 666.323425
0 1568507651 919.576294 717.988342
0 1438999638 1101.222290 624.321838
0 1438993630 1019.712524 629.315491
0 1438995633 940.273376 679.359497
0 1568512658 962.731140 690.066040
0 1568514661 1059.202515 736.058044
0 2079485312 1096.547241 694.164612
0 1773608077 1045.942993 661.089661
0 1438977615 1178.948608 742.557922
0 1607644171 1233.904663 698.477722
0 1568504647 1078.480835 615.173096
0 1568500642 1099.428955 706.824707
0 1568503646 1167.800293 787.831299
0 1568516663 1124.563599 633.711853
0 1578517672 1096.007568 603.832825
0 1578527685 1261.559814 709.905273
0 2086284946 1054.525024 709.611938
0 1578518673 1190.303345 640.784668
0 1438981616 981.088806 653.647095
0 1609135173 1064.169556 764.141052
0 1568515662 1069.453857 794.017761
0 1568516664 966.578491 741.831543
0 1438991628 991.138550 754.290222
0 1438996634 1026.471680 674.040466
0 1578519675 1241.333984 660.782104
0 1438993631 1097.227417 808.106689
0 1772785076 1118.673096 612.714783
0 1578528686 1079.617554 721.222107
0 1772037075 964.598694 715.193787
0 1578515670 1132.060791 745.487000
0 1578515669 1295.245361 681.908447
0 0 780.202026 747.460632
0 1 769.772583 675.406372
0 2 930.252502 703.690979
0 3 1025.155029 505.680603
0 4 1190.449951 783.983154
0 5 1469.043335 582.742859
0 6 1529.624146 609.145996
0 7 1311.284424 647.438293
0 8 1369.438965 625.131775
0 9 1194.166138 936.948486
