0 1578512666 984.626221 696.621338
0 1524823287 1093.763916 483.903320
0 1478234209 324.253510 953.289062
0 1707269176 790.770386 713.561035
0 1438989626 985.707764 635.934937
0 1524801259 1111.850342 532.936157
0 1438992629 944.121338 662.312744
0 1524854327 1050.076294 537.215332
0 1524807266 1247.893311 539.554871
0 1524863340 1154.949951 486.578857
0 1524831297 1232.738770 524.562012
0 1478229202 360.307770 1078.914307
0 1568509654 918.183594 664.464966
0 1524790246 1160.850586 492.926147
0 1578523681 758.231506 665.760681
0 1524861337 1037.590088 487.459961
0 1478210178 192.216446 1070.407715
0 1524862338 1206.910645 542.473145
0 1478186149 281.863708 1059.652222
0 1524797254 1218.405396 510.381561
0 1578518674 819.000488 711.094238
0 1438985621 786.109558 675.424133
0 1524857331 1079.958862 491.385559
0 1438994632 962.241882 712.144287
0 1578520676 965.332825 648.858459
0 1478237213 560.245605 905.800842
0 1568511657 934.401611 714.621094
0 1775370079 1011.620544 694.262512
0 1478195160 255.421738 938.281799
0 1568510655 989.902588 709.683472
0 1478257240 518.804382 932.086487
0 1578521677 881.559265 733.559021
0 1524794250 1046.441406 500.351288
0 1524812272 1085.946289 526.910583
0 1769859072 902.607666 703.788391
0 1578525683 974.636536 671.890625
0 1770636073 852.628296 736.180420
0 1524846317 1179.619629 491.708008
0 1524833300 1106.164795 525.528748
0 1568511656 757.289246 654.276062
0 1438985620 839.421997 671.000427
0 1478185148 244.061996 962.028442
0 1707993177 797.871887 771.668518
0 1478189152 556.732605 927.953064
0 1524791247 1141.996948 494.149719
0 1524830296 1166.907471 499.441589
0 2088218948 841.872498 683.094910
0 1524827292 1098.832275 490.175842
0 1606348170 787.606689 687.674561
0 1524855329 1144.670898 546.905090
0 1478183145 596.946350 901.890076
0 1438990627 906.379944 717.114075
0 1524840309 1061.000977 492.600708
0 1478222194 468.960022 984.839172
0 1709860179 1036.051758 749.254944
0 1478188151 492.882202 1062.594238
0 1438988624 844.413086 695.634216
0 1524843313 1167.517090 479.233612
0 1524844315 1225.473755 517.374390
0 1524858333 1130.802246 481.558228
0 1524811271 1165.520508 545.420410
0 1524859334 1112.323853 482.728210
0 1478216186 480.554413 936.255127
0 1524851324 1027.068604 501.608551
0 1524814275 1096.927612 542.014526
0 1578514668 823.503174 738.819458
0 1478184146 514.142761 955.555908
0 1524829294 1147.817383 500.696289
0 1478176143 540.773071 1028.589111
0 1524860336 1102.658447 549.896667
0 1438997636 892.088684 666.630310
0 1478194158 549.163757 975.679810
0 1478187150 273.476562 982.396606
0 1524838306 1192.829956 527.326538
0 1568514660 763.487610 729.826477
0 1524865342 1060.223022 552.918396
0 2085418945 918.607300 760.306885
0 1524808268 1091.359131 534.355591
0 1478200167 336.258545 1025.870239
0 1568501643 821.208679 724.691345
0 1478239216 591.609558 946.916199
0 1524820283 1065.630371 528.299133
0 1438989625 855.584045 750.768921
0 1568505649 816.873718 697.998718
0 1478255237 294.652252 934.101501
0 1524804262 1081.493896 551.403748
0 1568506650 825.888977 753.510437
0 1478217187 410.378540 921.770081
0 1568505648 885.077332 748.046082
0 1568497640 761.268066 702.772949
0 1578511665 762.356873 716.043884
0 1478258241 304.179810 1003.657288
0 1524796253 1166.244385 521.422485
0 1524826291 1158.935547 537.660034
0 1578529688 948.271606 757.515320
0 1478233207 219.523117 1013.325134
0 1708834178 847.048889 708.643250
0 1478189153 449.118500 1067.981567
0 1568499641 979.541016 684.032166
0 1478245224 232.111542 987.009949
0 1524852325 1179.402832 536.222717
0 1578525682 938.846802 728.368164
0 1524818280 1100.635620 518.324829
0 1524850322 1220.038940 533.369019
0 1438996635 792.443359 727.250427
0 1524832299 1120.494995 516.985352
0 1478242220 249.988724 1035.964966
0 1524789245 1185.754395 478.078918
0 1438999639 935.981323 639.927795
0 1478196161 355.112701 973.291992
0 1478252234 448.312561 917.727966
0 1524803261 1084.923462 497.853790
0 1578523680 995.380920 723.245605
0 1578530689 914.479187 653.008850
0 1568508653 860.297668 646.004822
0 1524826290 1240.208984 531.952576
0 1524847319 1179.515991 513.004517
0 1524810270 1045.216431 529.694336
0 1524835302 1126.286987 524.153442
0 1524821284 1149.199829 480.393402
0 1524799257 1140.260986 515.652222
0 1478233208 462.698975 1011.074951
0 1608354172 858.659546 765.948181
0 1524835303 1076.053711 543.480408
0 1478251232 333.552460 929.956421
0 1524812273 1117.698730 540.555847
0 1706512175 990.535461 646.801575
0 1438986622 1029.587524 734.704651
0 1478211180 326.045349 1054.351440
0 1524823286 1136.327271 487.772522
0 1478223195 441.978577 940.459106
0 1478244223 378.795105 1020.892822
0 1438987623 914.370789 745.341614
0 1478193157 413.154999 1043.900269
0 1478198164 262.044678 1008.469116
0 1524862339 1109.374634 503.222961
0 1478236212 588.735840 971.160706
0 1478240217 553.043091 951.217407
0 1578521678 863.018372 657.208740
0 1524844314 1199.770386 534.792358
0 1524848320 1055.774536 513.944641
0 1524806265 1146.313232 522.784729
0 1524787243 1199.006104 511.689972
0 1478241219 498.632294 1033.645020
0 1524799256 1132.242310 531.523560
0 1478190154 582.522644 1023.580200
0 1478226198 456.094818 1038.748535
0 1478214184 523.242249 909.743774
0 2084722944 910.298157 730.954956
0 1578522679 922.020508 676.331055
0 1524825289 1191.948975 484.207367
0 1774531078 888.825378 655.102478
0 1525674169 948.409058 674.104065
0 1524815276 1138.367676 539.104370
0 1768901071 1023.369934 720.709473
0 1578526684 930.121399 701.384094
0 1478182144 237.256104 1065.004028
0 1524853326 1227.452515 541.010376
0 1478218189 594.343018 923.854187
0 1578513667 874.917358 706.208008
0 1438983618 849.785339 722.148987
0 1478224196 509.240051 980.239136
0 1524792248 1022.828979 495.047394
0 1524795252 1173.490479 485.390503
0 1524808267 1095.256348 511.316193
0 1478191155 536.226440 1057.258423
0 1524856330 1211.526123 503.575623
0 1478236211 372.126495 925.846130
0 1478212181 545.079285 1001.435303
0 1478185147 474.904022 959.932007
0 1568502645 812.847229 673.205566
0 1568508652 878.175171 719.623291
0 1438984619 795.990112 756.270752
0 1659977623 887.075439 698.496277
0 1478209177 206.244247 1041.083740
0 1438982617 898.973206 690.949707
0 1524805264 1051.045288 507.056671
0 1771287074 784.664917 663.603394
0 2087111947 967.207031 725.798401
0 1524817279 1186.266846 543.943115
0 1524795251 1186.081177 520.066711
0 1478230204 420.940094 1015.961365
0 1524847318 1104.034058 496.613525
0 1578516671 760.218994 689.985840
0 1568513659 925.997192 688.629456
0 1578529687 810.939575 661.458984
0 1524819282 1172.731323 528.718811
0 1478253235 504.076935 1006.233154
0 1524836304 1134.372192 508.712067
0 1568501644 765.885193 759.050049
0 1438998637 834.772827 648.054443
0 1524816278 1040.491211 522.381409
0 1705773174 1000.704224 669.690796
0 1524845316 1198.304810 490.495361
0 1524842312 1204.828247 496.949219
0 1568507651 960.916687 637.925537
0 1438999638 972.366699 739.987305
0 1478252233 485.932495 913.719360
0 1438993630 1017.385254 707.238464
0 1524857332 1056.397583 486.269196
0 1478248228 428.318909 989.480469
0 1524859335 1173.127075 506.132019
0 1524832298 1159.934448 514.325256
0 1478250231 363.832397 948.975708
0 1438995633 995.531250 658.046875
0 1524804263 1090.020752 504.494995
0 1524839308 1153.794312 507.419067
0 1524849321 1070.768066 535.781982
0 1568512658 969.903503 660.173401
0 1568514661 865.835327 668.808716
0 1478231205 284.331543 957.639771
0 1773608077 957.460449 698.995178
0 1438977615 789.159302 700.378296
0 1524834301 1065.726074 499.099701
0 1607644171 794.182007 741.476257
0 1524800258 1185.910889 498.192596
0 1568504647 1001.072937 737.337097
0 1568500642 871.779053 693.284546
0 1478256239 387.311890 994.163452
0 1524815277 1035.894775 515.268127
0 1568503646 759.207458 677.656433
0 1478207174 293.324951 1030.894043
0 1524841311 1075.122070 485.083649
0 1524813274 1075.561523 512.627380
0 1568516663 943.466614 742.655457
0 1578517672 1006.991699 751.989563
0 1578527685 764.662842 744.151062
0 1478240218 395.393555 968.799622
0 1524838307 1031.422241 508.346405
0 1478197163 345.933838 998.888916
0 1478221192 403.072632 944.699158
0 1524819281 1192.370850 504.850891
0 2086284946 895.469177 678.571777
0 1524824288 1123.717163 548.397156
0 1524802260 1018.699158 488.656067
0 1478226199 369.807159 1049.101074
0 1578518673 888.737305 763.117737
0 1438981616 1006.063965 681.754944
0 1478238215 579.157166 1051.973633
0 1609135173 837.056946 659.327515
0 1524837305 1041.957886 493.821320
0 1524793249 1080.682251 519.670593
0 1568515662 809.097412 650.116028
0 1568516664 910.900574 641.941650
0 1438991628 885.673096 643.967285
0 1478249230 585.710938 996.680908
0 1438996634 952.852600 686.323608
0 1578519675 828.371826 768.798401
0 1524829295 1117.621460 488.971497
0 1524864341 1070.577881 505.772858
0 1438993631 783.269958 652.189880
0 1524788244 1060.634399 521.022827
0 1772785076 977.732422 754.742981
0 1524828293 1152.535767 530.117798
0 1524798255 1205.823975 518.717407
0 1478199165 404.929047 1073.421387
0 1578528686 868.753662 680.826355
0 1478228201 314.475311 977.824158
0 1772037075 939.981262 650.927490
0 1578515670 814.824036 685.377563
0 1524851323 1114.859619 510.011108
0 1478202169 435.322449 964.346497
0 1524809269 1123.058350 495.378845
0 1524822285 1212.832275 525.940979
0 1524841310 1055.076538 544.953491
0 1578515669 767.157532 774.558838
0 1524854328 1128.639893 501.956726
0 0 792.012207 493.536072
0 1 256.052429 737.851501
0 2 491.408569 813.506836
0 3 849.555481 495.039551
0 4 876.570618 801.002319
0 5 478.830902 628.703613
0 6 1158.074341 458.014069
0 7 1129.170288 626.606873
0 8 1072.198730 537.956970
0 9 1567.399658 909.493347
0 10 1147.547729 662.274414
0 11 1186.908813 475.062073
0 12 1325.786255 584.711670
0 13 843.010986 478.512787
0 14 1361.925415 618.961975
0 15 1104.774292 502.918152
0 16 718.317566 498.345947
0 17 1516.517944 801.565369
0 18 326.879547 1043.961182
0 19 361.277863 690.925232
0 20 1445.016968 724.545166
0 21 993.293518 839.928162
0 22 1478.739014 694.909668
0 23 1218.035889 495.451569
0 24 338.590210 859.847656
0 25 447.789795 544.099243
0 26 411.038727 577.055969
0 27 387.942474 953.732727
0 29 421.644989 882.271973
0 30 566.826477 815.673401
0 31 546.461548 510.686523
0 32 1191.576904 618.506042
0 33 664.100220 527.885071
0 34 1137.580078 547.271057
0 35 513.557739 537.560303
0 36 415.977203 838.617737
0 37 1209.229980 650.778870
0 38 1498.876221 1060.962036
0 39 1165.749878 588.371338
