0 1578512666 934.443726 642.345947
0 1524823287 461.719910 519.099792
0 1478234209 1334.544922 1069.823730
0 1707269176 915.002808 744.979370
0 1438989626 804.593506 625.182312
0 1524801259 609.192810 532.755188
0 1438992629 849.530334 652.424011
0 1478227200 1544.304932 1049.387573
0 1524854327 587.085693 561.529480
0 1478249229 1659.854492 1025.189209
0 1524807266 689.306641 483.630768
0 1524863340 508.786652 494.608887
0 1524831297 647.827576 482.468781
0 1478229202 1531.120117 1018.513062
0 1568509654 845.435669 665.844055
0 1524790246 529.828613 495.214844
0 1578523681 785.929688 756.954041
0 1524861337 433.201172 546.554871
0 1524862338 678.345642 499.492035
0 1478186149 1513.143311 1079.602905
0 1524797254 606.515076 481.311432
0 1578518674 918.118530 728.530945
0 1438985621 822.426880 741.252319
0 1524857331 474.740143 528.652039
0 1438994632 959.600403 656.378601
0 1578520676 826.628296 638.540283
0 1478237213 1257.499878 899.744080
0 1568511657 957.553711 669.945496
0 1775370079 936.825928 629.769592
0 1568510655 961.572998 643.303589
0 1478257240 1300.817993 926.004578
0 1578521677 982.537781 699.783081
0 1524794250 479.079956 547.998169
0 1524812272 579.179138 541.339722
0 1769859072 926.749817 682.963928
0 1578525683 880.396240 640.438171
0 1770636073 980.823425 715.048218
0 1524846317 537.449036 487.288940
0 1524833300 586.661011 532.067566
0 1568511656 754.710571 755.671326
0 1438985620 832.177551 709.295654
0 1707993177 1039.731079 750.000854
0 1478189152 1295.073120 901.507019
0 1524791247 521.986328 503.371613
0 1524830296 550.914062 495.822113
0 2088218948 861.737244 710.439514
0 1524827292 483.634369 519.758728
0 1606348170 853.193970 742.490967
0 1524855329 660.661743 525.081604
0 1478183145 1252.946533 876.511353
0 1438990627 955.428528 684.032410
0 1524840309 465.571259 537.820068
0 1478222194 1386.398193 955.694336
0 1709860179 1043.833618 633.481873
0 1478188151 1495.613159 935.366638
0 1438988624 891.381348 711.586792
0 1478243222 1561.867920 914.024780
0 1524843313 495.986481 486.111359
0 1524844315 627.150513 481.889526
0 1524858333 479.351105 502.126251
0 1524811271 666.731873 516.297791
0 1524859334 470.665497 510.487915
0 1478216186 1306.861694 951.776184
0 1524851324 469.677246 557.777832
0 1524814275 624.977783 542.758667
0 1578514668 979.039185 730.935120
0 1478184146 1339.492920 927.863281
0 1524829294 543.370789 503.996246
0 1478176143 1446.709717 908.621643
0 1524860336 647.953979 543.470398
0 1478222193 1560.208008 991.403198
0 1438997636 841.184753 679.775635
0 1478194158 1370.621338 905.051636
0 1524838306 635.692383 498.263672
0 1568514660 943.451050 763.426514
0 1524865342 634.428711 563.042297
0 2085418945 1041.940308 687.255981
0 1524808268 602.052917 542.048340
0 1478200167 1456.866943 1044.730103
0 1478194159 1588.292603 1051.730713
0 1568501643 948.534363 729.731262
0 1478239216 1326.391602 879.877441
0 1524820283 571.461243 550.904419
0 1438989625 1010.808594 716.208618
0 1568505649 887.791199 727.334106
0 1524804262 641.298401 553.101440
0 1568506650 1009.633362 732.142456
0 1478217187 1278.206787 1005.397156
0 1568505648 1011.937744 700.899231
0 1568497640 880.155640 760.825684
0 1578511665 911.755249 762.124084
0 1478258241 1423.470215 1074.692871
0 1524796253 607.793823 505.877991
0 1478206173 1632.461182 1054.083374
0 1524826291 644.760620 515.646729
0 1578529688 1042.440430 673.050842
0 1708834178 921.110107 712.737244
0 1478189153 1506.827393 961.626953
0 1568499641 907.384888 641.390869
0 1524852325 650.968384 507.139130
0 1478219190 1549.817871 890.117432
0 1578525682 985.772766 670.977783
0 1478232206 1535.002197 937.259705
0 1524818280 564.178589 531.381470
0 1524850322 662.853760 490.850525
0 1438996635 946.045471 746.229126
0 1524832299 571.765564 522.408630
0 1524789245 503.956787 478.438385
0 1438999639 794.929565 650.462280
0 1478196161 1370.138916 1040.110352
0 1478252234 1272.616211 976.872131
0 1524803261 497.026398 529.332153
0 1478211179 1628.626221 967.627136
0 1578523680 988.772949 644.263672
0 1578530689 817.594055 664.825500
0 1568508653 779.029053 692.056641
0 1524826290 668.546204 483.049164
0 1524847319 593.215576 497.040344
0 1524810270 563.495850 560.775757
0 1524835302 593.917480 523.074707
0 1524821284 487.787933 494.004120
0 1524799257 579.127502 513.701904
0 1478233208 1426.390625 957.664490
0 1608354172 1040.880005 717.372375
0 1524835303 617.966492 552.367493
0 1478251232 1290.359619 1067.404419
0 1524812273 631.774170 533.444275
0 1706512175 830.905640 626.095093
0 1438986622 1016.978882 632.550171
0 1478211180 1500.496704 1047.054077
0 1524823286 500.646454 502.748291
0 1478223195 1313.228027 978.924133
0 1478244223 1446.147583 1014.106445
0 1438987623 1013.023438 686.178528
0 1478193157 1477.245239 987.211365
0 1524862339 527.604919 521.080872
0 1478236212 1363.305664 881.569275
0 1478240217 1332.780029 903.276184
0 1578521678 807.858643 693.151184
0 1524844314 656.996887 498.877197
0 1524848320 525.166199 549.447998
0 1524806265 600.958618 514.348755
0 1524787243 599.959717 489.064270
0 1478241219 1456.368408 933.480530
0 1524799256 616.117432 523.742249
0 1478190154 1437.520142 884.970642
0 1478226198 1466.533325 959.642029
0 1478208176 1616.771729 1022.954956
0 1478214184 1262.283691 924.152466
0 2084722944 984.186279 685.104004
0 1578522679 873.352051 666.865234
0 1524825289 524.386292 479.010681
0 1774531078 812.819031 678.718689
0 1525674169 876.938904 653.408752
0 1524815276 638.365479 524.411194
0 1768901071 990.192810 631.620972
0 1578526684 929.410828 668.915955
0 1524853326 683.904236 491.448395
0 1478218189 1289.605469 878.191406
0 1578513667 923.985046 697.560059
0 1438983618 950.924011 713.891113
0 1478224196 1378.309082 929.728882
0 1524792248 446.356781 557.032654
0 1524795252 516.696716 486.699554
0 1524808267 541.745483 530.696899
0 1478191155 1484.958252 910.416260
0 1524856330 585.921082 480.734528
0 1478236211 1284.112183 1035.528076
0 1478212181 1408.597656 906.833496
0 1478185147 1346.555542 953.731628
0 1568502645 827.400818 724.950867
0 1568508652 953.220276 698.670044
0 1438984619 1008.409180 748.739868
0 1659977623 910.933716 689.648071
0 1438982617 898.149841 681.898193
0 1524805264 502.097046 548.722290
0 1771287074 791.750854 740.017334
0 2087111947 987.300537 657.373840
0 1524817279 672.623901 507.771637
0 1524795251 614.432007 497.651367
0 1478230204 1436.003662 985.127563
0 1524847318 505.595917 520.419067
0 1578516671 848.651794 759.531311
0 1568513659 901.343689 667.889221
0 1578529687 797.336914 723.764404
0 1524819282 629.358459 506.507874
0 1478253235 1417.267334 931.601196
0 1524836304 557.342896 513.056335
0 1568501644 1007.132935 766.043152
0 1438998637 773.309814 707.017395
0 1524816278 539.960327 560.023682
0 1705773174 883.730896 627.927673
0 1524845316 544.856812 479.584167
0 1524842312 565.368347 480.158752
0 1568507651 799.848450 637.594971
0 1438999638 1015.074341 658.371765
0 1478252233 1267.315796 949.828064
0 1438993630 963.475220 630.694092
0 1478237214 1574.536621 939.159851
0 1524857332 443.000671 537.120789
0 1478248228 1394.920898 983.051819
0 1478225197 1512.254395 888.395752
0 1524859335 572.042969 496.430603
0 1524832298 586.274475 505.249420
0 1478200166 1587.513428 891.845032
0 1478250231 1327.038452 1037.814575
0 1478245225 1587.873047 965.619507
0 1438995633 857.284668 627.010254
0 1524804263 519.361511 530.013794
0 1524839308 564.800171 504.622162
0 1524849321 594.687500 551.635071
0 1568512658 853.477417 639.487976
0 1568514661 836.768677 694.248840
0 1773608077 931.973633 655.386047
0 1438977615 884.052429 743.733337
0 1524834301 488.191895 538.520874
0 1607644171 977.180786 747.482605
0 1524800258 558.243530 487.879517
0 1568504647 1016.043884 645.226318
0 1568500642 894.831543 696.453186
0 1478256239 1403.913208 1011.916199
0 1524815277 516.478821 559.273315
0 1568503646 817.243286 758.240723
0 1478220191 1601.931274 993.511353
0 1478207174 1468.212769 1077.142700
0 1524841311 452.502472 527.973389
0 1478213182 1547.273682 963.619446
0 1524813274 533.584351 539.927185
0 1568516663 1014.068176 672.012878
0 1578517672 1043.386108 646.191467
0 1578527685 975.243530 764.732849
0 1478240218 1361.845703 1009.734619
0 1478215185 1523.343994 912.217285
0 1524838307 493.051178 558.524780
0 1478197163 1413.414795 1042.415527
0 1478221192 1319.943848 1007.561584
0 1524819281 579.080383 488.471313
0 2086284946 869.628296 680.835449
0 1524824288 654.405396 534.134949
0 1524802260 423.089600 556.289185
0 1478226199 1488.549561 1016.305420
0 1578518673 1041.420532 702.018616
0 1438981616 910.244568 628.847473
0 1478238215 1474.822021 886.680237
0 1609135173 802.701904 708.154846
0 1524837305 456.114685 547.275696
0 1524793249 556.356323 540.632629
0 1568515662 767.360046 722.581421
0 1568516664 789.827148 663.809692
0 1438991628 784.530701 677.664734
0 1478249230 1400.348389 883.266968
0 1438996634 904.419861 654.396118
0 1578519675 1040.317261 733.353394
0 1524829295 492.265961 511.127991
0 1524864341 510.862885 539.223267
0 1478255238 1614.216919 941.066956
0 1438993631 761.165405 738.785950
0 1524788244 548.287537 550.175354
0 1772785076 1042.922119 659.372253
0 1524828293 622.836243 514.997070
0 1478203171 1643.817017 995.627686
0 1524798255 620.881653 489.658508
0 1478199165 1518.646362 989.303223
0 1578528686 865.759583 695.349487
0 1478192156 1573.860474 1020.729553
0 1478228201 1378.914795 1072.253174
0 1772037075 822.194031 651.441833
0 1578515670 857.552063 726.140747
0 1524851323 549.661377 521.744019
0 1478218188 1676.811646 1056.445801
0 1478202169 1353.996094 980.984009
0 1478246226 1600.530396 915.838806
0 1524809269 513.912231 511.769409
0 1524822285 641.846252 490.253876
0 1524841310 610.729858 562.285034
0 1578515669 1039.120117 767.357422
0 1524854328 535.604492 512.412231
0 0 1447.595825 882.341064
0 1 258.459961 840.152954
0 2 1233.595459 842.161194
0 3 1563.197144 594.176270
0 4 1205.045166 600.592285
0 5 463.642212 581.374451
0 6 1578.239136 634.196106
0 7 1191.591187 726.115967
0 8 893.020691 513.587158
0 9 895.524048 952.197388
0 10 1151.529785 576.011536
0 11 407.448181 942.293091
0 12 1712.115356 961.347778
0 13 178.206436 822.239868
0 14 1599.646484 930.590210
0 15 597.392517 506.291626
0 16 575.131287 458.776031
0 17 1421.197754 947.315308
0 18 472.354889 519.601562
0 19 1250.300415 1018.996765
0 20 1119.016235 966.455078
0 21 1276.061035 696.120544
0 22 1205.011963 940.962402
0 23 1608.324707 689.598572
0 24 360.895691 870.627197
0 26 528.869995 1037.953003
0 27 780.656860 922.457275
0 28 652.723267 927.324951
0 29 940.859192 1062.927002
0 30 930.534180 540.512085
0 31 285.094513 925.713135
0 32 1133.991455 526.181335
0 33 380.842560 1037.947754
0 34 787.302063 520.728821
0 35 537.469543 932.954773
0 36 369.406799 800.619629
0 37 993.638550 511.660797
0 38 1029.777832 926.623718
0 39 1063.200684 515.914551
