0 1578512666 940.827820 716.257629
0 1524823287 389.671021 800.233276
0 1478234209 1452.517334 762.629883
0 1707269176 1053.117188 755.869995
0 1438989626 846.466248 740.607605
0 1524801259 556.015747 757.398926
0 1438992629 909.033081 739.621582
0 1478227200 1481.474976 724.700073
0 1524854327 591.781250 776.228149
0 1478249229 1488.887695 702.222839
0 1524807266 530.243958 711.992676
0 1524863340 382.997009 772.910706
0 1524831297 491.302765 723.329895
0 1478229202 1460.467041 719.259033
0 1568509654 924.362244 745.415771
0 1524790246 405.721069 766.087708
0 1578523681 1007.764526 790.452881
0 1478207175 1521.587769 718.296631
0 1524861337 421.864868 822.109375
0 1478210178 1538.001465 748.217285
0 1524862338 551.267578 722.386475
0 1478186149 1493.313354 736.444824
0 1524797254 450.670319 735.159546
0 1578518674 1035.987915 749.827393
0 1438985621 1006.452698 776.444763
0 1524857331 424.033722 799.689514
0 1478203170 1547.346436 741.760681
0 1438994632 970.778870 715.786438
0 1578520676 877.750854 740.114624
0 1478237213 1315.487305 733.215759
0 1568511657 986.110352 721.076843
0 1775370079 926.130554 711.072876
0 1478195160 1487.867676 782.855957
0 1568510655 955.768433 710.606750
0 1478257240 1346.736328 732.723206
0 1578521677 1032.368896 726.000000
0 1524794250 469.704529 806.244751
0 1524812272 546.825623 770.323730
0 1769859072 986.847473 732.492065
0 1578525683 909.973816 727.927246
0 1770636073 1048.708252 731.517517
0 1524846317 395.901489 759.924744
0 1524833300 535.281128 764.042908
0 1568511656 991.076904 797.990234
0 1438985620 972.477295 763.602539
0 1478185148 1498.376343 775.595276
0 1707993177 1110.559692 730.543152
0 1478189152 1326.967285 727.134094
0 1524791247 415.767883 772.393250
0 1524830296 427.929291 759.419556
0 2088218948 988.422974 756.891113
0 1524827292 413.405548 792.754028
0 1606348170 1022.372681 769.425476
0 1524855329 584.527527 738.829834
0 1478183145 1296.058838 727.620972
0 1438990627 1001.773438 726.481750
0 1524840309 434.923004 806.795471
0 1478222194 1388.777222 726.160400
0 1709860179 984.077087 689.589783
0 1478188151 1400.082031 703.619385
0 1438988624 1004.007080 750.331909
0 1478243222 1400.781494 688.030457
0 1524843313 350.223511 773.428223
0 1524844315 471.204773 729.181152
0 1524858333 369.479889 786.513123
0 1524811271 573.200989 733.230164
0 1524859334 379.454376 793.290955
0 1478216186 1366.947266 738.437317
0 1524851324 481.296783 813.520264
0 1524814275 588.031189 756.893860
0 1578514668 1065.408813 737.157043
0 1478184146 1357.873413 726.647156
0 1524829294 438.114868 765.576416
0 1478176143 1370.475952 704.085022
0 1524860336 607.940552 750.405029
0 1478222193 1449.700928 708.251709
0 1438997636 940.037964 751.341003
0 1478194158 1349.188477 715.362244
0 1478201168 1512.369629 724.213379
0 1478187150 1485.586914 762.107422
0 1478205172 1502.947021 730.261353
0 1524838306 511.940186 734.194763
0 1568514660 1085.460449 755.359619
0 1524865342 632.424744 762.509705
0 2085418945 1044.669312 709.208740
0 1524808268 567.664917 763.531738
0 1478200167 1461.725342 736.942871
0 1478194159 1491.028564 718.777832
0 1568501643 1050.863281 743.421204
0 1478239216 1318.944092 715.838257
0 1524820283 558.640320 776.751709
0 1438989625 1062.961914 725.518250
0 1568505649 1020.771362 756.380554
0 1478255237 1464.513916 776.130798
0 1524804262 620.044128 756.388916
0 1568506650 1079.635132 731.030334
0 1478217187 1397.692261 756.888184
0 1568505648 1046.645508 720.124084
0 1568497640 1055.476685 768.902527
0 1578511665 1070.642456 762.052490
0 1478258241 1473.382935 749.237122
0 1524796253 502.179962 746.033691
0 1478206173 1500.377197 712.982666
0 1524826291 553.563721 739.317627
0 1578529688 1029.050171 704.151489
0 1478233207 1518.653809 761.585083
0 1708834178 1019.241699 743.919739
0 1478189153 1419.784424 708.722290
0 1568499641 925.566406 722.029846
0 1478245224 1508.635498 768.507019
0 1524852325 542.571716 733.712463
0 1478219190 1382.062988 683.340881
0 1578525682 1000.727661 715.315247
0 1478232206 1410.085815 698.161682
0 1524818280 514.065063 770.841064
0 1524850322 521.286194 722.858154
0 1438996635 1067.966431 749.322876
0 1524832299 502.894928 764.554016
0 1478242220 1505.693604 748.727173
0 1524789245 340.925842 767.110291
0 1438999639 876.058960 752.350220
0 1478196161 1441.070068 749.747131
0 1478252234 1376.436401 750.767212
0 1524803261 447.353882 792.217102
0 1478211179 1448.877930 692.360657
0 1578523680 970.398315 705.073486
0 1578530689 908.049744 751.845581
0 1568508653 923.045166 770.994690
0 1524826290 510.978058 717.601685
0 1524847319 470.867065 746.527161
0 1524810270 570.734924 783.331970
0 1524835302 523.997864 757.903992
0 1524821284 359.738953 779.894104
0 1524799257 491.977509 758.409119
0 1478233208 1399.337158 720.221619
0 1608354172 1076.909790 719.647766
0 1524835303 600.046082 763.020691
0 1478251232 1441.712891 769.564819
0 1524812273 576.285095 750.904114
0 1706512175 863.098267 734.441467
0 1438986622 970.033264 694.796387
0 1478211180 1471.709595 730.753601
0 1524823286 392.895782 779.370239
0 1478223195 1387.614624 744.280457
0 1478244223 1440.469849 731.245972
0 1438987623 1030.674316 714.844116
0 1478193157 1429.903198 719.740356
0 1478198164 1495.756836 755.339722
0 1524862339 459.201538 778.322754
0 1478236212 1330.022217 710.134521
0 1478240217 1338.198364 721.184265
0 1478214183 1524.898804 735.946777
0 1578521678 939.750305 764.119385
0 1524844314 531.815063 728.227234
0 1524848320 515.242249 791.143494
0 1524806265 512.966919 751.902527
0 1524787243 460.658234 740.781189
0 1478241219 1389.865967 709.192993
0 1524799256 544.627258 751.403320
0 1478190154 1351.487793 699.082825
0 1478226198 1409.670532 714.410339
0 1478208176 1479.615234 707.781067
0 1478214184 1335.349731 738.935547
0 2084722944 1016.378967 720.600464
0 1578522679 940.312927 739.128601
0 1524825289 363.871216 760.429993
0 1774531078 923.718811 757.912292
0 1525674169 924.977539 733.466675
0 1478197162 1552.144897 717.815430
0 1524815276 564.798767 745.046814
0 1768901071 955.700317 700.110168
0 1578526684 971.175842 726.963501
0 1478182144 1515.405029 742.264587
0 1524853326 540.645630 717.135071
0 1478218189 1307.625610 721.665710
0 1578513667 1002.865540 738.142700
0 1438983618 1034.138428 737.649902
0 1478224196 1368.768921 720.702881
0 1478247227 1556.481812 735.448792
0 1524792248 457.524475 821.544128
0 1524795252 373.324738 766.598938
0 1524808267 492.350403 777.799011
0 1478191155 1380.787842 698.622253
0 1524856330 429.685120 741.269104
0 1478236211 1419.445190 763.152405
0 1478258242 1574.151978 723.240112
0 1478212181 1359.945312 709.663757
0 1478185147 1377.983276 732.230774
0 1568502645 989.266235 769.948547
0 1568508652 1017.779053 732.004761
0 1438984619 1096.676758 736.664246
0 1659977623 987.228271 738.389221
0 1478209177 1528.439819 754.823608
0 1438982617 971.590454 738.635620
0 1524805264 492.750610 798.602173
0 1771287074 990.149780 783.632812
0 2087111947 985.404175 710.140686
0 1524817279 562.116882 727.750305
0 1524795251 491.629028 740.293274
0 1478230204 1419.678833 725.673523
0 1478230203 1543.261963 723.726685
0 1524847318 436.575745 785.452576
0 1578516671 1039.950439 775.915344
0 1568513659 955.913635 732.979370
0 1578529687 972.952209 776.974304
0 1524819282 522.597473 739.805481
0 1478253235 1379.430664 714.886230
0 1524836304 470.506195 765.065186
0 1478243221 1534.182129 729.769043
0 1568501644 1114.099365 742.424133
0 1438998637 939.448975 777.503845
0 1524816278 549.182251 790.606750
0 1705773174 895.291077 722.506348
0 1524845316 386.301605 753.899658
0 1524842312 408.234100 747.514343
0 1568507651 861.097229 746.413330
0 1438999638 999.725281 704.612488
0 1478252233 1355.660889 744.784546
0 1438993630 941.069214 705.534485
0 1478237214 1419.883667 692.816284
0 1524857332 410.866638 814.635925
0 1478248228 1409.227783 731.738403
0 1478225197 1372.078857 688.481323
0 1524859335 449.639069 752.901001
0 1524832298 481.304230 752.401733
0 1478200166 1391.847900 678.302979
0 1478250231 1430.382935 756.372009
0 1478245225 1439.381836 697.701172
0 1438995633 879.369385 728.409119
0 1524804263 470.119598 784.922424
0 1524839308 459.954620 758.914368
0 1524849321 579.583496 769.806519
0 1568512658 894.039062 733.954102
0 1568514661 956.072144 757.401733
0 1478231205 1475.175537 769.035889
0 1773608077 955.839478 721.553345
0 1438977615 1037.923340 762.569153
0 1524834301 458.393585 799.145813
0 1607644171 1082.482544 742.922607
0 1524800258 417.971558 753.400330
0 1568504647 984.727051 699.654114
0 1568500642 987.617554 744.418396
0 1478256239 1430.135132 737.440979
0 1524815277 527.104736 798.058533
0 1568503646 1024.051025 783.096741
0 1478220191 1459.287842 702.688354
0 1478207174 1483.461060 742.768494
0 1524841311 400.138641 807.346130
0 1478213182 1429.686035 703.153870
0 1524813274 503.660767 784.392212
0 1568516663 1015.037842 709.674744
0 1578517672 998.763794 694.345093
0 1578527685 1099.942261 748.818481
0 1478240218 1419.566040 743.776428
0 1478215185 1390.887451 693.271912
0 1524838307 504.483032 805.694153
0 1478197163 1451.514771 743.272400
0 1478221192 1408.754517 750.257141
0 1524819281 439.551758 747.020752
0 2086284946 955.991150 744.917053
0 1524824288 596.104614 744.553406
0 1524802260 433.143677 829.773438
0 1478226199 1450.578125 725.186829
0 1578518673 1060.618896 714.372986
0 1438981616 910.874634 716.728882
0 1478238215 1361.889282 693.727539
0 1609135173 956.156982 770.471619
0 1524837305 446.083221 814.078125
0 1524793249 525.496704 777.275330
0 1568515662 956.245850 784.169067
0 1568516664 891.362854 758.422974
0 1438991628 907.020752 764.636169
0 1478249230 1340.867676 704.550598
0 1438996634 940.575928 727.445435
0 1578519675 1093.552734 725.036560
0 1524829295 403.029144 785.982849
0 1524864341 481.299408 791.680298
0 1478255238 1429.482056 687.579651
0 1438993631 973.450256 790.995789
0 1524788244 537.199158 783.862122
0 1772785076 1013.751648 699.197998
0 1524828293 533.490540 745.540283
0 1478203171 1468.675537 697.240662
0 1524798255 481.306396 734.677124
0 1478199165 1439.908325 713.934326
0 1578528686 972.023743 750.836426
0 1478192156 1470.143799 713.458496
0 1478228201 1463.071167 755.855835
0 1772037075 892.730957 745.914551
0 1578515670 1005.201538 763.085876
0 1524851323 481.301880 771.358398
0 1478218188 1509.527344 707.310425
0 1478202169 1398.542236 737.939087
0 1478254236 1530.608276 712.506836
0 1478246226 1410.475952 682.894714
0 1524809269 426.050018 778.846497
0 1524822285 501.510986 728.704163
0 1524841310 612.338928 769.289307
0 1478235210 1565.414917 729.276794
0 1578515669 1127.942505 736.171509
0 1524854328 448.536224 771.875793
0 0 440.174469 698.066528
0 1 1174.838745 655.375671
0 2 1434.215454 741.851562
0 3 780.579712 616.876770
0 4 1155.813354 668.836914
0 5 551.264282 792.939941
0 6 881.163452 593.212280
0 7 829.960266 660.026123
0 8 783.879761 675.100708
0 9 1258.598999 807.694397
0 10 890.258484 639.774109
0 11 724.047180 891.822266
0 12 1264.056641 603.928833
0 13 512.364929 764.190491
0 14 1221.352417 590.038452
0 15 1359.245361 797.590698
0 16 501.371948 685.568054
0 17 1461.766113 644.635376
0 18 440.301300 720.617615
0 19 1459.903931 771.895203
0 20 1341.492065 755.727600
0 21 592.496582 724.369141
0 22 1368.412842 736.270081
0 23 1152.033447 592.617737
0 24 673.379272 861.903748
0 25 1393.792114 828.546814
0 26 1066.883301 978.192932
0 27 1051.920410 930.125427
0 28 1461.712769 687.097534
0 29 791.050842 651.873535
0 30 1263.285156 705.059082
0 31 466.214020 742.637329
0 32 1248.532104 966.378174
0 33 838.196655 865.994690
0 34 1351.444580 866.136169
0 35 832.678589 939.783142
0 36 1425.520874 806.132446
0 37 966.488770 938.823608
0 38 1471.529419 668.259644
0 39 1278.186523 920.400391
