0 1578512666 996.837280 570.691956
0 1524823287 1209.276001 354.619324
0 1478234209 300.881348 750.283813
0 1707269176 800.774719 569.356873
0 1438989626 1025.467651 507.848785
0 1524801259 1204.838989 408.994873
0 1438992629 971.822571 531.467834
0 1478227200 247.768219 867.504822
0 1524854327 1137.550293 408.917023
0 1478249229 225.255875 953.520630
0 1524807266 1349.598022 426.841400
0 1524863340 1273.936401 361.743683
0 1524831297 1340.364624 409.151581
0 1478229202 285.537262 868.170776
0 1568509654 945.150818 531.322571
0 1524790246 1277.218384 369.105560
0 1578523681 790.254395 518.420654
0 1478207175 167.126541 922.017700
0 1524861337 1148.072266 354.663910
0 1478210178 156.758255 840.039673
0 1524862338 1302.921143 426.758972
0 1478186149 230.022003 841.263306
0 1524797254 1331.649658 392.454803
0 1578518674 828.619202 569.546448
0 1438985621 812.534241 530.600464
0 1524857331 1190.949219 361.783539
0 1478203170 135.071335 865.517700
0 1438994632 967.532043 584.472473
0 1578520676 999.074585 519.469238
0 1478237213 515.182556 732.518555
0 1568511657 938.895264 584.263489
0 1775370079 1025.067139 570.884216
0 1478195160 251.128784 729.172424
0 1568510655 996.226257 584.681885
0 1478257240 469.693237 752.546692
0 1578521677 879.014282 598.289185
0 1524794250 1151.237427 369.133972
0 1524812272 1180.215454 400.549713
0 1769859072 912.480591 570.117554
0 1578525683 997.995178 544.183044
0 1770636073 850.017944 598.062866
0 1524846317 1298.322510 369.100800
0 1524833300 1202.359985 400.568848
0 1568511656 794.214966 506.782471
0 1438985620 865.432922 530.888489
0 1478185148 233.922791 749.386169
0 1707993177 782.962158 628.063110
0 1478189152 503.700592 753.002563
0 1524791247 1256.145020 369.110352
0 1524830296 1280.589966 376.668182
0 2088218948 862.565063 543.386169
0 1524827292 1211.651367 361.773560
0 1606348170 808.750854 543.069519
0 1524855329 1233.187134 426.635834
0 1478183145 548.541199 732.941223
0 1438990627 910.315796 584.054871
0 1524840309 1170.276855 361.793457
0 1478222194 408.092987 795.776733
0 1709860179 1024.690063 630.209412
0 1478188151 399.460724 870.179565
0 1438988624 859.595337 556.327454
0 1478243222 406.328674 926.716431
0 1524843313 1291.286621 354.559631
0 1524844315 1335.945190 400.684326
0 1524858333 1250.223145 354.589508
0 1524811271 1256.394409 426.676819
0 1524859334 1229.735107 354.604431
0 1478216186 435.767883 752.091980
0 1524851324 1130.347290 369.138702
0 1524814275 1184.596436 417.633362
0 1578514668 821.080444 597.836975
0 1478184146 456.927124 773.928711
0 1524829294 1259.227051 376.667419
0 1478176143 452.148102 844.973450
0 1524860336 1186.884033 426.554047
0 1478222193 305.289124 895.885864
0 1438997636 918.528748 531.177612
0 1478194158 479.128113 796.840454
0 1478201168 189.162659 893.724487
0 1478187150 250.112686 770.997742
0 1478205172 210.101166 866.840576
0 1524838306 1295.048218 409.099182
0 1568514660 768.271240 583.018250
0 1524865342 1140.729370 426.472534
0 2085418945 903.314453 629.131714
0 1524808268 1182.374512 408.968842
0 1478200167 284.925201 817.467957
0 1478194159 227.764145 894.442932
0 1568501643 824.919128 583.431641
0 1478239216 526.548401 774.915344
0 1524820283 1158.104858 400.530609
0 1438989625 846.581482 613.037903
0 1568505649 832.188049 556.153687
0 1478255237 283.864471 729.587219
0 1524804262 1163.788086 426.513275
0 1568506650 817.095276 612.792175
0 1478217187 382.533844 730.837585
0 1568505648 876.128906 613.284058
0 1568497640 777.531372 555.807251
0 1578511665 772.984741 569.167603
0 1478258241 267.093719 793.665222
0 1524796253 1268.998291 400.626465
0 1478206173 206.709946 922.795227
0 1524826291 1253.086182 417.733154
0 1578529688 933.561890 629.400269
0 1478233207 197.124237 792.617371
0 1708834178 856.518250 569.736389
0 1478189153 361.383087 869.508179
0 1568499641 997.426514 557.201111
0 1478245224 215.939209 770.513428
0 1524852325 1275.988525 417.766479
0 1478219190 446.596222 927.507446
0 1578525682 937.184387 598.743225
0 1478232206 383.246552 897.336731
0 1524818280 1199.950317 392.378326
0 1524850322 1321.902100 417.833374
0 1438996635 796.566956 583.224731
0 1524832299 1221.817017 392.390991
0 1478242220 213.162231 816.332825
0 1524789245 1311.862183 354.544647
0 1438999639 973.753723 507.610352
0 1478196161 318.711853 771.969910
0 1478252234 415.578735 731.256348
0 1524803261 1193.108887 369.124542
0 1478211179 307.085297 955.217163
0 1578523680 995.592163 599.199097
0 1578530689 946.582581 519.205627
0 1568508653 896.531799 507.254242
0 1524826290 1344.913696 417.866913
0 1524847319 1287.616455 392.429199
0 1524810270 1136.028198 400.511536
0 1524835302 1224.538696 400.588043
0 1524821284 1270.740234 354.574585
0 1524799257 1243.716919 392.403717
0 1478233208 393.265625 819.181702
0 1608354172 843.011169 628.596252
0 1524835303 1161.838623 417.600220
0 1478251232 316.677002 730.002991
0 1524812273 1207.390259 417.666565
0 1706512175 1025.392944 519.601379
0 1438986622 1024.789673 614.522644
0 1478211180 266.798767 841.877625
0 1524823286 1253.144897 361.753662
0 1478223195 401.924347 751.638245
0 1478244223 320.945587 818.037720
0 1438987623 905.737610 613.530701
0 1478193157 340.644348 843.111023
0 1478198164 232.065109 793.140625
0 1524862339 1216.595825 376.665863
0 1478236212 514.780701 797.374390
0 1478240217 491.694672 774.421448
0 1478214183 172.535614 866.178284
0 1578521678 894.282532 518.943054
0 1524844314 1298.927124 417.799896
0 1524848320 1154.576660 384.400360
0 1524806265 1246.751465 400.607239
0 1524787243 1309.616333 392.441986
0 1478241219 414.881592 844.351074
0 1524799256 1227.338623 409.020874
0 1478190154 489.513763 845.597595
0 1478226198 377.713806 843.730225
0 1478208176 246.406067 923.575012
0 1478214184 481.902802 732.096802
0 2084722944 908.069702 598.515991
0 1578522679 943.669006 543.863342
0 1524825289 1315.609375 361.723663
0 1774531078 920.408630 519.074219
0 1525674169 970.806335 544.023071
0 1478197162 103.406143 950.994263
0 1524815276 1230.220215 417.699799
0 1768901071 1024.885620 599.427734
0 1578526684 940.544189 570.308594
0 1478182144 193.341888 840.650696
0 1524853326 1326.240845 426.800171
0 1478218189 537.790405 753.459595
0 1578513667 884.471985 569.926819
0 1438983618 853.327881 583.638977
0 1478224196 443.565643 796.307922
0 1478247227 112.279602 892.293579
0 1524792248 1129.020630 361.813232
0 1524795252 1294.757935 361.733673
0 1524808267 1197.607056 384.413483
0 1478191155 437.641937 870.852783
0 1524856330 1327.473145 384.453003
0 1478236211 349.566650 730.419800
0 1478258242 63.026012 950.157104
0 1478212181 465.960632 820.331604
0 1478185147 422.245392 773.437134
0 1568502645 838.959045 530.744324
0 1568508652 881.793335 583.846741
0 1438984619 787.669983 612.547058
0 1659977623 899.647766 563.245178
0 1478209177 177.418823 815.767456
0 1438982617 914.568359 556.675903
0 1524805264 1152.884399 376.663574
0 1771287074 816.190308 518.550903
0 2087111947 966.358459 598.970886
0 1524817279 1279.639038 426.717865
0 1524795251 1291.279541 400.645752
0 1478230204 357.058899 818.609009
0 1478230203 127.655571 921.242310
0 1524847318 1214.090454 369.119812
0 1578516671 781.919861 542.911621
0 1568513659 942.134399 556.850586
0 1578529687 842.173523 518.681396
0 1524819282 1272.442993 409.072998
0 1478253235 429.566071 819.755920
0 1524836304 1240.766113 384.426605
0 1478243221 150.667999 893.008057
0 1568501644 758.305542 612.302368
0 1438998637 870.883667 507.135986
0 1524816278 1134.548584 392.340332
0 1705773174 1025.235718 544.343323
0 1524845316 1319.457397 369.096039
0 1524842312 1323.410522 376.669678
0 1568507651 999.587402 507.729492
0 1438999638 965.139771 614.025696
0 1478252233 448.701599 731.676086
0 1438993630 1024.978027 584.891724
0 1478237214 366.176331 925.927734
0 1524857332 1168.444580 354.649078
0 1478248228 372.709778 795.246887
0 1478225197 461.639984 898.795776
0 1524859335 1284.054688 384.439819
0 1524832298 1265.650024 392.416473
0 1478200166 430.734192 957.780762
0 1478250231 334.481323 750.734192
0 1478245225 326.138794 925.141235
0 1438995633 1025.315674 531.759094
0 1524804263 1195.327515 376.665100
0 1524839308 1262.394165 384.433167
0 1524849321 1159.944946 408.942932
0 1568512658 998.544189 531.613342
0 1568514661 891.956116 531.032959
0 1478231205 267.361908 749.834412
0 1773608077 968.663086 570.500122
0 1438977615 804.833435 555.980286
0 1524834301 1172.157959 369.129272
0 1607644171 792.201721 597.611511
0 1524800258 1301.984375 376.668945
0 1568504647 994.933655 614.273926
0 1568500642 887.055298 556.501526
0 1478256239 337.415802 794.718323
0 1524815277 1133.109619 384.393799
0 1568503646 786.158325 530.456848
0 1478220191 286.215515 924.356995
0 1478207174 248.997635 816.899719
0 1524841311 1188.845947 354.634186
0 1478213182 344.213531 896.610291
0 1524813274 1176.075806 384.406921
0 1568516663 935.407837 613.777893
0 1578517672 994.249512 629.939087
0 1578527685 763.381531 597.386597
0 1478240218 353.138031 772.457764
0 1478215185 422.388550 898.065247
0 1524838307 1131.709717 376.662811
0 1478197163 302.210510 794.191101
0 1478221192 368.162292 751.185669
0 1524819281 1305.747559 384.446411
0 2086284946 916.583130 543.703979
0 1524824288 1210.016968 426.594879
0 1524802260 1127.728760 354.678711
0 1478226199 303.672791 842.493530
0 1578518673 873.130920 628.863647
0 1438981616 1025.152954 557.376831
0 1478238215 475.927277 871.527832
0 1609135173 868.204224 518.812134
0 1524837305 1149.634033 361.803345
0 1524793249 1178.116699 392.365631
0 1568515662 845.281555 507.017944
0 1568516664 947.966736 507.491425
0 1438991628 922.226074 507.372742
0 1478249230 502.449707 820.908752
0 1438996634 969.753784 557.025696
0 1578519675 812.954956 628.329346
0 1524829295 1232.383179 361.763611
0 1524864341 1174.090332 376.664337
0 1478255238 348.180420 956.069214
0 1438993631 819.725342 506.900085
0 1524788244 1156.316162 392.352997
0 1772785076 963.873474 629.669434
0 1524828293 1249.873291 409.046906
0 1478203171 266.110596 954.367615
0 1524798255 1313.595093 400.665039
0 1478199165 323.408783 868.838562
0 1578528686 889.548523 543.544922
0 1478192156 266.472778 895.163391
0 1478228201 284.370148 771.483215
0 1772037075 972.804565 519.337341
0 1578515670 835.632507 543.227661
0 1524851323 1219.170410 384.420013
0 1478218188 184.520615 952.676025
0 1478202169 387.649139 772.946899
0 1478254236 143.904175 951.833984
0 1478246226 389.396515 956.923767
0 1524809269 1235.102417 369.115082
0 1524822285 1317.688599 409.125336
0 1524841310 1139.116577 417.567108
0 1478235210 88.296455 920.469116
0 1578515669 753.032471 627.797302
0 1524854328 1237.895752 376.666626
0 0 825.601074 297.025635
0 2 1554.230591 570.218750
0 3 1194.618286 322.385132
0 4 1025.576416 305.304779
0 6 1348.308228 704.749939
0 7 1454.384033 721.788330
0 10 1427.487915 674.026367
0 11 466.903351 340.438080
0 13 1405.018555 765.518494
0 14 241.376007 398.023041
0 16 117.291107 407.724548
0 19 536.610352 322.352234
0 20 1335.157593 387.208282
0 23 788.708313 675.111084
0 24 54.791046 878.870605
0 25 1090.712036 668.922607
0 26 541.794495 528.307617
0 27 546.198181 662.918152
0 28 941.266052 719.628845
0 29 688.957825 688.614807
0 31 1073.767944 540.710571
0 33 499.961243 562.872253
0 43 113.403427 426.461212
0 104 82.279755 688.213989
0 108 1105.418457 215.645081
0 109 1294.064087 252.459763
0 110 1309.609619 454.764130
0 114 1273.943604 384.660461
0 131 545.663330 243.279251
0 132 264.737457 472.432831
0 138 89.423599 613.103333
0 143 1353.051880 224.130798
0 145 1451.284424 135.861252
0 146 1527.116699 1054.389038
0 152 0.000000 0.000000
0 154 1493.825684 314.300354
0 155 1418.553955 290.523621
0 156 1448.016235 322.519684
0 159 1390.007935 313.990295
0 160 1437.144653 305.874115
0 161 1520.131592 292.470734
0 163 1529.384277 279.028320
0 164 1536.500122 264.250549
0 166 1509.053955 234.571808
0 167 1495.915039 202.146164
0 168 1489.121582 127.704910
