0 1578512666 1001.975769 630.966309
0 1524823287 1103.102905 417.217590
0 1478234209 363.912811 898.586853
0 1707269176 810.486084 653.083740
0 1438989626 1000.759277 571.207703
0 1524801259 1122.855469 465.534088
0 1438992629 960.437866 598.391052
0 1478227200 363.008728 1024.252808
0 1524854327 1061.285400 471.596802
0 1524807266 1259.083618 468.132080
0 1524863340 1164.455566 418.080505
0 1524831297 1243.489868 453.655426
0 1478229202 406.558929 1017.781189
0 1568509654 934.760925 601.250732
0 1524790246 1170.566772 424.240173
0 1578523681 776.074707 607.093872
0 1524861337 1047.010864 422.424561
0 1478210178 242.389389 1014.128601
0 1524862338 1218.183716 472.234192
0 1478186149 328.994507 1001.507507
0 1524797254 1228.726929 439.950165
0 1578518674 838.338379 649.866760
0 1438985621 804.160522 615.796326
0 1524857331 1089.544067 425.089996
0 1478203170 229.956772 1044.024536
0 1438994632 980.359253 646.836365
0 1578520676 980.992798 584.533569
0 1478237213 592.495972 846.444031
0 1568511657 952.850098 650.054443
0 1775370079 1028.682983 627.881592
0 1478195160 295.662079 886.026917
0 1568510655 1007.701965 643.637695
0 1478257240 553.228638 872.916626
0 1578521677 901.254761 670.102173
0 1524794250 1056.330688 435.016174
0 1524812272 1096.761353 460.299896
0 1769859072 920.893066 640.331543
0 1578525683 991.119934 606.943665
0 1770636073 872.718018 673.484314
0 1524846317 1189.323608 422.470825
0 1524833300 1116.923706 458.332214
0 1568511656 774.612061 595.825500
0 1438985620 856.848877 609.928223
0 1478185148 286.048218 909.144897
0 1707993177 820.090759 709.701050
0 1478189152 590.204102 867.902954
0 1524791247 1151.730225 426.017059
0 1524830296 1176.837402 430.560364
0 2088218948 859.799072 621.743713
0 1524827292 1108.390625 423.326508
0 1606348170 806.194336 627.784973
0 1524855329 1156.112427 478.459778
0 1478183145 628.330322 841.665466
0 1438990627 925.172852 653.292175
0 1524840309 1070.617676 426.860901
0 1478222194 507.278656 924.970032
0 1709860179 1054.906616 681.105164
0 1478188151 534.883240 998.712036
0 1438988624 862.855042 633.982910
0 1478243222 570.521851 1052.181885
0 1524843313 1176.809692 410.375458
0 1524844315 1236.008667 446.710266
0 1524858333 1140.109253 413.782318
0 1524811271 1176.900024 476.374878
0 1524859334 1121.644531 415.496368
0 1478216186 515.961975 877.969788
0 1524851324 1037.003784 436.839325
0 1524814275 1108.251221 474.995911
0 1578514668 844.002136 676.887756
0 1478184146 549.916565 895.627747
0 1524829294 1157.768188 432.374084
0 1478176143 579.838623 964.951721
0 1524860336 1114.242554 482.659210
0 1478222193 443.019440 1041.331787
0 1438997636 908.937927 604.126770
0 1478194158 585.278687 914.017700
0 1478201168 308.566406 1061.718628
0 1478187150 316.057648 927.887756
0 1478205172 319.061920 1030.783325
0 1524838306 1203.643677 457.579010
0 1568514660 784.211487 669.782166
0 1524865342 1071.975220 486.898529
0 2085418945 939.017212 695.218140
0 1524808268 1102.426392 467.545715
0 1478200167 379.985840 967.815308
0 1478194159 353.801788 1054.859619
0 1568501643 841.117432 663.125183
0 1478239216 625.383423 885.217346
0 1524820283 1076.507446 462.276581
0 1438989625 876.259766 687.668945
0 1568505649 835.659302 637.085327
0 1478255237 333.785095 880.943176
0 1524804262 1093.158936 484.773834
0 1568506650 846.998657 691.183777
0 1478217187 446.380493 865.928589
0 1568505648 905.334717 684.176575
0 1568497640 780.780090 643.345703
0 1578511665 782.464172 656.320374
0 1478258241 347.342468 947.427307
0 1524796253 1176.867432 452.482086
0 1524826291 1170.072632 468.852753
0 1578529688 968.269714 691.655823
0 1478233207 265.339539 958.941711
0 1708834178 866.022644 646.669189
0 1478189153 492.490997 1005.011536
0 1568499641 996.451965 618.742737
0 1478245224 275.953033 933.420105
0 1524852325 1190.489502 466.823944
0 1478219190 614.547363 1045.365601
0 1578525682 957.796936 663.400818
0 1478232206 530.604431 1028.051514
0 1524818280 1111.152100 451.324768
0 1524850322 1231.041870 462.794250
0 1438996635 812.752441 666.443359
0 1524832299 1130.965942 449.407898
0 1478242220 296.470001 979.758545
0 1524789245 1195.046387 408.682556
0 1438999639 951.466125 576.573669
0 1478196161 395.284058 916.958801
0 1478252234 483.332581 861.000977
0 1524803261 1094.735840 431.393402
0 1578523680 1013.641907 656.782043
0 1578530689 930.620178 590.079285
0 1568508653 876.507324 584.733459
0 1524826290 1251.178589 460.793274
0 1524847319 1189.881836 443.708160
0 1524810270 1056.161377 464.262207
0 1524835302 1136.994995 456.373383
0 1524821284 1158.497559 412.075378
0 1524799257 1150.691772 447.499542
0 1478233208 502.602600 950.280396
0 1608354172 879.941040 702.412476
0 1524835303 1087.451416 477.062744
0 1478251232 371.610168 875.899170
0 1524812273 1128.954102 472.938660
0 1706512175 1005.970215 581.783691
0 1438986622 1047.977905 667.042603
0 1478211180 371.723938 995.280518
0 1524823286 1145.845703 419.821808
0 1478223195 478.400574 883.062927
0 1478244223 421.207825 961.920288
0 1438987623 934.225281 680.706299
0 1478193157 456.061859 982.989868
0 1478198164 306.514191 953.160156
0 1524862339 1119.382080 436.025085
0 1478236212 623.800781 908.608643
0 1478240217 587.801025 890.401733
0 1478214183 274.713165 1037.373657
0 1578521678 879.682678 595.687256
0 1524844314 1210.812378 464.804474
0 1524848320 1066.149048 448.281647
0 1524806265 1156.976074 454.423340
0 1524787243 1209.347168 441.825012
0 1478241219 538.937378 970.912354
0 1524799256 1143.191040 463.531677
0 1478190154 620.388306 959.042419
0 1478226198 497.679993 976.924805
0 1478214184 556.387085 851.259094
0 2084722944 929.613770 666.741089
0 1578522679 939.046265 612.812439
0 1524825289 1201.441772 414.619720
0 1774531078 905.222656 592.875427
0 1525674169 965.157959 609.869568
0 1524815276 1149.561035 470.890961
0 1768901071 1041.307007 653.503235
0 1578526684 948.082214 637.191101
0 1478182144 285.884613 1007.790039
0 1524853326 1238.681396 470.178345
0 1478218189 626.891602 862.928345
0 1578513667 893.540405 643.490845
0 1438983618 869.308105 659.827332
0 1478224196 546.439331 919.471313
0 1478247227 216.812836 1075.630981
0 1524792248 1032.523071 430.425446
0 1524795252 1182.987305 416.346497
0 1524808267 1105.534180 444.503937
0 1478191155 576.899658 992.468323
0 1524856330 1221.636597 433.367798
0 1478236211 409.140778 870.894470
0 1478212181 582.627869 938.836365
0 1478185147 511.726349 900.895996
0 1568502645 830.580261 612.853821
0 1568508652 897.326050 656.549805
0 1438984619 817.549561 694.721130
0 1659977623 905.275024 635.579712
0 1478209177 254.166779 985.808105
0 1438982617 916.765930 627.833008
0 1524805264 1061.175049 441.561371
0 1771287074 802.196411 604.218079
0 2087111947 985.805725 660.081238
0 1524817279 1197.590210 474.299683
0 1524795251 1196.669434 450.549500
0 1478230204 462.078552 956.075562
0 1524847318 1113.815186 429.593628
0 1578516671 779.155884 630.832275
0 1568513659 943.483948 624.785095
0 1578529687 828.170776 601.358398
0 1524819282 1183.584595 459.554199
0 1478253235 542.784302 944.534119
0 1524836304 1144.574219 440.759369
0 1478243221 262.905396 1068.641968
0 1568501644 787.910645 698.281250
0 1438998637 851.244751 587.483459
0 1524816278 1051.176636 457.126953
0 1705773174 1016.933350 604.034485
0 1524845316 1208.000854 420.708984
0 1524842312 1214.730225 426.956238
0 1568507651 976.179871 573.883362
0 1438999638 991.460022 673.831360
0 1478252233 520.000305 856.111328
0 1438993630 1034.879761 640.458435
0 1478237214 526.081970 1059.062256
0 1524857332 1065.786499 420.681610
0 1478248228 467.792786 930.514404
0 1478225197 616.601257 1015.011963
0 1524859335 1183.273438 437.047455
0 1524832298 1170.330200 445.599640
0 1478200166 612.374329 1077.481934
0 1478250231 402.379578 893.370972
0 1478245225 481.221954 1066.007568
0 1438995633 1011.358459 592.719788
0 1524804263 1100.063965 437.862518
0 1524839308 1163.966064 438.899384
0 1524849321 1081.903320 469.566620
0 1568512658 985.969971 595.547363
0 1568514661 882.967712 607.019226
0 1478231205 325.136902 903.844666
0 1773608077 975.109314 634.069458
0 1438977615 808.301453 640.206177
0 1524834301 1075.574463 433.200897
0 1607644171 815.105225 680.312561
0 1524800258 1195.824463 428.754456
0 1568504647 1019.807739 670.426270
0 1568500642 889.890137 630.898865
0 1478256239 427.977570 936.104980
0 1524815277 1046.325806 450.183075
0 1568503646 777.588379 618.755798
0 1478220191 435.935760 1073.018921
0 1478207174 338.408112 973.761169
0 1524841311 1084.483643 418.945984
0 1478213182 487.013214 1034.661133
0 1524813274 1085.885132 446.388672
0 1568516663 962.933105 677.257935
0 1578517672 1026.212646 684.599487
0 1578527685 786.025635 683.759033
0 1478240218 434.413940 911.560913
0 1478215185 573.798645 1021.502075
0 1524838307 1041.603027 443.422913
0 1478197163 387.828827 941.742493
0 1478221192 440.541016 888.196472
0 1524819281 1202.496704 435.203613
0 2086284946 912.783386 615.772278
0 1524824288 1135.226929 480.554535
0 1524802260 1028.156372 424.174805
0 1478226199 414.078064 989.108215
0 1578518673 909.574951 698.803650
0 1438981616 1022.704590 615.747925
0 1478238215 618.545349 986.279724
0 1609135173 853.999146 598.514893
0 1524837305 1051.610840 428.639374
0 1524793249 1091.249634 453.250183
0 1568515662 825.842102 590.248718
0 1568516664 926.616882 579.278687
0 1438991628 901.630981 581.998535
0 1478249230 622.137817 933.186157
0 1438996634 970.045532 621.755066
0 1578519675 850.113586 706.044861
0 1524829295 1127.157715 421.570496
0 1524864341 1080.661865 439.707916
0 1438993631 800.298279 593.029419
0 1524788244 1071.258057 455.184204
0 1772785076 997.334290 688.116333
0 1524828293 1163.433960 461.538391
0 1524798255 1216.383179 448.625580
0 1478199165 449.717957 1011.367676
0 1578528686 886.368103 618.749329
0 1478192156 398.617554 1048.064331
0 1478228201 355.833313 922.400879
0 1772037075 955.876526 587.298706
0 1578515670 833.074951 624.755493
0 1524851323 1125.097046 442.627563
0 1478202169 473.226715 906.206909
0 1524809269 1132.813110 427.801514
0 1524822285 1223.611938 455.612762
0 1524841310 1066.554565 479.139282
0 1578515669 789.870605 713.381226
0 1524854328 1138.616699 434.195648
0 0 1475.086182 661.272217
0 1 948.808838 440.337646
0 2 1213.189087 637.568726
0 3 1474.391357 971.534119
0 4 1087.391479 461.872925
0 5 1074.049805 412.353516
0 6 1200.891968 1011.862549
0 7 1131.467285 512.590820
0 8 954.343201 458.311066
0 9 353.217773 1000.630493
0 10 997.583679 430.069824
0 11 505.646027 608.219482
0 12 660.731689 1063.913818
0 13 672.398193 443.824890
0 14 455.100769 853.017456
0 15 1022.551331 441.354523
0 16 1117.576538 409.616425
0 17 400.237732 1071.481201
0 18 1025.981934 418.532074
0 19 1260.764282 670.001526
0 20 462.268921 795.408936
0 21 350.208923 799.296692
0 22 447.983124 757.897583
0 23 1296.705322 478.052155
0 24 792.307556 428.632843
0 25 1205.925049 696.395569
0 26 1147.131958 719.583130
0 27 526.794678 642.388733
0 28 915.324036 429.046722
0 29 336.438812 687.252686
0 30 552.833496 491.350159
0 31 590.238159 455.533600
0 32 821.783691 781.684082
0 33 688.196289 772.050171
0 34 1327.616699 655.382080
0 35 1053.832520 400.205994
0 36 375.076172 825.017761
0 37 1083.510376 701.698364
0 38 812.450867 442.864197
0 39 992.312744 769.441467
