0 1578512666 868.666504 609.823669
0 1707269176 941.253418 414.458679
0 1438989626 1069.989502 693.271790
0 1438992629 1002.543213 606.987488
0 1568509654 1011.371826 576.085144
0 1578523681 1093.991577 421.681305
0 1578518674 932.024658 439.297516
0 1438985621 1050.705688 438.408722
0 1438994632 840.056519 569.169434
0 1578520676 1035.452026 649.087830
0 1568511657 851.981079 539.395813
0 1775370079 856.551941 642.429626
0 1568510655 827.642273 600.165833
0 1578521677 836.657593 474.716522
0 1769859072 902.189575 519.597473
0 1578525683 951.516296 629.327942
0 1770636073 847.946167 448.442291
0 1568511656 1130.456787 429.586731
0 1438985620 1035.861572 490.366028
0 1707993177 798.172180 383.150055
0 2088218948 997.835205 481.882355
0 1606348170 1014.014160 430.380005
0 1438990627 863.444336 510.774109
0 1709860179 690.810181 602.949036
0 1438988624 960.032288 473.448608
0 1578514668 858.823181 423.126068
0 1438997636 1019.854858 546.393066
0 1568514660 914.694580 382.810730
0 2085418945 748.607361 484.622620
0 1568501643 895.318909 431.188599
0 1438989625 811.018494 440.203766
0 1568505649 968.942383 447.453308
0 1568506650 822.535767 415.109558
0 1568505648 799.066711 466.244781
0 1568497640 985.814331 398.229095
0 1578511665 950.155762 390.498505
0 1578529688 735.005249 512.469788
0 1708834178 922.451172 465.064270
0 1568499641 909.957031 619.544128
0 1578525682 812.748413 530.365051
0 1438996635 905.180664 406.565369
0 1438999639 1085.356079 626.261780
0 1578523680 786.881592 590.570068
0 1578530689 1051.846313 585.401733
0 1568508653 1106.178833 535.457764
0 1608354172 774.304871 432.012970
0 1706512175 1026.730591 682.967285
0 1438986622 731.839111 612.722412
0 1438987623 786.655273 493.287170
0 1578521678 1066.977173 526.622986
0 2084722944 824.933594 502.004181
0 1578522679 971.150574 566.826782
0 1774531078 1059.560303 555.435059
0 1525674169 961.532959 597.442505
0 1768901071 773.137390 622.559814
0 1578526684 891.457520 548.482666
0 1578513667 912.513245 491.811890
0 1438983618 885.089783 456.728973
0 1568502645 1043.420898 463.906891
0 1568508652 874.472412 483.238739
0 1438984619 833.641785 390.911407
0 1659977623 926.682922 509.939209
0 1438982617 941.171753 528.474731
0 1771287074 1087.607056 446.483368
0 2087111947 800.074402 559.863708
0 1578516671 1021.672119 406.002838
0 1568513659 931.179871 557.626160
0 1578529687 1080.985596 472.205566
0 1568501644 844.358154 367.562164
0 1438998637 1112.593506 507.484833
0 1705773174 941.075562 662.563721
0 1568507651 1077.833618 659.065186
0 1438999638 760.343323 550.616455
0 1438993630 814.707336 632.462036
0 1438995633 983.760254 672.731445
0 1568512658 993.347046 639.175598
0 1568514661 1028.011841 517.841492
0 2079485312 926.687256 509.884827
0 1773608077 880.291992 578.533997
0 1438977615 977.530762 422.396790
0 1607644171 869.310669 398.716400
0 1568504647 746.382080 581.035828
0 1568500642 950.782043 500.436432
0 1568503646 1057.730591 413.820099
0 1568516663 773.757202 521.389893
0 1578517672 706.141174 571.562439
0 1578527685 879.429260 375.165405
0 2086284946 980.392700 537.406433
0 1578518673 761.697754 457.823059
0 1438981616 898.673767 652.463318
0 1609135173 1074.113770 498.900024
0 1568515662 1118.769531 480.552673
0 1568516664 1092.576050 594.777039
0 1438991628 1099.511353 564.533020
0 1438996634 920.783325 587.958191
0 1578519675 786.454834 407.138641
0 1438993631 1124.719849 454.604309
0 1772785076 720.860901 541.427124
0 1578528686 989.280945 509.112793
0 1772037075 1043.816772 616.593628
0 1578515670 1006.073914 455.656281
0 1578515669 809.479614 360.000732
0 0 899.398193 641.642517
0 1 1018.701111 607.872314
0 2 781.478333 526.862854
0 3 1142.974365 745.356018
0 4 1153.305908 358.504761
0 5 617.190857 198.336563
0 6 1211.940674 479.740753
0 7 1244.947754 413.469421
0 8 614.146790 286.027649
0 9 1166.746216 292.032349
