0 1578512666 964.325623 404.105438
0 1524823287 1396.679077 323.942657
0 1478234209 500.371277 364.710938
0 1707269176 854.280884 365.635559
0 1438989626 1051.107666 377.078674
0 1524801259 1310.947388 358.055878
0 1438992629 990.754150 378.849976
0 1478227200 415.190704 401.801056
0 1524854327 1256.407959 343.294647
0 1478249229 363.383820 428.849487
0 1524807266 1409.416504 403.430237
0 1524863340 1444.307007 343.279907
0 1524831297 1429.155518 390.049255
0 1478229202 426.751465 407.635590
0 1568509654 974.563965 373.500671
0 1524790246 1435.429077 348.942627
0 1578523681 897.201477 337.807343
0 1478207175 362.362122 409.553436
0 1524861337 1343.082642 310.830261
0 1478210178 401.733459 378.634552
0 1524862338 1368.089111 391.895874
0 1478186149 423.945007 389.543640
0 1524797254 1448.088135 377.214966
0 1578518674 869.157227 370.836121
0 1438985621 897.797424 348.136749
0 1524857331 1369.406128 324.699707
0 1478203170 381.772308 384.935242
0 1438994632 932.767456 405.059753
0 1578520676 1020.964172 377.963318
0 1478237213 591.877991 390.556335
0 1568511657 916.440063 399.239471
0 1775370079 981.247314 410.020996
0 1478195160 495.775696 348.950256
0 1568510655 949.407043 410.991302
0 1478257240 560.714417 391.470947
0 1578521677 869.337463 394.453125
0 1524794250 1324.332642 320.994080
0 1524812272 1302.760620 347.317291
0 1769859072 915.428345 387.011719
0 1578525683 993.233154 390.762878
0 1770636073 853.877563 388.831451
0 1524846317 1455.080811 353.886383
0 1524833300 1321.166992 352.224670
0 1568511656 910.909485 332.394440
0 1438985620 927.696533 358.015533
0 1478185148 477.698395 354.656342
0 1707993177 792.050842 390.659363
0 1478189152 573.457458 397.121979
0 1524791247 1416.115967 344.084015
0 1524830296 1426.376831 354.716736
0 2088218948 913.518982 363.934021
0 1524827292 1387.660278 329.227905
0 1606348170 883.574890 353.855896
0 1524855329 1308.908447 375.378662
0 1478183145 604.896484 396.192474
0 1438990627 900.416138 393.527435
0 1524840309 1351.452881 320.246185
0 1478222194 510.365814 398.987274
0 1709860179 919.732056 439.028290
0 1478188151 462.783478 425.820435
0 1438988624 899.057129 369.971130
0 1478243222 432.892395 447.223572
0 1524843313 1472.439209 342.477448
0 1524844315 1438.719482 383.565887
0 1524858333 1433.919189 333.053497
0 1524811271 1328.274292 380.783630
0 1524859334 1415.143188 328.459900
0 1478216186 548.204468 385.923218
0 1524851324 1306.877686 316.602936
0 1524814275 1281.935669 358.895142
0 1578514668 838.700134 383.312500
0 1478184146 541.947266 398.053528
0 1524829294 1406.954102 349.760529
0 1478176143 495.760468 424.815491
0 1524860336 1271.211304 364.857483
0 1478222193 417.791016 420.632355
0 1438997636 958.662781 368.246857
0 1478194158 535.437561 410.673401
0 1478201168 383.321411 402.743286
0 1478187150 470.452118 365.558472
0 1478205172 403.844513 396.074799
0 1524838306 1388.313965 378.995361
0 1568514660 824.566040 366.489105
0 1524865342 1234.833496 354.704529
0 2085418945 853.441467 413.915680
0 1524808268 1292.450073 353.049561
0 1478200167 455.113556 388.635529
0 1478194159 394.593781 408.593445
0 1568501643 854.083130 377.011078
0 1478239216 567.590210 409.708496
0 1524820283 1284.669800 342.494049
0 1438989625 838.188538 395.380890
0 1568505649 883.931763 364.783875
0 1478255237 507.060486 353.835846
0 1524804262 1252.861816 359.736206
0 1568506650 822.998840 389.744385
0 1478217187 542.118347 369.013641
0 1568505648 853.663879 401.123413
0 1568497640 854.471313 354.680328
0 1578511665 839.666138 360.526489
0 1478258241 462.929260 376.876770
0 1524796253 1378.364014 367.474274
0 1478206173 373.554932 415.531494
0 1524826291 1338.710571 374.497589
0 1578529688 869.532532 420.011414
0 1478233207 440.468781 366.407806
0 1708834178 884.302307 376.130554
0 1478189153 450.541321 419.641998
0 1568499641 978.931152 397.364136
0 1478245224 459.266296 360.474396
0 1524852325 1358.327393 379.888519
0 1478219190 445.482544 453.947968
0 1578525682 901.136658 406.016266
0 1478232206 441.901001 433.145020
0 1524818280 1331.188599 346.506439
0 1524850322 1398.656860 390.971497
0 1438996635 839.192261 371.702942
0 1524832299 1349.823120 351.401581
0 1478242220 432.364777 377.754700
0 1524789245 1492.199951 347.311920
0 1438999639 1018.010925 366.529999
0 1478196161 493.427063 376.000763
0 1478252234 554.223572 374.254425
0 1524803261 1360.121460 329.997467
0 1478211179 386.708496 441.680634
0 1578523680 934.165161 418.026367
0 1578530689 988.368896 367.387512
0 1568508653 970.518250 351.393036
0 1524826290 1419.390015 396.669250
0 1524847319 1407.727173 366.612518
0 1524810270 1266.886597 337.752808
0 1524835302 1339.897217 357.218445
0 1524821284 1453.015137 337.725342
0 1524799257 1368.785156 356.382721
0 1478233208 490.846130 405.726532
0 1608354172 822.168274 402.068604
0 1524835303 1263.672363 353.876160
0 1478251232 518.542358 358.806732
0 1524812273 1300.523926 364.003418
0 1706512175 1037.709473 383.396545
0 1438986622 935.621338 431.535767
0 1478211180 435.359589 395.149902
0 1524823286 1425.102661 338.515991
0 1478223195 535.921143 380.476013
0 1478244223 466.803894 394.227051
0 1438987623 869.432983 406.974945
0 1478193157 458.835510 406.679962
0 1478198164 451.598877 371.595612
0 1524862339 1369.104248 340.102264
0 1478236212 548.334595 416.684784
0 1478240217 554.648071 403.826202
0 1478214183 392.706940 390.453827
0 1578521678 956.915344 357.182129
0 1524844314 1378.306030 385.378906
0 1524848320 1304.875244 331.541321
0 1524806265 1358.959839 362.300842
0 1524787243 1427.725586 371.865875
0 1478241219 483.215210 418.653961
0 1524799256 1329.773315 363.151184
0 1478190154 508.551971 431.097992
0 1478226198 470.909149 412.609894
0 1478208176 384.963928 421.625000
0 1478214184 579.097229 385.023132
0 2084722944 885.087708 400.180389
0 1578522679 960.477539 379.738556
0 1524825289 1483.723877 353.057770
0 1774531078 972.503235 362.239746
0 1525674169 976.705078 385.200104
0 1478197162 330.056335 410.515686
0 1524815276 1319.445923 369.203400
0 1768901071 951.162842 424.207245
0 1578526684 931.424866 392.603851
0 1478182144 412.738220 384.039490
0 1524853326 1388.558350 397.608795
0 1478218189 586.439941 402.879272
0 1578513667 899.723450 381.521545
0 1438983618 869.245605 382.416046
0 1478224196 522.783569 404.775269
0 1478247227 361.399170 391.366028
0 1524792248 1316.420654 311.555969
0 1524795252 1463.844482 348.126404
0 1524808267 1341.017822 340.897858
0 1478191155 475.266205 432.120300
0 1524856330 1457.267334 370.992493
0 1478236211 530.226501 363.865234
0 1478258242 319.364777 404.634125
0 1478212181 515.812866 417.668213
0 1478185147 529.481079 392.387573
0 1568502645 912.617065 353.033203
0 1568508652 884.687378 387.920593
0 1438984619 808.086975 384.210968
0 1659977623 914.937195 381.075104
0 1478209177 421.294983 372.459991
0 1438982617 930.134094 380.629089
0 1524805264 1314.694824 326.218414
0 1771287074 911.747803 342.527039
0 2087111947 917.492798 411.963837
0 1524817279 1347.997803 386.288452
0 1524795251 1398.118896 372.741211
0 1478230204 478.712677 399.923065
0 1478230203 351.379517 403.687622
0 1524847318 1378.470337 334.613495
0 1578516671 868.990112 348.947235
0 1568513659 946.100891 386.104919
0 1578529687 926.544495 347.328003
0 1524819282 1368.447266 373.618408
0 1478253235 503.210632 411.640533
0 1524836304 1378.418701 350.580170
0 1478243221 372.258453 397.001801
0 1568501644 793.445312 378.777802
0 1438998637 955.231689 346.520905
0 1524816278 1277.167480 332.315552
0 1705773174 1010.070312 396.429657
0 1524845316 1475.079834 358.917511
0 1524842312 1466.262695 364.894592
0 1568507651 1034.410645 371.756958
0 1438999638 901.886780 419.017700
0 1478252233 566.547913 379.590027
0 1438993630 966.367920 417.037323
0 1478237214 420.552734 440.632965
0 1524857332 1360.656128 315.129608
0 1478248228 498.177673 393.306274
0 1478225197 466.978760 446.159882
0 1524859335 1417.144531 360.605530
0 1524832298 1388.083496 361.452271
0 1478200166 423.491394 461.915314
0 1478250231 512.010315 369.872437
0 1478245225 408.456085 434.172180
0 1438995633 1024.033325 389.845490
0 1524804263 1350.660400 335.395905
0 1524839308 1397.611694 355.548828
0 1524849321 1274.272949 348.129883
0 1568512658 1007.241211 384.297302
0 1568514661 943.042725 363.085968
0 1478231205 488.935730 359.639679
0 1773608077 947.721130 398.300751
0 1438977615 869.072144 359.687714
0 1524834301 1342.078003 325.458282
0 1607644171 823.797485 377.893463
0 1524800258 1446.143311 359.760651
0 1568504647 918.589294 425.215607
0 1568500642 914.455383 375.252045
0 1478256239 486.212830 387.729431
0 1524815277 1287.256104 326.980072
0 1568503646 883.230896 343.323944
0 1478220191 396.595428 427.837433
0 1478207174 443.635834 383.145691
0 1524841311 1378.519287 319.499817
0 1478213182 429.728607 426.827728
0 1524813274 1322.793213 336.179901
0 1568516663 885.504395 412.938629
0 1578517672 902.668335 432.564087
0 1578527685 809.162170 372.571655
0 1478240218 505.227081 381.363922
0 1478215185 454.315308 439.587769
0 1524838307 1297.157837 321.743408
0 1478197163 474.465332 382.253815
0 1478221192 523.858459 375.126648
0 1524819281 1437.026733 365.752594
0 2086284946 944.542603 374.375397
0 1524824288 1289.890503 370.070801
0 1524802260 1325.791626 306.599976
0 1478226199 446.987732 400.861023
0 1578518673 837.656311 407.935852
0 1438981616 995.811523 403.153320
0 1478238215 487.996613 438.545135
0 1609135173 941.598145 352.212250
0 1524837305 1333.793579 315.865540
0 1524793249 1312.873047 341.695129
0 1568515662 940.205811 341.731781
0 1568516664 1001.900574 361.395325
0 1438991628 986.072144 356.350433
0 1478249230 528.659790 423.812958
0 1438996634 962.363770 391.682312
0 1578519675 806.969116 396.310760
0 1524829295 1406.223267 333.832672
0 1524864341 1332.526489 330.768616
0 1478255238 398.722839 448.289856
0 1438993631 925.433838 337.023682
0 1524788244 1294.868774 336.965546
0 1772785076 885.938354 426.226349
0 1524828293 1348.937012 368.337891
0 1478203171 374.931183 435.201813
0 1524798255 1418.234131 378.104187
0 1478199165 438.532837 413.581512
0 1578528686 928.892212 369.108093
0 1478192156 406.081543 414.555359
0 1478228201 481.837219 370.733093
0 1772037075 1004.519897 372.627869
0 1578515670 898.415527 358.850739
0 1524851323 1359.557007 345.697266
0 1478218188 352.059814 422.620026
0 1478202169 517.243103 386.825317
0 1478254236 340.952698 416.509857
0 1478246226 410.981293 455.033356
0 1524809269 1397.132446 339.308350
0 1524822285 1408.546631 384.471375
0 1524841310 1245.725586 348.944153
0 1478235210 340.601105 397.930878
0 1578515669 777.405762 385.111420
0 1524854328 1387.865967 344.889771
0 0 1404.976318 351.752075
0 1 1073.495239 251.067902
0 2 1184.151367 304.909393
0 3 1249.193115 460.255280
0 4 952.167114 239.757050
0 5 1019.611450 236.444504
0 6 1119.794312 526.472900
0 7 1127.446411 283.860107
0 8 899.829224 221.913376
0 9 1000.703064 589.821960
0 10 992.006287 441.835785
0 11 1212.938599 277.829651
0 12 840.447327 632.607300
0 13 857.709229 231.952301
0 14 682.299683 702.023804
0 15 1226.759766 294.069641
0 16 893.173157 209.293243
0 17 496.470398 528.391663
0 18 928.809448 213.722076
0 19 708.094727 391.220398
0 20 531.659058 564.311096
0 21 614.078735 370.885223
0 22 399.206299 475.427246
0 23 416.146271 504.644012
0 24 1052.429565 228.847122
0 25 1101.799683 399.808167
0 26 923.192444 471.925171
0 27 1375.690186 405.788910
0 28 559.455933 327.466583
0 29 549.705078 296.696564
0 30 540.028076 311.305603
0 31 838.603760 250.966293
0 32 640.194763 394.335541
0 33 845.490356 444.693695
0 34 978.963745 494.796783
0 35 439.717621 365.799622
0 36 789.177917 412.616425
0 37 901.478516 505.036682
0 38 741.620605 272.038361
0 39 683.223694 416.772461
