0 1578512666 969.729187 447.060028
0 1524823287 1067.798828 232.574722
0 1478234209 360.663666 719.797485
0 1707269176 781.971130 474.512634
0 1438989626 967.539795 388.996521
0 1524801259 1087.792358 280.617432
0 1438992629 928.209106 416.796204
0 1478227200 369.949585 833.320068
0 1524854327 1026.355347 288.561432
0 1478249229 394.359375 911.909119
0 1524807266 1223.519165 279.074890
0 1524863340 1129.354736 231.605713
0 1524831297 1208.151978 265.054535
0 1478229202 411.035370 826.027039
0 1568509654 902.923096 420.391052
0 1524790246 1135.468750 237.648514
0 1578523681 746.187439 431.111755
0 1478207175 313.327820 897.734985
0 1524861337 1011.505188 239.531372
0 1478210178 253.660324 828.511902
0 1524862338 1182.788208 284.416626
0 1478186149 335.552521 814.191284
0 1524797254 1193.552246 251.734467
0 1578518674 809.275146 470.520477
0 1438985621 774.326904 438.673218
0 1524857331 1054.239746 240.945007
0 1478203170 244.531631 855.582703
0 1438994632 948.779663 463.052399
0 1578520676 948.233948 402.642273
0 1478237213 578.361877 664.074463
0 1568511657 921.843140 467.029724
0 1775370079 995.923096 443.230164
0 1478195160 293.416382 710.616333
0 1568510655 975.555298 459.098816
0 1478257240 541.962708 689.802063
0 1578521677 871.708313 487.937134
0 1524794250 1021.006592 251.968750
0 1524812272 1061.705811 276.167511
0 1769859072 890.215698 458.685944
0 1578525683 958.637207 424.139618
0 1770636073 843.816406 492.097198
0 1524846317 1154.259766 235.297607
0 1524833300 1081.841919 273.581665
0 1568511656 744.271057 420.183563
0 1438985620 826.203491 431.298065
0 1478185148 286.163879 732.123352
0 1707993177 793.456482 528.360474
0 1478189152 577.399597 683.939087
0 1524791247 1116.596802 240.009552
0 1524830296 1141.732422 243.839203
0 2088218948 829.497131 442.667450
0 1524827292 1073.138672 238.595245
0 1606348170 776.791687 450.229156
0 1524855329 1120.970215 292.523804
0 1478183145 612.797119 658.449951
0 1438990627 894.744202 471.031006
0 1524840309 1035.259888 243.304855
0 1478222194 500.994751 738.956848
0 1709860179 1022.240295 493.515961
0 1478188151 532.196594 804.519897
0 1438988624 832.899536 454.412506
0 1478243222 569.314270 850.845337
0 1524843313 1141.758667 223.434937
0 1524844315 1200.759766 258.310303
0 1524858333 1104.934082 227.985626
0 1524811271 1141.673218 289.808685
0 1524859334 1086.405640 230.275345
0 1478216186 506.255737 695.709717
0 1524851324 1001.638672 254.391846
0 1524814275 1073.260498 290.525787
0 1578514668 815.751831 496.283020
0 1478184146 540.180237 710.740112
0 1524829294 1122.642700 246.242691
0 1478176143 573.102234 772.650391
0 1524860336 1079.269409 297.992676
0 1478222193 447.517853 845.702087
0 1438997636 877.494263 424.006195
0 1478194158 575.346497 726.320679
0 1478201168 321.107635 868.490295
0 1478187150 316.847015 748.182007
0 1478205172 328.506836 840.676514
0 1524838306 1168.398682 270.194763
0 1568514660 756.760925 491.404968
0 1524865342 1037.171021 303.513672
0 2085418945 909.301941 510.716797
0 1524808268 1067.407959 283.253204
0 1478200167 381.730286 782.140198
0 1478194159 363.618011 860.826904
0 1568501643 812.457947 483.181000
0 1478239216 612.331665 698.643799
0 1524820283 1041.477661 278.765167
0 1438989625 847.712830 505.547516
0 1568505649 806.197693 458.279419
0 1478255237 329.982574 704.643738
0 1524804262 1058.270264 300.746643
0 1568506650 819.162537 509.850006
0 1478217187 438.031555 686.995483
0 1568505648 876.084290 501.272003
0 1568497640 752.320068 466.081879
0 1578511665 754.502869 478.528870
0 1478258241 348.680511 764.842834
0 1524796253 1141.703979 265.894196
0 1478206173 356.962128 889.742432
0 1524826291 1134.889160 282.500977
0 1578529688 937.804749 506.375763
0 1478233207 270.658997 778.102661
0 1708834178 836.416199 466.552094
0 1478189153 492.154419 811.627747
0 1568499641 964.092957 435.413269
0 1478245224 278.585602 754.596619
0 1524852325 1155.241577 279.850861
0 1478219190 610.656860 843.272461
0 1578525682 926.980408 479.693329
0 1478232206 529.955872 830.840881
0 1524818280 1076.042114 266.723907
0 1524850322 1195.664307 274.587341
0 1438996635 784.694397 487.280426
0 1524832299 1095.846680 264.197662
0 1478242220 302.480713 795.799377
0 1524789245 1160.055664 221.173843
0 1438999639 918.869690 395.794952
0 1478196161 392.464966 735.504639
0 1478252234 473.508331 681.200806
0 1524803261 1059.491089 247.154007
0 1478211179 481.939362 895.599731
0 1578523680 981.580566 471.549744
0 1578530689 898.562195 409.641327
0 1568508653 844.862854 406.132507
0 1524826290 1215.735962 271.973785
0 1524847319 1154.731079 256.686432
0 1524810270 1021.156738 281.374756
0 1524835302 1101.886597 271.007538
0 1524821284 1123.384888 225.705536
0 1524799257 1115.562500 261.682739
0 1478233208 498.183167 762.068909
0 1608354172 851.749573 519.482239
0 1524835303 1052.524780 293.225830
0 1478251232 366.271790 698.716370
0 1524812273 1093.899414 287.838348
0 1706512175 972.864990 399.171631
0 1438986622 1015.318359 480.289734
0 1478211180 375.980011 807.121582
0 1524823286 1110.695679 233.925629
0 1478223195 470.275482 701.662537
0 1478244223 420.866791 775.394775
0 1438987623 904.278748 497.023163
0 1478193157 455.819336 793.159912
0 1478198164 309.828247 771.445862
0 1524862339 1084.213013 251.081146
0 1478236212 612.083496 720.077148
0 1478240217 576.395386 704.668579
0 1478214183 286.702423 848.097107
0 1578521678 848.336792 416.718353
0 1524844314 1175.499634 277.213043
0 1524848320 1030.985229 265.030609
0 1524806265 1121.840454 268.445068
0 1524787243 1174.184814 254.204956
0 1478241219 534.332520 779.430115
0 1524799256 1108.083008 277.993805
0 1478190154 611.552612 765.926514
0 1478226198 495.239624 786.266357
0 1478208176 400.201477 881.822205
0 1478214184 543.670593 669.740784
0 2084722944 899.429138 483.802612
0 1578522679 907.424438 431.487152
0 1524825289 1166.436279 226.995209
0 1774531078 873.519287 413.169983
0 1525674169 933.103943 427.802917
0 1478197162 259.895569 936.949219
0 1524815276 1114.442017 285.163452
0 1768901071 1008.632568 467.514954
0 1578526684 916.876892 454.787720
0 1478182144 294.780823 821.321106
0 1524853326 1203.201416 281.739471
0 1478218189 612.569336 678.120361
0 1578513667 863.395935 462.607330
0 1438983618 840.053101 479.106445
0 1478224196 538.318054 732.613647
0 1478247227 234.941010 884.023621
0 1524792248 997.054810 248.055008
0 1524795252 1147.934692 229.295578
0 1524808267 1070.387207 260.037537
0 1478191155 571.899780 797.472290
0 1524856330 1186.522461 245.320831
0 1478236211 402.287048 692.833862
0 1478258242 214.225876 945.453918
0 1478212181 574.249939 748.958313
0 1478185147 503.682983 716.858887
0 1568502645 800.339050 434.975128
0 1568508652 867.481323 475.056519
0 1438984619 790.431824 514.179688
0 1659977623 874.725464 454.599365
0 1478209177 262.359558 802.714478
0 1438982617 885.835938 446.746307
0 1524805264 1025.934082 258.418701
0 1771287074 771.940125 427.483093
0 2087111947 954.363708 475.609131
0 1524817279 1162.279053 287.106293
0 1524795251 1161.478027 263.354828
0 1478230204 459.683136 768.704590
0 1478230203 269.293030 905.801025
0 1524847318 1078.608521 244.762222
0 1578516671 750.208862 454.043030
0 1568513659 912.073303 442.946655
0 1578529687 797.548340 423.874725
0 1524819282 1148.385498 272.782562
0 1478253235 536.370850 755.487000
0 1524836304 1109.440918 255.088654
0 1478243221 278.217010 876.222168
0 1568501644 761.518921 518.536743
0 1438998637 819.922485 409.616272
0 1524816278 1016.090698 274.371216
0 1705773174 984.025757 420.497101
0 1524845316 1172.970581 232.956711
0 1524842312 1179.663940 239.063477
0 1568507651 943.270813 392.386536
0 1438999638 960.142944 488.604553
0 1478252233 508.720337 675.449463
0 1438993630 1002.171265 455.168854
0 1478237214 527.602417 858.485840
0 1524857332 1030.349243 237.202652
0 1478248228 463.372955 745.350708
0 1478225197 610.969971 816.236328
0 1524859335 1148.151245 250.183243
0 1524832298 1135.190552 259.178986
0 1478200166 610.327759 871.691040
0 1478250231 397.482697 713.705872
0 1478245225 485.516388 866.194824
0 1438995633 978.357666 409.666718
0 1524804263 1064.871826 253.516266
0 1524839308 1128.838867 252.630539
0 1524849321 1046.929199 285.901184
0 1568512658 953.353577 413.221497
0 1568514661 851.921509 427.641785
0 1478231205 323.558563 725.936462
0 1773608077 943.380920 450.912506
0 1438977615 779.338379 462.169128
0 1524834301 1040.290649 249.556137
0 1607644171 787.513000 500.494812
0 1524800258 1160.739380 241.446136
0 1568504647 987.815918 484.434296
0 1568500642 859.445129 450.568207
0 1478256239 425.449097 751.795898
0 1524815277 1011.152222 267.543854
0 1568503646 748.165771 442.392487
0 1478220191 443.051147 873.973267
0 1478207174 342.269592 788.941528
0 1524841311 1049.113647 234.883774
0 1478213182 488.917236 838.238953
0 1524813274 1050.729980 262.528534
0 1568516663 932.297729 492.800781
0 1578517672 994.272217 497.775574
0 1578527685 759.098145 504.732880
0 1478240218 429.828735 729.240601
0 1478215185 570.638611 823.506958
0 1524838307 1006.336304 260.886139
0 1478197163 387.219452 758.293091
0 1478221192 434.018860 707.661072
0 1524819281 1167.378906 247.746704
0 2086284946 881.597717 435.192566
0 1524824288 1100.169189 295.251770
0 1524802260 992.580872 241.869995
0 1478226199 416.067505 800.111389
0 1578518673 880.617493 515.085571
0 1438981616 989.877869 431.679108
0 1478238215 611.268127 790.484131
0 1609135173 823.013611 420.286530
0 1524837305 1016.198364 245.674835
0 1524793249 1056.148315 269.261505
0 1568515662 794.844482 413.119263
0 1568516664 894.335388 399.222015
0 1438991628 869.666809 402.667786
0 1478249230 611.823975 742.482178
0 1438996634 938.158508 439.169037
0 1578519675 822.696533 523.907104
0 1524829295 1091.957275 236.255463
0 1524864341 1045.445679 255.962128
0 1478255238 525.127625 887.557190
0 1438993631 769.627686 416.641663
0 1524788244 1036.164795 271.810577
0 1772785076 966.127625 502.062073
0 1524828293 1128.280396 275.382202
0 1478203171 438.351837 903.716736
0 1524798255 1181.163086 260.826874
0 1478199165 451.768829 818.796509
0 1578528686 855.622314 438.919250
0 1478192156 405.753113 853.231140
0 1478228201 354.805573 741.818237
0 1772037075 923.466736 406.132141
0 1578515670 803.220642 446.437347
0 1524851323 1089.957275 257.557617
0 1478218188 349.956421 920.177917
0 1478202169 466.900238 723.025513
0 1478254236 305.137115 928.524231
0 1478246226 567.921936 879.587952
0 1524809269 1097.643555 242.380753
0 1524822285 1188.320557 267.618805
0 1524841310 1031.691528 295.938538
0 1478235210 224.852341 913.941284
0 1578515669 764.027710 532.842529
0 1524854328 1103.469727 248.656631
0 0 464.006500 366.446442
0 1 1250.642456 504.608215
0 2 823.955627 552.294006
0 3 579.583740 285.187500
0 4 1172.530884 413.014526
0 5 631.393127 887.897888
0 6 516.842224 323.387604
0 7 972.644348 269.375763
0 8 1025.839233 265.507324
0 9 1544.870239 585.224731
0 10 1084.191895 317.810760
0 11 1504.386230 739.795837
0 12 1061.430420 220.653061
0 13 1373.085693 347.058105
0 14 450.374695 442.689392
0 15 610.106201 597.976746
0 16 433.504486 541.136108
0 17 1255.776123 283.759827
0 18 419.223785 601.124268
0 19 511.056915 585.096375
0 20 1494.010742 536.299744
0 21 478.348633 313.392090
0 22 1376.727783 405.444519
0 23 993.757690 227.326706
0 24 868.253601 859.168640
0 25 325.861847 553.923279
0 26 305.940735 603.738037
0 27 1531.100830 630.680542
0 28 1167.540283 804.294189
0 29 1086.352783 275.266815
0 30 1102.477661 354.378754
0 31 402.663330 638.174561
0 32 233.558716 664.440430
0 33 323.520111 516.972534
0 34 433.275696 671.044678
0 35 1488.831787 681.115601
0 36 346.163788 479.158783
0 37 266.460480 496.919922
0 38 1320.675537 354.556152
0 39 292.648834 673.725586
