0 1578512666 966.700500 517.931580
0 1524823287 1394.372681 438.101654
0 1478234209 510.438995 480.243164
0 1707269176 858.582458 480.329041
0 1438989626 1052.721802 491.123169
0 1524801259 1309.781006 471.810028
0 1438992629 993.075012 493.002136
0 1478227200 425.470947 516.828918
0 1524854327 1255.743774 457.438538
0 1478249229 373.504425 543.550842
0 1524807266 1407.820190 516.317017
0 1524863340 1441.749146 456.963562
0 1524831297 1427.277222 503.058746
0 1478229202 436.619751 522.540771
0 1568509654 977.139465 487.778595
0 1524790246 1433.019287 462.550995
0 1578523681 901.287048 452.941345
0 1478207175 373.263550 524.561157
0 1524861337 1341.258301 425.393005
0 1478210178 413.118591 494.115570
0 1524862338 1366.672607 505.015778
0 1478186149 434.522766 504.769806
0 1524797254 1445.919312 490.355713
0 1578518674 873.167236 485.401520
0 1438985621 901.730042 463.060242
0 1524857331 1367.396973 438.913513
0 1478203170 393.286499 500.339844
0 1438994632 935.492554 518.939331
0 1578520676 1022.927612 492.061737
0 1478237213 599.592834 505.397339
0 1568511657 919.432251 513.238037
0 1775370079 983.373291 523.730225
0 1478195160 506.447754 464.824249
0 1568510655 951.872314 524.754028
0 1478257240 568.903503 506.364105
0 1578521677 872.982544 508.625824
0 1524794250 1322.795654 435.396576
0 1524812272 1301.616211 461.275665
0 1769859072 918.593567 501.200378
0 1578525683 995.411682 504.721741
0 1770636073 857.812073 503.126740
0 1524846317 1452.561646 467.365356
0 1524833300 1319.864014 466.052979
0 1568511656 914.859802 447.607849
0 1438985620 931.071045 472.677887
0 1478185148 488.520935 470.450562
0 1707993177 796.788208 505.060760
0 1478189152 581.274109 511.891052
0 1524791247 1413.826782 457.822754
0 1524830296 1424.113770 468.250916
0 2088218948 917.013489 478.520691
0 1524827292 1385.499512 443.308167
0 1606348170 887.633911 468.701904
0 1524855329 1307.861816 488.863312
0 1478183145 612.247070 510.909424
0 1438990627 903.682007 507.646851
0 1524840309 1349.604248 434.594086
0 1478222194 519.140930 513.860229
0 1709860179 922.168152 552.508362
0 1478188151 471.417389 540.368652
0 1438988624 902.667908 484.483154
0 1478243222 441.221344 561.537354
0 1524843313 1469.619629 456.105927
0 1524844315 1436.696899 496.640015
0 1524858333 1431.335815 446.945801
0 1524811271 1327.092163 494.144958
0 1524859334 1412.693481 442.485291
0 1478216186 556.767395 500.941895
0 1524851324 1305.517212 431.139893
0 1524814275 1281.061768 472.704041
0 1578514668 842.929260 497.731934
0 1478184146 550.238770 512.874634
0 1524829294 1404.810181 463.424011
0 1478176143 503.918091 539.312378
0 1524860336 1270.469360 478.593414
0 1478222193 427.330872 535.348816
0 1438997636 961.498840 482.651825
0 1478194158 543.438904 525.302979
0 1478201168 394.121399 517.822449
0 1478187150 481.038025 481.142792
0 1478205172 414.536469 511.226868
0 1524838306 1386.623169 492.246582
0 1568514660 829.283020 481.235840
0 1524865342 1234.436279 468.696869
0 2085418945 856.977051 527.838074
0 1524808268 1291.441895 466.932648
0 1478200167 465.174500 503.809998
0 1478194159 404.973969 523.549927
0 1568501643 858.204834 491.502838
0 1478239216 575.125000 524.286255
0 1524820283 1283.693115 456.583374
0 1438989625 842.221375 509.606750
0 1568505649 887.825867 479.423981
0 1478255237 517.360779 469.577881
0 1524804262 1252.287598 473.599762
0 1568506650 827.330505 504.092804
0 1478217187 551.305481 484.363861
0 1568505648 857.403137 515.228455
0 1568497640 858.945679 469.579681
0 1578511665 844.263611 475.349091
0 1478258241 473.261780 492.254211
0 1524796253 1376.647827 480.919067
0 1478206173 384.028076 530.418152
0 1524826291 1337.394897 487.927307
0 1578529688 872.782288 533.819275
0 1478233207 451.581177 482.044098
0 1708834178 888.025452 490.569061
0 1478189153 459.586243 534.307190
0 1568499641 981.210266 511.255707
0 1478245224 470.235687 476.189392
0 1524852325 1356.887085 493.194824
0 1478219190 453.383942 568.155090
0 1578525682 904.220581 519.949158
0 1478232206 450.601105 547.629700
0 1524818280 1329.747437 460.410004
0 1524850322 1397.005493 504.036285
0 1438996635 843.609497 486.321625
0 1524832299 1348.232788 465.175018
0 1478242220 443.219330 493.183990
0 1524789245 1489.278931 460.809814
0 1438999639 1020.103699 480.827484
0 1478196161 503.246033 491.326233
0 1478252234 563.040833 489.475677
0 1524803261 1358.256226 444.132538
0 1478211179 395.952087 556.154785
0 1578523680 936.714844 531.727844
0 1578530689 990.829468 481.738739
0 1568508653 973.376648 466.078339
0 1524826290 1417.653931 509.616211
0 1524847319 1405.753662 480.002197
0 1524810270 1266.086304 451.973877
0 1524835302 1338.445801 470.917725
0 1524821284 1450.308228 451.485321
0 1524799257 1367.056030 470.027069
0 1478233208 499.718170 520.528687
0 1608354172 826.294067 516.226685
0 1524835303 1262.965942 467.813904
0 1478251232 528.471191 474.417450
0 1524812273 1299.492065 477.684601
0 1706512175 1039.434937 497.370575
0 1438986622 937.989990 545.069092
0 1478211180 445.533203 510.250427
0 1524823286 1422.666992 452.331085
0 1478223195 544.859131 495.621490
0 1478244223 476.468109 509.275940
0 1438987623 872.884460 520.961060
0 1478193157 468.201080 521.533691
0 1478198164 462.321411 487.102020
0 1524862339 1367.231323 454.027283
0 1478236212 555.951172 531.195435
0 1478240217 562.560364 518.524719
0 1478214183 403.810303 505.731537
0 1578521678 959.897583 471.790863
0 1524844314 1376.753662 498.563477
0 1524848320 1303.621216 445.785767
0 1524806265 1357.370483 475.872253
0 1524787243 1425.647827 485.130310
0 1478241219 491.774597 533.267822
0 1524799256 1328.459106 476.777557
0 1478190154 516.309143 545.480286
0 1478226198 479.871277 527.342712
0 1478208176 395.008270 536.392517
0 1478214184 587.178162 499.989655
0 2084722944 888.449219 514.232239
0 1578522679 963.163818 493.944397
0 1524825289 1480.955566 466.481476
0 1774531078 975.221802 476.719208
0 1525674169 979.134033 499.281677
0 1478197162 341.488312 525.574402
0 1524815276 1318.266602 482.758148
0 1768901071 953.456970 537.796692
0 1578526684 934.319885 506.669861
0 1478182144 423.719849 499.392517
0 1524853326 1387.044800 510.611023
0 1478218189 593.885864 517.525818
0 1578513667 903.164856 495.834412
0 1438983618 873.076721 496.782257
0 1478224196 531.171143 519.525696
0 1478247227 373.036957 506.695129
0 1524792248 1314.916992 426.173279
0 1524795252 1461.175537 461.679565
0 1524808267 1339.436768 454.877747
0 1478191155 483.489990 546.553833
0 1524856330 1454.950684 484.201630
0 1478236211 539.784180 479.345306
0 1478258242 331.231995 519.815674
0 1478212181 523.896179 532.230530
0 1478185147 538.153015 507.332794
0 1568502645 916.268372 467.825745
0 1568508652 888.233093 502.162598
0 1438984619 812.722290 498.683502
0 1659977623 918.186768 495.361206
0 1478209177 432.546051 488.018250
0 1438982617 933.193848 494.888489
0 1524805264 1313.299927 440.541595
0 1771287074 915.550964 457.528748
0 2087111947 920.305969 525.779907
0 1524817279 1346.692139 499.528107
0 1524795251 1396.287720 486.060822
0 1478230204 487.980530 514.847839
0 1478230203 362.708496 518.818054
0 1524847318 1376.454102 448.615723
0 1578516671 873.338013 463.924133
0 1568513659 948.893860 500.240082
0 1578529687 930.069397 462.197937
0 1524819282 1366.870239 486.993164
0 1478253235 511.687714 526.321777
0 1524836304 1376.548096 464.298676
0 1478243221 383.477722 512.205261
0 1568501644 798.388794 493.375916
0 1438998637 958.356262 461.337280
0 1524816278 1276.229370 446.614685
0 1705773174 1012.005737 510.267548
0 1524845316 1472.463257 472.268280
0 1524842312 1463.796753 478.173767
0 1568507651 1036.260620 485.927307
0 1438999638 904.782043 532.772461
0 1478252233 574.996338 494.683350
0 1438993630 968.580994 530.685486
0 1478237214 429.310059 555.056335
0 1524857332 1358.662964 429.557404
0 1478248228 507.341309 508.303406
0 1478225197 474.841888 560.422791
0 1524859335 1415.027100 474.066803
0 1524832298 1386.226562 474.968628
0 1478200166 431.420380 576.069580
0 1478250231 521.700928 485.274811
0 1478245225 417.642334 548.707886
0 1438995633 1025.865845 503.750580
0 1524804263 1348.937866 449.452942
0 1524839308 1395.612061 469.138153
0 1524849321 1273.432373 462.142914
0 1568512658 1009.314331 498.325165
0 1568514661 946.145386 477.619080
0 1478231205 499.380798 475.302582
0 1773608077 950.352539 512.245911
0 1438977615 873.254272 474.457001
0 1524834301 1340.372803 439.726837
0 1607644171 828.326050 492.438446
0 1524800258 1443.772705 473.166687
0 1568504647 921.217163 538.858276
0 1568500642 917.787964 489.637085
0 1478256239 495.765717 502.852081
0 1524815277 1286.178467 441.357849
0 1568503646 887.449036 458.379059
0 1478220191 406.210785 542.487915
0 1478207174 454.093567 498.446960
0 1524841311 1376.365112 433.793030
0 1478213182 438.848358 541.427124
0 1524813274 1321.371216 450.291718
0 1568516663 888.674377 526.807922
0 1578517672 905.367676 546.150574
0 1578527685 813.994629 487.243500
0 1478240218 514.663086 496.561462
0 1478215185 462.596466 553.960266
0 1524838307 1295.939209 436.200500
0 1478197163 484.407928 497.503326
0 1478221192 533.172424 490.400055
0 1524819281 1434.803223 479.087097
0 2086284946 947.492554 488.706940
0 1524824288 1288.990845 483.680359
0 1524802260 1324.143921 421.298065
0 1478226199 456.757263 515.837341
0 1578518673 841.484070 521.975037
0 1438981616 997.844788 516.925903
0 1478238215 495.811432 552.866516
0 1609135173 944.849243 466.951202
0 1524837305 1332.113403 430.347961
0 1524793249 1311.590820 455.729767
0 1568515662 943.601257 456.679932
0 1568516664 1004.242737 475.821045
0 1438991628 988.669617 470.905487
0 1478249230 536.350708 538.258362
0 1438996634 964.896362 505.694824
0 1578519675 811.398254 510.589630
0 1524829295 1403.919922 447.780029
0 1524864341 1330.963501 444.958435
0 1478255238 407.527802 562.654297
0 1438993631 929.104675 452.104187
0 1524788244 1293.754150 451.132050
0 1772785076 888.909180 539.922119
0 1524828293 1347.485474 481.837738
0 1478203171 384.613373 549.788330
0 1524798255 1416.300537 491.300201
0 1478199165 447.989319 528.365784
0 1578528686 932.111755 483.566589
0 1478192156 416.041656 529.390930
0 1478228201 492.039642 486.187531
0 1772037075 1006.728760 486.852051
0 1578515670 902.190002 473.566589
0 1524851323 1357.826050 459.545990
0 1478218188 362.618286 537.438477
0 1478202169 526.296692 501.896057
0 1478254236 351.948425 531.447510
0 1478246226 419.347931 569.291077
0 1524809269 1394.974731 453.178406
0 1524822285 1406.755127 497.600769
0 1524841310 1245.195923 463.011810
0 1478235210 352.356812 513.185608
0 1578515669 782.455750 499.636932
0 1524854328 1385.852539 458.683594
0 0 918.108398 330.026367
0 1 505.734436 448.794128
0 2 678.114502 381.617615
0 3 956.468750 330.711456
0 4 543.775330 434.041687
0 5 587.429321 439.801361
0 6 1184.011841 376.811432
0 7 855.357117 550.282959
0 8 1024.642456 553.732910
0 9 1227.892090 597.203918
0 10 801.361694 527.511230
0 11 1360.883179 518.281006
0 12 1414.095581 441.199707
0 13 1347.171997 415.763580
0 14 1416.036011 466.493683
0 15 1117.850098 376.140076
0 16 871.255615 352.550507
0 17 1282.738159 563.926514
0 18 422.340820 614.141235
0 19 890.950623 339.821228
0 20 1124.217041 638.084412
0 21 1063.257812 576.848938
0 22 988.598572 722.230774
0 23 1230.047852 397.330505
0 24 363.853699 557.993286
0 25 1074.676147 383.206696
0 26 989.263367 362.054901
0 27 398.565369 585.622498
0 28 845.228882 750.190369
0 29 760.432800 553.153625
0 30 633.141663 396.769135
0 31 794.299927 379.337952
0 32 1306.125488 423.736572
0 33 1199.590454 416.184875
0 34 1177.647583 392.845367
0 35 688.798828 404.860718
0 36 714.340637 368.138123
0 37 1283.771240 437.591339
0 38 1036.027100 680.033264
0 39 1263.574219 411.540131
