0 1578512666 941.359741 553.380371
0 1524823287 402.385284 602.900635
0 1478234209 1437.789062 625.040405
0 1707269176 1048.241821 597.000916
0 1438989626 847.685242 571.388977
0 1524801259 564.307678 571.583984
0 1438992629 908.784546 573.839355
0 1478227200 1470.650146 590.747375
0 1524854327 598.456909 591.256042
0 1478249229 1480.648071 569.765930
0 1524807266 540.439026 527.125732
0 1524863340 396.240051 576.889221
0 1524831297 502.217041 535.816040
0 1478229202 1450.655029 584.436829
0 1568509654 923.373901 580.153198
0 1524790246 418.332520 571.684448
0 1578523681 1001.518127 627.074402
0 1478207175 1510.856689 586.847839
0 1524861337 433.154907 625.069397
0 1478210178 1523.251465 616.091858
0 1524862338 560.659607 538.153564
0 1478186149 1480.861206 602.526489
0 1524797254 462.442108 544.859375
0 1578518674 1031.985840 590.366516
0 1438985621 1001.247253 613.854492
0 1524857331 435.577698 604.239868
0 1478203170 1533.227417 610.497009
0 1438994632 970.703674 554.554016
0 1578520676 878.230286 572.614014
0 1478237213 1306.828491 589.802551
0 1568511657 985.337891 560.416138
0 1775370079 927.314819 547.648438
0 1478195160 1469.966919 645.975342
0 1568510655 956.362610 548.809509
0 1478257240 1337.511963 591.033142
0 1578521677 1030.238037 567.599365
0 1524794250 479.573914 612.831055
0 1524812272 555.034851 583.276062
0 1769859072 985.253784 571.294373
0 1578525683 910.437683 562.801392
0 1770636073 1045.801758 573.720886
0 1524846317 408.893097 565.342346
0 1524833300 544.001648 576.735168
0 1568511656 984.774841 633.231873
0 1438985620 969.069214 599.928833
0 1478185148 1481.103271 639.729736
0 1707993177 1106.385742 576.148926
0 1478189152 1318.714722 584.658325
0 1524791247 427.979126 578.165771
0 1524830296 439.956970 566.589905
0 2088218948 985.074707 594.462158
0 1524827292 425.408417 597.169373
0 1606348170 1017.255920 608.113342
0 1524855329 592.570435 555.556946
0 1478183145 1288.354858 583.441589
0 1438990627 1000.274719 566.399292
0 1524840309 445.983215 611.474609
0 1478222194 1379.461670 587.092834
0 1709860179 985.571045 530.279968
0 1478188151 1393.079224 566.265747
0 1438988624 1000.740173 589.111633
0 1478243222 1395.519409 551.417664
0 1524843313 364.510986 575.613037
0 1524844315 482.529541 540.292236
0 1524858333 383.023132 588.950623
0 1524811271 581.714172 549.636169
0 1524859334 392.594360 595.846497
0 1478216186 1356.710815 597.544067
0 1524851324 490.620514 620.252991
0 1524814275 595.419189 572.833435
0 1578514668 1061.693970 579.971680
0 1478184146 1349.083618 585.875366
0 1524829294 449.735168 572.946533
0 1478176143 1363.906372 565.099609
0 1524860336 614.976074 567.776428
0 1478222193 1441.361816 573.378967
0 1438997636 938.277588 586.603088
0 1478194158 1341.766846 574.681458
0 1478201168 1501.064575 591.966248
0 1478187150 1470.209717 626.345398
0 1478205172 1491.068115 597.191345
0 1524838306 522.060608 547.247131
0 1568514660 1079.840210 598.270813
0 1524865342 638.355957 580.527344
0 2085418945 1043.555908 552.294739
0 1524808268 575.443359 577.998840
0 1478200167 1449.809448 601.280334
0 1478194159 1480.751343 585.642151
0 1568501643 1046.996094 585.114502
0 1478239216 1312.016724 573.490784
0 1524820283 566.313171 589.962219
0 1438989625 1060.210205 568.799744
0 1568505649 1016.653381 595.731323
0 1478255237 1447.946289 638.393066
0 1524804262 626.540283 574.083313
0 1568506650 1076.089233 574.934692
0 1478217187 1384.798828 616.649780
0 1568505648 1044.656006 562.790222
0 1568497640 1049.542969 609.412903
0 1578511665 1064.856079 603.781433
0 1478258241 1459.788574 613.541199
0 1524796253 512.295349 557.938477
0 1478206173 1490.648438 580.640137
0 1524826291 562.426941 554.348938
0 1578529688 1028.628052 546.627136
0 1478233207 1502.640991 627.650818
0 1708834178 1016.076416 583.873535
0 1478189153 1411.881714 572.199829
0 1568499641 926.054565 558.043457
0 1478245224 1491.991943 633.623169
0 1524852325 551.882996 548.441467
0 1478219190 1377.596191 545.911804
0 1578525682 1000.056030 555.728088
0 1478232206 1403.539062 561.603577
0 1524818280 523.255981 581.997864
0 1524850322 531.434082 536.984619
0 1438996635 1063.241211 591.621765
0 1524832299 512.569763 575.471924
0 1478242220 1491.515015 614.816345
0 1524789245 355.556335 569.161438
0 1438999639 875.853455 584.096008
0 1478196161 1428.071899 612.266479
0 1478252234 1364.668335 609.718323
0 1524803261 458.233093 598.492676
0 1478211179 1442.413330 558.174438
0 1578523680 971.071899 544.328003
0 1578530689 907.060730 585.349365
0 1568508653 920.456421 604.217041
0 1524826290 521.516418 531.428040
0 1524847319 481.860291 556.717957
0 1524810270 577.844788 596.798645
0 1524835302 533.205627 570.334900
0 1524821284 373.664337 582.207825
0 1524799257 502.113251 569.086182
0 1478233208 1390.489014 582.027222
0 1608354172 1074.328125 563.977783
0 1524835303 606.894775 579.262878
0 1478251232 1426.422241 630.981812
0 1524812273 584.187805 566.540894
0 1706512175 864.266235 566.445618
0 1438986622 971.426147 534.497192
0 1478211180 1460.338379 595.958923
0 1524823286 405.747040 583.499207
0 1478223195 1376.323975 604.195557
0 1478244223 1429.617920 594.726929
0 1438987623 1029.416870 556.902405
0 1478193157 1420.567505 583.231812
0 1478198164 1480.978271 620.518127
0 1524862339 469.942932 586.083191
0 1478236212 1323.492798 568.664551
0 1478240217 1330.358398 579.619019
0 1478214183 1511.922607 603.773071
0 1578521678 937.160400 598.645447
0 1524844314 541.554199 542.654602
0 1524848320 523.914490 601.140625
0 1524806265 522.639282 564.070740
0 1524787243 472.050110 550.726929
0 1478241219 1382.410278 571.021118
0 1524799256 553.408875 565.305603
0 1478190154 1345.770386 559.295898
0 1478226198 1401.293335 577.063904
0 1478208176 1470.850464 574.558411
0 1478214184 1325.696777 596.299438
0 2084722944 1014.992615 561.603027
0 1578522679 939.348022 575.065063
0 1524825289 377.838806 564.095215
0 1774531078 921.946716 591.924988
0 1525674169 924.742004 568.869263
0 1478197162 1540.970825 588.053955
0 1524815276 573.192810 560.380737
0 1768901071 957.007141 538.796021
0 1578526684 970.320190 565.199646
0 1478182144 1501.827393 609.235962
0 1524853326 550.448242 532.584473
0 1478218189 1300.306396 578.415405
0 1578513667 1000.502563 577.517639
0 1438983618 1031.093628 578.744446
0 1478224196 1360.419312 580.822937
0 1478247227 1542.993286 605.020020
0 1524792248 467.536560 626.460144
0 1524795252 386.939575 570.422729
0 1524808267 502.056152 587.375793
0 1478191155 1374.650635 560.449585
0 1524856330 441.942413 549.520325
0 1478236211 1405.378418 623.735840
0 1478258242 1561.920410 594.405151
0 1478212181 1352.947266 569.842651
0 1478185147 1368.204712 592.263977
0 1568502645 984.979126 606.814148
0 1568508652 1015.523315 572.507446
0 1438984619 1092.303467 581.199219
0 1659977623 985.210449 576.904358
0 1478209177 1513.058228 621.808472
0 1438982617 969.920654 576.291199
0 1524805264 501.995209 606.919678
0 1771287074 984.879333 619.724487
0 2087111947 985.418701 549.970947
0 1524817279 571.079468 543.836304
0 1524795251 502.166748 551.933899
0 1478230204 1409.848877 588.310669
0 1478230203 1531.487793 593.185486
0 1524847318 447.922028 591.564880
0 1578516671 1033.889893 615.169495
0 1568513659 954.993408 570.081665
0 1578529687 968.614990 612.539978
0 1524819282 532.292358 553.141235
0 1478253235 1371.525757 575.872498
0 1524836304 481.147614 574.209045
0 1478243221 1521.807129 598.424133
0 1568501644 1108.863525 587.597351
0 1438998637 935.993286 611.225830
0 1524816278 556.771118 602.465271
0 1705773174 896.425781 556.857605
0 1524845316 399.654419 559.135071
0 1524842312 421.017670 554.277893
0 1568507651 861.619324 577.674805
0 1438999638 999.845947 545.477417
0 1478252233 1344.972290 602.936401
0 1438993630 942.306152 543.178955
0 1478237214 1413.795776 557.031921
0 1524857332 422.657379 617.506226
0 1478248228 1398.906616 593.495239
0 1478225197 1367.191406 550.287476
0 1524859335 461.128174 561.602173
0 1524832298 491.879089 562.836243
0 1478200166 1387.804565 541.618713
0 1478250231 1416.848633 617.938782
0 1478245225 1432.435669 562.757874
0 1438995633 880.509705 561.602783
0 1524804263 480.387085 592.872742
0 1524839308 471.030334 567.837830
0 1524849321 586.823730 584.554626
0 1568512658 894.499634 567.657227
0 1568514661 953.505798 593.193420
0 1478231205 1459.201782 632.302307
0 1773608077 955.691956 559.229614
0 1438977615 1032.917114 602.496826
0 1524834301 468.781006 605.579590
0 1607644171 1077.925049 586.355713
0 1524800258 430.386658 560.368469
0 1568504647 985.496399 539.933350
0 1568500642 985.166138 582.633118
0 1478256239 1418.767090 600.034546
0 1524815277 535.220276 608.260254
0 1568503646 1017.885620 621.055176
0 1478220191 1451.450195 568.598877
0 1478207174 1470.437012 607.975281
0 1524841311 412.403625 610.118591
0 1478213182 1422.260498 567.432129
0 1524813274 512.862610 594.180969
0 1568516663 1014.483154 551.132690
0 1578517672 999.643921 535.622986
0 1578527685 1094.506104 592.877441
0 1478240218 1407.685303 605.455078
0 1478215185 1385.186401 555.889771
0 1524838307 513.175781 614.187927
0 1478197163 1439.056274 606.714966
0 1478221192 1396.365112 610.992249
0 1524819281 451.434387 555.497681
0 2086284946 954.265381 581.392944
0 1524824288 603.655273 561.602417
0 1524802260 443.905060 632.814636
0 1478226199 1440.244873 589.528809
0 1578518673 1058.786255 558.077087
0 1438981616 912.024353 552.207031
0 1478238215 1356.584839 554.747925
0 1609135173 952.712708 605.515381
0 1524837305 456.633240 618.879333
0 1524793249 534.179565 588.668823
0 1568515662 951.883728 618.394226
0 1568516664 890.397461 590.657043
0 1438991628 905.261597 597.362427
0 1478249230 1334.741821 563.933899
0 1438996634 940.374512 564.000366
0 1578519675 1090.191162 570.000488
0 1524829295 415.467407 590.257568
0 1524864341 491.068481 599.816406
0 1478255238 1423.855347 552.548218
0 1438993631 968.139954 625.727661
0 1524788244 545.348511 595.489563
0 1772785076 1013.993591 541.070984
0 1524828293 542.739502 559.159424
0 1478203171 1461.340454 563.912537
0 1524798255 492.246948 546.053040
0 1478199165 1431.069702 578.255615
0 1578528686 969.504089 587.857178
0 1478192156 1460.854736 579.447693
0 1478228201 1448.908447 619.228333
0 1772037075 892.491943 578.913879
0 1578515670 1000.988159 601.212646
0 1524851323 491.487061 580.720093
0 1478218188 1500.347534 575.738220
0 1478202169 1387.734131 598.789124
0 1478254236 1520.450928 581.832947
0 1478246226 1405.655762 547.030701
0 1524809269 437.839874 584.791016
0 1524822285 512.037537 541.473267
0 1524841310 618.622559 585.833618
0 1478235210 1552.555542 599.657227
0 1578515669 1122.922241 582.427185
0 1524854328 459.728119 579.442749
0 0 543.315369 489.965729
0 1 766.861511 675.518005
0 2 785.730103 636.346619
0 3 1315.479492 618.869568
0 4 1054.611084 807.595276
0 5 1229.734863 444.766754
0 6 1283.412964 641.280884
0 7 1411.159790 632.585388
0 8 1428.190918 615.387573
0 9 704.125000 460.998901
0 10 1473.602051 674.871460
0 11 1108.154419 409.787354
0 12 584.362061 625.679626
0 13 1191.437866 432.758331
0 14 708.732910 717.622192
0 15 793.764954 495.238129
0 16 1431.547729 512.616821
0 17 528.718628 579.101135
0 18 1400.564453 496.458557
0 19 658.280762 586.607727
0 20 657.478699 473.717377
0 21 1432.715210 653.113220
0 22 589.812256 494.513763
0 23 793.302063 757.777832
0 24 1164.292114 420.236023
0 25 635.210632 537.005737
0 26 856.022156 500.239594
0 27 882.439819 430.092255
0 28 453.234924 524.651917
0 29 1245.552490 792.851562
0 30 1113.192749 783.116150
0 31 1333.373169 474.702606
0 32 938.539185 452.126587
0 33 941.857666 474.332916
0 34 844.511414 485.941620
0 35 1063.504150 409.079926
0 36 611.003906 570.948608
0 37 1103.552490 480.912567
0 38 488.391998 555.557861
0 39 893.715759 467.438385
