0 1578512666 942.969849 516.968811
0 1524823287 432.272766 427.042603
0 1478234209 1402.585938 841.259766
0 1707269176 956.798950 607.526001
0 1438989626 814.876953 508.458740
0 1524801259 589.406250 433.141693
0 1438992629 866.611206 530.407715
0 1478227200 1564.392822 810.315918
0 1524854327 578.060486 461.173248
0 1478249229 1649.017822 783.971802
0 1524807266 651.667236 383.240173
0 1524863340 471.319641 401.417023
0 1524831297 609.353577 383.858582
0 1478229202 1547.905273 787.916809
0 1568509654 867.120728 542.526001
0 1524790246 493.411621 401.075317
0 1578523681 840.892700 625.778809
0 1478207175 1652.257935 830.829102
0 1524861337 413.830658 454.630737
0 1478210178 1581.574707 885.879395
0 1524862338 646.566162 398.706085
0 1478186149 1546.145264 835.262207
0 1524797254 566.840881 384.479919
0 1578518674 954.606812 593.171021
0 1438985621 869.954224 609.916809
0 1524857331 449.786591 435.560608
0 1478203170 1618.785278 884.211365
0 1438994632 970.640015 528.008972
0 1578520676 840.353149 519.267334
0 1478237213 1299.582153 714.101624
0 1568511657 972.915222 540.014465
0 1775370079 941.250305 505.708557
0 1478195160 1393.058472 894.329895
0 1568510655 968.439697 516.398254
0 1478257240 1342.001099 732.098572
0 1578521677 1004.873413 564.609314
0 1524794250 462.184631 453.744110
0 1524812272 562.267212 442.626648
0 1769859072 948.485962 553.089966
0 1578525683 891.809570 518.114746
0 1770636073 1007.879578 577.894958
0 1524846317 498.116974 393.139099
0 1524833300 566.285095 433.542267
0 1568511656 811.100464 626.624146
0 1438985620 868.759521 581.502563
0 1478185148 1431.093750 892.624878
0 1707993177 1071.282104 604.374329
0 1478189152 1331.408447 713.012939
0 1524791247 488.573669 409.235107
0 1524830296 515.450012 400.734375
0 2088218948 896.758545 580.776489
0 1524827292 455.404236 426.653015
0 1606348170 898.996948 609.117310
0 1524855329 638.364929 423.571716
0 1478183145 1290.061279 695.744690
0 1438990627 975.269043 552.435242
0 1524840309 444.000916 444.734497
0 1478222194 1419.039429 749.610901
0 1709860179 1041.068115 503.536285
0 1478188151 1502.641235 726.422852
0 1438988624 924.669678 580.052734
0 1478243222 1550.969116 705.501953
0 1524843313 454.498108 393.794983
0 1524844315 588.122253 384.168884
0 1524858333 443.699310 409.949249
0 1524811271 641.176208 415.048370
0 1524859334 438.067871 418.373505
0 1478216186 1353.057251 752.019470
0 1524851324 456.419495 463.467834
0 1524814275 609.145020 441.791138
0 1578514668 1010.994995 591.664551
0 1478184146 1374.369141 730.954895
0 1524829294 510.928162 408.879364
0 1478176143 1457.556396 708.697510
0 1524860336 632.493042 441.375000
0 1478222193 1565.268188 765.260742
0 1438997636 867.648010 555.066040
0 1478194158 1394.712769 710.847351
0 1478201168 1617.033447 832.300659
0 1478187150 1453.460449 864.711731
0 1478205172 1581.662964 833.778381
0 1524838306 603.071777 399.378906
0 1568514660 988.375183 621.593994
0 1524865342 626.263062 460.263947
0 2085418945 1055.134766 550.482971
0 1524808268 585.736572 442.208344
0 1478200167 1494.796509 813.125122
0 1478194159 1598.979858 808.919861
0 1568501643 982.845825 592.416626
0 1478239216 1352.329224 693.681519
0 1524820283 558.128174 451.984924
0 1438989625 1035.442993 577.180176
0 1568505649 926.277405 593.927917
0 1478255237 1379.359619 867.917542
0 1524804262 629.424805 450.677673
0 1568506650 1039.054810 590.914917
0 1478217187 1342.032837 795.949280
0 1568505648 1031.957886 563.927429
0 1568497640 929.676025 623.259583
0 1578511665 959.074219 622.425476
0 1478258241 1474.665283 838.248474
0 1524796253 577.662842 407.817352
0 1478206173 1633.427246 807.529419
0 1524826291 618.832336 415.414185
0 1578529688 1051.439575 538.150330
0 1478233207 1506.664062 889.237305
0 1708834178 952.493286 579.331177
0 1478189153 1517.075073 746.032166
0 1568499641 917.426636 517.540955
0 1478245224 1468.961914 890.927368
0 1524852325 621.880798 407.113647
0 1478219190 1536.484497 687.579712
0 1578525682 999.167603 539.391235
0 1478232206 1534.412354 725.300354
0 1524818280 543.104736 433.943878
0 1524850322 627.728943 391.190186
0 1438996635 985.559143 606.734192
0 1524832299 547.346436 425.104584
0 1478242220 1526.928833 861.533264
0 1524789245 459.678070 386.046143
0 1438999639 814.136841 531.617676
0 1478196161 1424.631592 815.957214
0 1478252234 1330.706421 774.111145
0 1524803261 473.206085 435.154877
0 1478211179 1614.002686 742.493835
0 1578523680 993.836548 515.829407
0 1578530689 840.474182 543.158569
0 1568508653 812.928040 569.441589
0 1524826290 630.535217 383.549011
0 1524847319 559.366882 400.055023
0 1524810270 553.862427 461.629700
0 1524835302 570.187073 424.719940
0 1524821284 449.173920 401.759613
0 1524799257 551.467346 416.516998
0 1478233208 1451.842285 748.413452
0 1608354172 1062.920532 576.467651
0 1524835303 605.721741 451.112305
0 1478251232 1366.319214 842.774963
0 1524812273 612.468445 432.742126
0 1706512175 840.295593 507.905579
0 1438986622 1016.219238 504.077057
0 1478211180 1529.665283 811.717651
0 1524823286 466.164185 409.591736
0 1478223195 1364.608398 772.831970
0 1478244223 1479.826904 790.573059
0 1438987623 1028.593018 551.131775
0 1478193157 1498.900635 767.764954
0 1478198164 1490.273193 863.119080
0 1524862339 501.491669 425.876831
0 1478236212 1383.296265 692.655457
0 1478240217 1363.118652 711.928162
0 1478214183 1599.772949 858.381714
0 1578521678 840.603760 568.744812
0 1524844314 624.845154 399.042114
0 1524848320 510.283142 452.862213
0 1524806265 573.978088 416.148468
0 1524787243 563.154907 392.161163
0 1478241219 1470.751831 727.549561
0 1524799256 592.970276 424.336243
0 1478190154 1444.899048 690.614258
0 1478226198 1484.520630 747.220520
0 1478208176 1615.446777 785.281616
0 1478214184 1309.511597 733.246460
0 2084722944 1001.971313 551.782532
0 1578522679 893.687805 541.895325
0 1524825289 481.211975 385.731415
0 1774531078 840.537842 555.728760
0 1525674169 892.732910 529.805359
0 1478197162 1707.885376 853.704468
0 1524815276 615.696167 423.953522
0 1768901071 991.300171 504.619354
0 1578526684 946.584656 540.639526
0 1478182144 1563.428467 859.954102
0 1524853326 649.151367 390.868073
0 1478218189 1321.251099 694.711304
0 1578513667 950.454285 565.979370
0 1438983618 980.229736 578.611938
0 1478224196 1406.616577 729.815552
0 1478247227 1655.834351 882.550537
0 1524792248 431.894745 463.930481
0 1524795252 476.333679 393.466644
0 1524808267 519.864929 434.346497
0 1478191155 1488.807007 707.628418
0 1524856330 545.509338 384.791687
0 1478236211 1353.890991 818.812622
0 1478258242 1729.451172 879.250549
0 1478212181 1426.191895 709.770447
0 1478185147 1386.111328 750.812927
0 1568502645 869.345886 595.448853
0 1568508652 977.705750 565.293274
0 1438984619 1042.800293 605.158386
0 1659977623 935.922974 559.814209
0 1478209177 1544.201294 887.554688
0 1438982617 921.621643 553.746643
0 1524805264 486.265686 453.302582
0 1771287074 840.816406 610.718994
0 2087111947 996.457581 527.413635
0 1524817279 643.908875 406.763123
0 1524795251 581.245728 399.716583
0 1478230204 1465.523315 769.024292
0 1478230203 1672.000488 855.256958
0 1524847318 478.477142 426.264435
0 1578516671 900.179993 624.096497
0 1568513659 920.175598 541.266479
0 1578529687 840.742920 596.213013
0 1524819282 599.798889 407.465057
0 1478253235 1438.743896 728.680481
0 1524836304 528.900452 416.886444
0 1478243221 1635.963135 856.815979
0 1568501644 1046.687256 619.939453
0 1438998637 812.495911 582.961609
0 1524816278 529.599548 462.087372
0 1705773174 890.916260 506.803955
0 1524845316 502.695068 385.417450
0 1524842312 524.127441 385.104187
0 1568507651 814.513062 519.846130
0 1438999638 1022.199890 526.820068
0 1478252233 1319.876587 753.230713
0 1438993630 966.310608 505.163177
0 1478237214 1566.066284 724.181946
0 1524857332 420.162018 445.159363
0 1478248228 1432.015991 770.288635
0 1478225197 1506.064453 688.587585
0 1524859335 537.435059 400.394318
0 1524832298 555.472534 408.170502
0 1478200166 1566.796875 686.575317
0 1478250231 1389.333740 817.381958
0 1478245225 1581.815430 743.668823
0 1438995633 865.641907 507.354004
0 1524804263 496.565430 434.750153
0 1524839308 533.227661 408.524475
0 1524849321 581.956299 451.548035
0 1568512658 866.118591 518.690186
0 1568514661 868.193909 568.050232
0 1478231205 1416.489624 866.311218
0 1773608077 944.746948 528.606018
0 1438977615 927.945068 608.320374
0 1524834301 467.777618 444.310730
0 1607644171 1014.226135 605.945068
0 1524800258 519.848083 392.812347
0 1568504647 1019.160461 515.262146
0 1568500642 923.118774 566.667480
0 1478256239 1445.584229 791.909058
0 1524815277 505.271637 462.546295
0 1568503646 870.585693 624.936279
0 1478220191 1598.259888 764.015991
0 1478207174 1510.479736 836.752258
0 1524841311 426.306702 435.967377
0 1478213182 1549.506470 744.848267
0 1524813274 515.145325 443.466492
0 1568516663 1025.342285 538.769836
0 1578517672 1044.412109 514.696533
0 1578527685 1017.579346 620.765320
0 1478240218 1411.204956 793.250488
0 1478215185 1519.944458 706.563232
0 1524838307 480.878387 463.006470
0 1478197163 1459.785522 814.538269
0 1478221192 1376.688110 794.597229
0 1524819281 541.527405 392.486359
0 2086284946 894.675781 554.405334
0 1524824288 635.471802 432.343597
0 1524802260 407.303864 464.394348
0 1478226199 1513.933716 789.242371
0 1578518673 1058.959351 563.247681
0 1438981616 916.118958 506.255463
0 1478238215 1475.536133 689.599182
0 1609135173 840.672119 582.230957
0 1524837305 438.039703 454.186798
0 1524793249 538.736938 443.046021
0 1568515662 812.047913 596.979675
0 1568516664 813.747681 543.793091
0 1438991628 813.344971 556.393494
0 1478249230 1414.152588 691.632996
0 1438996634 918.778015 529.204834
0 1578519675 1067.025391 590.167603
0 1524829295 460.861145 418.000336
0 1524864341 491.492340 443.888062
0 1478255238 1597.603394 723.067688
0 1438993631 811.583069 611.523743
0 1524788244 534.237183 452.423004
0 1772785076 1047.867310 526.228210
0 1524828293 596.433044 415.780884
0 1478203171 1631.124512 762.775940
0 1524798255 584.730896 391.836731
0 1478199165 1532.148682 766.510437
0 1578528686 895.698792 567.357849
0 1478192156 1581.742798 786.596619
0 1478228201 1438.700928 839.751038
0 1772037075 840.412598 531.011841
0 1578515670 897.857239 594.687195
0 1524851323 524.447998 425.490265
0 1478218188 1667.735962 806.144653
0 1478202169 1398.377930 771.557800
0 1478254236 1687.337158 829.363525
0 1478246226 1581.881836 704.444458
0 1524809269 483.597565 417.628113
0 1524822285 606.255432 391.513092
0 1524841310 602.193970 460.717987
0 1478235210 1692.722534 880.896973
0 1578515669 1075.699341 619.116211
0 1524854328 506.277222 417.256805
0 0 1537.586914 511.642883
0 1 980.980774 413.720856
0 2 547.862793 580.262817
0 3 1327.154785 740.174255
0 4 427.219452 868.392578
0 5 1065.238281 357.866699
0 6 1046.390625 749.026001
0 7 429.840973 805.585083
0 8 580.052979 865.375000
0 9 617.206726 793.055603
0 10 392.384064 754.824280
0 11 429.432129 498.126892
0 12 688.059021 740.751709
0 13 732.099182 353.191772
0 14 492.148773 760.424744
0 15 1036.470215 399.031891
0 16 1106.708618 347.951111
0 17 576.236023 748.643860
0 18 987.950378 353.248627
0 19 556.523560 466.996582
0 20 301.060272 821.599487
0 21 662.474121 930.847778
0 22 289.058197 771.503845
0 23 368.839417 615.725403
0 24 838.139099 348.794525
0 25 565.742126 529.666992
0 26 572.335999 495.117035
0 27 431.904388 585.320679
0 28 729.738037 781.433899
0 29 451.599030 625.760559
0 30 1259.743896 706.605225
0 31 603.189209 357.283630
0 32 793.732300 903.012573
0 33 948.487549 396.884674
0 34 1382.812622 791.582458
0 35 415.184448 701.968567
0 36 1142.845581 432.736206
0 37 1086.136230 870.681274
0 38 853.914246 767.468079
0 39 971.318665 923.677917
