0 1578512666 1010.395874 633.783813
0 1524823287 1825.603638 823.643921
0 1478234209 779.927795 410.087646
0 1707269176 1011.197876 536.699707
0 1438989626 1160.355225 648.206482
0 1524801259 1548.024414 801.073730
0 1438992629 1097.062622 617.378906
0 1478227200 670.927795 420.492889
0 1524854327 1513.734619 736.250793
0 1478249229 602.212708 430.312500
0 1524807266 1548.077759 961.822083
0 1524863340 1846.529785 902.533142
0 1524831297 1633.092773 961.890381
0 1478229202 666.129089 429.120117
0 1568509654 1095.615234 602.506470
0 1524790246 1805.457764 902.585815
0 1578523681 1113.563232 523.110046
0 1478207175 634.086609 412.898163
0 1524861337 1771.762451 755.310303
0 1478210178 704.830811 395.567780
0 1524862338 1521.233887 902.950623
0 1478186149 696.399841 411.697327
0 1524797254 1718.621338 961.959106
0 1578518674 1011.094910 549.165100
0 1438985621 1089.101074 535.567261
0 1524857331 1769.561279 799.989868
0 1478203170 684.568054 395.970062
0 1438994632 981.796387 618.714417
0 1578520676 1128.078857 632.485718
0 1478237213 781.749878 463.801392
0 1568511657 982.438110 603.878479
0 1775370079 1010.263794 649.775330
0 1478195160 806.596436 393.547302
0 1568510655 981.130737 634.106567
0 1478257240 762.701477 454.523590
0 1578521677 956.483765 576.116211
0 1524794250 1700.721313 755.769409
0 1524812272 1571.921021 778.289307
0 1769859072 1010.764038 589.219116
0 1578525683 1069.112549 633.136169
0 1770636073 957.525269 562.786438
0 1524846317 1826.116821 931.544922
0 1524833300 1584.707275 800.894226
0 1568511656 1139.247803 522.725525
0 1438985620 1091.572144 560.960632
0 1478185148 786.182800 393.952606
0 1707993177 908.004700 538.199829
0 1478189152 758.951721 464.196106
0 1524791247 1785.827881 875.069214
0 1524830296 1764.504150 902.638367
0 2088218948 1064.658813 561.327148
0 1524827292 1787.432007 823.798584
0 1606348170 1063.084595 535.945496
0 1524855329 1485.700317 825.021423
0 1478183145 778.225891 473.765564
0 1438990627 983.057007 589.569275
0 1524840309 1752.501099 777.260986
0 1478222194 722.148376 445.923492
0 1709860179 891.351135 651.018311
0 1478188151 650.900574 456.498383
0 1438988624 1037.797607 561.693054
0 1478243222 600.418701 466.940857
0 1524843313 1910.603027 931.522400
0 1524844315 1675.792603 961.924744
0 1524858333 1865.980469 874.888794
0 1524811271 1496.974609 849.747375
0 1524859334 1845.300049 848.642029
0 1478216186 766.343872 445.127808
0 1524851324 1685.912964 735.011414
0 1524814275 1500.329834 778.697083
0 1578514668 958.531799 549.905518
0 1478184146 740.268127 454.919830
0 1524829294 1745.920288 875.159058
0 1478176143 668.136536 465.768402
0 1524860336 1464.670166 778.900085
0 1478222193 639.561218 438.386414
0 1438997636 1094.219482 588.164185
0 1478194158 713.468872 464.983582
0 1478201168 654.826111 412.498505
0 1478187150 762.444153 402.316528
0 1478205172 675.597168 412.098206
0 1524838306 1601.860229 902.847168
0 1568514660 985.848511 525.022217
0 1524865342 1445.447266 736.742371
0 2085418945 900.267334 590.615723
0 1524808268 1536.080078 778.493469
0 1478200167 713.127441 419.692474
0 1478194159 649.876770 420.892151
0 1568501643 984.788330 549.535645
0 1478239216 731.992920 474.549347
0 1524820283 1559.698486 756.680786
0 1438989625 930.871094 563.149475
0 1568505649 1037.451538 548.793823
0 1478255237 803.781067 401.507690
0 1524804262 1454.847656 757.358398
0 1568506650 932.324951 550.274658
0 1478217187 794.864868 426.718567
0 1568505648 929.366577 576.472534
0 1568497640 1036.793335 524.259460
0 1578511665 1011.297485 524.641235
0 1478258241 738.100159 410.893707
0 1524796253 1626.865967 875.427124
0 1478206173 628.858093 421.290802
0 1524826291 1535.256714 849.625916
0 1578529688 898.158752 604.900146
0 1478233207 745.446472 394.761383
0 1708834178 1010.988464 562.058228
0 1478189153 656.121399 447.112213
0 1568499641 1039.723145 633.460327
0 1478245224 765.799561 394.357269
0 1524852325 1548.049194 875.604553
0 1478219190 594.223694 476.884888
0 1578525682 954.287781 604.219727
0 1478232206 628.649658 456.891418
0 1524818280 1621.485596 800.714233
0 1524850322 1575.628296 931.611694
0 1438996635 985.327271 537.075806
0 1524832299 1635.762207 824.413330
0 1478242220 721.231384 403.122925
0 1438999639 1155.056641 616.706909
0 1478196161 755.457458 418.889587
0 1478252234 791.724915 435.596649
0 1524803261 1732.397095 800.171631
0 1478211179 590.411987 448.295227
0 1578523680 951.927368 634.428711
0 1578530689 1124.054321 602.161743
0 1568508653 1147.806030 573.602478
0 1524826290 1590.521240 961.856201
0 1524847319 1682.948975 902.743103
0 1524810270 1548.002808 736.004089
0 1524835302 1598.096924 824.565979
0 1524821284 1887.720215 902.480225
0 1524799257 1650.729736 849.259399
0 1478233208 700.103943 446.320374
0 1608354172 904.268250 563.511841
0 1524835303 1489.711304 757.133057
0 1478251232 800.889465 409.683716
0 1524812273 1511.436646 801.252686
0 1706512175 1130.206909 648.521667
0 1438986622 920.983398 650.708496
0 1478211180 692.011353 420.092957
0 1524823286 1825.847900 874.979126
0 1478223195 769.883545 435.997131
0 1478244223 708.906738 428.322113
0 1438987623 927.808716 590.267578
0 1478193157 682.864197 437.592499
0 1478198164 741.822266 402.720001
0 1524862339 1711.394409 824.106750
0 1478236212 708.934753 474.940247
0 1478240217 736.191406 464.590179
0 1478214183 680.142273 403.926880
0 1578521678 1120.312134 573.963745
0 1524844314 1561.489502 902.898926
0 1524848320 1630.034180 756.226257
0 1524806265 1612.133789 849.381958
0 1524787243 1700.319702 931.578491
0 1478241219 673.187744 456.104706
0 1524799256 1560.531860 824.718201
0 1478190154 662.934692 475.720062
0 1478226198 678.094971 446.716614
0 1478208176 623.484924 429.915649
0 1478214184 785.171509 454.126678
0 2084722944 955.405212 589.918823
0 1578522679 1067.234253 602.850525
0 1524825289 1891.238770 962.097839
0 1774531078 1122.149902 587.811218
0 1525674169 1068.156006 617.713806
0 1478197162 618.739197 405.128326
0 1524815276 1523.066406 824.870056
0 1768901071 950.679443 650.398132
0 1578526684 1010.645813 603.536560
0 1478182144 700.671448 403.525208
0 1524853326 1534.307617 931.622681
0 1478218189 755.089905 474.157806
0 1578513667 1010.878174 575.401550
0 1438983618 984.231018 562.422668
0 1478224196 717.871521 455.315430
0 1478247227 664.335327 396.371765
0 1524792248 1720.601318 734.761780
0 1524795252 1868.297363 931.533691
0 1524808267 1658.359741 800.533875
0 1478191155 645.526611 466.159882
0 1524856330 1761.579834 961.993713
0 1478236211 797.918518 418.084198
0 1478258242 623.959412 397.173401
0 1478212181 690.783936 465.376312
0 1478185147 744.228271 445.526001
0 1568502645 1090.315674 548.049133
0 1568508652 983.654236 575.759277
0 1438984619 933.730774 537.825806
0 1659977623 1024.573730 582.072205
0 1478209177 725.123596 395.164856
0 1438982617 1038.526733 588.868225
0 1524805264 1665.333740 755.998108
0 1771287074 1115.166260 535.188354
0 2087111947 953.129272 619.046509
0 1524817279 1508.805054 875.692932
0 1524795251 1642.346558 902.795166
0 1478230204 704.567261 437.194611
0 1478230203 639.176208 404.728455
0 1524847318 1749.362427 823.952942
0 1578516671 1062.336060 523.877014
0 1568513659 1038.911133 603.193909
0 1578529687 1116.823486 547.675720
0 1524819282 1587.402588 875.515930
0 1478253235 695.511353 455.710388
0 1524836304 1689.431152 849.136597
0 1478243221 659.643921 404.327942
0 1568501644 935.090820 525.782166
0 1438998637 1145.555786 560.225281
0 1524816278 1582.354492 735.756836
0 1705773174 1070.105835 649.149841
0 1524845316 1847.887939 962.063049
0 1524842312 1804.668457 962.028259
0 1568507651 1157.656006 632.159485
0 1438999638 924.521423 619.377991
0 1478252233 788.495117 444.729034
0 1438993630 980.439575 650.087036
0 1478237214 606.434937 457.283783
0 1524857332 1788.894409 777.053711
0 1478248228 726.304810 436.796082
0 1478225197 617.088928 476.497284
0 1524859335 1723.667969 902.690796
0 1524832298 1666.439819 875.338013
0 1478200166 571.396667 477.271881
0 1478250231 776.671570 418.487213
0 1478245225 612.279968 447.901520
0 1438995633 1100.123901 648.836060
0 1524804263 1695.330200 800.352966
0 1524839308 1706.124512 875.248657
0 1524849321 1524.661499 756.907288
0 1568512658 1098.564331 632.811279
0 1568514661 1092.872681 574.324280
0 1478231205 783.097046 401.912415
0 1773608077 1010.523132 618.381531
0 1438977615 1037.116943 536.322937
0 1524834301 1716.200562 777.467651
0 1607644171 959.504944 537.451172
0 1524800258 1784.060669 931.556152
0 1568504647 922.785522 634.750183
0 1568500642 1038.155762 575.043213
0 1478256239 730.345764 427.922180
0 1524815277 1616.789795 735.508972
0 1568503646 1087.926025 523.493896
0 1478220191 617.961060 438.782440
0 1478207174 717.234131 411.295837
0 1524841311 1806.822510 799.807556
0 1478213182 634.183105 447.507172
0 1524813274 1643.877075 777.879578
0 1568516663 926.194702 604.560364
0 1578517672 893.705200 635.070984
0 1578527685 960.446411 525.402527
0 1478240218 751.818420 427.521576
0 1478215185 622.953979 466.550690
0 1524838307 1651.309204 735.260559
0 1478197163 734.276062 419.291321
0 1478221192 773.324768 427.120361
0 1524819281 1742.128540 931.567261
0 2086284946 1066.345093 588.516541
0 1524824288 1474.943726 801.431213
0 1524802260 1755.374634 734.511475
0 1478226199 687.501160 428.721436
0 1578518673 902.302612 576.828125
0 1438981616 1040.152466 649.462891
0 1478238215 639.992554 476.108978
0 1609135173 1118.537720 560.593323
0 1524837305 1736.197510 755.540161
0 1524793249 1607.853271 778.084717
0 1568515662 1143.381836 547.301636
0 1568516664 1152.551880 601.816223
0 1438991628 1150.136597 587.457458
0 1478249230 685.915405 475.330475
0 1438996634 1039.309570 618.048035
0 1578519675 906.167847 550.643127
0 1524829295 1806.172485 848.766174
0 1524864341 1679.992676 777.673889
0 1478255238 584.256287 457.675537
0 1438993631 1141.280396 534.808777
0 1524788244 1594.822510 756.453796
0 1772785076 895.972839 619.708801
0 1524828293 1573.642944 849.504028
0 1478203171 596.395020 439.177856
0 1524798255 1658.633789 931.589539
0 1478199165 661.195557 437.989777
0 1578528686 1065.487305 574.684082
0 1478192156 644.790344 429.518188
0 1478228201 758.998047 410.490997
0 1772037075 1126.029419 617.043213
0 1578515670 1063.858398 548.421875
0 1524851323 1673.527954 824.260315
0 1478218188 607.871704 421.688873
0 1478202169 748.076904 436.396912
0 1478254236 613.378540 413.297241
0 1478246226 577.920593 467.330353
0 1524809269 1767.151978 848.890015
0 1524822285 1617.070068 931.600647
0 1524841310 1479.549561 736.496826
0 1478235210 644.132446 396.772858
0 1578515669 909.781738 526.161133
0 1524854328 1728.238403 849.013489
0 0 798.210754 381.312103
0 1 965.019714 339.018005
0 2 777.296265 535.253479
0 3 1210.284302 384.265594
0 4 752.304810 642.227844
0 5 533.483276 432.817841
0 6 1478.998291 482.246490
0 7 1294.656250 756.247620
0 8 1374.507935 683.374756
0 9 1250.862427 902.210754
0 10 1234.716797 682.597351
0 11 442.819427 510.825287
0 12 1549.424072 645.338806
0 13 648.000916 389.414764
0 14 1604.836792 573.649109
0 15 1439.287598 545.145325
0 16 1587.723633 617.867004
0 17 1658.285400 728.281738
0 18 991.621399 943.736511
0 19 833.583801 396.897247
0 20 677.887756 402.205566
0 21 701.877197 561.964783
0 22 658.948669 485.621185
0 23 1488.832153 443.183441
0 24 878.044800 941.887512
0 25 987.333618 356.048218
0 26 929.738708 357.249481
0 27 262.641052 722.334961
0 28 873.372925 872.623352
0 29 736.193726 463.233276
0 30 758.649048 593.151001
0 31 738.150635 390.948639
0 32 1131.958252 731.583130
0 33 1274.941406 359.532990
0 34 1576.536987 685.772461
0 35 590.897400 392.086487
0 36 884.229797 380.526184
0 37 1032.766113 735.084229
0 38 1130.588989 889.639893
0 39 1423.912842 733.884277
