0 1578512666 958.004272 561.996155
0 1524823287 1111.470337 290.994781
0 1478234209 169.654999 878.294067
0 1707269176 735.154846 579.176819
0 1438989626 967.866089 483.436768
0 1524801259 1125.623779 353.730652
0 1438992629 916.760498 516.558411
0 1478227200 133.884552 1052.050049
0 1524854327 1054.741699 358.084686
0 1524807266 1280.603271 364.674591
0 1524863340 1180.741455 295.371490
0 1524831297 1265.010376 345.168671
0 1478229202 185.601776 1046.423950
0 1568509654 886.964844 518.741211
0 1524790246 1186.665405 303.543060
0 1578523681 705.989014 516.731323
0 1524861337 1047.312622 294.608765
0 1478210178 -0.752421 1028.426147
0 1524862338 1233.153320 367.668121
0 1478186149 101.419220 1017.598938
0 1524797254 1250.303955 326.771912
0 1578518674 767.470581 576.685486
0 1438985621 735.860413 529.811157
0 1524857331 1094.810913 300.269287
0 1438994632 930.198792 581.634216
0 1578520676 942.832947 499.660797
0 1478237213 442.907532 823.663696
0 1568511657 898.062195 584.156128
0 1775370079 989.210815 559.590271
0 1478195160 96.120155 856.252991
0 1568510655 962.173096 579.124939
0 1478257240 391.524170 856.965332
0 1578521677 835.045593 607.452820
0 1524794250 1055.596313 311.103546
0 1524812272 1096.909424 345.577789
0 1769859072 863.450378 569.285889
0 1578525683 950.134705 529.661926
0 1770636073 801.750427 610.113586
0 1524846317 1208.244385 302.298309
0 1524833300 1120.113892 344.170807
0 1568511656 706.742554 501.959015
0 1438985620 796.731445 525.351746
0 1478185148 78.804947 887.027588
0 1707993177 734.072571 654.897034
0 1478189152 435.020752 852.783936
0 1524791247 1165.011230 304.792175
0 1524830296 1192.753784 311.941376
0 2088218948 797.659180 541.019775
0 1524827292 1116.404907 299.038513
0 1606348170 735.634155 545.640015
0 1524855329 1161.288696 372.201935
0 1478183145 485.006836 819.707397
0 1438990627 865.761963 586.690979
0 1524840309 1073.141968 301.504333
0 1478222194 325.759033 925.083984
0 1709860179 1009.517761 632.041199
0 1478188151 338.395721 1029.801880
0 1438988624 798.622742 557.292847
0 1524843313 1196.000000 286.233246
0 1524844315 1257.551147 335.837646
0 1524858333 1153.878784 288.605896
0 1524811271 1185.336182 370.684845
0 1524859334 1132.710693 289.798309
0 1478216186 347.739075 861.174500
0 1524851324 1033.481567 312.379181
0 1524814275 1107.417725 365.064178
0 1578514668 768.281006 612.788330
0 1478184146 382.031189 887.847900
0 1524829294 1170.809570 313.222656
0 1478176143 398.921692 986.072083
0 1524860336 1112.912720 375.253906
0 1438997636 857.028809 520.934326
0 1478194158 417.956177 915.791443
0 1478187150 107.425758 914.869263
0 1478205172 81.766838 1057.719849
0 1524838306 1218.895752 348.001343
0 1568514660 701.763733 599.561157
0 1524865342 1064.158813 378.329712
0 2085418945 873.286255 643.345337
0 1524808268 1102.085693 355.176544
0 1478200167 168.947113 974.715637
0 1568501643 767.867615 594.373413
0 1478239216 471.097687 879.083679
0 1524820283 1073.618286 346.989960
0 1438989625 802.880249 629.193970
0 1568505649 767.088867 559.682068
0 1478255237 140.465607 852.085632
0 1524804262 1088.583252 376.788818
0 1568506650 768.711731 631.975769
0 1478217187 271.770538 839.746277
0 1568505648 836.867065 626.426941
0 1568497640 703.552429 564.496033
0 1578511665 702.675842 581.680847
0 1478258241 137.438446 944.064880
0 1524796253 1189.213257 339.981140
0 1524826291 1178.789062 360.621704
0 1578529688 907.619995 640.496460
0 1478233207 41.258942 953.758789
0 1708834178 799.624268 574.206543
0 1478189153 287.852875 1035.300293
0 1568499641 953.994446 545.520691
0 1478245224 60.544411 919.482422
0 1524852325 1202.398438 359.152130
0 1578525682 901.118530 602.172546
0 1478232206 325.809875 1070.746094
0 1524818280 1114.762451 334.885742
0 1524850322 1249.348999 356.229706
0 1438996635 734.900635 596.960571
0 1524832299 1137.558960 333.521118
0 1478242220 70.583916 984.877563
0 1524789245 1216.953979 285.052887
0 1438999639 910.757385 487.487640
0 1478196161 200.220703 905.738098
0 1478252234 314.971039 835.686523
0 1524803261 1099.592651 308.565704
0 1578523680 966.510681 596.946716
0 1578530689 884.441956 503.869324
0 1568508653 824.118835 493.633179
0 1524826290 1272.691040 354.776794
0 1524847319 1205.451904 329.456848
0 1524810270 1050.240356 348.407471
0 1524835302 1143.232422 342.769104
0 1524821284 1174.975220 287.417572
0 1524799257 1160.272461 332.161407
0 1478233208 313.837555 959.746948
0 1608354172 804.058289 649.089722
0 1524835303 1083.444580 366.556366
0 1478251232 184.520554 847.945557
0 1524812273 1131.299194 363.577667
0 1706512175 971.827698 497.571014
0 1438986622 1004.127502 612.809509
0 1478211180 151.931213 1012.246094
0 1524823286 1159.369873 296.589600
0 1478223195 303.662537 865.411621
0 1478244223 217.593964 969.689880
0 1438987623 870.673767 623.674561
0 1478193157 251.828903 1001.659790
0 1478198164 89.519943 948.894592
0 1524862339 1126.687012 315.798920
0 1478236212 463.575806 911.193420
0 1478240217 426.715057 883.450989
0 1478214183 29.243826 1063.433716
0 1578521678 825.509338 508.116913
0 1524844314 1225.918335 357.688141
0 1524848320 1064.350952 328.536469
0 1524806265 1166.265381 341.372528
0 1524787243 1227.918579 328.111969
0 1478241219 350.252563 991.229675
0 1524799256 1149.073364 352.290253
0 1478190154 447.234467 980.952332
0 1478226198 301.222900 996.425415
0 1478214184 400.536896 827.645386
0 2084722944 868.167786 604.805786
0 1578522679 889.582642 534.172424
0 1524825289 1223.265015 292.947754
0 1774531078 855.043762 505.988220
0 1525674169 919.931030 531.911804
0 1524815276 1155.089478 362.096863
0 1768901071 998.954651 594.353943
0 1578526684 895.125244 566.843872
0 1478182144 50.526123 1022.992188
0 1524853326 1256.923950 366.168488
0 1478218189 478.231659 848.629944
0 1578513667 831.617126 571.739990
0 1438983618 800.665955 591.799561
0 1478224196 372.018341 920.421570
0 1524792248 1029.578125 303.987335
0 1524795252 1202.039795 294.157562
0 1524808267 1109.562500 325.863800
0 1478191155 388.556030 1024.345093
0 1524856330 1243.260010 317.960297
0 1478236211 228.287994 843.832520
0 1478212181 408.705872 949.946167
0 1478185147 337.042938 892.274780
0 1568502645 766.368164 527.576111
0 1568508652 833.296997 589.238770
0 1438984619 734.360229 634.772461
0 1659977623 846.584473 562.039734
0 1478209177 20.859781 990.014526
0 1438982617 861.227600 552.549377
0 1524805264 1059.912354 319.697815
0 1771287074 736.078369 514.562622
0 2087111947 933.898987 599.552917
0 1524817279 1209.291016 369.173553
0 1524795251 1212.076538 338.594879
0 1478230204 265.889526 964.700500
0 1524847318 1121.475220 307.303467
0 1578516671 704.395569 547.966980
0 1568513659 892.300842 550.195068
0 1578529687 766.027588 512.404053
0 1524819282 1195.708862 349.425629
0 1478253235 361.441772 954.828979
0 1524836304 1154.448853 323.210358
0 1568501644 699.824097 637.584229
0 1438998637 794.975708 495.700378
0 1524816278 1045.869019 339.009888
0 1705773174 980.194702 527.422791
0 1524845316 1229.748291 301.057953
0 1524842312 1236.410889 309.392303
0 1568507651 939.376160 485.457642
0 1438999638 937.752441 618.213379
0 1478252233 357.892242 831.652954
0 1438993630 993.986328 576.628296
0 1524857332 1068.771606 293.400024
0 1478248228 279.174866 929.779175
0 1478225197 428.899017 1059.223755
0 1524859335 1199.013550 320.575928
0 1524832298 1182.903320 330.806702
0 1478250231 214.623474 873.971130
0 1438995633 975.934509 512.223328
0 1524804263 1104.507935 317.093903
0 1524839308 1176.771240 321.890778
0 1524849321 1078.458496 356.627869
0 1568512658 946.416748 514.385803
0 1568514661 826.951355 523.137817
0 1478231205 124.383148 882.646118
0 1773608077 926.642761 564.414001
0 1438977615 735.399170 562.083069
0 1524834301 1077.633179 309.832367
0 1607644171 734.635986 615.477112
0 1524800258 1214.620850 310.664581
0 1568504647 971.027161 615.504333
0 1568500642 830.001953 554.915283
0 1478256239 232.262344 934.507507
0 1524815277 1041.622192 329.880066
0 1568503646 705.207214 532.056763
0 1478207174 119.945099 979.777954
0 1524841311 1090.157471 292.195343
0 1478213182 273.657471 1076.575073
0 1524813274 1086.997559 327.197723
0 1568516663 904.301758 620.936768
0 1578517672 975.734253 634.844421
0 1578527685 700.813965 618.179993
0 1478240218 246.140839 901.219604
0 1478215185 377.555481 1064.962402
0 1524838307 1037.494873 321.006744
0 1478197163 185.018082 939.269287
0 1478221192 259.291687 869.677063
0 1524819281 1221.176392 319.265778
0 2086284946 859.088623 536.443909
0 1524824288 1137.147705 373.724976
0 1524802260 1025.779785 295.821716
0 1478226199 202.066391 1006.933167
0 1578518673 838.766235 646.209778
0 1438981616 984.617065 543.200500
0 1478238215 438.338135 1018.929504
0 1609135173 795.837585 510.255524
0 1524837305 1051.397949 302.743683
0 1524793249 1091.882202 336.255432
0 1568515662 765.699219 497.777069
0 1568516664 882.008789 489.526886
0 1438991628 853.129639 491.575378
0 1478249230 455.633514 945.098022
0 1438996634 923.222778 547.852234
0 1578519675 769.160889 651.985474
0 1524829295 1137.924438 297.811951
0 1524864341 1082.249756 318.393555
0 1438993631 736.288513 499.863220
0 1524788244 1068.917847 337.630127
0 1772785076 941.768799 637.662842
0 1524828293 1172.434937 350.855255
0 1524798255 1234.855591 337.213745
0 1478199165 236.923035 1040.840820
0 1578528686 828.447815 538.726318
0 1478228201 153.983429 910.287964
0 1772037075 913.704651 501.760193
0 1578515670 766.721680 543.324341
0 1524851323 1132.046143 324.534698
0 1478202169 291.747192 896.731873
0 1524809269 1143.281372 306.045593
0 1524822285 1241.996094 346.582367
0 1524841310 1059.379272 368.054291
0 1578515669 698.791626 657.824585
0 1524854328 1148.787354 314.508514
0 6 1406.629272 669.600281
0 7 1515.922485 625.266724
0 8 1415.327393 434.220123
0 9 1529.865234 514.656555
0 10 1586.186157 598.226013
0 12 1165.025513 300.356781
0 13 1403.577148 718.960571
0 14 323.410065 328.350311
0 17 941.749084 235.625031
0 21 1038.225830 227.406143
0 23 479.411041 453.476898
0 25 460.982697 492.876190
0 26 885.409912 381.405090
0 27 824.840576 408.586578
0 28 354.424072 559.664490
0 29 512.604065 417.884613
0 31 375.218964 747.641541
0 33 819.372314 379.866028
0 43 426.781555 274.092682
0 53 779.042114 260.097839
0 77 547.857239 142.439926
0 81 768.790039 137.786621
0 100 1289.204956 459.141846
0 104 915.393921 174.151108
0 105 1036.646240 170.272461
0 108 399.227692 189.678696
0 109 342.731750 212.736893
0 110 125.667900 437.435486
0 118 1279.657471 186.073380
0 130 1294.215454 45.702179
0 133 1303.201172 56.388100
0 139 1406.134155 143.114746
0 141 1344.340820 216.733902
0 142 1305.946411 244.792908
0 144 67.593636 336.106262
0 145 1336.310791 89.647102
