0 1578512666 940.543457 507.420319
0 1524823287 1705.855347 682.248291
0 1478234209 712.583496 287.860382
0 1707269176 942.811829 413.745667
0 1438989626 1086.416504 521.149109
0 1524801259 1449.758911 663.031433
0 1438992629 1025.585449 491.727448
0 1478227200 602.058289 297.511475
0 1524854327 1420.870117 603.285217
0 1478249229 532.126953 306.887573
0 1524807266 1441.522339 809.007080
0 1524863340 1719.455078 753.333740
0 1524831297 1519.997437 808.294495
0 1478229202 597.270386 306.106750
0 1568509654 1024.491943 477.468597
0 1524790246 1681.913208 753.685852
0 1578523681 1043.834595 400.863708
0 1478207175 564.412903 289.650543
0 1524861337 1660.877808 620.060242
0 1478210178 636.322449 272.779785
0 1524862338 1419.566284 756.146912
0 1478186149 627.883972 288.883698
0 1524797254 1598.542358 807.581299
0 1578518674 942.518677 425.850647
0 1438985621 1019.538208 412.874756
0 1524857331 1655.840088 660.989929
0 1478203170 615.694946 273.030914
0 1438994632 912.691101 492.958313
0 1578520676 1055.460815 506.177032
0 1478237213 714.538208 341.285950
0 1568511657 913.515625 478.687561
0 1775370079 940.172974 522.718567
0 1478195160 739.532532 271.523438
0 1568510655 911.837524 507.730896
0 1478257240 695.308838 331.985443
0 1578521677 888.271606 451.851135
0 1524794250 1594.883301 620.729309
0 1524812272 1473.341431 641.961792
0 1769859072 941.580566 464.591797
0 1578525683 997.983398 506.798889
0 1770636073 889.450684 438.938477
0 1524846317 1698.796875 779.479248
0 1524833300 1484.072510 662.691467
0 1568511656 1069.037354 400.575958
0 1438985620 1021.423523 437.458893
0 1478185148 718.880798 271.774841
0 1707993177 840.613892 414.905701
0 1478189152 691.561829 341.556519
0 1524791247 1665.785278 729.046875
0 1524830296 1644.387329 754.037903
0 2088218948 995.013184 437.754974
0 1524827292 1670.721558 682.592041
0 1606348170 993.955322 413.165131
0 1524855329 1390.154541 685.336975
0 1478183145 711.011963 351.128021
0 1438990627 914.312683 464.893463
0 1524840309 1641.570068 640.275391
0 1478222194 654.275269 323.207672
0 1709860179 823.352844 523.972290
0 1478188151 582.108765 333.324829
0 1438988624 968.610657 438.050995
0 1478243222 530.895508 343.448853
0 1524843313 1775.664185 778.769531
0 1524844315 1559.261108 807.937988
0 1524858333 1739.196777 728.347961
0 1524811271 1399.529785 707.908386
0 1524859334 1722.160889 704.793396
0 1478216186 698.953186 322.676697
0 1524851324 1582.381714 601.630310
0 1524814275 1406.139648 642.635437
0 1578514668 890.592224 426.436462
0 1478184146 672.657166 332.253479
0 1524829294 1629.102295 729.396179
0 1478176143 599.716614 342.638275
0 1524860336 1372.557861 642.972107
0 1478222193 570.340393 315.197021
0 1438997636 1023.434937 463.686310
0 1478194158 645.627197 342.097565
0 1478201168 585.564819 289.394989
0 1478187150 694.861267 279.968079
0 1478205172 606.721863 289.139343
0 1524838306 1494.443115 755.444519
0 1568514660 917.929199 402.301239
0 1524865342 1356.348145 603.946350
0 2085418945 832.559631 465.797791
0 1524808268 1439.734131 642.298706
0 1478200167 644.943420 296.995361
0 1478194159 580.623535 297.769440
0 1568501643 916.551636 426.143616
0 1478239216 664.409668 351.674286
0 1524820283 1463.042114 622.065857
0 1438989625 863.079834 439.234131
0 1568505649 968.493469 425.557587
0 1478255237 736.688721 279.460815
0 1524804262 1364.290161 623.067017
0 1568506650 864.640503 426.729279
0 1478217187 727.702148 304.543427
0 1568505648 861.467896 452.149658
0 1568497640 968.269836 401.726471
0 1578511665 943.095947 402.013885
0 1478258241 670.223511 288.372162
0 1524796253 1519.144775 730.443054
0 1478206173 559.194031 298.027313
0 1524826291 1435.319580 707.562805
0 1578529688 830.375183 479.600769
0 1478233207 677.591919 272.277435
0 1708834178 942.216125 438.346924
0 1478189153 587.301025 324.003632
0 1568499641 969.258728 507.109680
0 1478245224 698.233948 272.026154
0 1524852325 1445.915894 731.140259
0 1478219190 524.751038 353.311401
0 1578525682 885.793396 478.992065
0 1478232206 559.486267 333.592499
0 1524818280 1518.399292 662.351501
0 1524850322 1468.595947 781.604980
0 1438996635 917.251221 414.035797
0 1524832299 1530.326782 683.965576
0 1478242220 653.053650 280.475098
0 1524789245 1795.210693 805.795532
0 1438999639 1082.086914 491.111420
0 1478196161 687.849548 296.479034
0 1478252234 724.544678 313.356476
0 1524803261 1621.459839 661.330505
0 1478211179 520.377808 324.799011
0 1578523680 883.140991 508.041382
0 1578530689 1052.257812 477.163635
0 1568508653 1076.126465 449.758820
0 1524826290 1480.750977 808.650879
0 1524847319 1569.383301 754.741516
0 1524810270 1453.148804 602.954468
0 1524835302 1495.262695 684.308594
0 1524821284 1757.012817 752.981323
0 1524799257 1542.776001 706.525330
0 1478233208 631.944885 323.473053
0 1608354172 836.716858 439.529694
0 1524835303 1397.195190 622.733398
0 1478251232 733.771057 287.604370
0 1524812273 1415.458862 663.371277
0 1706512175 1057.148315 521.463196
0 1438986622 852.543335 523.659058
0 1478211180 623.498230 297.253448
0 1524823286 1702.483398 728.697510
0 1478223195 702.498901 313.619598
0 1478244223 640.726074 305.585907
0 1438987623 859.802246 465.496429
0 1478193157 614.371216 314.671509
0 1478198164 673.954956 280.221588
0 1524862339 1600.496338 683.279053
0 1478236212 641.117798 351.947327
0 1478240217 668.591553 341.827087
0 1478214183 611.265930 280.981903
0 1578521678 1049.265503 450.057983
0 1524844314 1456.996704 755.795715
0 1524848320 1528.938110 621.397888
0 1524806265 1506.942627 706.871338
0 1524787243 1583.621582 780.542847
0 1478241219 604.737122 333.057098
0 1524799256 1460.212769 684.651489
0 1478190154 594.552612 352.493164
0 1478226198 609.620117 323.738403
0 1478208176 553.835999 306.627350
0 1478214184 717.966370 331.717377
0 2084722944 887.053223 465.194977
0 1578522679 996.734741 477.773499
0 1524825289 1755.841919 806.153015
0 1774531078 1050.736694 463.384308
0 1525674169 997.348267 492.035309
0 1478197162 548.621582 281.741638
0 1524815276 1425.176758 684.994324
0 1768901071 881.743530 523.345642
0 1578526684 941.246643 478.382996
0 1478182144 632.157349 280.728546
0 1524853326 1430.287354 781.958740
0 1478218189 687.707764 351.401215
0 1578513667 941.903564 451.253784
0 1438983618 915.829468 438.642761
0 1478224196 650.011292 332.521423
0 1478247227 595.072266 273.281921
0 1524792248 1614.719482 601.298950
0 1524795252 1737.222168 779.124512
0 1524808267 1552.739380 662.011292
0 1478191155 576.770264 342.908539
0 1524856330 1637.840942 807.224487
0 1478236211 730.776550 295.962402
0 1478258242 553.841553 273.783813
0 1478212181 622.668945 342.367950
0 1478185147 676.611389 322.942200
0 1568502645 1020.465881 424.971222
0 1568508652 915.083496 451.552490
0 1438984619 866.152283 414.615814
0 1659977623 955.267578 457.717438
0 1478209177 656.954773 272.528656
0 1438982617 968.856934 464.290070
0 1524805264 1561.904663 621.063660
0 1771287074 1045.128418 412.584259
0 2087111947 884.490112 493.265808
0 1524817279 1409.324097 731.488647
0 1524795251 1531.905273 755.093018
0 1478230204 636.394836 314.408630
0 1478230203 569.498047 281.488464
0 1524847318 1635.601929 682.935669
0 1578516671 993.450867 401.438995
0 1568513659 968.986267 478.078278
0 1578529687 1046.463623 424.677887
0 1524819282 1482.522827 730.791748
0 1478253235 627.371277 332.789307
0 1524836304 1578.623779 706.179199
0 1478243221 590.379517 281.235229
0 1568501644 867.617432 402.875671
0 1438998637 1074.268066 436.866455
0 1524816278 1485.439209 602.623596
0 1705773174 998.641235 522.091125
0 1524845316 1716.490723 806.510315
0 1524842312 1677.157227 806.867493
0 1568507651 1084.213623 505.865936
0 1438999638 856.298157 493.573181
0 1478252233 721.300598 322.411102
0 1438993630 910.953430 523.032166
0 1478237214 536.869507 333.860107
0 1524857332 1675.254150 639.937683
0 1478248228 658.423950 314.145691
0 1478225197 548.012085 353.038727
0 1524859335 1606.877441 754.389771
0 1524832298 1555.782227 730.094238
0 1478200166 501.496124 353.583984
0 1478250231 709.310486 296.220764
0 1478245225 542.679871 324.533966
0 1438995633 1027.889893 521.777222
0 1524804263 1587.093018 661.670898
0 1524839308 1592.434570 729.745239
0 1524849321 1430.112427 622.399719
0 1568512658 1026.717407 506.488007
0 1568514661 1022.412781 450.357056
0 1478231205 715.772583 279.714478
0 1773608077 940.901062 492.650757
0 1438977615 968.379822 413.455414
0 1524834301 1607.898682 640.612915
0 1607644171 891.698059 414.325836
0 1524800258 1660.388428 779.833984
0 1568504647 854.453735 508.351715
0 1568500642 968.731750 450.954956
0 1478256239 662.462097 305.325409
0 1524815277 1517.741577 602.292664
0 1568503646 1018.639160 401.151398
0 1478220191 548.333313 315.459717
0 1478207174 649.051208 288.627930
0 1524841311 1690.233765 660.649170
0 1478213182 564.987671 324.268829
0 1524813274 1540.594360 641.287598
0 1568516663 858.079956 479.296478
0 1578517672 825.775879 508.661987
0 1578527685 892.769775 402.588501
0 1478240218 684.203369 305.064819
0 1478215185 553.829895 343.178741
0 1524838307 1550.055664 601.961548
0 1478197163 666.393860 296.737213
0 1478221192 705.950073 304.804138
0 1524819281 1621.996704 780.188477
0 2086284946 996.141724 463.988251
0 1524824288 1381.171997 663.710876
0 1524802260 1647.069092 600.967468
0 1478226199 618.995544 305.846375
0 1578518673 834.672363 452.448090
0 1438981616 969.402222 522.404907
0 1478238215 571.279236 352.765991
0 1609135173 1047.841919 437.162720
0 1524837305 1627.874512 620.394897
0 1524793249 1506.961548 641.624756
0 1568515662 1072.468994 424.384521
0 1568516664 1080.032471 476.858582
0 1438991628 1078.046875 463.082184
0 1478249230 617.832153 352.220276
0 1438996634 969.120117 492.343079
0 1578519675 838.696411 427.021973
0 1524829295 1686.254761 705.140015
0 1524864341 1574.240112 640.950317
0 1478255238 514.258606 334.127655
0 1438993631 1070.726318 412.293732
0 1524788244 1495.983887 621.731934
0 1772785076 828.115234 493.880463
0 1524828293 1471.123779 707.217163
0 1478203171 526.331726 315.722351
0 1524798255 1545.262939 780.897034
0 1478199165 592.353027 314.934326
0 1578528686 995.568115 450.656067
0 1478192156 575.550476 306.367126
0 1478228201 691.400940 288.116302
0 1772037075 1053.831543 491.419495
0 1578515670 994.475769 425.264435
0 1524851323 1565.404419 683.622375
0 1478218188 537.769714 298.285156
0 1478202169 680.458740 313.882660
0 1478254236 543.266113 289.906036
0 1478246226 507.967255 343.718872
0 1524809269 1650.363281 705.486633
0 1524822285 1506.921143 781.251099
0 1524841310 1388.603271 603.615845
0 1478235210 574.454468 273.532928
0 1578515669 842.472412 403.162750
0 1524854328 1614.486206 705.833008
0 0 989.584717 748.044006
0 1 1334.237427 287.759491
0 2 739.723755 394.401489
0 3 686.120239 766.476868
0 4 649.005005 549.507141
0 5 1623.712158 687.443420
0 6 214.815948 635.282776
0 7 846.733704 575.676941
0 8 1375.723877 547.317810
0 9 591.887573 276.632904
0 10 715.660278 563.582642
0 11 1483.645874 425.155762
0 12 292.569000 462.362793
0 13 1267.848877 767.868347
0 14 368.094086 379.516113
0 15 747.972046 617.099792
0 16 1111.735596 770.601379
0 17 527.577271 267.254578
0 18 1402.153076 298.891479
0 19 1081.286499 234.499100
0 20 657.567871 272.150238
0 21 751.096130 232.506409
0 22 821.801819 275.576233
0 23 247.476105 513.067627
0 24 1424.179199 396.814545
0 25 1208.918945 228.989349
0 26 945.041626 226.808960
0 27 1483.432373 462.280701
0 28 920.288513 271.536102
0 29 1089.761230 217.126694
0 30 712.740295 468.389282
0 31 1365.898926 743.322388
0 32 655.305969 444.479675
0 33 1271.765625 253.219177
0 34 629.234985 612.713135
0 35 1575.012939 737.793640
0 36 593.902405 457.068665
0 37 664.266113 410.418091
0 38 764.307556 272.421631
0 39 586.167664 541.752075
