0 1578512666 1019.950806 446.236023
0 1707269176 869.135010 386.669952
0 1438989626 1131.651367 391.181244
0 1438992629 1051.414429 399.101135
0 1568509654 1029.044434 390.949951
0 1578523681 922.571899 335.145203
0 1578518674 889.210388 394.598907
0 1438985621 924.483276 352.849518
0 1438994632 977.732605 450.425964
0 1578520676 1091.552612 395.139252
0 1568511657 955.126648 441.245911
0 1775370079 1043.625122 455.586365
0 1568510655 1000.897400 459.833008
0 1578521677 891.782776 436.369720
0 1769859072 952.272278 419.505737
0 1578525683 1056.639771 420.053925
0 1770636073 870.710938 427.566986
0 1568511656 939.838013 324.801422
0 1438985620 964.914917 367.582153
0 1707993177 788.986816 435.644287
0 2088218948 946.956299 379.017365
0 1606348170 906.456299 363.864868
0 1438990627 933.059387 432.284607
0 1709860179 964.600769 513.404968
0 1438988624 928.572266 390.723480
0 1578514668 850.129883 418.969269
0 1438997636 1007.182617 382.983826
0 1568514660 830.168823 390.501678
0 2085418945 872.446228 472.599579
0 1568501643 869.904419 406.637970
0 1438989625 850.464600 440.458954
0 1568505649 908.064209 382.841827
0 1568506650 829.869263 431.603638
0 1568505648 871.557190 449.528107
0 1568497640 868.400146 367.598206
0 1578511665 849.505981 378.917267
0 1578529688 894.618591 482.417358
0 1708834178 909.747559 402.710266
0 1568499641 1038.525635 432.980560
0 1578525682 935.470825 454.620270
0 1438996635 849.810608 398.478058
0 1438999639 1085.642090 375.259033
0 1578523680 981.346802 473.784851
0 1578530689 1046.431152 379.119568
0 1568508653 1020.413025 352.685577
0 1608354172 829.708374 453.675568
0 1706512175 1114.908447 403.431366
0 1438986622 985.150574 498.369629
0 1438987623 893.165283 458.818909
0 1578521678 1003.312317 363.810852
0 2084722944 913.363281 445.384888
0 1578522679 1011.236694 403.066986
0 1774531078 1024.629883 371.379364
0 1525674169 1033.671265 411.460571
0 1768901071 1005.157227 483.731598
0 1578526684 974.294373 428.203613
0 1578513667 930.762512 411.010284
0 1438983618 890.466064 414.987823
0 1568502645 944.477112 360.134979
0 1568508652 911.511902 423.534363
0 1438984619 809.753845 422.954651
0 1659977623 950.895935 409.022980
0 1438982617 971.019409 407.036652
0 1771287074 942.106689 342.080750
0 2087111947 958.125183 464.084076
0 1578516671 886.866333 356.535522
0 1568513659 992.992065 415.481140
0 1578529687 962.065674 349.166870
0 1568501644 790.101746 414.504913
0 1438998637 999.613586 345.487640
0 1705773174 1080.161499 428.854218
0 1568507651 1108.382812 383.128784
0 1438999638 938.005676 478.098816
0 1438993630 1024.641968 469.475433
0 1438995633 1097.750366 415.985229
0 1568512658 1074.310059 407.444000
0 1568514661 985.811584 375.196564
0 2079485312 950.891663 408.973877
0 1773608077 996.847473 437.111115
0 1438977615 888.011780 375.135315
0 1607644171 830.022583 410.569519
0 1568504647 961.279114 488.105621
0 1568500642 949.551880 398.786316
0 1568503646 904.919006 345.720581
0 1568516663 915.308105 468.339600
0 1578517672 940.673645 502.810242
0 1578527685 810.372925 402.360931
0 2086284946 989.317566 394.866241
0 1578518673 850.816040 463.021881
0 1438981616 1062.125488 442.050415
0 1609135173 982.462708 356.408508
0 1568515662 979.260620 338.444214
0 1568516664 1063.411377 367.565735
0 1438991628 1041.673706 360.043152
0 1438996634 1015.487793 424.126709
0 1578519675 809.104614 444.552338
0 1438993631 959.340027 331.550385
0 1772785076 917.353821 492.484375
0 1578528686 967.896301 386.851807
0 1772037075 1068.732910 387.037476
0 1578515670 926.481384 371.356964
0 1578515669 769.338074 426.943970
0 0 857.900879 467.037964
0 1 1038.078979 397.471832
0 2 978.654785 435.761841
0 3 1222.528198 304.849457
0 4 503.094696 391.568237
0 5 566.965454 431.419189
0 6 629.719482 343.354370
0 7 512.780334 421.141846
0 8 985.414917 222.153488
0 9 740.246643 416.728760
