0 1578512666 920.331665 534.614258
0 1524823287 1143.518677 324.173492
0 1478234209 203.413483 695.956238
0 1707269176 723.552979 526.892517
0 1438989626 952.288757 472.204163
0 1524801259 1135.928345 378.895844
0 1438992629 897.442383 494.228790
0 1478227200 143.948242 814.123413
0 1524854327 1069.311401 376.308594
0 1478249229 117.526535 900.999817
0 1524807266 1277.171509 402.155762
0 1524863340 1206.894897 333.874908
0 1524831297 1269.227539 384.072906
0 1478229202 183.167389 815.692383
0 1568509654 870.751526 493.184021
0 1524790246 1209.680420 341.422028
0 1578523681 715.416504 474.823639
0 1478207175 58.018032 867.758423
0 1524861337 1082.874512 321.826416
0 1478210178 49.893280 783.911499
0 1524862338 1231.439575 400.377625
0 1478186149 126.391693 786.966675
0 1524797254 1261.718872 366.981079
0 1578518674 751.652588 527.995117
0 1438985621 737.349915 487.962128
0 1524857331 1124.965210 330.702545
0 1478203170 26.336035 809.418518
0 1438994632 890.337524 547.556091
0 1578520676 925.320435 483.033783
0 1478237213 425.386200 683.791870
0 1568511657 861.707825 546.431702
0 1775370079 948.458435 535.717957
0 1478195160 152.359039 672.964844
0 1568510655 918.971130 548.680786
0 1478257240 377.846222 702.882446
0 1578521677 800.931946 558.682922
0 1524794250 1085.180786 336.599030
0 1524812272 1112.074707 369.455841
0 1769859072 835.974670 531.304016
0 1578525683 922.912048 507.935394
0 1770636073 771.785278 557.537170
0 1524846317 1230.437744 342.226135
0 1524833300 1133.974365 370.305908
0 1568511656 719.997803 463.125183
0 1438985620 790.700073 490.050476
0 1478185148 133.682373 693.187439
0 1707993177 702.684082 585.777588
0 1478189152 412.750702 704.268433
0 1524791247 1188.925171 340.618011
0 1524830296 1212.540039 349.170410
0 2088218948 787.177734 502.617981
0 1524827292 1145.444580 331.495514
0 1606348170 732.909363 500.492004
0 1524855329 1162.860840 397.711212
0 1478183145 459.540344 685.146301
0 1438990627 833.082214 545.307373
0 1524840309 1104.487915 329.909637
0 1478222194 312.683868 745.164062
0 1709860179 944.864258 595.316528
0 1478188151 300.870422 820.400879
0 1438988624 783.531921 515.625916
0 1478243222 305.729614 877.702576
0 1524843313 1224.405640 327.304047
0 1524844315 1265.421021 375.408264
0 1524858333 1183.958130 325.738617
0 1524811271 1185.717896 398.599915
0 1524859334 1163.737427 324.956055
0 1478216186 342.947693 701.496765
0 1524851324 1064.438232 335.795502
0 1524814275 1115.412964 386.855865
0 1578514668 742.642761 556.391479
0 1478184146 363.847382 724.254395
0 1524829294 1191.508057 348.355255
0 1478176143 356.059906 796.139343
0 1524860336 1117.154541 395.934052
0 1478222193 202.633682 844.286133
0 1438997636 844.064209 492.139374
0 1478194158 385.720703 748.072205
0 1478201168 81.974419 839.451050
0 1478187150 149.810074 715.744080
0 1478205172 104.736618 812.554810
0 1524838306 1224.784790 382.346832
0 1568514660 690.014465 539.688293
0 1524865342 1071.458496 394.157318
0 2085418945 823.738159 590.545654
0 1524808268 1113.720337 378.033325
0 1478200167 184.372070 764.083130
0 1478194159 122.186218 841.062439
0 1568501643 747.229492 541.935486
0 1478239216 435.243286 727.093140
0 1524820283 1090.177612 368.605835
0 1438989625 767.574585 572.560669
0 1568505649 755.920654 514.543396
0 1478255237 186.467407 674.317444
0 1524804262 1094.305176 395.045654
0 1568506650 737.883240 571.392334
0 1478217187 288.826752 678.376587
0 1568505648 797.270203 573.729126
0 1568497640 700.709351 512.378662
0 1578511665 695.457275 525.789978
0 1478258241 166.688812 739.350891
0 1524796253 1199.687134 372.856659
0 1478206173 99.282288 869.414917
0 1524826291 1182.996460 389.482117
0 1578529688 854.012939 591.738098
0 1478233207 93.730606 736.445862
0 1708834178 779.756042 529.097961
0 1478189153 261.628571 818.831055
0 1568499641 921.644470 521.041016
0 1478245224 114.159096 714.326477
0 1524852325 1205.529297 390.357758
0 1478219190 347.044220 879.361145
0 1578525682 859.237793 560.975037
0 1478232206 283.112976 847.511108
0 1524818280 1132.073853 361.951263
0 1524850322 1250.602417 392.109253
0 1438996635 718.619934 540.811829
0 1524832299 1153.675537 362.789368
0 1478242220 109.672005 761.104309
0 1524789245 1244.632446 328.086884
0 1438999639 900.645630 470.185730
0 1478196161 221.130844 718.579834
0 1478252234 322.958008 679.730042
0 1524803261 1126.672241 338.206390
0 1478211179 202.317551 904.410095
0 1578523680 917.560303 563.267761
0 1578530689 872.824158 480.980469
0 1568508653 823.205505 467.158997
0 1524826290 1273.142700 392.985138
0 1524847319 1218.494629 365.304108
0 1524810270 1068.282715 367.755951
0 1524835302 1155.876221 371.156036
0 1524821284 1204.180908 326.521301
0 1524799257 1175.279663 363.627533
0 1478233208 296.473785 768.553345
0 1608354172 763.202087 588.161255
0 1524835303 1092.890015 385.980652
0 1478251232 220.581436 675.670227
0 1524812273 1137.938232 387.731201
0 1706512175 951.573730 484.060638
0 1438986622 945.813660 579.574158
0 1478211180 164.651733 788.494751
0 1524823286 1186.409424 333.081696
0 1478223195 308.055145 700.111267
0 1478244223 221.732422 765.572876
0 1438987623 826.970276 574.897766
0 1478193157 241.193359 791.551697
0 1478198164 130.206421 737.898254
0 1524862339 1149.450317 346.725189
0 1478236212 422.248993 749.526611
0 1478240217 399.542206 725.673645
0 1478214183 65.532494 810.986511
0 1578521678 820.341431 478.927673
0 1524844314 1228.064575 391.233459
0 1524848320 1087.611694 352.170013
0 1524806265 1177.780518 372.006317
0 1524787243 1240.105713 366.142548
0 1478241219 317.763824 794.609802
0 1524799256 1158.138916 379.758484
0 1478190154 394.363159 797.669128
0 1478226198 279.475006 793.080627
0 1478208176 140.554947 871.071838
0 1478214184 391.237701 682.437744
0 2084722944 830.082764 559.828857
0 1578522679 868.607422 505.807983
0 1524825289 1247.872070 335.461578
0 1774531078 846.581116 479.954010
0 1525674169 895.757935 506.871613
0 1524815276 1160.466187 388.606598
0 1768901071 946.727905 564.414368
0 1578526684 864.089783 532.407288
0 1478182144 88.138878 785.438904
0 1524853326 1254.304321 401.266663
0 1478218189 447.661194 705.654602
0 1578513667 807.863403 530.200928
0 1438983618 775.843018 543.059265
0 1478224196 349.199005 746.617981
0 1478247227 1.574726 836.229309
0 1524792248 1063.539551 328.324066
0 1524795252 1227.382568 334.668213
0 1524808267 1130.224609 353.822418
0 1478191155 340.119934 821.971008
0 1524856330 1258.116821 358.781677
0 1478236211 254.701279 677.023315
0 1478212181 371.242584 771.534851
0 1478185147 328.158844 722.835388
0 1568502645 764.023254 489.006226
0 1568508652 804.460571 544.183289
0 1438984619 708.196228 570.224182
0 1659977623 823.450623 523.941589
0 1478209177 72.332214 759.615356
0 1438982617 838.765686 517.791504
0 1524805264 1086.380005 344.280762
0 1771287074 741.642639 475.849457
0 2087111947 888.396973 562.121338
0 1524817279 1208.577515 399.488739
0 1524795251 1221.596069 373.707123
0 1478230204 259.099670 767.062988
0 1478230203 16.762096 866.102234
0 1524847318 1147.421021 339.010162
0 1578516671 705.780518 499.429230
0 1568513659 866.388184 518.874512
0 1578529687 767.872192 476.875397
0 1524819282 1202.567017 381.483948
0 1478253235 333.854706 770.044006
0 1524836304 1172.846436 355.475159
0 1478243221 41.770580 837.840027
0 1568501644 678.513489 569.056152
0 1438998637 797.398682 466.150360
0 1524816278 1067.282104 359.437561
0 1705773174 950.069702 508.999268
0 1524845316 1251.197266 343.030304
0 1524842312 1254.610840 350.800964
0 1568507651 926.465576 471.194916
0 1438999638 886.383301 577.235596
0 1478252233 357.095001 681.083740
0 1438993630 947.608887 549.805481
0 1478237214 264.423340 876.044373
0 1524857332 1103.087158 322.608673
0 1478248228 276.175201 743.710388
0 1478225197 363.624146 850.737366
0 1524859335 1215.477173 357.128235
0 1524832298 1196.886108 364.465759
0 1478200166 329.570374 909.528259
0 1478250231 238.288055 697.341064
0 1478245225 223.125549 874.386536
0 1438995633 950.834473 496.318756
0 1524804263 1128.424683 345.910309
0 1524839308 1194.160645 356.301666
0 1524849321 1091.514648 377.170898
0 1568512658 924.136658 495.273682
0 1568514661 817.380432 491.094849
0 1478231205 168.544922 694.571716
0 1773608077 892.208801 533.510681
0 1438977615 728.313110 513.460938
0 1524834301 1105.925415 337.402679
0 1607644171 713.504456 555.246033
0 1524800258 1233.574463 349.985657
0 1568504647 916.096313 578.404785
0 1568500642 811.146912 516.708679
0 1478256239 239.673203 742.256958
0 1524815277 1066.308472 351.343933
0 1568503646 710.680115 486.918182
0 1478220191 181.836075 872.729004
0 1478207174 147.018600 762.593567
0 1524841311 1123.301880 323.391083
0 1478213182 242.869354 845.898438
0 1524813274 1108.916992 352.996155
0 1568516663 856.674622 576.066589
0 1578517672 914.575989 594.123535
0 1578527685 684.370300 554.100708
0 1478240218 256.800568 719.998108
0 1478215185 323.364532 849.124146
0 1524838307 1065.360962 343.466095
0 1478197163 203.177689 740.803833
0 1478221192 273.168579 698.726013
0 1524819281 1236.795898 357.954926
0 2086284946 841.460571 504.744507
0 1524824288 1140.006348 396.822571
0 1524802260 1062.663818 321.044189
0 1478226199 202.918900 790.023132
0 1578518673 793.467896 589.353394
0 1438981616 949.278198 522.124390
0 1478238215 379.376984 823.541443
0 1609135173 794.105103 477.901489
0 1524837305 1084.012695 329.116821
0 1524793249 1110.474243 361.113281
0 1568515662 771.595093 465.141846
0 1568516664 874.828979 469.176697
0 1438991628 849.015625 468.167786
0 1478249230 408.637299 773.026062
0 1438996634 894.014465 519.957642
0 1578519675 732.940796 586.969360
0 1524829295 1165.925903 332.288544
0 1524864341 1107.401245 345.095490
0 1478255238 244.726318 906.115784
0 1438993631 745.794800 464.133453
0 1524788244 1088.877075 360.275360
0 1772785076 884.292175 592.930725
0 1524828293 1180.351807 380.621124
0 1478203171 159.917572 902.704834
0 1524798255 1243.507324 374.557648
0 1478199165 222.394165 817.261536
0 1578528686 814.317322 503.681152
0 1478192156 162.405914 842.674133
0 1478228201 185.467331 717.161804
0 1772037075 899.070618 482.007050
0 1578515670 760.041748 501.554932
0 1524851323 1151.534424 354.648743
0 1478218188 75.144287 899.295166
0 1478202169 292.476593 721.416626
0 1478254236 32.770897 897.590881
0 1478246226 287.143951 907.821838
0 1524809269 1168.171997 339.814056
0 1524822285 1247.005005 383.209839
0 1524841310 1070.369629 385.105499
0 1578515669 672.431763 584.586060
0 1524854328 1170.478149 347.540192
0 0 297.060486 303.568176
0 1 393.608093 281.184967
0 6 1388.522705 656.204468
0 7 1444.189819 742.121887
0 8 1505.202393 630.255493
0 9 1297.274902 396.144867
0 10 1397.510864 698.414124
0 11 590.039490 254.069519
0 12 1495.193970 677.729980
0 13 1403.406494 607.395752
0 16 895.712463 259.216492
0 17 1368.963501 1045.935669
0 19 523.339172 262.106934
0 21 1532.781250 735.288574
0 23 1022.870972 609.237427
0 24 41.444870 839.287537
0 25 978.187378 394.177094
0 26 939.842041 608.806152
0 27 1015.929443 656.210999
0 28 502.629547 368.387024
0 29 982.567627 573.149841
0 31 895.722046 401.961273
0 33 1039.877441 443.352692
0 53 30.470367 344.733887
0 104 1242.992554 417.654358
0 131 772.245239 156.538803
0 132 1266.085693 253.518509
0 138 1235.290771 276.665588
0 146 1166.477783 228.860092
0 151 737.419312 150.607132
0 153 938.875244 158.888779
0 165 1305.936401 232.871170
0 176 1436.801758 147.702774
0 179 1390.891479 135.548218
0 184 1382.300415 278.268494
