0 1578512666 996.113098 485.608643
0 1524823287 808.039490 364.350800
0 1478234209 899.769409 743.278381
0 1707269176 900.862427 534.834656
0 1438989626 928.152344 459.402679
0 1524801259 882.591675 386.533417
0 1438992629 933.951111 479.507233
0 1478227200 1043.484131 778.908813
0 1524854327 848.012268 400.094360
0 1478249229 1143.905396 795.828979
0 1524807266 972.194580 366.371124
0 1524863340 852.537170 355.039673
0 1524831297 946.511292 361.466156
0 1478229202 1061.676025 764.274109
0 1568509654 920.766235 485.906158
0 1524790246 864.360657 357.374847
0 1578523681 818.944519 522.569763
0 1478207175 1079.587280 816.360535
0 1524861337 773.517761 376.564606
0 1478210178 958.363037 814.384033
0 1524862338 951.774658 374.639252
0 1478186149 998.334412 783.337402
0 1524797254 921.518066 356.692963
0 1578518674 915.422607 527.309814
0 1438985621 850.300171 520.104980
0 1524857331 808.487000 370.843353
0 1478203170 985.059937 825.908630
0 1438994632 1000.484863 496.550415
0 1578520676 930.996521 469.263336
0 1478237213 986.341431 661.146362
0 1568511657 987.568604 503.374146
0 1775370079 1008.545593 479.183441
0 1478195160 835.398926 761.302734
0 1568510655 1013.116821 489.876862
0 1478257240 991.877380 680.339661
0 1578521677 978.466431 522.299438
0 1524794250 797.287048 381.782104
0 1524812272 858.448669 388.208832
0 1769859072 957.132874 505.753784
0 1578525683 962.990112 477.294281
0 1770636073 964.712769 529.731506
0 1524846317 874.897339 353.540649
0 1524833300 869.801208 383.825287
0 1568511656 802.964600 517.807556
0 1438985620 879.435669 505.964874
0 1478185148 858.682373 771.353699
0 1707993177 972.966248 555.839661
0 1478189152 1008.691772 668.850159
0 1524791247 853.648132 361.273010
0 1524830296 876.343445 359.741455
0 2088218948 895.866028 510.544006
0 1524827292 819.777954 366.792542
0 1606348170 866.838257 524.922852
0 1524855329 919.779602 387.594147
0 1478183145 1002.803284 650.223267
0 1438990627 974.358337 510.353210
0 1524840309 797.002441 374.963593
0 1478222194 1021.449524 709.206909
0 1709860179 1078.095337 496.296234
0 1478188151 1112.826172 723.125854
0 1438988624 912.600281 515.207825
0 1478243222 1181.186401 728.306335
0 1524843313 851.458801 348.989014
0 1524844315 933.930176 359.063416
0 1524858333 830.106567 356.543396
0 1524811271 930.633057 383.199554
0 1524859334 819.164673 360.414703
0 1478216186 974.559387 692.173340
0 1524851324 785.420715 386.100128
0 1524814275 884.281006 393.777191
0 1578514668 950.632019 537.340454
0 1478184146 1014.898315 688.483459
0 1524829294 865.658813 363.686005
0 1478176143 1103.610352 701.567139
0 1524860336 897.481689 396.622681
0 1478222193 1105.744263 759.991882
0 1438997636 907.291809 492.445587
0 1478194158 1055.007690 684.814575
0 1478201168 1051.746460 805.045288
0 1478187150 903.354919 767.052429
0 1478205172 1024.672607 794.041870
0 1524838306 925.934448 369.535736
0 1568514660 903.524231 547.775452
0 1524865342 874.359253 405.985046
0 2085418945 1027.991943 524.674011
0 1524808268 871.271423 390.972870
0 1478200167 991.864807 758.530212
0 1478194159 1070.356689 789.517700
0 1568501643 932.859558 532.277344
0 1478239216 1047.766235 665.331970
0 1524820283 846.892700 392.670898
0 1438989625 982.750854 534.758667
0 1568505649 898.312012 522.435303
0 1478255237 856.377258 747.382751
0 1524804262 886.026367 401.260986
0 1568506650 968.749939 542.501892
0 1478217187 915.473511 708.170044
0 1568505648 996.423340 527.197083
0 1568497640 868.720520 537.403503
0 1578511665 885.954102 542.539307
0 1478258241 947.748169 762.778015
0 1524796253 902.690613 371.125854
0 1478206173 1097.977539 800.421997
0 1524826291 917.544678 380.524200
0 1578529688 1040.952515 517.333374
0 1478233207 907.159668 792.280518
0 1708834178 929.646912 519.958679
0 1478189153 1096.319824 736.404663
0 1568499641 979.406799 481.415070
0 1478245224 882.594055 781.675964
0 1524852325 928.246826 376.260193
0 1478219190 1196.270630 715.233093
0 1578525682 1005.036255 507.941711
0 1478232206 1138.882080 732.343140
0 1524818280 857.191589 381.155487
0 1524850322 949.102295 367.950836
0 1438996635 918.366760 539.933960
0 1524832299 868.377136 376.901794
0 1478242220 952.893799 787.794556
0 1524789245 861.877563 345.302856
0 1438999639 902.388916 471.422302
0 1478196161 942.898193 739.198975
0 1478252234 933.988770 695.884399
0 1524803261 820.410278 373.367828
0 1478211179 1177.216064 765.791382
0 1578523680 1030.426025 494.221741
0 1578530689 904.792664 481.729279
0 1568508653 861.636963 490.434662
0 1524826290 959.264893 363.901825
0 1524847319 900.800232 364.571716
0 1524810270 835.127808 397.213623
0 1524835302 880.955688 379.518311
0 1524821284 840.869873 352.735352
0 1524799257 879.370483 372.721161
0 1478233208 1045.778809 718.044861
0 1608354172 1001.138672 539.883362
0 1524835303 872.789978 398.355499
0 1478251232 876.695679 733.900696
0 1524812273 895.566895 389.280640
0 1706512175 943.688538 463.225342
0 1438986622 1060.240356 491.902985
0 1478211180 1017.329529 768.583374
0 1524823286 841.798462 358.892365
0 1478223195 956.714722 704.366821
0 1478244223 1010.412720 744.602234
0 1438987623 1009.778687 519.810913
0 1478193157 1053.497559 740.490906
0 1478198164 927.791260 777.283997
0 1524862339 843.741638 371.777283
0 1478236212 1071.048218 673.155273
0 1478240217 1031.574097 676.737366
0 1478214183 1005.209290 809.699219
0 1578521678 877.435791 494.743744
0 1524844314 938.764465 372.069702
0 1524848320 821.735535 387.148712
0 1524806265 891.917175 375.285767
0 1524787243 911.245850 360.599365
0 1478241219 1087.423828 714.139648
0 1524799256 893.713013 382.171967
0 1478190154 1119.310303 689.372498
0 1478226198 1070.727661 727.107910
0 1478208176 1115.745483 785.022827
0 1478214184 969.399475 672.388062
0 2084722944 991.903931 515.038086
0 1578522679 937.022888 490.157074
0 1524825289 873.493530 347.521271
0 1774531078 891.263062 488.165710
0 1525674169 950.147217 483.655975
0 1478197162 1089.421753 844.959290
0 1524815276 906.653015 384.863678
0 1768901071 1042.702515 487.587799
0 1578526684 970.416077 498.888977
0 1478182144 978.690125 798.595520
0 1524853326 962.072510 370.469604
0 1478218189 1025.024170 657.690002
0 1578513667 943.546631 512.775208
0 1438983618 947.014648 524.799072
0 1478224196 1038.482300 696.826355
0 1478247227 1012.529175 837.766602
0 1524792248 773.432373 383.419739
0 1524795252 863.100769 351.249817
0 1524808267 844.759033 378.523163
0 1478191155 1128.822632 710.257446
0 1524856330 909.271606 354.354156
0 1478236211 896.384827 720.836182
0 1478258242 1069.922852 862.542419
0 1478212181 1079.012695 693.088684
0 1478185147 997.716980 700.585693
0 1568502645 865.033264 512.954651
0 1568508652 960.843872 517.492981
0 1438984619 954.408447 550.433533
0 1659977623 941.865723 506.947449
0 1478209177 932.406433 803.179077
0 1438982617 940.218811 501.237518
0 1524805264 809.424561 384.446381
0 1771287074 834.066406 515.375854
0 2087111947 1017.873657 501.004700
0 1524817279 941.296448 378.881897
0 1524795251 913.280884 367.036652
0 1478230204 1028.374878 731.113892
0 1478230203 1060.541626 832.867004
0 1524847318 831.677551 369.267792
0 1578516671 851.813782 532.365173
0 1568513659 953.570190 494.484009
0 1578529687 848.848083 508.343750
0 1524819282 915.379456 373.675079
0 1478253235 1062.650024 705.375854
0 1524836304 866.996948 370.191925
0 1478243221 1032.482300 821.118530
0 1568501644 939.713989 558.560364
0 1438998637 847.453918 497.051575
0 1524816278 822.430420 394.374756
0 1705773174 975.560669 471.067505
0 1524845316 885.262512 349.768890
0 1524842312 897.187500 352.046295
0 1568507651 915.405212 465.349670
0 1438999638 1035.581299 505.540680
0 1478252233 951.956116 683.962402
0 1438993630 1025.473755 483.348633
0 1478237214 1165.616333 741.800598
0 1524857332 785.220947 372.424011
0 1478248228 1003.885803 721.973389
0 1478225197 1169.977905 706.398071
0 1524859335 888.488831 362.140198
0 1524832298 890.176636 368.611725
0 1478200166 1223.235229 724.293823
0 1478250231 919.346436 729.901123
0 1478245225 1149.536865 755.736450
0 1438995633 959.489075 467.113068
0 1524804263 832.499756 375.927551
0 1524839308 877.833801 366.132019
0 1524849321 859.746826 395.492432
0 1568512658 946.855774 473.244293
0 1568514661 893.518372 499.130219
0 1478231205 879.558533 757.088806
0 1773608077 983.406250 492.175568
0 1438977615 883.689331 529.831848
0 1524834301 808.948486 377.538666
0 1607644171 936.212097 545.132568
0 1524800258 886.851624 355.862122
0 1568504647 1048.049072 498.645416
0 1568500642 926.565613 508.143738
0 1478256239 985.765930 735.144226
0 1524815277 809.916016 391.576782
0 1568503646 835.224792 527.421448
0 1478220191 1132.922119 770.136047
0 1478207174 972.702271 772.919922
0 1524841311 796.726501 368.353302
0 1478213182 1122.580688 745.944275
0 1524813274 833.348083 382.798187
0 1568516663 1022.827942 512.593994
0 1578517672 1065.994507 503.149994
0 1578527685 921.440674 553.114685
0 1478240218 961.742493 725.925415
0 1478215185 1154.673096 719.167664
0 1524838307 797.580750 388.818848
0 1478197163 967.062866 748.738831
0 1478221192 938.319031 716.936829
0 1524819281 898.966675 358.214783
0 2086284946 923.607849 496.802155
0 1524824288 908.730957 392.067810
0 1524802260 761.611877 380.776917
0 1478226199 1035.707520 754.308838
0 1578518673 1014.724243 532.188599
0 1438981616 991.910339 475.090363
0 1478238215 1144.332397 697.780518
0 1609135173 863.300903 501.468109
0 1524837305 785.319275 379.155090
0 1524793249 845.808838 385.484222
0 1568515662 832.954773 503.816010
0 1568516664 889.094788 477.624512
0 1438991628 875.513916 483.960510
0 1478249230 1094.889404 681.166504
0 1438996634 966.629700 487.878113
0 1578519675 987.223328 547.764709
0 1524829295 830.880188 362.809448
0 1524864341 821.062500 380.149933
0 1478255238 1193.056274 751.507507
0 1438993631 818.128662 510.732941
0 1524788244 834.223572 389.889954
0 1772785076 1053.616699 510.160553
0 1524828293 904.640564 377.886505
0 1478203171 1160.841675 780.556885
0 1524798255 923.692566 363.016418
0 1478199165 1079.278564 750.113586
0 1578528686 909.892273 503.596130
0 1478192156 1088.345825 774.508423
0 1478228201 923.445618 752.900940
0 1772037075 918.034119 475.429932
0 1578515670 881.518433 517.651062
0 1524851323 855.973633 374.321716
0 1478218188 1126.378052 811.634094
0 1478202169 980.006592 713.060486
0 1478254236 1108.228271 828.000732
0 1478246226 1208.387939 737.682312
0 1524809269 842.755249 365.236786
0 1524822285 936.310242 365.466705
0 1524841310 861.088013 403.017822
0 1478235210 1040.804810 849.972656
0 1578515669 958.354736 564.115479
0 1524854328 854.793091 367.697388
0 0 475.200043 490.028137
0 1 1056.748901 592.481323
0 2 728.871704 424.274109
0 3 423.058136 482.390442
0 4 417.697906 536.861511
0 5 831.124573 647.169434
0 6 732.170593 378.526428
0 7 462.044373 573.741211
0 8 721.627014 671.858215
0 9 1234.626709 393.064972
0 10 441.814575 551.003357
0 11 1199.442993 760.972717
0 12 934.859131 339.236694
0 13 553.633362 552.644592
0 14 975.899963 348.238159
0 15 372.431183 527.433350
0 16 548.830566 526.771545
0 17 1291.526978 398.333313
0 18 1357.869385 666.327393
0 19 1055.600342 414.304932
0 20 1183.934448 384.587433
0 21 1016.729614 397.919373
0 22 1138.032227 609.752625
0 23 882.876587 338.103973
0 24 1281.666016 700.210266
0 25 1115.037231 422.849304
0 26 932.023743 387.110565
0 27 1063.531128 718.485474
0 28 1586.718628 477.427765
0 29 1223.567261 432.377502
0 30 617.199402 466.225647
0 31 640.978455 583.761047
0 32 691.369690 416.171509
0 33 1200.430176 448.582184
0 34 450.485474 508.921661
0 35 781.539917 622.100708
0 36 501.179688 513.607300
0 37 738.770142 401.664398
0 38 1054.582642 665.618469
0 39 571.125977 460.635406
