0 1578512666 911.498108 708.170776
0 1524823287 736.737000 570.582886
0 1478234209 779.199951 978.052124
0 1707269176 808.300476 752.570007
0 1438989626 845.708923 676.152649
0 1524801259 808.840576 598.535339
0 1438992629 849.113403 697.312073
0 1478227200 926.476013 1027.630249
0 1524854327 772.219238 609.649170
0 1478249229 1030.391479 1053.344238
0 1524807266 901.086670 584.996582
0 1524863340 782.710205 564.622375
0 1524831297 876.002380 578.153137
0 1478229202 947.328857 1012.456482
0 1568509654 834.903015 702.969238
0 1524790246 794.267578 567.855286
0 1578523681 725.772949 733.738159
0 1478207175 960.320312 1072.294434
0 1524861337 700.203491 580.253723
0 1478210178 831.809570 1062.018677
0 1524862338 879.716431 591.757568
0 1478186149 878.234131 1029.582642
0 1524797254 851.591187 571.493347
0 1578518674 824.201721 745.728760
0 1438985621 758.354187 733.443237
0 1524857331 736.296265 577.141235
0 1478203170 858.762939 1076.902710
0 1438994632 914.680481 719.827576
0 1578520676 847.376465 686.516907
0 1478237213 880.700012 893.629822
0 1568511657 900.767456 725.977112
0 1775370079 924.825439 702.436890
0 1478195160 708.296021 993.812927
0 1568510655 928.252563 713.828796
0 1478257240 884.127380 914.931763
0 1578521677 889.272522 745.051575
0 1524794250 723.482056 587.313721
0 1524812272 784.315247 598.411377
0 1769859072 869.500305 726.239685
0 1578525683 878.873352 697.153381
0 1770636073 874.339172 751.836487
0 1524846317 805.321716 564.816589
0 1524833300 796.317810 594.842224
0 1568511656 710.005127 727.579285
0 1438985620 790.128418 720.793945
0 1478185148 731.604126 1006.683960
0 1707993177 879.642578 779.890259
0 1478189152 903.022461 903.565186
0 1524791247 783.010742 570.949707
0 1524830296 805.980774 571.131775
0 2088218948 806.340454 726.770203
0 1524827292 748.222595 573.924377
0 1606348170 774.683411 739.696411
0 1524855329 846.088684 602.396545
0 1478183145 899.120605 882.925659
0 1438990627 886.500366 732.283081
0 1524840309 724.144531 580.418762
0 1478222194 911.542480 948.634583
0 1709860179 993.342163 725.199585
0 1478188151 1005.382446 970.212952
0 1438988624 822.858643 732.859253
0 1478243222 1076.012207 980.560486
0 1524843313 782.418945 558.490356
0 1524844315 863.714355 574.800781
0 1524858333 759.991150 564.427246
0 1524811271 857.515747 598.781311
0 1524859334 748.470154 567.476990
0 1478216186 864.583374 926.688660
0 1524851324 710.883362 590.776978
0 1524814275 809.617249 605.977356
0 1578514668 859.006897 758.802673
0 1478184146 907.155945 925.430664
0 1524829294 794.755493 574.277466
0 1478176143 998.057312 945.863953
0 1524860336 822.548279 609.844055
0 1478222193 994.073303 1010.636169
0 1438997636 820.344177 708.765076
0 1478194158 949.347595 924.183899
0 1478201168 932.148315 1057.635742
0 1478187150 779.708374 1004.881714
0 1478205172 904.798096 1043.404541
0 1524838306 854.456726 584.691833
0 1568514660 809.349915 766.383301
0 1524865342 798.046387 617.595825
0 2085418945 939.469055 751.113037
0 1524808268 796.874268 602.166870
0 1478200167 874.486023 1001.330627
0 1478194159 953.602539 1041.352539
0 1568501643 841.434631 752.201965
0 1478239216 944.020447 902.449219
0 1524820283 772.075195 602.051147
0 1438989625 892.172852 758.410522
0 1568505649 807.298401 739.379333
0 1478255237 732.641663 979.665771
0 1524804262 810.421204 613.680786
0 1568506650 876.928711 765.534668
0 1478217187 800.550537 940.204285
0 1568505648 907.016541 751.473511
0 1568497640 774.934387 752.940613
0 1578511665 791.971497 759.595276
0 1478258241 827.333252 1003.097290
0 1524796253 830.968567 584.538208
0 1478206173 981.527710 1055.478760
0 1524826291 844.710266 595.105164
0 1578529688 953.459412 744.383545
0 1478233207 780.251526 1033.547607
0 1708834178 839.691711 739.064392
0 1478189153 986.740845 983.777832
0 1568499641 895.041016 702.613220
0 1478245224 755.579651 1019.923584
0 1524852325 855.960815 591.619629
0 1478219190 1092.886963 967.180176
0 1578525682 918.003052 731.997864
0 1478232206 1031.590576 982.161438
0 1524818280 783.972717 591.201538
0 1524850322 877.829102 584.844543
0 1438996635 825.607300 759.197571
0 1524832299 795.779785 587.760193
0 1478242220 829.495178 1031.554932
0 1524789245 793.336548 555.600342
0 1438999639 818.035156 686.639954
0 1478196161 825.309143 976.454102
0 1478252234 821.624878 927.958069
0 1524803261 747.966919 580.583008
0 1478211179 1068.294556 1021.891235
0 1578523680 945.312500 719.589905
0 1578530689 819.165649 697.471802
0 1568508653 773.994324 703.329773
0 1524826290 888.458618 581.551453
0 1524847319 829.887512 577.819153
0 1524810270 759.590759 605.763611
0 1524835302 808.089844 591.341614
0 1524821284 771.305542 561.432251
0 1524799257 807.363770 584.383911
0 1478233208 935.948853 960.040710
0 1608354172 910.359985 765.114807
0 1524835303 797.450134 609.746887
0 1478251232 756.101562 966.033386
0 1524812273 821.545105 602.281982
0 1706512175 860.991516 681.229919
0 1438986622 975.746033 719.353760
0 1478211180 900.114502 1014.295044
0 1524823286 771.423706 567.666626
0 1478223195 844.356506 938.856445
0 1478244223 895.732178 987.057800
0 1438987623 921.475281 744.716431
0 1478193157 941.456787 985.409851
0 1478198164 804.247253 1018.028381
0 1524862339 771.671509 580.746399
0 1478236212 967.301208 912.572266
0 1478240217 925.897949 913.746765
0 1478214183 882.245056 1059.815552
0 1578521678 789.566589 708.965698
0 1524844314 866.998474 588.200073
0 1524848320 747.429565 594.576538
0 1524806265 819.638062 587.907532
0 1524787243 840.839050 574.627136
0 1478241219 979.860901 958.577515
0 1524799256 820.575562 594.974060
0 1478190154 1015.629395 933.586609
0 1478226198 961.006165 971.750977
0 1478208176 1001.904602 1039.321533
0 1478214184 861.665039 904.690979
0 2084722944 903.822266 738.440918
0 1578522679 850.924011 708.565674
0 1524825289 804.682983 558.695862
0 1774531078 804.545898 703.148926
0 1525674169 865.067444 702.790588
0 1524815276 833.240479 598.658630
0 1768901071 958.466858 713.613281
0 1578526684 883.848022 720.066772
0 1478182144 855.483459 1045.478027
0 1524853326 890.502441 588.345154
0 1478218189 921.300232 892.569946
0 1578513667 854.786255 732.570190
0 1438983618 856.848755 745.388977
0 1478224196 930.772278 936.197571
0 1524792248 699.138794 587.163330
0 1524795252 793.794800 561.632629
0 1524808267 771.801636 587.612122
0 1478191155 1023.364807 957.127869
0 1524856330 839.629639 568.229919
0 1478236211 778.723145 952.888062
0 1478212181 973.393005 934.886169
0 1478185147 887.761902 937.520874
0 1568502645 774.443542 727.038025
0 1568508652 871.865601 738.751587
0 1438984619 861.267639 772.853638
0 1659977623 853.788940 726.371643
0 1478209177 805.650635 1047.573364
0 1438982617 852.813232 720.307617
0 1524805264 735.370361 590.919250
0 1771287074 742.332520 727.307800
0 2087111947 931.828735 725.716187
0 1524817279 868.722900 595.235657
0 1524795251 842.087585 581.231812
0 1478230204 916.205994 973.303711
0 1524847318 759.866333 577.311951
0 1578516671 758.228577 746.415283
0 1568513659 867.236389 714.263916
0 1578529687 758.474365 721.039490
0 1524819282 843.377319 588.054138
0 1478253235 954.999268 947.242798
0 1524836304 795.259277 580.908997
0 1478243221 909.815063 1074.586182
0 1568501644 845.172302 780.375549
0 1438998637 758.589294 709.167725
0 1524816278 747.146912 601.934814
0 1705773174 892.353699 691.649048
0 1524845316 816.178650 561.832092
0 1524842312 827.826538 565.009888
0 1568507651 832.032898 681.335327
0 1438999638 949.296509 731.714539
0 1478252233 841.984436 916.127197
0 1438993630 941.496033 707.975220
0 1478237214 1058.513184 994.435730
0 1524857332 712.609924 576.969604
0 1478248228 891.622864 961.517639
0 1478225197 1066.466064 955.691711
0 1524859335 817.852966 574.452759
0 1524832298 818.731018 581.070801
0 1478200166 1120.011841 978.974792
0 1478250231 801.705261 964.513794
0 1478245225 1040.354858 1008.833801
0 1438995633 876.537476 686.394531
0 1524804263 759.800903 584.072998
0 1524839308 806.661133 577.650879
0 1524849321 784.669556 605.870789
0 1568512658 862.987549 691.788757
0 1568514661 805.423828 714.704834
0 1478231205 755.849121 992.099121
0 1773608077 897.843018 714.045654
0 1438977615 791.329102 746.070862
0 1524834301 735.840942 583.916321
0 1607644171 843.259583 765.957458
0 1524800258 817.002625 568.043091
0 1568504647 962.686279 725.457031
0 1568500642 838.025330 726.504028
0 1478256239 870.975708 974.871338
0 1524815277 734.883667 598.161621
0 1568503646 741.844482 740.015747
0 1478220191 1021.498962 1023.784973
0 1478207174 852.423035 1016.152283
0 1524841311 724.785583 573.746582
0 1478213182 1013.180603 996.134216
0 1524813274 759.733215 591.060730
0 1568516663 935.563965 738.132263
0 1578517672 980.382812 731.433105
0 1578527685 827.079895 773.308594
0 1478240218 846.876953 963.008606
0 1478215185 1049.340698 968.689453
0 1524838307 722.797119 594.442688
0 1478197163 849.560425 988.721741
0 1478221192 823.410095 951.456970
0 1524819281 828.840698 571.312988
0 2086284946 836.430664 714.483704
0 1524824288 834.435059 606.083435
0 1524802260 687.559814 583.600708
0 1478226199 921.173584 999.581421
0 1578518673 925.107605 758.021118
0 1438981616 908.447205 696.995667
0 1478238215 1040.722168 944.497559
0 1609135173 774.214111 714.927429
0 1524837305 711.760925 583.758911
0 1524793249 771.936096 594.709717
0 1568515662 742.799316 715.151489
0 1568516664 803.704346 692.070801
0 1438991628 789.028259 697.632507
0 1478249230 991.163513 922.948242
0 1438996634 881.308105 708.367615
0 1578519675 895.210510 772.401855
0 1524829295 759.929749 570.766785
0 1524864341 747.702698 587.463318
0 1478255238 1086.180054 1007.049316
0 1438993631 726.609680 721.286743
0 1524788244 759.663208 598.286804
0 1772785076 967.092834 737.825745
0 1524828293 832.085632 591.480957
0 1478203171 1049.712158 1037.311401
0 1524798255 853.000977 577.986511
0 1478199165 967.402832 997.849365
0 1578528686 821.574036 720.549988
0 1478192156 974.228577 1025.697876
0 1478228201 802.934937 990.402161
0 1772037075 833.438416 691.929321
0 1578515670 790.715393 733.150269
0 1524851323 783.641479 584.228821
0 1478218188 1010.287537 1070.027100
0 1478202169 867.681274 950.039185
0 1478246226 1103.407227 992.753723
0 1524809269 771.545593 574.101440
0 1524822285 865.329834 581.392029
0 1524841310 785.036316 613.592773
0 1578515669 863.638428 787.588318
0 1524854328 783.321045 577.481812
0 0 662.849976 810.162903
0 1 826.865540 887.280212
0 2 491.763947 843.034790
0 3 378.735413 706.546387
0 4 815.130737 836.432861
0 5 1292.412476 856.432434
0 6 329.535248 680.678040
0 7 774.264099 869.592163
0 8 958.655518 767.463135
0 9 476.408051 632.001526
0 10 299.897797 746.563904
0 11 1107.702881 619.340637
0 12 557.562988 613.665710
0 13 1462.424072 764.983948
0 14 703.460632 576.354919
0 15 755.980469 935.460083
0 16 1406.486572 810.944275
0 17 753.992798 563.432922
0 18 1356.182007 845.834717
0 19 300.503204 712.228088
0 20 795.448730 546.393982
0 21 609.348877 616.080994
0 22 854.056152 546.844543
0 23 528.449768 765.011169
0 24 1114.464600 605.938782
0 25 424.013123 779.705505
0 26 333.973389 722.940491
0 27 976.719360 578.078491
0 28 881.428101 939.172424
0 29 911.048279 631.366455
0 30 950.259888 624.408997
0 31 1412.782227 720.142151
0 32 541.138245 632.450195
0 33 520.533020 659.034363
0 34 224.611847 737.015442
0 35 628.433411 836.832520
0 36 681.328796 617.855713
0 37 374.417053 685.053772
0 38 1013.269043 868.605713
0 39 465.643768 652.789246
