0 1578512666 998.363708 325.161682
0 1524823287 471.223175 407.086975
0 1478234209 1507.136719 367.361786
0 1707269176 1109.887695 362.722351
0 1438989626 906.233704 349.117523
0 1524801259 625.067200 366.449799
0 1438992629 967.651978 347.861450
0 1478227200 1539.798218 330.402985
0 1524854327 661.425110 383.998901
0 1478249229 1549.498169 308.239716
0 1524807266 595.138916 323.321472
0 1524863340 461.085815 381.754852
0 1524831297 558.676636 334.404694
0 1478229202 1519.001709 325.187134
0 1568509654 982.903870 353.337006
0 1524790246 481.836273 375.279175
0 1578523681 1065.541626 395.696686
0 1478207175 1581.171753 323.897614
0 1524861337 504.622772 427.080383
0 1478210178 1594.658447 353.030182
0 1524862338 616.723328 333.184479
0 1478186149 1550.659424 341.810669
0 1524797254 520.891602 345.889954
0 1578518674 1092.962891 357.022186
0 1438985621 1064.108887 382.490356
0 1524857331 503.762268 406.463348
0 1478203170 1604.813843 346.708893
0 1438994632 1028.035889 324.537903
0 1578520676 936.918396 348.489990
0 1478237213 1371.684570 339.598450
0 1568511657 1043.328857 329.583618
0 1775370079 983.665710 320.211456
0 1478195160 1540.744385 386.589264
0 1568510655 1013.039246 319.589966
0 1478257240 1403.114136 338.955688
0 1578521677 1089.262573 334.100830
0 1524794250 547.981079 412.354187
0 1524812272 617.595764 378.650574
0 1769859072 1044.234253 340.610596
0 1578525683 968.204834 336.611786
0 1770636073 1105.493896 339.348755
0 1524846317 471.600739 369.542023
0 1524833300 605.814758 372.800415
0 1568511656 1049.342529 402.833771
0 1438985620 1030.595947 370.458923
0 1478185148 1551.966797 379.603821
0 1707993177 1166.947754 338.082947
0 1478189152 1383.577759 333.620789
0 1524791247 492.285400 381.136017
0 1524830296 502.195648 368.925568
0 2088218948 1046.154053 363.996582
0 1524827292 492.748779 400.086823
0 1606348170 1079.669434 375.771057
0 1524855329 650.713684 348.716370
0 1478183145 1352.482788 334.261292
0 1438990627 1058.927246 334.730042
0 1524840309 515.018005 412.980133
0 1478222194 1445.916504 332.336731
0 1709860179 1040.808228 298.879639
0 1478188151 1459.057983 310.153229
0 1438988624 1061.414673 357.657837
0 1478243222 1460.977661 294.718658
0 1524843313 429.937134 382.372650
0 1524844315 539.953918 340.095703
0 1524858333 450.141052 394.466980
0 1524811271 639.159912 343.436829
0 1524859334 460.568756 400.709106
0 1478216186 1423.055542 344.401245
0 1524851324 559.864014 419.014740
0 1524814275 655.908752 365.828369
0 1578514668 1122.056030 344.703705
0 1478184146 1414.722290 332.979279
0 1524829294 512.755554 374.660980
0 1478176143 1429.003784 310.789124
0 1524860336 674.526489 359.597595
0 1478222193 1509.057373 314.425995
0 1438997636 998.471802 358.926086
0 1478194158 1406.708374 321.995117
0 1478201168 1571.192383 329.756287
0 1478187150 1540.409668 366.707214
0 1478205172 1561.023438 335.726227
0 1524838306 579.934448 344.665283
0 1568514660 1141.833252 362.083649
0 1524865342 699.328308 370.930786
0 2085418945 1101.427979 317.719879
0 1524808268 636.935242 372.178223
0 1478200167 1518.680542 342.459900
0 1478194159 1550.062134 324.542908
0 1568501643 1107.647461 350.804565
0 1478239216 1376.166504 322.632935
0 1524820283 629.625977 384.624451
0 1438989625 1119.645630 333.470612
0 1568505649 1077.994751 363.359985
0 1478255237 1517.977539 380.261108
0 1524804262 686.799927 365.205963
0 1568506650 1136.196533 338.716370
0 1478217187 1452.598511 362.088745
0 1568505648 1103.422241 328.328674
0 1568497640 1112.220215 375.130707
0 1578511665 1127.171509 368.543396
0 1478258241 1529.323608 354.336426
0 1524796253 571.891907 355.955261
0 1478206173 1560.136597 318.791016
0 1524826291 620.773804 349.333038
0 1578529688 1085.835815 312.873932
0 1478233207 1573.739136 366.051544
0 1708834178 1076.386230 351.439209
0 1478189153 1478.643677 315.065369
0 1568499641 983.421387 330.834686
0 1478245224 1562.962769 372.759308
0 1524852325 609.524292 344.051575
0 1478219190 1442.269653 290.177002
0 1578525682 1057.753662 323.913208
0 1478232206 1469.645752 304.702118
0 1524818280 586.191101 379.273438
0 1524850322 587.677979 333.795044
0 1438996635 1124.562744 356.385468
0 1524832299 574.744690 373.421631
0 1478242220 1561.963867 353.683868
0 1524789245 420.147644 376.512512
0 1438999639 935.733154 360.190186
0 1478196161 1496.737671 354.987915
0 1478252234 1431.727905 356.287689
0 1524803261 524.983032 399.463501
0 1478211179 1509.627563 298.714020
0 1578523680 1027.454956 314.116913
0 1578530689 967.077026 359.558624
0 1568508653 982.343872 377.685669
0 1524826290 577.068726 328.814148
0 1524847319 541.784180 356.570984
0 1524810270 641.913391 390.726074
0 1524835302 594.275269 367.070221
0 1524821284 439.932800 388.356171
0 1524799257 563.532776 367.689667
0 1478233208 1457.028198 326.472626
0 1608354172 1133.539062 327.699768
0 1524835303 668.106445 371.554993
0 1478251232 1495.708130 374.071259
0 1524812273 643.959045 360.218170
0 1706512175 922.293335 343.122345
0 1438986622 1026.894897 304.073578
0 1478211180 1529.339600 336.374207
0 1524823286 471.417755 387.736755
0 1478223195 1443.415039 349.960907
0 1478244223 1497.706787 337.021118
0 1438987623 1087.516968 323.287537
0 1478193157 1487.990479 325.830383
0 1478198164 1551.293213 360.131195
0 1524862339 534.544006 386.494934
0 1478236212 1387.685059 316.977478
0 1478240217 1395.250366 327.754028
0 1478214183 1582.690674 341.160370
0 1578521678 998.510864 371.095337
0 1524844314 598.494385 338.873199
0 1524848320 589.615234 398.213623
0 1524806265 582.969971 361.456360
0 1524787243 531.234131 351.177399
0 1478241219 1448.277222 315.703705
0 1524799256 613.440247 360.837769
0 1478190154 1410.104370 305.969849
0 1478226198 1467.935547 320.716461
0 1478208176 1539.518555 313.785645
0 1478214184 1391.284180 345.046265
0 2084722944 1073.352295 328.956635
0 1578522679 998.434387 347.231903
0 1524825289 441.054871 370.157501
0 1774531078 982.629517 365.266663
0 1525674169 983.167664 341.868439
0 1478197162 1612.330688 323.251343
0 1524815276 632.249817 354.720856
0 1768901071 1012.737915 309.358551
0 1578526684 1028.639160 335.358276
0 1478182144 1572.427612 347.361450
0 1524853326 605.827637 328.205688
0 1478218189 1364.434448 328.393219
0 1578513667 1060.146606 345.969818
0 1438983618 1091.076660 345.337250
0 1478224196 1426.114868 327.113831
0 1478247227 1614.774170 340.509064
0 1524792248 538.288879 426.453339
0 1524795252 450.967041 375.896362
0 1524808267 566.185486 385.872498
0 1478191155 1439.852539 305.336487
0 1524856330 501.480438 351.790253
0 1478236211 1473.920288 368.015228
0 1478258242 1634.131592 328.459869
0 1478212181 1417.957642 316.341064
0 1478185147 1434.594238 338.311859
0 1568502645 1047.173218 376.410339
0 1568508652 1074.839844 339.980194
0 1438984619 1153.084961 344.069092
0 1659977623 1044.700073 346.285736
0 1478209177 1584.302124 359.476501
0 1438982617 1029.265991 346.601379
0 1524805264 569.007202 405.212921
0 1771287074 1048.235107 389.344910
0 2087111947 1042.457275 318.967560
0 1524817279 627.831970 338.260559
0 1524795251 561.034119 350.563568
0 1478230204 1477.160400 331.693176
0 1478230203 1602.636841 329.108582
0 1524847318 513.851624 393.224152
0 1578516671 1096.971069 381.849335
0 1568513659 1013.676819 341.240051
0 1578529687 1031.302368 383.130341
0 1524819282 590.880676 349.948822
0 1478253235 1437.297974 321.356262
0 1524836304 543.724976 374.041779
0 1478243221 1592.758545 335.077179
0 1568501644 1170.321411 349.532166
0 1438998637 998.551392 383.769196
0 1524816278 622.013428 397.587128
0 1705773174 953.537048 331.458771
0 1524845316 461.572296 363.920929
0 1524842312 481.710663 357.799591
0 1568507651 920.832397 354.597198
0 1438999638 1056.623413 313.495880
0 1478252233 1411.294312 350.608124
0 1438993630 998.330383 314.737030
0 1478237214 1480.045898 299.347748
0 1524857332 493.242188 420.267822
0 1478248228 1466.125122 337.667023
0 1478225197 1431.736206 295.348846
0 1524859335 522.174744 362.690582
0 1524832298 552.548218 362.073975
0 1478200166 1452.621460 285.094482
0 1478250231 1485.441528 361.437317
0 1478245225 1499.484619 304.066803
0 1438995633 938.058411 337.237091
0 1524804263 545.786743 392.601196
0 1524839308 532.839539 368.308075
0 1524849321 649.051941 378.026642
0 1568512658 952.706482 342.495880
0 1568514661 1014.365723 364.632172
0 1478231205 1529.306641 373.415833
0 1773608077 1013.351990 330.209625
0 1438977615 1094.926147 369.182983
0 1524834301 536.356873 405.838684
0 1607644171 1138.959106 350.168854
0 1524800258 491.849487 363.306244
0 1568504647 1041.617676 308.739868
0 1568500642 1045.175171 352.072815
0 1478256239 1486.753540 343.108063
0 1524815277 601.713379 404.586121
0 1568503646 1081.414551 388.703308
0 1478220191 1519.305054 308.878540
0 1478207174 1540.094849 348.012909
0 1524841311 482.111725 413.605011
0 1478213182 1489.158325 309.516388
0 1524813274 577.775330 391.977203
0 1568516663 1071.920288 318.344208
0 1578517672 1055.534180 303.456360
0 1578527685 1156.213867 355.747711
0 1478240218 1475.588623 349.312683
0 1478215185 1450.508667 299.980499
0 1524838307 581.001099 411.727173
0 1478197163 1507.815186 348.663300
0 1478221192 1464.205688 355.638367
0 1524819281 511.723816 357.185760
0 2086284946 1014.014526 352.705444
0 1524824288 662.500183 354.102173
0 1524802260 516.261841 434.047699
0 1478226199 1508.454346 331.048553
0 1578518673 1117.326172 322.660858
0 1438981616 968.737000 325.784485
0 1478238215 1421.016113 300.612305
0 1609135173 1014.731384 377.048553
0 1524837305 526.524048 419.641846
0 1524793249 597.879456 385.248962
0 1568515662 1015.112427 389.985443
0 1568516664 950.945251 365.900116
0 1438991628 966.478760 371.730682
0 1478249230 1398.995850 311.424011
0 1438996634 998.398376 335.985535
0 1578519675 1150.076294 332.839417
0 1524829295 481.969757 393.846100
0 1524864341 557.271851 398.839111
0 1478255238 1490.262939 294.087555
0 1438993631 1032.038696 396.338776
0 1524788244 609.817566 391.352173
0 1772785076 1070.540649 308.120331
0 1524828293 602.047058 355.338531
0 1478203171 1529.369019 303.430542
0 1524798255 550.390259 345.278107
0 1478199165 1498.620972 320.075684
0 1578528686 1029.917725 358.292480
0 1478192156 1529.354614 319.433838
0 1478228201 1518.339722 360.784821
0 1772037075 951.843201 353.967621
0 1578515670 1062.734375 369.821503
0 1524851323 554.837891 379.895325
0 1478218188 1570.026855 313.144318
0 1478202169 1454.878662 343.755157
0 1478254236 1590.966919 318.147186
0 1478246226 1471.264282 289.548523
0 1524809269 502.954834 387.116364
0 1524822285 569.201782 339.484924
0 1524841310 680.559814 377.401703
0 1478235210 1624.544922 334.427155
0 1578515669 1184.163574 343.433472
0 1524854328 523.536072 380.516205
0 0 925.393555 204.901505
0 1 796.527100 451.079529
0 2 1053.573486 243.170242
0 3 1022.063049 177.390976
0 4 924.713562 247.452560
0 5 632.130615 287.644928
0 6 1269.928833 186.362930
0 7 789.230347 290.973511
0 8 795.945251 395.224701
0 9 1422.213501 352.467773
0 10 898.819092 271.541870
0 11 565.988647 381.252472
0 12 1422.698242 232.181519
0 13 818.381531 228.806274
0 14 1545.567993 254.299789
0 15 1068.453613 224.857086
0 16 883.716431 215.290375
0 17 1468.070312 328.877441
0 18 725.869507 457.381409
0 19 1446.696533 404.057312
0 20 1379.441040 369.456177
0 21 1495.986328 423.404694
0 22 1257.677856 414.494659
0 23 1373.315674 218.057877
0 24 620.752563 374.975677
0 25 1374.687500 463.155396
0 26 1545.439575 382.291840
0 27 534.655884 352.244965
0 28 1201.968262 465.582092
0 29 1219.373047 596.866821
0 30 1007.313171 232.183090
0 31 780.932922 241.378983
0 32 1314.508911 279.971222
0 33 1287.334106 510.159729
0 34 1107.681641 237.687469
0 35 677.349182 266.046875
0 36 1128.501953 227.102112
0 37 1366.190918 300.703522
0 38 1326.262451 411.295776
0 39 1187.565186 259.481689
