0 1578512666 978.407471 492.907104
0 1524823287 514.037964 1021.463867
0 1478234209 1459.637695 361.441193
0 1707269176 1179.585571 495.576691
0 1438989626 947.382874 574.374878
0 1524801259 629.424744 792.223328
0 1438992629 1009.008423 540.626038
0 1478227200 1403.902466 311.770905
0 1524854327 746.310120 793.803650
0 1478249229 1365.351807 284.991791
0 1524807266 421.931732 736.945984
0 1524863340 390.494873 981.317810
0 1524831297 395.721436 789.063660
0 1478229202 1381.444214 311.476349
0 1568509654 1039.340088 541.029724
0 1524790246 406.215454 945.154724
0 1578523681 1226.032471 560.476990
0 1478207175 1414.292847 294.157501
0 1524861337 654.229919 1023.385925
0 1478210178 1478.191650 321.990021
0 1524862338 496.290894 737.948120
0 1478186149 1432.647339 321.392334
0 1524797254 366.895935 846.381348
0 1578518674 1150.841797 495.195251
0 1438985621 1191.020752 543.048401
0 1524857331 572.204590 983.803345
0 1478203170 1471.282227 312.654663
0 1438994632 1006.564209 478.596161
0 1578520676 978.775513 557.182922
0 1478237213 1320.084351 370.267487
0 1568511657 1034.806274 478.970581
0 1775370079 949.673157 492.525848
0 1478195160 1515.831055 372.844452
0 1568510655 978.323364 478.221771
0 1478257240 1339.096924 359.855377
0 1578521677 1089.300537 465.504669
0 1524794250 671.452393 948.774841
0 1524812272 660.956177 820.807678
0 1769859072 1064.618408 494.051117
0 1578525683 978.584717 523.877869
0 1770636073 1117.068237 465.872498
0 1524846317 362.020569 944.551575
0 1524833300 621.048767 820.267151
0 1568511656 1230.882935 578.155945
0 1438985620 1130.343994 542.240845
0 1478185148 1507.860718 362.075623
0 1707993177 1166.086670 439.537384
0 1478189152 1314.991699 359.538239
0 1524791247 450.413574 945.757996
0 1524830296 421.110474 910.890686
0 2088218948 1127.495972 525.857605
0 1524827292 526.772034 983.181885
0 1606348170 1187.070557 526.649658
0 1524855329 607.846802 739.451477
0 1478183145 1295.620361 369.945404
0 1438990627 1063.049683 479.345032
0 1524840309 617.640564 984.424866
0 1478222194 1352.077148 339.614105
0 1709860179 951.235291 436.696228
0 1478188151 1314.074585 310.592712
0 1438988624 1124.749512 510.058899
0 1478243222 1283.142822 292.439270
0 1524843313 327.165558 1018.901794
0 1524844315 381.659454 817.025024
0 1524858333 420.594543 1020.182739
0 1524811271 570.659241 738.950317
0 1524859334 467.314423 1020.823242
0 1478216186 1363.203125 360.172485
0 1524851324 715.669800 949.378418
0 1524814275 675.467102 765.995056
0 1578514668 1144.837280 466.240326
0 1478184146 1333.802612 349.432098
0 1524829294 464.148682 911.476868
0 1478176143 1296.034546 319.599518
0 1524860336 682.228760 740.453979
0 1478222193 1353.781250 302.119293
0 1438997636 1069.673218 541.433411
0 1478194158 1305.242554 338.998718
0 1478201168 1420.245605 302.990570
0 1478187150 1476.358521 351.306335
0 1478205172 1426.361572 312.065491
0 1524838306 473.612549 790.116699
0 1568514660 1204.286499 481.217499
0 1524865342 756.619873 741.456543
0 2085418945 1058.651489 438.116699
0 1524808268 668.384033 792.750000
0 1478200167 1416.018311 330.678528
0 1478194159 1398.089966 302.700134
0 1568501643 1147.787842 480.468445
0 1478239216 1286.291260 348.807404
0 1524820283 700.866150 821.348145
0 1438989625 1114.678345 452.124634
0 1568505649 1154.004761 510.447449
0 1478255237 1491.359253 372.522308
0 1524804262 719.423218 740.955200
0 1568506650 1141.984985 452.486023
0 1478217187 1417.949829 371.555878
0 1568505648 1087.372925 451.763245
0 1568497640 1212.519409 511.224640
0 1578511665 1208.330811 495.958099
0 1478258241 1445.757080 340.844971
0 1524796253 501.342255 818.645935
0 1478206173 1392.432373 293.871124
0 1524826291 561.308594 764.454163
0 1578529688 1031.795654 437.761566
0 1478233207 1492.602539 341.460510
0 1708834178 1122.099365 494.813843
0 1478189153 1336.530273 310.887268
0 1568499641 978.494568 508.116302
0 1478245224 1500.121094 351.618774
0 1524852325 523.260620 763.940552
0 1478219190 1261.287354 292.152954
0 1578525682 1033.768677 464.769135
0 1478232206 1309.475708 301.538544
0 1524818280 612.254761 849.710388
0 1524850322 447.171631 762.913513
0 1438996635 1176.036499 480.842957
0 1524832299 571.354797 849.155396
0 1478242220 1462.202393 331.284973
0 1524789245 280.456451 1018.261414
0 1438999639 1010.371399 575.214966
0 1478196161 1428.836182 350.681519
0 1478252234 1393.481934 371.233734
0 1524803261 583.027222 947.567993
0 1478211179 1322.210205 284.426880
0 1578523680 978.242126 464.033630
0 1578530689 1040.580200 558.006287
0 1568508653 1104.866577 576.475220
0 1524826290 409.130737 762.400024
0 1524847319 448.671204 847.490906
0 1524810270 740.778809 821.888672
0 1524835302 581.143982 819.726685
0 1524821284 373.878235 1019.542236
0 1524799257 530.457458 848.600586
0 1478233208 1346.749023 329.768921
0 1608354172 1112.366699 438.826996
0 1524835303 713.524719 766.508728
0 1478251232 1466.888428 372.200134
0 1524812273 637.411865 765.481384
0 1706512175 947.875427 556.771240
0 1438986622 950.864319 449.956604
0 1478211180 1409.876465 321.093506
0 1524823286 435.917206 981.939087
0 1478223195 1387.310425 360.489655
0 1478244223 1392.927734 330.375336
0 1438987623 1060.068726 451.401886
0 1478193157 1364.337036 320.495880
0 1478198164 1469.179443 341.152710
0 1524862339 550.234131 912.649353
0 1478236212 1281.826538 338.691071
0 1478240217 1310.046509 349.119751
0 1478214183 1448.821411 312.360046
0 1578521678 1102.391357 558.829834
0 1524844314 485.214905 763.427002
0 1524848320 686.911926 881.800781
0 1524806265 541.241882 819.186279
0 1524787243 407.782196 846.936157
0 1478241219 1318.801270 319.898285
0 1524799256 590.467957 791.696655
0 1478190154 1273.268799 319.300751
0 1478226198 1341.568726 320.197052
0 1478208176 1370.572876 293.584717
0 1478214184 1344.549316 370.589539
0 2084722944 1061.533936 465.136932
0 1578522679 1038.144775 524.669678
0 1524825289 299.660461 980.075317
0 1774531078 1071.484985 558.418030
0 1525674169 1008.364136 524.273743
0 1478197162 1430.069824 285.839233
0 1524815276 599.359070 764.967712
0 1768901071 950.480713 463.665894
0 1578526684 1035.880127 493.669769
0 1478182144 1455.419067 321.691193
0 1524853326 459.110168 737.446960
0 1478218189 1290.887329 359.221100
0 1578513667 1093.358276 494.432465
0 1438983618 1119.540527 480.093964
0 1478224196 1328.659424 339.306396
0 1478247227 1464.559326 303.571442
0 1524792248 708.522583 985.667969
0 1524795252 345.075928 980.696594
0 1524808267 603.010803 880.660278
0 1478191155 1291.619629 310.298218
0 1524856330 351.377106 877.239746
0 1478236211 1442.418701 371.877991
0 1478258242 1451.644165 286.121735
0 1478212181 1300.573730 329.162598
0 1478185147 1357.559570 349.744415
0 1568502645 1160.681519 542.644653
0 1568508652 1091.294434 479.719513
0 1438984619 1169.292847 452.847412
0 1659977623 1079.920410 501.791595
0 1478209177 1485.295654 331.588226
0 1438982617 1066.243286 509.281799
0 1524805264 679.385132 914.408386
0 1771287074 1195.119751 560.065186
0 2087111947 1006.004761 464.401367
0 1524817279 533.473938 738.449219
0 1524795251 461.445374 818.105591
0 1478230204 1369.837891 330.072113
0 1478230203 1436.153809 294.443909
0 1524847318 538.819458 946.964600
0 1578516671 1216.860107 527.045715
0 1568513659 1036.992310 508.893280
0 1578529687 1164.208862 559.653320
0 1524819282 512.561829 790.643372
0 1478253235 1323.661011 329.465759
0 1524836304 519.121338 879.519958
0 1478243221 1442.402100 303.281006
0 1568501644 1196.601929 453.208832
0 1438998637 1136.368164 576.895386
0 1524816278 734.971436 851.375305
0 1705773174 948.806946 523.481934
0 1524845316 317.828918 943.948425
0 1524842312 335.043396 909.718384
0 1568507651 978.876343 574.794922
0 1438999638 1005.464050 450.679199
0 1478252233 1369.015137 370.911621
0 1438993630 950.083862 477.847382
0 1478237214 1304.999146 292.725616
0 1524857332 607.495728 1022.745178
0 1478248228 1375.495728 339.921814
0 1478225197 1265.173340 300.957794
0 1524859335 435.243408 878.379761
0 1524832298 489.562958 848.045654
0 1478200166 1257.503540 283.579620
0 1478250231 1435.527588 361.124023
0 1478245225 1326.856445 293.011963
0 1438995633 948.349792 539.818787
0 1524804263 593.281372 913.235657
0 1524839308 477.180939 878.949829
0 1524849321 707.345886 793.276794
0 1568512658 978.678345 540.222412
0 1568514661 1100.007812 541.837158
0 1478231205 1483.748657 361.758423
0 1773608077 1007.143127 493.288422
0 1438977615 1183.261353 510.836029
0 1524834301 627.238220 948.171387
0 1607644171 1172.607544 466.608154
0 1524800258 378.075439 910.304504
0 1568504647 978.163574 450.317902
0 1568500642 1095.495605 509.670319
0 1478256239 1398.915405 340.229523
0 1524815277 728.866882 882.371033
0 1568503646 1221.361450 543.452209
0 1478220191 1348.714233 293.298340
0 1478207174 1439.109985 330.981750
0 1524841311 560.765015 1022.104431
0 1478213182 1331.628052 301.828918
0 1524813274 644.959961 881.230469
0 1568516663 1032.765747 451.040527
0 1578517672 978.087646 437.051331
0 1578527685 1200.379150 466.976013
0 1478240218 1405.076416 350.369171
0 1478215185 1287.323975 301.248169
0 1524838307 722.441650 914.994812
0 1478197163 1422.335815 340.537262
0 1478221192 1411.418457 360.806824
0 1524819281 393.308807 877.809753
0 2086284946 1067.927002 525.065674
0 1524824288 645.036682 739.952698
0 1524802260 700.967834 1024.026733
0 1478226199 1387.106323 320.794647
0 1578518673 1085.508545 438.471832
0 1438981616 949.247742 507.727844
0 1478238215 1269.165527 310.003723
0 1609135173 1133.299316 559.241516
0 1524837305 663.079895 985.046387
0 1524793249 653.157654 850.265259
0 1568515662 1167.871460 577.315552
0 1568516664 1041.868164 575.635010
0 1438991628 1073.366577 576.055115
0 1478249230 1277.487549 328.859436
0 1438996634 1007.742676 508.504791
0 1578519675 1139.226196 439.182159
0 1524829295 481.342896 982.560486
0 1524864341 636.331787 913.821960
0 1478255238 1300.640503 284.144470
0 1438993631 1199.376465 577.735718
0 1524788244 694.063171 850.820251
0 1772785076 1004.941040 437.406433
0 1524828293 551.513611 791.169922
0 1478203171 1343.780640 284.709351
0 1524798255 421.551117 817.565308
0 1478199165 1358.986938 311.181793
0 1578528686 1097.710815 525.461670
0 1478192156 1375.935181 302.409729
0 1478228201 1452.596802 350.993927
0 1772037075 1009.677063 557.594604
0 1578515670 1157.282471 526.253662
0 1524851323 561.064636 880.090027
0 1478218188 1386.923706 285.274261
0 1478202169 1381.317383 350.056793
0 1478254236 1408.496460 285.556763
0 1478246226 1279.071655 283.862061
0 1524809269 494.614899 946.361267
0 1524822285 434.665710 789.590149
0 1524841310 751.584717 767.022461
0 1478235210 1458.015625 294.730316
0 1578515669 1192.948486 439.892578
0 1524854328 507.189850 912.063049
0 0 1617.294556 894.212341
0 1 1334.012939 785.342834
0 2 722.423645 632.077759
0 3 755.568787 902.717163
0 4 998.208862 727.232727
0 5 1550.745239 615.820068
0 6 1487.951782 441.187378
0 7 1643.004883 789.375183
0 8 1781.228760 750.090027
0 9 556.940552 374.506439
0 10 1687.116455 745.552185
0 11 1561.458496 483.894714
0 12 622.586426 369.472778
0 13 1601.576294 682.050720
0 14 561.493408 454.243317
0 15 756.288391 371.461060
0 16 1639.144531 639.234497
0 17 658.461487 310.733459
0 18 890.860840 830.093506
0 19 824.171387 394.687378
0 20 1139.026855 227.693054
0 21 1694.995972 502.991028
0 22 1207.361328 230.044006
0 23 392.720398 719.595093
0 24 788.686462 833.169983
0 25 897.760742 333.392517
0 26 845.295471 341.786591
0 27 1421.939087 354.250244
0 28 1070.414551 224.493683
0 29 1790.270264 615.866150
0 30 887.462158 743.233093
0 31 1793.243286 844.314270
0 32 1280.429688 327.781982
0 33 1210.372070 349.743988
0 34 772.492126 344.317810
0 35 1719.827637 660.053284
0 36 818.269470 365.922455
0 37 1344.287354 317.554291
0 38 764.069702 210.174530
0 39 934.811584 347.831055
