0 1578512666 945.408508 481.332184
0 1524823287 409.238892 525.782837
0 1478234209 1438.761230 556.702698
0 1707269176 1051.724854 525.564514
0 1438989626 852.076111 498.412506
0 1524801259 569.807190 496.136230
0 1438992629 912.942139 501.378052
0 1478227200 1472.249512 523.047913
0 1524854327 604.097595 515.952515
0 1478249229 1482.716797 502.318787
0 1524807266 545.294067 451.691620
0 1524863340 402.532227 499.938843
0 1524831297 507.309021 460.018768
0 1478229202 1452.489868 516.616821
0 1568509654 927.473267 507.771881
0 1524790246 424.416626 494.963745
0 1578523681 1005.123352 554.914062
0 1478207175 1512.377441 519.532410
0 1524861337 440.312897 547.984741
0 1478210178 1523.949829 548.600098
0 1524862338 565.647644 462.856964
0 1478186149 1482.126831 534.806580
0 1524797254 467.812012 468.677429
0 1578518674 1035.580811 518.847839
0 1438985621 1004.900879 541.840759
0 1524857331 442.280914 527.398193
0 1478203170 1534.020020 543.152283
0 1438994632 974.661133 482.755310
0 1578520676 882.505981 499.895142
0 1478237213 1309.180176 520.683777
0 1568511657 989.233826 488.711060
0 1775370079 931.407898 475.507324
0 1478195160 1470.246826 577.652832
0 1568510655 960.373291 476.915955
0 1478257240 1339.703735 522.170898
0 1578521677 1033.950684 496.240051
0 1524794250 486.203217 536.285461
0 1524812272 560.757568 507.660431
0 1769859072 989.118896 499.517670
0 1578525683 914.584106 490.428650
0 1770636073 1049.424438 502.454803
0 1524846317 414.873444 488.581482
0 1524833300 549.666382 501.073547
0 1568511656 988.467041 560.851257
0 1438985620 972.934570 527.775269
0 1478185148 1481.458984 571.587219
0 1707993177 1109.754517 505.393066
0 1478189152 1321.102539 515.686523
0 1524791247 434.163818 501.482513
0 1524830296 445.847290 490.091797
0 2088218948 988.874695 522.498596
0 1524827292 432.014435 520.305847
0 1606348170 1020.843567 536.299011
0 1524855329 597.728516 480.455505
0 1478183145 1290.891602 514.215149
0 1438990627 1004.100037 494.786774
0 1524840309 452.779297 534.650696
0 1478222194 1381.542847 518.630127
0 1709860179 989.552673 458.719391
0 1478188151 1395.531982 498.078766
0 1438988624 1004.483765 517.331543
0 1478243222 1398.272949 483.340881
0 1524843313 370.907410 498.395508
0 1524844315 487.755096 464.305450
0 1524858333 389.654419 511.789978
0 1524811271 586.819824 474.471375
0 1524859334 399.338531 518.709167
0 1478216186 1358.691650 528.790161
0 1524851324 497.324646 543.723267
0 1524814275 600.813354 497.648132
0 1578514668 1065.216431 508.797241
0 1478184146 1351.319702 517.158203
0 1524829294 455.719147 496.490692
0 1478176143 1366.481812 496.665985
0 1524860336 620.224487 492.796112
0 1478222193 1443.487549 505.563568
0 1438997636 942.309143 514.299805
0 1478194158 1344.240601 505.988281
0 1478201168 1502.497314 524.521118
0 1478187150 1470.957520 558.274597
0 1478205172 1492.415771 529.611389
0 1524838306 527.303955 471.573792
0 1568514660 1083.159912 527.097961
0 1524865342 643.673096 505.659302
0 2085418945 1047.303223 481.143585
0 1524808268 580.995361 502.601807
0 1478200167 1451.258423 533.302002
0 1478194159 1482.430664 518.074463
0 1568501643 1050.550903 513.770874
0 1478239216 1314.624390 504.546936
0 1524820283 572.088684 514.389771
0 1438989625 1063.807251 497.693634
0 1568505649 1020.296509 524.031372
0 1478255237 1448.551392 569.979187
0 1524804262 631.825989 499.160309
0 1568506650 1079.586548 503.923798
0 1478217187 1386.257935 547.945984
0 1568505648 1048.342773 491.587769
0 1568497640 1052.949463 537.866455
0 1578511665 1068.214966 532.425110
0 1478258241 1460.899902 545.524475
0 1524796253 517.758057 482.123749
0 1478206173 1492.410522 513.199341
0 1524826291 567.664246 478.991272
0 1578529688 1032.446167 475.374695
0 1478233207 1503.160645 559.846802
0 1708834178 1019.771912 512.270691
0 1478189153 1414.142700 504.135925
0 1568499641 930.148376 485.835541
0 1478245224 1492.427612 565.653320
0 1524852325 557.058899 473.022430
0 1478219190 1380.509766 477.706757
0 1578525682 1003.919434 484.178711
0 1478232206 1406.054688 493.537811
0 1524818280 529.098999 506.115448
0 1524850322 536.475464 461.437714
0 1438996635 1066.684326 520.364502
0 1524832299 518.343994 499.545624
0 1478242220 1492.421509 547.062195
0 1524789245 361.831329 491.910736
0 1438999639 880.160583 511.269379
0 1478196161 1429.384888 543.987122
0 1478252234 1366.374878 540.913452
0 1524803261 464.697571 521.902893
0 1478211179 1444.882568 490.468536
0 1578523680 975.051147 472.584412
0 1578530689 911.231628 512.784424
0 1568508653 924.567627 531.598633
0 1524826290 526.485046 455.814972
0 1524847319 487.402832 480.644745
0 1524810270 583.667480 521.266235
0 1524835302 538.807495 494.624634
0 1524821284 380.179596 505.020355
0 1524799257 507.814301 493.113373
0 1478233208 1392.626343 513.702332
0 1608354172 1077.906128 493.026520
0 1524835303 612.330933 504.130402
0 1478251232 1427.331665 562.473755
0 1524812273 589.534546 491.300201
0 1706512175 868.581299 493.647064
0 1438986622 975.426514 462.797974
0 1478211180 1461.860962 528.122742
0 1524823286 412.147247 506.581116
0 1478223195 1378.078369 535.548401
0 1478244223 1431.312256 526.634338
0 1438987623 1033.183594 485.602417
0 1478193157 1422.555176 515.159363
0 1478198164 1481.803589 552.608826
0 1524862339 476.103088 509.703552
0 1478236212 1326.142334 499.854767
0 1478240217 1332.787109 510.789001
0 1478214183 1513.001587 536.311462
0 1578521678 941.187988 526.225952
0 1524844314 546.664734 467.172424
0 1524848320 530.085449 525.098083
0 1524806265 528.173706 488.309387
0 1524787243 477.507965 474.600342
0 1478241219 1384.803467 502.708588
0 1524799256 558.850952 489.804657
0 1478190154 1348.515381 490.740509
0 1478226198 1403.490845 508.871857
0 1478208176 1472.838379 506.991486
0 1478214184 1327.848877 527.286804
0 2084722944 1018.785461 490.149292
0 1578522679 943.384521 502.861267
0 1524825289 383.906097 487.071472
0 1774531078 926.051086 519.433960
0 1525674169 928.837891 496.581757
0 1478197162 1542.330200 520.990662
0 1524815276 578.487244 485.082611
0 1768901071 961.032166 466.954010
0 1578526684 974.255432 493.333771
0 1478182144 1502.818604 541.630920
0 1524853326 555.371521 457.219788
0 1478218189 1302.876465 509.332794
0 1578513667 1004.287964 505.828644
0 1438983618 1034.749023 507.312805
0 1478224196 1362.703735 512.245483
0 1478247227 1543.882812 537.816650
0 1524792248 474.504059 549.658630
0 1524795252 393.120636 493.437103
0 1524808267 508.091400 511.265289
0 1478191155 1377.282227 492.139008
0 1524856330 447.468079 473.137268
0 1478236211 1406.572144 555.131165
0 1478258242 1563.011353 527.468323
0 1478212181 1355.470093 501.281525
0 1478185147 1370.233643 523.658447
0 1568502645 988.744690 534.731873
0 1568508652 1019.268738 500.986084
0 1438984619 1095.689941 510.281982
0 1659977623 989.059753 505.086670
0 1478209177 1513.665771 554.163757
0 1438982617 973.833130 504.344818
0 1524805264 508.387024 530.629944
0 1771287074 988.608887 547.503967
0 2087111947 989.344238 478.324890
0 1524817279 576.128296 468.606323
0 1524795251 507.553986 476.063690
0 1478230204 1411.772339 520.102478
0 1478230203 1532.751221 525.994568
0 1524847318 454.297241 514.947388
0 1578516671 1037.353027 543.425842
0 1568513659 958.975342 498.049591
0 1578529687 972.455872 540.255981
0 1524819282 537.606079 477.527344
0 1478253235 1373.862793 507.429932
0 1524836304 487.028259 498.018005
0 1478243221 1522.977051 531.100464
0 1568501644 1112.128052 516.772278
0 1438998637 940.018005 538.671692
0 1524816278 562.790222 526.696228
0 1705773174 900.614502 484.398193
0 1524845316 405.528076 482.331451
0 1524842312 426.710999 477.687683
0 1568507651 865.972656 504.774261
0 1438999638 1003.745972 473.979431
0 1478252233 1346.909668 534.028625
0 1438993630 946.361938 471.189697
0 1478237214 1416.377319 489.083191
0 1524857332 429.718231 540.415100
0 1478248228 1400.769775 525.146240
0 1478225197 1370.045654 481.969543
0 1524859335 466.838196 485.319824
0 1524832298 497.502777 486.814423
0 1478200166 1390.780273 473.522766
0 1478250231 1418.099609 549.500000
0 1478245225 1434.832764 494.936859
0 1438995633 884.757446 488.976532
0 1524804263 486.629211 516.526550
0 1524839308 476.827545 491.602448
0 1524849321 592.422913 509.205750
0 1568512658 898.706543 495.114227
0 1568514661 957.459595 520.966125
0 1478231205 1459.876099 564.063354
0 1773608077 959.688232 487.273163
0 1438977615 1036.447998 530.874817
0 1524834301 475.330292 529.013855
0 1607644171 1081.336304 515.271423
0 1524800258 436.179962 483.825470
0 1568504647 989.450439 468.335083
0 1568500642 988.999329 510.770752
0 1478256239 1420.396362 531.797729
0 1524815277 541.451172 532.246338
0 1568503646 1021.414856 549.107056
0 1478220191 1453.649536 500.905182
0 1478207174 1471.623657 540.109741
0 1524841311 419.362946 533.016296
0 1478213182 1424.587891 499.491821
0 1524813274 518.968201 518.106140
0 1568516663 1018.320923 479.734100
0 1578517672 1003.578857 464.165680
0 1578527685 1097.794434 521.881470
0 1478240218 1409.253662 537.068542
0 1478215185 1387.877319 487.698151
0 1524838307 519.634644 537.920593
0 1478197163 1440.435425 538.588989
0 1478221192 1397.876587 542.450195
0 1524819281 457.053833 479.166077
0 2086284946 958.233154 509.271179
0 1524824288 608.861084 486.562469
0 1524802260 451.155273 555.731506
0 1478226199 1442.007812 521.575012
0 1578518673 1062.453613 487.026398
0 1438981616 916.161621 479.909332
0 1478238215 1359.382935 486.313324
0 1609135173 956.652649 533.165039
0 1524837305 463.517578 542.068970
0 1524793249 540.086548 512.827393
0 1568515662 955.810242 545.901245
0 1568516664 894.649170 517.902222
0 1438991628 909.448181 524.677063
0 1478249230 1337.437256 495.253479
0 1438996634 944.416748 491.881073
0 1578519675 1093.669922 499.147491
0 1524829295 421.972290 513.368469
0 1524864341 497.387939 523.500305
0 1478255238 1426.505493 484.712463
0 1438993631 971.955994 553.292664
0 1524788244 551.314331 519.685974
0 1772785076 1017.874146 469.716461
0 1524828293 548.119507 483.603027
0 1478203171 1463.616211 496.336212
0 1524798255 497.554993 470.125458
0 1478199165 1433.124878 510.314056
0 1578528686 973.393250 515.815491
0 1478192156 1462.764648 511.756531
0 1478228201 1449.948242 551.054199
0 1772037075 896.719788 506.272919
0 1578515670 1004.687927 529.324890
0 1524851323 497.447205 504.570801
0 1478218188 1502.194946 508.419647
0 1478202169 1389.540771 530.293762
0 1478254236 1522.062134 514.642395
0 1478246226 1408.474487 479.064880
0 1524809269 444.121735 508.142151
0 1524822285 517.207031 465.738800
0 1524841310 624.094971 510.751404
0 1478235210 1553.544678 532.589783
0 1578515669 1126.169800 511.767029
0 1524854328 465.802155 503.026489
0 0 914.108337 355.199463
0 1 1152.236694 429.985779
0 2 1384.132080 622.351868
0 3 1174.655518 356.001038
0 4 1275.913208 496.789917
0 5 671.782349 393.090973
0 6 1292.223877 393.677856
0 7 1059.119507 413.803925
0 8 1010.304565 397.353882
0 9 829.682007 681.668335
0 10 1159.099609 453.520142
0 11 512.464661 429.414398
0 12 511.173126 461.886108
0 13 761.104797 381.113922
0 14 1422.239624 484.375702
0 15 1290.436768 680.061035
0 16 1244.489136 434.899658
0 17 1274.925171 547.861633
0 18 1448.987793 507.652008
0 19 1253.909302 644.250793
0 20 949.737305 711.260437
0 21 713.584961 439.040863
0 22 856.490906 738.085083
0 23 556.587708 407.010864
0 24 1409.331177 516.392212
0 25 1144.438843 702.027893
0 26 1069.587280 720.629639
0 27 459.458710 471.382935
0 28 1017.622742 681.444336
0 29 818.971680 412.065155
0 30 1369.211914 529.490784
0 31 811.569702 371.843811
0 32 912.359436 673.708618
0 33 901.603455 623.572632
0 34 1241.998047 707.074829
0 35 563.276123 420.002655
0 36 1177.399170 673.723022
0 37 851.025269 648.374268
0 38 1067.719971 650.021301
0 39 1172.646484 739.574829
