0 1578512666 923.365906 487.109497
0 1524823287 1044.291382 283.005463
0 1478234209 274.508636 709.762451
0 1707269176 732.417114 498.051727
0 1438989626 927.688721 429.017303
0 1524801259 1058.846191 332.251221
0 1438992629 885.381958 453.237366
0 1478227200 269.146637 826.910400
0 1524854327 997.204041 334.574921
0 1478249229 283.941376 909.878601
0 1524807266 1192.814453 342.921967
0 1524863340 1105.117798 287.633545
0 1524831297 1179.164307 327.715637
0 1478229202 312.321533 822.862122
0 1568509654 859.746460 454.586029
0 1524790246 1110.498779 294.142609
0 1578523681 701.611145 451.398773
0 1478207175 202.265289 888.543335
0 1524861337 987.884216 284.758118
0 1478210178 149.953888 812.189148
0 1524862338 1152.162354 344.541199
0 1478186149 236.282730 804.360229
0 1524797254 1166.198242 313.271484
0 1578518674 760.278076 496.455200
0 1438985621 728.956665 461.466583
0 1524857331 1029.989258 290.033600
0 1478203170 136.866608 839.313782
0 1438994632 900.676331 501.247894
0 1578520676 906.936523 440.897644
0 1478237213 503.856995 671.655518
0 1568511657 873.335632 502.860474
0 1775370079 949.886536 485.589691
0 1478195160 206.686493 694.605042
0 1568510655 927.823242 499.646759
0 1478257240 463.616302 694.692810
0 1578521677 820.813232 519.396057
0 1524794250 995.921997 297.905640
0 1524812272 1033.541504 325.501587
0 1769859072 842.683472 491.732941
0 1578525683 914.884949 463.254395
0 1770636073 792.395508 521.121460
0 1524846317 1129.258301 293.526489
0 1524833300 1053.726562 324.761322
0 1568511656 700.979248 440.290771
0 1438985620 781.802124 458.686523
0 1478185148 196.368912 715.989258
0 1707993177 737.626709 553.128601
0 1478189152 500.406708 691.760986
0 1524791247 1091.644287 294.761841
0 1524830296 1116.011963 300.811615
0 2088218948 783.781006 470.349884
0 1524827292 1048.912964 289.429077
0 1606348170 730.071838 473.256714
0 1524855329 1090.335938 347.003754
0 1478183145 539.523315 668.901123
0 1438990627 845.799072 504.484589
0 1524840309 1010.969788 290.641205
0 1478222194 415.634491 741.302246
0 1709860179 970.504272 538.135132
0 1478188151 439.189911 810.966248
0 1438988624 785.826294 482.404358
0 1478243222 471.271271 861.538025
0 1524843313 1118.206665 280.708832
0 1524844315 1172.598999 320.401917
0 1524858333 1081.431641 281.851471
0 1524811271 1111.059082 346.178314
0 1524859334 1062.907593 282.427063
0 1478216186 426.488464 697.651428
0 1524851324 976.482239 298.544098
0 1524814275 1043.409180 340.741150
0 1578514668 763.768250 522.859680
0 1478184146 459.169464 715.860229
0 1524829294 1096.939331 301.455627
0 1478176143 484.953522 781.809204
0 1524860336 1048.541870 348.668396
0 1478222193 347.213989 846.123047
0 1438997636 833.939148 455.943665
0 1478194158 493.033112 734.727905
0 1478201168 214.193069 859.025513
0 1478187150 225.783905 735.057922
0 1478205172 225.517334 831.001404
0 1524838306 1139.489380 329.211273
0 1568514660 705.103027 512.782959
0 1524865342 1006.277527 350.351807
0 2085418945 855.824768 545.518555
0 1524808268 1038.410645 333.021576
0 1478200167 287.963318 775.366455
0 1478194159 259.009552 854.678528
0 1568501643 761.992798 509.427551
0 1478239216 534.087036 709.697693
0 1524820283 1013.247742 326.245819
0 1438989625 794.742554 534.954956
0 1568505649 758.621033 483.919312
0 1478255237 245.026154 691.644226
0 1524804262 1027.468994 349.507751
0 1568506650 765.607788 536.776306
0 1478217187 357.962372 682.922485
0 1568505648 823.660400 533.147095
0 1568497640 703.635254 486.981262
0 1578511665 704.356506 499.659760
0 1478258241 256.294586 754.836853
0 1524796253 1113.637207 322.564240
0 1478206173 248.335251 883.918396
0 1524826291 1105.145508 338.348938
0 1578529688 884.818298 543.651855
0 1478233207 174.263641 761.804688
0 1708834178 787.941345 494.869934
0 1478189153 397.336304 814.890686
0 1568499641 919.055542 474.985382
0 1478245224 185.572662 738.365601
0 1524852325 1125.499634 337.560272
0 1478219190 514.431091 857.205261
0 1578525682 877.029541 515.982727
0 1478232206 433.563782 837.747437
0 1524818280 1048.737427 317.462128
0 1524850322 1165.876221 335.995728
0 1438996635 733.651245 511.099152
0 1524832299 1068.572632 316.754486
0 1478242220 204.678711 782.674622
0 1524789245 1136.458862 280.141693
0 1438999639 878.446350 431.465973
0 1478196161 305.058990 728.536987
0 1478252234 394.929199 680.067627
0 1524803261 1034.503784 296.638519
0 1478211179 376.099304 900.298096
0 1578523680 932.435059 512.618713
0 1578530689 856.617615 443.471161
0 1568508653 803.380005 435.198730
0 1524826290 1185.900513 335.219849
0 1524847319 1127.454834 314.653717
0 1524810270 992.844177 326.994080
0 1524835302 1073.803589 324.025055
0 1524821284 1099.864380 281.278778
0 1524799257 1088.303467 316.050537
0 1478233208 409.823090 764.673523
0 1608354172 797.175659 549.294617
0 1524835303 1022.602417 341.547394
0 1478251232 283.015503 688.710449
0 1524812273 1064.101196 339.939392
0 1706512175 931.850342 439.623474
0 1438986622 965.078064 524.306091
0 1478211180 278.785950 800.505798
0 1524823286 1086.476562 288.229095
0 1478223195 389.018585 700.637390
0 1478244223 328.986053 771.766846
0 1438987623 852.363708 531.352661
0 1478193157 362.503387 792.913757
0 1478198164 215.480652 758.303650
0 1524862339 1058.499390 302.753448
0 1478236212 531.183472 731.487366
0 1478240217 496.802216 712.764709
0 1478214183 181.426437 835.135620
0 1578521678 805.632690 446.078705
0 1524844314 1145.742920 336.775879
0 1524848320 1004.365906 311.717621
0 1524806265 1093.773438 323.292694
0 1524787243 1146.877197 313.960785
0 1478241219 444.545319 785.473633
0 1524799256 1079.170776 331.485046
0 1478190154 524.961365 778.180969
0 1478226198 403.730682 789.174988
0 1478208176 293.900085 879.344177
0 1478214184 467.872101 674.434509
0 2084722944 849.023865 517.683167
0 1578522679 862.977417 466.063690
0 1524825289 1142.122925 286.451385
0 1774531078 831.209290 444.770630
0 1525674169 889.018921 464.654266
0 1478197162 141.746140 924.660889
0 1524815276 1084.679688 339.141968
0 1768901071 959.839294 510.954803
0 1578526684 869.766357 490.180969
0 1478182144 193.340958 808.254517
0 1524853326 1172.544189 343.729370
0 1478218189 536.864319 688.855774
0 1578513667 815.409180 493.295929
0 1438983618 790.129822 507.768005
0 1478224196 454.518524 737.999451
0 1478247227 123.092583 867.861938
0 1524792248 972.641479 291.865601
0 1524795252 1123.666382 287.041016
0 1524808267 1043.873535 310.346436
0 1478191155 480.616486 807.081848
0 1524856330 1159.955933 306.317505
0 1478236211 320.659424 685.803284
0 1478258242 93.255692 929.701904
0 1478212181 489.087799 757.718140
0 1478185147 421.183807 718.984863
0 1568502645 755.468811 460.071869
0 1568508652 818.064453 506.120422
0 1438984619 736.253601 538.611450
0 1659977623 827.663635 486.280396
0 1478209177 162.404404 786.384094
0 1438982617 839.671631 479.405945
0 1524805264 1000.091309 304.725464
0 1771287074 727.877258 450.055420
0 2087111947 904.832581 514.294617
0 1524817279 1131.667603 345.357513
0 1524795251 1133.395386 321.839661
0 1478230204 369.604004 768.202637
0 1478230203 155.681763 893.219849
0 1524847318 1053.647583 296.009766
0 1578516671 702.938049 474.725220
0 1568513659 866.315552 477.922272
0 1578529687 753.968384 448.721039
0 1524819282 1119.491455 329.965118
0 1478253235 449.649078 761.178833
0 1524836304 1082.970215 308.989471
0 1478243221 168.890091 863.419739
0 1568501644 706.677429 540.460449
0 1438998637 778.030762 436.459259
0 1524816278 988.596252 319.607788
0 1705773174 940.577026 461.863892
0 1524845316 1147.923706 292.913483
0 1524842312 1153.866211 299.533569
0 1568507651 903.146729 430.237701
0 1438999638 909.135925 527.803406
0 1478252233 431.564240 677.238464
0 1438993630 954.778381 498.056915
0 1478237214 427.645905 865.917480
0 1524857332 1006.780457 284.171021
0 1478248228 376.375519 744.636963
0 1478225197 518.116760 829.546082
0 1524859335 1121.662231 307.646606
0 1524832298 1107.930542 315.350281
0 1478200166 510.551392 886.320801
0 1478250231 313.033600 706.692444
0 1478245225 383.547394 870.344543
0 1438995633 936.144287 450.566864
0 1524804263 1039.130493 303.407379
0 1524839308 1102.366455 308.316315
0 1524849321 1017.863647 333.796112
0 1568512658 910.847351 451.897705
0 1568514661 807.958252 457.310486
0 1478231205 235.622070 712.861267
0 1773608077 896.659851 488.639862
0 1438977615 731.224731 485.444885
0 1524834301 1015.262146 297.270477
0 1607644171 734.929260 524.610657
0 1524800258 1134.987427 300.170990
0 1568504647 937.209595 526.048340
0 1568500642 812.842529 480.899933
0 1478256239 336.736237 748.004028
0 1524815277 984.455933 312.408661
0 1568503646 702.263733 462.870850
0 1478220191 338.968109 874.819824
0 1478207174 246.529633 779.002258
0 1524841311 1025.582520 283.586792
0 1478213182 390.617035 841.913086
0 1524813274 1024.171509 311.030243
0 1568516663 880.854736 529.571472
0 1578517672 942.155640 539.960327
0 1578527685 705.876160 526.374695
0 1478240218 344.133667 725.322754
0 1478215185 476.061371 833.625366
0 1524838307 980.419250 305.389648
0 1478197163 296.711182 751.403809
0 1478221192 351.201904 703.650879
0 1524819281 1140.858521 306.980347
0 2086284946 836.758484 467.482697
0 1524824288 1069.497192 347.833771
0 1524802260 968.893188 285.348236
0 1478226199 320.857300 796.690491
0 1578518673 826.611389 547.399475
0 1438981616 945.155334 473.531982
0 1478238215 521.622620 803.236816
0 1609135173 779.886353 447.395477
0 1524837305 991.854187 291.251862
0 1524793249 1028.796753 318.173553
0 1568515662 752.515381 437.728058
0 1568516664 853.586182 432.702148
0 1438991628 828.564575 433.946381
0 1478249230 528.144836 754.291016
0 1438996634 892.776245 476.448761
0 1578519675 767.514954 551.204346
0 1524829295 1067.741821 288.827576
0 1524864341 1019.661377 304.064728
0 1478255238 421.412964 895.587402
0 1438993631 726.832092 439.005188
0 1524788244 1008.750000 318.888763
0 1772785076 913.594482 541.799133
0 1524828293 1099.385620 330.722992
0 1478203171 330.278351 905.061523
0 1524798255 1153.049072 321.118866
0 1478199165 355.049103 818.855713
0 1578528686 810.360229 468.911407
0 1478192156 303.347351 850.377930
0 1478228201 265.610809 731.781921
0 1772037075 881.859497 442.180176
0 1578515670 757.018860 471.798309
0 1524851323 1063.472900 309.666168
0 1478218188 237.079712 914.750244
0 1478202169 382.840271 722.138855
0 1478254236 189.684311 919.677368
0 1478246226 466.227539 890.928528
0 1524809269 1072.694092 295.384247
0 1524822285 1159.380005 328.461456
0 1524841310 1001.680298 342.358093
0 1478235210 108.576111 897.948730
0 1578515669 707.508362 555.067749
0 1524854328 1077.768799 302.102814
0 0 489.462952 330.986969
0 1 317.616394 643.436523
0 2 740.123291 320.531372
0 3 1025.347656 265.906525
0 4 379.991241 338.241547
0 5 332.202271 719.833984
0 6 1096.289307 268.983673
0 7 271.918365 478.428467
0 8 278.898773 515.025513
0 9 1465.955933 767.672791
0 10 306.105225 431.955872
0 11 1017.842529 901.763977
0 12 1229.615601 351.669403
0 13 323.353973 886.572876
0 14 1265.237305 393.320953
0 15 258.405579 408.806488
0 16 373.617310 520.835815
0 17 1338.746338 473.580811
0 18 382.066681 567.130188
0 19 981.205444 313.622589
0 20 1557.636841 764.932495
0 21 774.406799 301.562073
0 22 1375.217041 543.915527
0 23 1167.430786 316.961273
0 24 1214.261230 310.011841
0 25 1047.714478 353.490753
0 26 1031.721558 329.761963
0 27 1373.574707 748.326050
0 28 869.374817 905.489319
0 29 1145.909180 579.441711
0 30 332.691803 401.278748
0 31 269.725281 792.638306
0 32 463.684418 311.746185
0 33 1058.119995 393.909668
0 34 291.706543 381.299500
0 35 1184.718750 848.505981
0 36 961.541870 559.174255
0 37 299.892883 349.686676
0 38 833.064453 664.465881
0 39 354.501007 322.384613
