0 1578512666 958.028564 502.251953
0 1524823287 354.167480 584.536194
0 1478234209 1521.250000 567.853943
0 1707269176 1081.083008 550.205994
0 1438989626 854.616699 527.695251
0 1524801259 537.046509 539.730896
0 1438992629 923.103455 528.100220
0 1478227200 1552.092529 525.065674
0 1524854327 575.548523 562.099670
0 1478249229 1559.568848 499.554626
0 1524807266 510.348480 487.494934
0 1524863340 347.994904 553.167053
0 1524831297 467.650116 499.413391
0 1478229202 1528.759033 518.326599
0 1568509654 939.858337 535.088745
0 1524790246 373.003235 545.948059
0 1578523681 1031.284302 588.733215
0 1478207175 1596.146240 518.720764
0 1524861337 388.450775 610.401306
0 1478210178 1615.294189 553.418457
0 1524862338 532.901489 499.791107
0 1478186149 1565.525269 538.808594
0 1524797254 423.062592 511.859192
0 1578518674 1062.261353 542.871216
0 1438985621 1029.843872 572.622253
0 1524857331 391.670502 584.768677
0 1478203170 1625.400635 546.238220
0 1438994632 990.802124 502.441650
0 1578520676 888.854431 527.897705
0 1478237213 1369.359497 530.738770
0 1568511657 1007.575134 508.838074
0 1775370079 941.979980 495.997864
0 1478195160 1560.966919 592.016296
0 1568510655 974.394287 496.184509
0 1478257240 1403.765625 530.942200
0 1578521677 1058.252808 515.574524
0 1524794250 441.286255 593.411377
0 1524812272 526.640015 554.247620
0 1769859072 1008.365967 521.868286
0 1578525683 924.208496 514.790527
0 1770636073 1076.178101 522.267090
0 1524846317 362.558105 538.687683
0 1524833300 514.237061 546.797363
0 1568511656 1012.923767 596.977356
0 1438985620 992.547485 557.065674
0 1478185148 1572.369751 583.914978
0 1707993177 1144.034058 522.666077
0 1478189152 1381.875732 524.064697
0 1524791247 383.699524 553.382996
0 1524830296 397.432495 538.896179
0 2088218948 1010.059692 549.778931
0 1524827292 380.343048 576.572693
0 1606348170 1047.334717 564.970276
0 1524855329 568.651672 519.282532
0 1478183145 1347.865479 523.864746
0 1438990627 1024.725708 515.378418
0 1524840309 403.287720 593.174377
0 1478222194 1449.929321 524.464905
0 1709860179 1005.399658 472.987732
0 1478188151 1461.813354 498.991638
0 1438988624 1027.165039 542.661377
0 1478243222 1462.186890 481.240204
0 1524843313 312.302399 552.951172
0 1524844315 445.600220 505.568237
0 1524858333 332.719330 568.354675
0 1524811271 556.467346 512.639526
0 1524859334 343.309692 576.344543
0 1478216186 1426.166138 537.980042
0 1524851324 453.699066 602.039551
0 1524814275 571.979065 539.939758
0 1578514668 1094.516113 529.113708
0 1478184146 1415.896973 524.264771
0 1524829294 408.293823 546.160217
0 1478176143 1429.248413 498.804108
0 1524860336 593.869629 533.031738
0 1478222193 1516.574097 505.485107
0 1438997636 957.007751 542.241943
0 1478194158 1406.082642 511.156799
0 1478201168 1586.168945 525.266052
0 1478187150 1557.793579 568.076294
0 1478205172 1575.964478 531.960327
0 1524838306 489.743713 512.249207
0 1568514660 1116.612793 550.419678
0 1524865342 620.287537 547.435059
0 2085418945 1071.697388 496.744904
0 1524808268 549.575256 547.009827
0 1478200167 1530.668213 538.601379
0 1478194159 1562.447266 518.523621
0 1568501643 1078.573853 535.913452
0 1478239216 1372.815918 510.963226
0 1524820283 539.345032 561.879333
0 1438989625 1091.790649 515.770691
0 1568505649 1045.565308 549.992432
0 1478255237 1534.913574 583.684265
0 1524804262 606.923340 540.148682
0 1568506650 1110.100586 522.466553
0 1478217187 1460.531860 559.896362
0 1568505648 1073.888184 509.223907
0 1568497640 1083.713989 565.191650
0 1578511665 1100.359009 557.717834
0 1478258241 1543.909180 552.989197
0 1524796253 478.736755 525.472839
0 1478206173 1572.574219 512.125488
0 1524826291 534.903748 519.084106
0 1578529688 1054.587280 490.613678
0 1478233207 1594.349854 568.298706
0 1708834178 1043.877808 535.707214
0 1478189153 1483.636353 505.294434
0 1568499641 941.303955 508.452484
0 1478245224 1583.494019 576.011414
0 1524852325 523.100220 512.444336
0 1478219190 1441.494629 475.450684
0 1578525682 1023.585876 502.631439
0 1478232206 1472.681641 493.009521
0 1524818280 490.886597 554.031372
0 1524850322 500.270752 499.602234
0 1438996635 1097.369263 543.081116
0 1524832299 478.910736 546.584900
0 1478242220 1579.595581 553.203735
0 1524789245 302.457703 545.523865
0 1438999639 886.897400 541.822693
0 1478196161 1508.234741 552.774658
0 1478252234 1436.922241 552.345825
0 1524803261 417.389587 576.800903
0 1478211179 1515.213379 487.335236
0 1578523680 990.412476 490.245911
0 1578530689 921.946655 542.032227
0 1568508653 938.272522 564.306702
0 1524826290 489.227844 493.390350
0 1524847319 444.632599 525.271179
0 1524810270 552.363403 569.699280
0 1524835302 502.125549 539.522156
0 1524821284 322.386658 560.559265
0 1524799257 467.216248 539.313416
0 1478233208 1461.414795 517.932678
0 1608354172 1107.060425 509.416931
0 1524835303 584.925415 547.222412
0 1478251232 1509.505493 575.558472
0 1524812273 559.333496 532.826355
0 1706512175 872.872803 521.071533
0 1438986622 990.039124 478.560852
0 1478211180 1541.502197 531.756531
0 1524823286 358.515228 560.779114
0 1478223195 1449.095459 545.184082
0 1478244223 1507.051147 531.552856
0 1438987623 1056.380005 502.821259
0 1478193157 1495.081543 518.129639
0 1478198164 1568.824585 560.551392
0 1524862339 430.809692 561.218933
0 1478236212 1384.884399 504.722809
0 1478240217 1394.113647 517.539001
0 1478214183 1600.394043 539.015930
0 1578521678 956.634949 556.848450
0 1524844314 511.558746 505.951996
0 1524848320 491.521912 577.257507
0 1524806265 490.295349 532.415955
0 1524787243 433.725220 518.489136
0 1478241219 1450.708740 505.103851
0 1524799256 524.808777 532.621094
0 1478190154 1408.251221 492.640320
0 1478226198 1472.647705 511.544098
0 1478208176 1549.522339 505.675812
0 1478214184 1391.355225 537.773132
0 2084722944 1040.726562 509.030975
0 1578522679 957.363647 528.302795
0 1524825289 327.695282 538.479248
0 1774531078 939.084229 549.352112
0 1525674169 940.597473 521.469788
0 1478197162 1629.856079 518.917908
0 1524815276 546.978333 525.876343
0 1768901071 974.355957 484.251099
0 1578526684 991.209290 515.182373
0 1478182144 1590.115967 546.027222
0 1524853326 521.502502 493.576233
0 1478218189 1360.479248 517.342285
0 1578513667 1025.917480 528.708130
0 1438983618 1060.211182 528.910889
0 1478224196 1427.758789 517.735840
0 1478247227 1635.274170 539.223328
0 1524792248 427.437073 610.647705
0 1524795252 337.724518 545.735901
0 1524808267 466.975647 561.438965
0 1478191155 1440.461548 492.824890
0 1524856330 400.020752 518.290894
0 1478236211 1484.718994 567.631653
0 1478258242 1654.354858 525.667053
0 1478212181 1417.791504 504.913300
0 1478185147 1438.182739 531.145691
0 1568502645 1010.968079 564.749023
0 1568508652 1042.266602 522.067627
0 1438984619 1128.832275 529.316589
0 1659977623 1008.774841 528.606750
0 1478209177 1604.946899 560.769897
0 1438982617 991.634888 528.505371
0 1524805264 466.716858 585.233826
0 1771287074 1011.921631 580.462891
0 2087111947 1006.818726 496.371246
0 1524817279 544.553589 506.143982
0 1524795251 467.440521 518.687378
0 1478230204 1483.972656 524.665100
0 1478230203 1620.256348 525.466553
0 1524847318 405.882812 568.802612
0 1578516671 1066.663330 572.847595
0 1568513659 974.476196 521.669006
0 1578529687 993.037354 572.396973
0 1524819282 501.166718 518.885681
0 1478253235 1439.359985 511.350433
0 1524836304 443.596313 546.372559
0 1478243221 1610.438110 532.164185
0 1568501644 1148.000488 536.326294
0 1438998637 956.243774 572.171692
0 1524816278 528.607727 577.485901
0 1705773174 908.184082 508.259766
0 1524845316 352.355438 531.595825
0 1524842312 376.457672 524.868103
0 1568507651 870.569214 534.676819
0 1438999638 1022.495056 490.429749
0 1478252233 1413.869873 544.973450
0 1438993630 958.339722 490.062103
0 1478237214 1483.321167 487.153351
0 1524857332 376.726929 601.556274
0 1478248228 1472.611328 531.349243
0 1478225197 1430.644287 481.061188
0 1524859335 421.302643 532.005737
0 1524832298 455.793274 532.210754
0 1478200166 1452.123535 469.954681
0 1478250231 1496.617065 560.114624
0 1478245225 1504.911865 493.194214
0 1438995633 890.724182 514.594666
0 1524804263 442.483765 569.026611
0 1524839308 432.318573 539.104736
0 1524849321 562.405640 554.463989
0 1568512658 906.729614 521.270630
0 1568514661 974.565918 549.565491
0 1478231205 1546.493164 575.784973
0 1773608077 974.434326 508.645264
0 1438977615 1064.409546 557.500366
0 1524834301 429.186981 585.001221
0 1607644171 1113.281372 536.119812
0 1524800258 386.823364 531.800720
0 1568504647 1006.094177 484.432068
0 1568500642 1009.193237 535.500977
0 1478256239 1495.822632 538.394226
0 1524815277 504.260284 585.466553
0 1568503646 1049.192017 580.692444
0 1478220191 1526.973633 499.366913
0 1478207174 1554.843018 545.816345
0 1524841311 365.302948 592.937378
0 1478213182 1494.388550 499.179230
0 1524813274 479.097534 569.250793
0 1568516663 1039.252930 496.558075
0 1578517672 1021.449707 478.739105
0 1578527685 1132.488892 543.291077
0 1478240218 1484.332764 545.394775
0 1478215185 1451.438599 486.971558
0 1524838307 479.298553 593.648560
0 1478197163 1519.582031 545.605530
0 1478221192 1472.572388 552.560181
0 1524819281 410.539581 525.069641
0 2086284946 974.520020 535.294861
0 1524824288 581.115845 526.078186
0 1524802260 400.486450 619.481628
0 1478226199 1518.027100 524.865417
0 1578518673 1089.184204 503.011169
0 1438981616 925.265320 502.062317
0 1478238215 1419.565552 486.789825
0 1609135173 974.614014 564.527771
0 1524837305 415.205933 601.797852
0 1524793249 503.154083 561.659119
0 1568515662 974.664429 580.233398
0 1568516664 903.614441 549.138855
0 1438991628 920.734558 556.631348
0 1478249230 1396.693359 498.616608
0 1438996634 957.703491 514.986389
0 1578519675 1125.339233 515.966919
0 1524829295 369.294708 568.578613
0 1524864341 454.449158 577.029175
0 1478255238 1493.738892 481.419281
0 1438993631 993.551880 588.499329
0 1524788244 515.724060 569.474976
0 1772785076 1037.841919 484.613098
0 1524828293 512.851990 525.674561
0 1478203171 1537.151611 493.378967
0 1524798255 456.397827 512.054199
0 1478199165 1505.946045 511.737854
0 1578528686 992.080566 542.451599
0 1478192156 1539.254883 511.931671
0 1478228201 1532.714600 560.333008
0 1772037075 905.208008 534.882751
0 1578515670 1028.472412 557.283020
0 1524851323 455.145386 553.815186
0 1478218188 1582.480835 505.866638
0 1478202169 1460.988525 538.187073
0 1478254236 1605.904175 512.319458
0 1478246226 1472.713623 475.627014
0 1524809269 394.656189 560.999023
0 1524822285 478.574310 505.760101
0 1524841310 598.183472 554.680359
0 1478235210 1644.923096 532.368042
0 1578515669 1163.159668 529.519531
0 1524854328 419.416351 553.599060
0 0 386.657654 692.999329
0 1 1319.135010 1013.233765
0 3 1683.857910 1015.481384
0 4 1518.757568 1037.757568
0 6 924.667114 341.768646
0 7 887.915955 349.989349
0 8 1004.252686 327.582458
0 9 829.050537 346.376373
0 10 928.196655 359.537231
0 11 379.009003 645.553467
0 12 1388.419922 317.941345
0 13 803.225098 358.784851
0 14 1419.901489 326.562500
0 16 501.040710 486.077484
0 17 1500.110840 323.023590
0 19 398.364807 517.673950
0 21 1451.896240 321.607758
0 23 851.833191 537.877502
0 24 1640.571045 474.152161
0 25 913.529236 564.195618
0 26 1261.870239 443.773682
0 27 946.986816 444.890015
0 28 730.895264 492.977875
0 29 856.736328 474.955261
0 30 1686.476562 499.043030
0 31 990.635864 618.050659
0 33 1184.161499 423.424652
0 35 1712.794067 479.066040
0 36 679.255798 421.266083
0 37 1759.388916 496.923279
0 40 1785.499023 517.327087
0 43 1481.157593 311.697571
0 53 1537.224976 960.638123
0 59 287.332092 611.040466
0 73 531.144592 462.324371
0 100 1840.323486 509.332794
0 104 1088.297852 317.523438
0 105 1130.841431 318.823944
0 108 1105.513062 288.273315
0 109 1219.559937 313.345154
0 110 1405.692139 349.023438
0 112 186.143982 466.595154
0 113 227.045746 480.122375
0 115 295.359161 482.155640
0 116 149.629547 488.584930
0 117 113.407402 478.220551
0 120 14.272871 468.269684
