0 1578512666 977.908386 491.561066
0 1524823287 1077.006714 279.796051
0 1478234209 364.169891 756.892517
0 1707269176 790.079590 516.396484
0 1438989626 976.159180 433.640808
0 1524801259 1096.661011 327.615173
0 1438992629 936.690369 460.799927
0 1478227200 371.016754 871.980408
0 1524854327 1035.457642 334.663452
0 1478249229 393.900818 952.279114
0 1524807266 1231.811646 327.907166
0 1524863340 1138.223389 279.657715
0 1524831297 1216.534424 313.810303
0 1478229202 412.501587 865.172363
0 1568509654 911.420593 464.037781
0 1524790246 1144.282104 285.714813
0 1578523681 754.886536 472.581177
0 1478207175 312.570892 936.652283
0 1524861337 1020.992432 285.924591
0 1478210178 254.177856 865.413513
0 1524862338 1191.235596 332.655212
0 1478186149 336.849884 852.069580
0 1524797254 1202.030151 300.426697
0 1578518674 817.401306 512.783936
0 1438985621 782.875183 480.508514
0 1524857331 1063.478882 287.892242
0 1478203170 244.329102 892.770935
0 1438994632 956.853516 507.244690
0 1578520676 956.791260 446.968201
0 1478237213 583.590393 703.773499
0 1568511657 929.903809 510.847443
0 1775370079 1004.102661 488.097565
0 1478195160 296.928070 746.663940
0 1568510655 983.639587 503.663788
0 1478257240 546.642456 729.197937
0 1578521677 879.605530 531.055359
0 1524794250 1030.362183 298.353973
0 1524812272 1070.716553 322.856476
0 1769859072 898.379517 502.076691
0 1578525683 967.005859 468.538361
0 1770636073 851.683289 534.830444
0 1524846317 1162.981201 283.640167
0 1524833300 1090.771484 320.564758
0 1568511656 753.113342 461.660431
0 1438985620 834.737671 473.863281
0 1478185148 289.146545 768.279053
0 1707993177 800.927124 570.431885
0 1478189152 582.292053 723.787354
0 1524791247 1125.501831 287.798462
0 1524830296 1150.491089 291.922028
0 2088218948 837.902771 485.250732
0 1524827292 1082.285889 285.820312
0 1606348170 785.196838 492.073486
0 1524855329 1129.644531 339.862366
0 1478183145 618.209900 698.593750
0 1438990627 902.789124 514.472290
0 1524840309 1044.590332 289.973206
0 1478222194 504.632843 778.259155
0 1709860179 1030.077393 538.717957
0 1478188151 534.791138 845.103577
0 1438988624 841.174194 497.020813
0 1478243222 571.335205 892.682190
0 1524843313 1150.588013 271.745483
0 1524844315 1209.189331 307.032776
0 1524858333 1113.953369 275.753662
0 1524811271 1150.272827 337.448547
0 1524859334 1095.519287 277.770569
0 1478216186 510.715607 734.650757
0 1524851324 1011.082886 300.492950
0 1524814275 1082.144775 337.240479
0 1578514668 823.585388 538.629211
0 1478184146 544.484070 750.306641
0 1524829294 1131.491211 294.045197
0 1478176143 576.479065 813.391479
0 1524860336 1088.091064 344.724731
0 1478222193 448.808960 885.683289
0 1438997636 886.005981 467.294189
0 1478194158 579.517944 766.549133
0 1478201168 321.080475 907.006775
0 1478187150 319.562958 784.949585
0 1478205172 329.162994 878.848999
0 1524838306 1176.945801 318.369415
0 1568514660 764.686035 532.934570
0 1524865342 1046.136719 349.634094
0 2085418945 916.982300 554.370117
0 1524808268 1076.355225 329.953613
0 1478200167 383.968384 820.248535
0 1478194159 364.043213 899.834412
0 1568501643 820.439392 525.481201
0 1478239216 617.101135 739.121948
0 1524820283 1050.568726 325.158844
0 1438989625 855.438721 548.341797
0 1568505649 814.465515 500.514648
0 1478255237 333.733765 741.157104
0 1524804262 1067.164307 347.173523
0 1568506650 826.845093 552.252502
0 1478217187 442.457611 724.889771
0 1568505648 883.850403 544.455872
0 1568497640 760.566833 507.565308
0 1578511665 762.590881 520.031189
0 1478258241 351.147369 802.260132
0 1524796253 1150.386475 313.752380
0 1478206173 356.702942 929.153259
0 1524826291 1143.543091 330.113586
0 1578529688 945.529114 550.419312
0 1478233207 272.484985 814.560852
0 1708834178 844.557495 509.193237
0 1478189153 494.384094 851.734741
0 1568499641 972.366821 479.859131
0 1478245224 281.007233 790.888000
0 1524852325 1163.817139 327.760254
0 1478219190 613.094360 885.586304
0 1578525682 934.929688 523.575623
0 1478232206 532.062988 871.784607
0 1524818280 1085.032959 313.695129
0 1524850322 1204.081177 323.086578
0 1438996635 792.649170 529.196350
0 1524832299 1104.753540 311.458679
0 1478242220 304.032074 832.945007
0 1524789245 1168.789307 269.754028
0 1438999639 927.550720 439.747131
0 1478196161 395.743408 773.216064
0 1478252234 478.145111 719.550232
0 1524803261 1068.667847 294.104065
0 1478211179 482.498230 936.946472
0 1578523680 989.570618 516.188171
0 1578530689 907.166260 453.263489
0 1568508653 853.623779 449.034027
0 1524826290 1224.072510 320.766083
0 1524847319 1163.382324 304.809662
0 1524810270 1030.327759 327.471832
0 1524835302 1110.734375 318.283539
0 1524821284 1132.309448 273.745331
0 1524799257 1124.384888 309.232300
0 1478233208 501.377106 801.600159
0 1608354172 859.331909 562.348816
0 1524835303 1061.484253 339.638672
0 1478251232 370.255157 735.692749
0 1524812273 1102.707642 334.853638
0 1706512175 981.396240 443.846893
0 1438986622 1023.239502 525.391846
0 1478211180 377.650391 845.484070
0 1524823286 1119.657715 281.703064
0 1478223195 474.508270 740.146057
0 1478244223 423.433167 813.980164
0 1438987623 912.081848 540.594727
0 1478193157 458.203339 832.482178
0 1478198164 311.979431 808.384949
0 1524862339 1093.239502 298.319672
0 1478236212 616.509094 760.764771
0 1478240217 580.935852 744.692200
0 1478214183 286.935455 885.778870
0 1578521678 856.980225 459.629913
0 1524844314 1183.996338 325.417969
0 1524848320 1040.208496 311.415527
0 1524806265 1130.605713 316.012726
0 1524787243 1182.749634 302.613251
0 1478241219 537.388489 819.700989
0 1524799256 1116.872314 325.287598
0 1478190154 615.240479 807.135071
0 1478226198 497.964722 826.064331
0 1478208176 400.425598 921.723694
0 1478214184 548.708435 708.992554
0 2084722944 907.353821 527.303833
0 1578522679 915.814331 475.165070
0 1524825289 1175.117310 275.593109
0 1774531078 882.143982 456.437714
0 1525674169 941.484131 471.842133
0 1478197162 257.794617 975.833435
0 1524815276 1123.173462 332.478027
0 1768901071 1016.638855 512.528564
0 1578526684 925.048218 498.550446
0 1478182144 295.693909 858.712463
0 1524853326 1211.571533 330.275574
0 1478218189 617.667542 718.418274
0 1578513667 871.549744 505.624237
0 1438983618 848.058411 521.788940
0 1478224196 542.227051 772.380432
0 1478247227 233.968719 921.549561
0 1524792248 1006.566895 294.162231
0 1524795252 1156.709839 277.621063
0 1524808267 1079.439819 306.999420
0 1478191155 574.848206 838.529846
0 1524856330 1195.049805 293.985657
0 1478236211 406.495300 730.270508
0 1478258242 211.544952 983.837402
0 1478212181 578.033875 789.424622
0 1478185147 507.742493 755.965698
0 1568502645 808.881287 477.176300
0 1568508652 875.507812 518.119385
0 1438984619 798.067688 556.188354
0 1659977623 882.945496 497.782593
0 1478209177 263.551971 839.374512
0 1438982617 894.117249 490.095184
0 1524805264 1035.223511 304.802765
0 1771287074 780.628235 469.315674
0 2087111947 962.334717 519.870483
0 1524817279 1170.802856 335.046173
0 1524795251 1170.076782 311.502289
0 1478230204 462.568085 807.764343
0 1478230203 268.023865 944.221863
0 1524847318 1087.695190 291.993011
0 1578516671 758.610291 495.515106
0 1568513659 920.354370 486.663025
0 1578529687 806.223572 466.068726
0 1524819282 1157.014038 320.664795
0 1478253235 539.864380 795.487183
0 1524836304 1118.320801 302.622742
0 1478243221 277.724152 914.244873
0 1568501644 769.104858 560.149536
0 1438998637 828.706482 452.164215
0 1524816278 1025.330200 320.465912
0 1705773174 992.380737 465.253601
0 1524845316 1181.599609 281.574524
0 1524842312 1188.241821 287.703552
0 1568507651 951.921875 436.685577
0 1438999638 968.010986 532.945374
0 1478252233 513.560974 714.251343
0 1438993630 1010.263733 500.104523
0 1478237214 529.194031 899.842896
0 1524857332 1039.743652 283.873016
0 1478248228 466.731567 784.185913
0 1478225197 613.845398 858.131531
0 1524859335 1156.855835 298.284973
0 1524832298 1143.927612 307.015991
0 1478200166 612.303833 914.482483
0 1478250231 401.238770 751.266418
0 1478245225 486.665680 907.069458
0 1438995633 986.800659 454.379211
0 1524804263 1073.986450 300.471130
0 1524839308 1137.631226 300.449036
0 1524849321 1055.954346 332.303040
0 1568512658 961.816772 457.580444
0 1568514661 860.445435 470.569305
0 1478231205 326.806946 762.563232
0 1773608077 951.557373 495.045288
0 1438977615 787.596924 504.029419
0 1524834301 1049.557007 296.224335
0 1607644171 795.310181 542.452026
0 1524800258 1169.407715 289.808167
0 1568504647 995.711975 529.156738
0 1568500642 867.724304 493.547729
0 1478256239 428.519531 790.161194
0 1524815277 1020.459961 313.638550
0 1568503646 756.717834 483.860107
0 1478220191 443.744629 914.362793
0 1478207174 344.169403 826.569885
0 1524841311 1058.414917 281.830170
0 1478213182 490.622406 878.702820
0 1524813274 1059.868286 309.202515
0 1568516663 940.134827 536.757935
0 1578517672 1002.075012 542.593445
0 1578527685 766.856018 546.299011
0 1478240218 433.375702 767.419800
0 1478215185 573.135681 864.927673
0 1524838307 1015.712341 306.983032
0 1478197163 389.992706 796.185791
0 1478221192 438.017090 745.684448
0 1524819281 1175.995239 296.130554
0 2086284946 889.994995 478.507385
0 1524824288 1108.917603 342.287720
0 1524802260 1002.160583 287.985016
0 1478226199 418.100037 838.955200
0 1578518673 888.250549 558.346558
0 1438981616 998.144897 476.487030
0 1478238215 614.559937 832.012817
0 1609135173 831.673767 462.840179
0 1524837305 1025.619995 292.063171
0 1524793249 1065.222656 315.941772
0 1568515662 803.649719 455.311890
0 1568516664 903.044739 442.825653
0 1438991628 878.402832 445.921204
0 1478249230 615.889465 783.411865
0 1438996634 946.437134 483.251068
0 1578519675 830.224731 566.377136
0 1524829295 1101.011963 283.757263
0 1524864341 1054.648071 302.632141
0 1478255238 526.173035 929.388184
0 1438993631 778.452393 458.477264
0 1524788244 1045.322021 318.198669
0 1772785076 973.892761 546.493835
0 1524828293 1136.989746 322.970856
0 1478203171 438.409454 944.576477
0 1524798255 1189.677490 309.262451
0 1478199165 453.622437 858.424072
0 1578528686 864.024902 481.869202
0 1478192156 406.617584 892.726868
0 1478228201 357.807068 779.059082
0 1772037075 932.048279 450.107056
0 1578515670 811.627197 488.652100
0 1524851323 1098.923828 304.806213
0 1478218188 348.966217 960.055420
0 1478202169 470.707520 761.669922
0 1478254236 303.599548 967.906555
0 1478246226 569.439636 921.900513
0 1524809269 1106.639648 289.891144
0 1524822285 1196.785645 316.084625
0 1524841310 1040.725464 342.048248
0 1478235210 223.055756 951.862976
0 1578515669 771.437134 574.513245
0 1524854328 1112.407471 296.177704
0 0 565.076660 332.693298
0 1 1298.652466 553.777954
0 2 381.211090 667.778870
0 3 883.413818 286.751343
0 4 843.031738 598.554993
0 5 454.296417 468.243103
0 6 1040.101074 263.607513
0 7 1157.589355 463.986359
0 8 1142.650269 403.401886
0 9 897.792297 897.123291
0 10 1200.121948 554.365662
0 11 420.462891 627.571167
0 12 1492.992676 546.343689
0 13 469.382141 547.741516
0 14 1432.838623 424.874908
0 15 465.159851 692.912781
0 16 515.970032 332.107117
0 17 1533.129272 639.098938
0 18 473.048248 350.575470
0 19 208.079056 651.144287
0 20 1024.296997 872.096680
0 21 586.750549 344.431488
0 22 1390.491211 866.755859
0 23 1331.099365 399.034912
0 24 424.544342 587.203979
0 25 320.782593 523.153503
0 26 400.813171 420.111298
0 27 548.718994 928.391052
0 28 1401.767822 469.677521
0 29 1094.946533 319.243134
0 30 1050.799805 561.909851
0 31 481.121277 394.388000
0 32 284.319611 641.645325
0 33 481.339539 370.152985
0 34 347.141724 706.491821
0 35 474.048248 645.084473
0 36 278.499786 571.734863
0 37 318.873383 465.112061
0 38 1575.161987 729.728394
0 39 266.772888 688.379883
