1 6992 9.255087 2.327370 0.000000
2 21349 4.956012 7.153372 0.000000
3 13869 6.922455 4.625502 0.000000
4 11481 8.131180 3.808109 0.000000
6 27071 7.181437 9.052024 0.000000
7 29481 8.181110 9.827517 0.000000
8 23458 5.833561 7.898965 0.000000
9 18669 6.951030 6.264788 0.000000
10 31552 5.220368 10.573846 0.000000
11 2262 16.262754 0.798510 0.000000
12 34846 4.699255 11.683493 0.000000
13 38154 5.421221 12.752168 0.000000
14 81754 15.405721 27.219055 0.000000
17 61559 5.999346 20.510481 0.000000
19 5569 16.975418 1.804651 0.000000
20 18057 5.773717 6.011153 0.000000
21 52843 4.342139 17.670898 0.000000
23 30483 18.333591 10.171157 0.000000
24 11366 26.618629 3.700378 0.000000
25 30769 16.914304 10.282089 0.000000
26 33411 11.130624 11.155556 0.000000
27 47614 21.461353 15.885983 0.000000
28 58662 16.224535 19.583608 0.000000
29 30198 19.866033 10.046536 0.000000
30 14938 23.842449 4.969013 0.000000
31 34621 12.169387 11.511658 0.000000
33 38807 10.795089 12.954748 0.000000
35 11653 25.325115 3.874075 0.000000
37 17075 27.537905 5.637284 0.000000
40 14959 25.956339 4.925446 0.000000
43 85021 12.128063 28.326006 0.000000
53 70757 25.766944 23.528206 0.000000
100 80778 7.891123 26.935905 0.000000
108 68974 27.413637 22.919524 0.000000
109 59973 27.363644 19.937821 0.000000
110 23078 27.877180 7.616447 0.000000
114 10374 17.487746 3.404384 0.000000
118 58828 2.872052 19.675431 0.000000
131 422 12.228224 0.188506 0.000000
132 168 16.882467 0.003609 0.000000
139 75040 4.024783 25.034813 0.000000
141 75056 5.689693 25.026962 0.000000

