0 40241 4.162513 13.403808 0.000000
1 4585 8.530893 1.596472 0.000000
4 10269 6.942949 3.417326 0.000000
6 33953 5.392413 11.302966 0.000000
7 27707 10.749324 9.268133 0.000000
9 83015 21.595996 27.603760 0.000000
10 30383 8.387739 10.162605 0.000000
11 32140 4.007627 10.739984 0.000000
13 30364 6.485970 10.196500 0.000000
16 72077 7.738409 24.092121 0.000000
19 68467 6.737411 22.861955 0.000000
23 56893 19.354984 18.974471 0.000000
24 11040 24.029672 3.696449 0.000000
25 54513 21.319602 18.115120 0.000000
26 59860 16.027671 19.976097 0.000000
27 49915 11.580080 16.638343 0.000000
28 41020 22.041920 13.689526 0.000000
29 52924 12.415955 17.600242 0.000000
30 15247 24.734989 5.016870 0.000000
31 57143 14.376780 19.095336 0.000000
33 60777 17.747679 20.284358 0.000000
35 13197 29.758964 4.363704 0.000000
38 8887 18.750200 2.971314 0.000000
40 11685 28.537601 3.899054 0.000000
41 59169 6.976607 19.791635 0.000000
43 2208 10.844087 0.742655 0.000000
44 10283 8.359917 3.472218 0.000000
50 79257 5.704487 26.412088 0.000000
52 42675 7.592387 14.216307 0.000000
53 44149 4.924952 14.739470 0.000000
59 82649 14.986929 27.508355 0.000000
61 49268 6.878948 16.476143 0.000000
69 86700 0.014192 28.973647 0.000000
71 74157 5.761224 24.741476 0.000000
75 72945 4.509605 24.336608 0.000000
76 80431 3.166609 26.897524 0.000000
78 81620 2.001611 27.226039 0.000000
82 76199 29.980831 25.381503 0.000000
87 72292 29.253194 24.058583 0.000000

