0 11530 13.020762 3.852829 0.000000
1 69806 20.657049 23.274294 0.000000
2 66194 19.477415 22.030177 0.000000
3 54047 4.787647 18.020478 0.000000
4 58738 23.854310 19.587825 0.000000
5 47758 5.800033 15.935790 0.000000
6 58851 5.190825 19.601584 0.000000
7 33235 23.541406 11.059351 0.000000
8 35645 24.517934 11.889056 0.000000
9 71222 12.253528 23.739792 0.000000
10 41944 24.491855 13.906646 0.000000
11 72686 8.696364 24.288429 0.000000
12 50923 22.396980 16.991797 0.000000
13 51359 5.900968 17.193711 0.000000
14 75416 11.647056 25.149441 0.000000
15 67894 9.451161 22.670908 0.000000
16 13879 7.920926 4.642584 0.000000
17 63821 22.111539 21.272844 0.000000
18 19569 6.936507 6.509356 0.000000
19 64655 15.549140 21.556528 0.000000
20 72135 13.530262 24.035675 0.000000
21 29549 14.965764 9.801009 0.000000
22 73087 18.769261 24.364569 0.000000
23 36226 22.626038 12.053603 0.000000
24 55261 6.143958 18.471730 0.000000
25 63101 10.188451 21.080476 0.000000
26 64012 11.226662 21.331802 0.000000
27 72410 11.060667 24.137344 0.000000
28 55113 21.323797 18.382414 0.000000
29 50953 25.375255 16.948754 0.000000
30 49142 24.261704 16.303258 0.000000
31 23766 6.679043 7.943538 0.000000
32 54690 9.069755 18.213880 0.000000
33 57704 10.453872 19.232402 0.000000
34 63091 9.192411 21.011281 0.000000
35 72399 9.945821 24.152431 0.000000
36 64580 8.056390 21.531105 0.000000
37 40592 9.238678 13.502392 0.000000
38 71021 22.114707 23.612931 0.000000
39 58291 9.157999 19.485084 0.000000

