0 28124 22.440893 9.335166 0.000000
1 36554 25.451728 12.189059 0.000000
2 31068 16.852099 10.378098 0.000000
3 53322 22.298862 17.765288 0.000000
4 32532 13.250742 10.800333 0.000000
5 12789 18.976672 4.221649 0.000000
6 72163 16.310385 24.046689 0.000000
7 53797 9.752709 17.983231 0.000000
8 57402 10.271222 19.144514 0.000000
9 57359 5.938970 19.132294 0.000000
10 50203 10.369309 16.751798 0.000000
11 10652 15.217283 3.594033 0.000000
12 69725 12.590468 23.202529 0.000000
13 15523 22.379361 5.168224 0.000000
14 72742 14.298809 24.296761 0.000000
15 66761 16.173012 22.279555 0.000000
16 73314 11.409446 24.416035 0.000000
17 70603 10.311426 23.593253 0.000000
18 39653 5.380959 13.264921 0.000000
19 32931 23.149760 10.970151 0.000000
20 21821 22.173478 7.253685 0.000000
21 28331 13.103138 9.478426 0.000000
22 22989 18.918504 7.671407 0.000000
23 72202 20.254383 24.046349 0.000000
24 35455 5.549559 11.854573 0.000000
25 47046 24.616640 15.600585 0.000000
26 42543 24.364321 14.174212 0.000000
27 11785 8.596971 3.942721 0.000000
28 42664 6.453853 14.272923 0.000000
29 27171 17.152477 9.080597 0.000000
30 31947 14.736583 10.666597 0.000000
31 24823 22.316663 8.232894 0.000000
32 51988 8.893503 17.373492 0.000000
33 66234 23.494133 22.090509 0.000000
34 69414 11.446121 23.104087 0.000000
35 12217 21.790137 4.068781 0.000000
36 38039 23.924344 12.676254 0.000000
37 48691 9.173880 16.201013 0.000000
38 52858 5.887216 17.673655 0.000000
39 65795 9.534584 21.916207 0.000000

