0 15371 7.177323 5.175319 0.000000
1 51988 8.811746 17.363120 0.000000
2 64970 17.040051 21.649727 0.000000
3 11788 8.815418 3.953267 0.000000
4 67134 23.400670 22.319992 0.000000
5 51360 6.050728 17.171767 0.000000
6 52550 5.073044 17.591732 0.000000
7 37747 24.743443 12.523734 0.000000
8 32947 24.799349 10.900260 0.000000
9 62021 22.136338 20.628785 0.000000
10 41943 24.356229 13.956682 0.000000
11 43719 21.931102 14.517512 0.000000
12 29616 21.615540 9.852434 0.000000
13 25131 23.128538 8.331436 0.000000
14 26321 22.105639 8.730944 0.000000
15 32636 23.616061 10.877179 0.000000
16 25557 5.755896 8.509148 0.000000
17 44329 22.975615 14.769181 0.000000
18 73305 10.595253 24.465435 0.000000
19 66109 10.955085 22.047971 0.000000
20 72483 18.320406 24.163262 0.000000
21 68876 17.600840 22.920345 0.000000
22 67710 21.094777 22.561892 0.000000
23 12182 18.253284 4.081818 0.000000
24 72376 7.693910 24.120901 0.000000
25 48101 10.130472 16.045957 0.000000
26 54398 9.860368 18.171781 0.000000
27 71792 9.260767 23.941368 0.000000
28 70417 21.719999 23.482496 0.000000
29 70044 14.436969 23.313711 0.000000
30 65285 18.540884 21.704006 0.000000
31 29766 6.694130 9.964611 0.000000
32 54251 25.153826 18.028221 0.000000
33 31306 10.659941 10.454049 0.000000
34 39857 25.740297 13.284342 0.000000
35 33661 6.171714 11.282688 0.000000
36 65197 9.729014 21.715856 0.000000
37 60250 25.021508 20.073017 0.000000
38 65923 22.365848 21.988665 0.000000
39 43454 25.411497 14.482837 0.000000

