0 72666 6.629308 24.213221 0.000000
1 29549 14.913113 9.869105 0.000000
2 33241 24.192979 11.026377 0.000000
3 45960 6.060144 15.344718 0.000000
4 30475 17.535484 10.111072 0.000000
5 72434 13.474719 24.162237 0.000000
6 35463 6.386750 11.894799 0.000000
7 41799 9.972573 13.967268 0.000000
8 46600 10.072326 15.520154 0.000000
9 42224 22.409811 14.090855 0.000000
10 35498 9.838587 11.865717 0.000000
11 72789 18.934231 24.228752 0.000000
12 12139 13.914584 4.031348 0.000000
13 72418 11.839619 24.160933 0.000000
14 10622 12.229499 3.570612 0.000000
15 38635 23.539712 12.850774 0.000000
16 69358 5.800333 23.133546 0.000000
17 11596 19.616210 3.839988 0.000000
18 72082 8.239850 24.080095 0.000000
19 38047 24.700812 12.632788 0.000000
20 32922 22.271431 10.950053 0.000000
21 67903 10.307654 22.652025 0.000000
22 28722 22.283158 9.564727 0.000000
23 19627 12.749913 6.558801 0.000000
24 72475 17.515869 24.160506 0.000000
25 47040 24.012897 15.649667 0.000000
26 68329 22.973731 22.759575 0.000000
27 60825 22.516210 20.290845 0.000000
28 17623 22.364524 5.815785 0.000000
29 50490 9.014457 16.864594 0.000000
30 32305 20.550894 10.765408 0.000000
31 72699 9.905393 24.279449 0.000000
32 56352 25.275630 18.789670 0.000000
33 67070 17.042864 22.389847 0.000000
34 46454 25.411215 15.426484 0.000000
35 72215 21.518216 24.096708 0.000000
36 43145 24.506173 14.378831 0.000000
37 66222 22.204874 22.054940 0.000000
38 14315 21.552783 4.745971 0.000000
39 52748 24.867058 17.516417 0.000000

