0 44016 21.619205 14.641440 0.000000
1 27213 21.375499 9.042590 0.000000
2 31308 10.851619 10.412431 0.000000
3 56448 4.837668 18.857769 0.000000
4 54698 9.854259 18.225457 0.000000
5 73374 17.454237 24.426400 0.000000
6 43545 4.517518 14.588216 0.000000
7 65553 15.349711 21.822405 0.000000
8 66169 16.947909 22.027254 0.000000
9 36824 22.491185 12.245739 0.000000
10 65208 10.828413 21.782754 0.000000
11 68327 22.741000 22.784144 0.000000
12 8808 10.804289 2.935411 0.000000
13 71289 18.906180 23.786341 0.000000
14 42057 5.729839 14.060469 0.000000
15 54248 24.868527 18.041929 0.000000
16 71796 9.652436 23.989633 0.000000
17 11573 17.375744 3.873077 0.000000
18 73016 11.609708 24.341505 0.000000
19 31367 16.794508 10.481911 0.000000
20 32622 22.240669 10.853134 0.000000
21 67892 9.255690 22.698521 0.000000
22 19725 22.532829 6.511007 0.000000
23 12975 7.538683 4.319693 0.000000
24 73723 22.335446 24.503115 0.000000
25 29899 19.975358 9.948886 0.000000
26 33204 20.441167 11.063227 0.000000
27 44027 22.762062 14.653138 0.000000
28 69374 7.455424 23.187835 0.000000
29 27406 10.615540 9.191879 0.000000
30 62798 9.817775 20.962872 0.000000
31 73033 13.366124 24.316329 0.000000
32 65635 23.587435 21.859517 0.000000
33 36541 24.119612 12.127179 0.000000
34 60847 24.781128 20.267390 0.000000
35 58424 22.486165 19.470754 0.000000
36 30181 18.123222 10.079603 0.000000
37 69771 17.149237 23.213468 0.000000
38 14581 18.150571 4.876220 0.000000
39 65049 24.903038 21.646299 0.000000

