1 79432 23.233967 26.475174 0.000000
2 82949 14.904860 27.603690 0.000000
3 83910 21.019678 27.915723 0.000000
4 75548 24.862224 25.100464 0.000000
5 57968 6.840680 19.325029 0.000000
6 28255 5.515680 9.435836 0.000000
7 32449 4.948278 10.858069 0.000000
10 27368 6.883843 9.125320 0.000000
13 31561 6.180651 10.580328 0.000000
14 74333 23.342171 24.765664 0.000000
17 68960 26.030304 22.964321 0.000000
18 87648 4.874715 29.252390 0.000000
20 71470 7.023123 23.894726 0.000000
23 57146 14.691664 19.079902 0.000000
24 11375 27.570871 3.702406 0.000000
25 57474 17.421681 19.192947 0.000000
26 60421 12.186218 20.159581 0.000000
27 38521 12.145873 12.843779 0.000000
28 51819 21.937880 17.237930 0.000000
29 34319 11.923006 11.430179 0.000000
30 15277 27.751002 5.083704 0.000000
31 58060 16.047861 19.306608 0.000000
33 60436 13.679345 20.157290 0.000000
35 13789 28.951780 4.551313 0.000000
36 17063 26.301779 5.604135 0.000000
37 11350 25.028260 3.723888 0.000000
40 11017 21.726515 3.665112 0.000000
44 85167 26.783750 28.398332 0.000000
59 9082 8.267387 3.080660 0.000000
73 7948 14.888113 2.673948 0.000000
77 10865 6.538110 3.632219 0.000000
81 8144 4.453244 2.752827 0.000000
84 664 6.466401 0.217664 0.000000
85 680 8.021768 0.221950 0.000000
98 78032 3.226762 26.037018 0.000000
101 82803 0.370664 27.621384 0.000000

