0 10626 12.651525 3.511111 0.000000
1 35641 24.138627 11.870608 0.000000
2 30473 17.328541 10.168578 0.000000
3 15824 22.452382 5.203662 0.000000
4 37000 10.093363 12.349589 0.000000
5 15371 7.147640 5.144958 0.000000
6 29621 22.155211 9.847392 0.000000
7 59800 10.061593 19.958257 0.000000
8 64305 10.560825 21.466678 0.000000
9 46121 22.157816 15.358968 0.000000
10 49002 10.248637 16.363914 0.000000
11 32462 6.227956 10.882520 0.000000
12 73968 16.867527 24.640306 0.000000
13 13584 8.417324 4.548851 0.000000
14 53625 22.569629 17.845705 0.000000
15 68001 20.125875 22.644001 0.000000
16 10046 14.626790 3.397491 0.000000
17 71910 21.024455 23.905527 0.000000
18 18136 13.653739 6.083417 0.000000
19 30489 18.913511 10.150516 0.000000
20 73924 12.435935 24.629949 0.000000
21 28016 11.669663 9.336839 0.000000
22 73312 11.280924 24.483385 0.000000
23 70624 12.453274 23.500956 0.000000
24 23541 14.111119 7.826887 0.000000
25 29635 23.595323 9.876399 0.000000
26 33550 25.091376 11.173359 0.000000
27 46554 5.455078 15.512934 0.000000
28 73936 13.609982 24.689780 0.000000
29 27454 15.436058 9.181276 0.000000
30 32206 10.605832 10.718272 0.000000
31 10294 9.460180 3.478393 0.000000
32 67023 12.371880 22.385641 0.000000
33 52141 24.115216 17.374156 0.000000
34 67669 16.979951 22.582230 0.000000
35 28265 6.541878 9.487503 0.000000
36 33215 21.509681 11.019786 0.000000
37 66391 9.101110 22.131962 0.000000
38 71583 18.373063 23.844410 0.000000
39 68247 14.756474 22.744106 0.000000

