0 51951 5.133438 17.310826 0.000000
1 27212 21.249404 9.088537 0.000000
2 31978 17.891744 10.633953 0.000000
3 21368 6.875427 7.152386 0.000000
4 31606 10.646018 10.517880 0.000000
5 68162 6.231498 22.786225 0.000000
6 12674 7.423993 4.212000 0.000000
7 64597 9.736601 21.575238 0.000000
8 65514 11.474591 21.810412 0.000000
9 66227 22.758240 22.063706 0.000000
10 57400 10.010994 19.114259 0.000000
11 72109 10.959418 24.066891 0.000000
12 15213 21.369975 5.068458 0.000000
13 64265 6.514879 21.433929 0.000000
14 12502 20.251101 4.117130 0.000000
15 56947 24.729789 18.993012 0.000000
16 47159 5.953386 15.715671 0.000000
17 27228 22.812291 9.044909 0.000000
18 56155 5.580898 18.719014 0.000000
19 30797 19.752835 10.267422 0.000000
20 56624 22.421890 18.849907 0.000000
21 50791 9.109792 16.983381 0.000000
22 51522 22.212242 17.169882 0.000000
23 11864 16.450813 3.919204 0.000000
24 71195 9.572355 23.766555 0.000000
25 31725 22.580089 10.552452 0.000000
26 53937 23.747271 17.908943 0.000000
27 71891 19.161568 23.986672 0.000000
28 39224 22.436901 13.081540 0.000000
29 29495 9.533631 9.819477 0.000000
30 31928 12.865939 10.663983 0.000000
31 60659 5.937086 20.265551 0.000000
32 68613 21.355004 22.893315 0.000000
33 64437 23.765904 21.418086 0.000000
34 66547 24.742050 22.164539 0.000000
35 71236 13.651808 23.766523 0.000000
36 30812 21.229930 10.255287 0.000000
37 68264 16.426489 22.771563 0.000000
38 35620 22.092300 11.878051 0.000000
39 70125 22.511829 23.396760 0.000000

