0 21818 21.807434 7.232720 0.000000
1 33986 8.643324 11.355212 0.000000
2 67992 19.229890 22.604143 0.000000
3 26020 22.057802 8.625766 0.000000
4 68040 24.007961 22.634582 0.000000
5 9737 13.716861 3.210174 0.000000
6 63218 21.844392 21.004575 0.000000
7 46440 24.006090 15.402096 0.000000
8 32607 20.748388 10.878241 0.000000
9 73301 10.172952 24.462084 0.000000
10 51239 23.901716 17.034564 0.000000
11 25271 7.115254 8.420895 0.000000
12 73410 21.099704 24.435559 0.000000
13 48658 5.896397 16.231963 0.000000
14 72191 19.139642 24.090060 0.000000
15 57253 25.395045 19.033123 0.000000
16 17619 21.936352 5.883891 0.000000
17 72723 12.326668 24.277882 0.000000
18 26759 5.995506 8.969456 0.000000
19 55301 10.116980 18.403518 0.000000
20 71781 8.136209 23.982089 0.000000
21 69707 10.723318 23.225280 0.000000
22 66959 5.917240 22.316060 0.000000
23 67429 22.916684 22.421745 0.000000
24 10277 7.763600 3.499335 0.000000
25 41199 9.945972 13.718472 0.000000
26 48696 9.687494 16.275632 0.000000
27 10264 6.437920 3.449018 0.000000
28 62762 6.209057 20.983138 0.000000
29 55287 8.790476 18.452889 0.000000
30 64128 22.802933 21.379790 0.000000
31 12487 18.749255 4.161885 0.000000
32 68919 21.922819 22.970010 0.000000
33 30702 10.276044 10.209966 0.000000
34 62954 25.460755 20.949040 0.000000
35 11567 16.732457 3.802265 0.000000
36 67673 17.388541 22.501795 0.000000
37 66509 20.994989 22.118054 0.000000
38 70863 6.342865 23.648343 0.000000
39 60225 22.527317 20.053382 0.000000

