0 72123 12.367234 24.041121 0.000000
1 27840 24.008176 9.243175 0.000000
2 56796 9.626103 18.919237 0.000000
3 37432 23.215010 12.488119 0.000000
4 66153 15.353606 22.070600 0.000000
5 47322 22.272165 15.774817 0.000000
6 29928 22.807975 9.904931 0.000000
7 58139 23.921389 19.358056 0.000000
8 62340 24.057866 20.785186 0.000000
9 12188 18.862148 4.005712 0.000000
10 65314 21.460377 21.769010 0.000000
11 20319 21.919395 6.771848 0.000000
12 35463 6.306815 11.814352 0.000000
13 70591 9.107137 23.532339 0.000000
14 22993 19.327368 7.684694 0.000000
15 53347 24.786722 17.711149 0.000000
16 72223 22.310159 24.008038 0.000000
17 14780 8.024124 4.949035 0.000000
18 68627 22.738447 22.809414 0.000000
19 42399 9.940724 14.133438 0.000000
20 12466 16.643961 4.183170 0.000000
21 65201 10.111446 21.797257 0.000000
22 10631 13.124183 3.529292 0.000000
23 39663 6.318382 13.211201 0.000000
24 37120 22.073316 12.388512 0.000000
25 31012 11.246681 10.326810 0.000000
26 33099 9.946657 11.093404 0.000000
27 11904 20.432712 3.975623 0.000000
28 30517 21.710773 10.121228 0.000000
29 27413 11.337551 9.119502 0.000000
30 66501 20.191572 22.134696 0.000000
31 63528 22.852642 21.125575 0.000000
32 67143 24.372871 22.391256 0.000000
33 31050 15.077228 10.313001 0.000000
34 64153 25.338847 21.322757 0.000000
35 13416 21.633067 4.477953 0.000000
36 31378 17.874931 10.484416 0.000000
37 69516 21.605670 23.195037 0.000000
38 36351 5.171979 12.164088 0.000000
39 60225 22.571604 20.041698 0.000000

