0 72682 8.299188 24.294184 0.000000
1 60092 9.286011 20.048693 0.000000
2 70093 19.370128 23.327052 0.000000
3 49560 6.001969 16.572751 0.000000
4 60839 23.940836 20.256130 0.000000
5 73063 16.359684 24.308144 0.000000
6 22112 21.208313 7.394869 0.000000
7 45252 25.216731 15.018237 0.000000
8 38045 24.570755 12.652690 0.000000
9 69364 6.413740 23.115993 0.000000
10 41647 24.768766 13.866580 0.000000
11 73695 19.599892 24.534368 0.000000
12 37259 5.911025 12.457232 0.000000
13 71240 14.039475 23.745239 0.000000
14 12385 8.552135 4.133249 0.000000
15 28991 19.163423 9.666249 0.000000
16 35931 23.193437 11.960932 0.000000
17 12735 13.529878 4.250096 0.000000
18 68917 21.700238 22.998045 0.000000
19 64626 12.619796 21.513071 0.000000
20 30819 21.900867 10.276805 0.000000
21 66494 19.475529 22.142591 0.000000
22 36220 22.057138 12.068422 0.000000
23 31855 5.526303 10.666021 0.000000
24 73412 21.262304 24.403228 0.000000
25 63705 10.504033 21.222927 0.000000
26 64593 9.334170 21.508848 0.000000
27 66226 22.693922 22.091478 0.000000
28 27224 22.490297 9.031989 0.000000
29 68282 18.210236 22.709189 0.000000
30 67138 23.834922 22.328422 0.000000
31 72723 12.354188 24.220486 0.000000
32 44338 23.876168 14.749995 0.000000
33 42097 9.759144 14.041590 0.000000
34 26310 21.036962 8.785014 0.000000
35 73984 18.461793 24.691114 0.000000
36 66414 11.405933 22.130620 0.000000
37 47944 24.467396 15.922958 0.000000
38 13112 21.288554 4.303631 0.000000
39 31130 23.045737 10.379070 0.000000

