0 39516 21.682075 13.180441 0.000000
1 28713 21.397799 9.553894 0.000000
2 46444 24.432533 15.439803 0.000000
3 63522 22.204294 21.145615 0.000000
4 33211 21.150556 11.010295 0.000000
5 12749 14.925273 4.236282 0.000000
6 70723 22.394493 23.529926 0.000000
7 32024 22.461932 10.693338 0.000000
8 32872 17.209795 10.908324 0.000000
9 72789 18.968658 24.262222 0.000000
10 63545 24.539129 21.111701 0.000000
11 42062 6.285436 14.065903 0.000000
12 72167 16.781218 24.083812 0.000000
13 11188 8.865713 3.734296 0.000000
14 71818 11.861163 23.964697 0.000000
15 28131 23.117893 9.377661 0.000000
16 10016 11.662279 3.396882 0.000000
17 71201 10.135600 23.749801 0.000000
18 10637 13.745834 3.556357 0.000000
19 68035 23.576291 22.656390 0.000000
20 72678 7.899564 24.275124 0.000000
21 69159 15.942012 23.063499 0.000000
22 70262 6.235772 23.451471 0.000000
23 52121 22.112217 17.342264 0.000000
24 40850 5.083586 13.613646 0.000000
25 55437 23.795077 18.409372 0.000000
26 64133 23.343933 21.385748 0.000000
27 57357 5.730840 19.119652 0.000000
28 24525 22.514948 8.119081 0.000000
29 52006 10.625473 17.312983 0.000000
30 47797 9.791281 15.923290 0.000000
31 16573 7.339484 5.538649 0.000000
32 69478 17.886493 23.133740 0.000000
33 65881 18.180670 21.934206 0.000000
34 65654 25.409743 21.885204 0.000000
35 41628 22.830369 13.826997 0.000000
36 64935 13.547952 21.688527 0.000000
37 67721 22.143213 22.534045 0.000000
38 23297 19.799780 7.709455 0.000000
39 69197 19.768929 23.090657 0.000000

