0 66967 6.742102 22.321197 0.000000
1 69452 15.273531 23.176249 0.000000
2 65281 18.105430 21.738996 0.000000
3 44623 22.306193 14.822296 0.000000
4 61442 24.215813 20.456681 0.000000
5 11555 15.584695 3.890351 0.000000
6 49125 22.577004 16.347662 0.000000
7 32942 24.222538 10.915832 0.000000
8 31731 23.129917 10.555853 0.000000
9 43260 6.043046 14.451922 0.000000
10 33853 25.366324 11.272988 0.000000
11 9702 10.297454 3.208937 0.000000
12 72712 11.249642 24.237337 0.000000
13 10940 14.078375 3.650740 0.000000
14 73661 16.133277 24.595615 0.000000
15 43593 9.394929 14.549054 0.000000
16 15518 21.826311 5.155087 0.000000
17 72085 8.565924 24.010601 0.000000
18 12213 21.359584 4.065767 0.000000
19 65844 14.446264 21.939935 0.000000
20 47759 5.996245 15.995205 0.000000
21 36245 24.554365 12.061442 0.000000
22 57360 6.056174 19.105911 0.000000
23 72780 18.006728 24.224012 0.000000
24 9427 12.704668 3.125106 0.000000
25 66411 11.104070 22.114706 0.000000
26 51102 10.292455 17.065838 0.000000
27 25565 6.552139 8.575775 0.000000
28 67556 5.624566 22.576229 0.000000
29 65354 25.404341 21.711324 0.000000
30 57838 23.854352 19.215039 0.000000
31 11590 19.075404 3.875259 0.000000
32 28900 10.043559 9.609480 0.000000
33 41807 10.737786 13.937791 0.000000
34 39397 9.719380 13.199365 0.000000
35 11190 9.062443 3.786782 0.000000
36 67031 13.182810 22.372293 0.000000
37 27454 15.499881 9.111459 0.000000
38 72069 6.934389 24.060485 0.000000
39 32792 9.268676 10.936570 0.000000

