1 4067 16.759172 1.336425 0.000000
3 7060 16.029338 2.394737 0.000000
4 167 16.717914 0.024379 0.000000
6 26782 8.205437 8.947212 0.000000
7 27059 5.934380 9.049435 0.000000
8 80798 9.808075 26.964555 0.000000
9 71467 6.706507 23.823015 0.000000
10 30960 6.083731 10.315274 0.000000
11 12065 6.567080 4.067193 0.000000
12 81476 17.658146 27.193065 0.000000
13 28894 9.471764 9.694774 0.000000
16 31537 3.783784 10.554032 0.000000
17 77346 24.617054 25.777001 0.000000
19 6094 9.484044 2.027145 0.000000
20 1655 15.563333 0.563879 0.000000
21 82424 22.430916 27.407507 0.000000
23 51121 12.165817 17.013712 0.000000
24 13774 27.476770 4.527873 0.000000
25 55920 12.002619 18.685008 0.000000
26 49718 21.836616 16.516060 0.000000
27 29218 11.899716 9.704896 0.000000
28 26556 15.613423 8.840784 0.000000
29 46920 12.020353 15.639564 0.000000
30 15564 26.420129 5.179066 0.000000
31 57480 18.034096 19.177072 0.000000
33 44914 21.419166 14.929221 0.000000
35 12556 25.643514 4.170079 0.000000
37 15548 24.833646 5.110225 0.000000
40 14091 29.186049 4.692072 0.000000
53 70278 7.851253 23.437840 0.000000
59 76727 22.755437 25.507928 0.000000
100 61862 6.281409 20.634620 0.000000
104 75975 7.538840 25.335541 0.000000
105 65475 7.554758 21.805736 0.000000
114 52175 27.527296 17.386747 0.000000
131 3388 8.800248 1.198040 0.000000
132 18334 3.436223 6.142582 0.000000
138 4244 4.413109 1.424746 0.000000
147 74999 29.940961 24.989558 0.000000
149 70796 29.645673 23.532841 0.000000

