0 64259 5.988814 21.461554 0.000000
1 68866 16.609131 22.942660 0.000000
2 64968 16.869419 21.621349 0.000000
3 40422 22.296848 13.489580 0.000000
4 65339 23.978071 21.754847 0.000000
5 10942 14.236852 3.654829 0.000000
6 44925 22.567887 14.981514 0.000000
7 34742 24.222913 11.507338 0.000000
8 32036 23.618633 10.681591 0.000000
9 47158 5.844746 15.761586 0.000000
10 36855 25.573536 12.238311 0.000000
11 9390 9.040897 3.118605 0.000000
12 72726 12.619725 24.290389 0.000000
13 10327 12.741303 3.485905 0.000000
14 73673 17.328811 24.584514 0.000000
15 46894 9.422981 15.677341 0.000000
16 14009 20.983747 4.673479 0.000000
17 72099 9.938770 24.032365 0.000000
18 11899 19.977475 3.919817 0.000000
19 66132 13.201349 22.087489 0.000000
20 51959 5.915222 17.325073 0.000000
21 37145 24.527234 12.358902 0.000000
22 59763 6.314571 19.927439 0.000000
23 72793 19.323159 24.296215 0.000000
24 9113 11.336803 3.005813 0.000000
25 64901 10.114333 21.685577 0.000000
26 47505 10.588875 15.858121 0.000000
27 29763 6.380353 9.927225 0.000000
28 70560 6.063539 23.595606 0.000000
29 61154 25.444211 20.372091 0.000000
30 61438 23.843920 20.400280 0.000000
31 11277 17.753428 3.728077 0.000000
32 30391 9.104075 10.185230 0.000000
33 38506 10.635678 12.845130 0.000000
34 42696 9.620460 14.238084 0.000000
35 13281 8.152256 4.403796 0.000000
36 67318 11.861925 22.450333 0.000000
37 27441 14.197656 9.147149 0.000000
38 72382 8.272281 24.101861 0.000000
39 36392 9.282836 12.108827 0.000000

