0 11822 12.277073 3.910064 0.000000
1 66093 9.351918 22.046336 0.000000
2 30104 10.425077 10.097738 0.000000
3 22423 22.352381 7.427596 0.000000
4 48994 9.480506 16.322594 0.000000
5 51358 5.894221 17.127265 0.000000
6 26025 22.565344 8.697206 0.000000
7 44797 9.717604 14.937712 0.000000
8 66733 13.316055 22.267615 0.000000
9 73722 22.232598 24.580171 0.000000
10 64305 10.595298 21.463015 0.000000
11 73354 15.467590 24.409907 0.000000
12 52123 22.305640 17.305822 0.000000
13 72977 7.789951 24.381447 0.000000
14 54816 21.612831 18.282229 0.000000
15 36391 9.102620 12.118461 0.000000
16 32160 6.033542 10.780603 0.000000
17 56328 22.887014 18.704216 0.000000
18 47154 5.495996 15.716352 0.000000
19 29215 11.524181 9.721705 0.000000
20 70727 22.700163 23.528962 0.000000
21 38952 25.243494 12.994874 0.000000
22 60824 22.467867 20.284129 0.000000
23 29626 22.684042 9.849812 0.000000
24 47023 22.383238 15.631957 0.000000
25 31688 18.826277 10.506339 0.000000
26 31702 20.254385 10.508937 0.000000
27 73396 19.624403 24.436290 0.000000
28 72783 18.386670 24.219673 0.000000
29 67427 22.777099 22.483953 0.000000
30 65848 14.848141 21.933791 0.000000
31 72435 13.528982 24.147621 0.000000
32 27197 19.778483 9.092906 0.000000
33 31114 21.472724 10.320916 0.000000
34 31322 12.228538 10.452369 0.000000
35 73371 17.188911 24.445799 0.000000
36 47343 24.331678 15.730307 0.000000
37 28060 16.005487 9.304623 0.000000
38 71907 20.716934 23.922195 0.000000
39 28078 17.871319 9.316080 0.000000

