0 26622 22.285655 8.866829 0.000000
1 64410 21.062636 21.459651 0.000000
2 48700 10.089074 16.277394 0.000000
3 54827 22.746381 18.294139 0.000000
4 65533 13.347262 21.859256 0.000000
5 13981 18.142518 4.653004 0.000000
6 62924 22.434681 20.995156 0.000000
7 67427 22.792043 22.499646 0.000000
8 65638 23.842212 21.807792 0.000000
9 22116 21.622074 7.356650 0.000000
10 67395 19.556871 22.437124 0.000000
11 11838 13.841392 3.971685 0.000000
12 53617 21.737147 17.865646 0.000000
13 12806 20.699357 4.267468 0.000000
14 71845 14.549634 23.946374 0.000000
15 61594 9.475060 20.535920 0.000000
16 30523 22.338602 10.162406 0.000000
17 70871 7.181652 23.658089 0.000000
18 20325 22.567328 6.708289 0.000000
19 46292 9.287716 15.456386 0.000000
20 50456 5.644225 16.844584 0.000000
21 28448 24.890952 9.435043 0.000000
22 46260 6.078641 15.446743 0.000000
23 68915 21.581746 22.921855 0.000000
24 10971 17.142053 3.690940 0.000000
25 32802 10.272845 10.909135 0.000000
26 31024 12.444541 10.332443 0.000000
27 8472 7.298633 2.812634 0.000000
28 57957 5.722009 19.309564 0.000000
29 39550 25.004774 13.147213 0.000000
30 65219 11.929697 21.789708 0.000000
31 15219 21.907131 5.018213 0.000000
32 42692 9.201364 14.215454 0.000000
33 32286 18.606141 10.748576 0.000000
34 54992 9.268470 18.300079 0.000000
35 8500 10.083157 2.848424 0.000000
36 37603 10.339305 12.509974 0.000000
37 27407 10.797540 9.190215 0.000000
38 66961 6.129800 22.394288 0.000000
39 45706 10.600030 15.227768 0.000000

