0 13715 21.575126 4.556728 0.000000
1 55140 24.095016 18.359073 0.000000
2 35499 9.909531 11.848848 0.000000
3 39223 22.393458 13.004437 0.000000
4 61902 10.276841 20.660104 0.000000
5 12125 12.549148 4.030769 0.000000
6 46720 22.096380 15.540587 0.000000
7 65573 17.320847 21.836404 0.000000
8 65887 18.795607 21.979138 0.000000
9 29625 22.534944 9.835804 0.000000
10 65536 13.699720 21.837036 0.000000
11 10282 8.252778 3.473742 0.000000
12 68320 22.058825 22.787377 0.000000
13 12751 15.190922 4.262660 0.000000
14 70390 19.082052 23.493315 0.000000
15 68516 11.676408 22.853560 0.000000
16 17024 22.492995 5.670205 0.000000
17 70628 12.863236 23.595034 0.000000
18 12790 19.016720 4.217327 0.000000
19 31300 10.029426 10.481362 0.000000
20 66661 6.101786 22.278286 0.000000
21 27198 19.889731 9.033675 0.000000
22 62759 5.957838 20.984739 0.000000
23 73378 17.809520 24.461934 0.000000
24 9418 11.816782 3.170698 0.000000
25 31957 15.776421 10.663798 0.000000
26 30182 18.263812 10.084844 0.000000
27 18964 6.493919 6.367089 0.000000
28 70862 6.217252 23.696306 0.000000
29 27535 23.557178 9.141990 0.000000
30 57706 10.620575 19.248914 0.000000
31 11872 17.245711 3.969635 0.000000
32 53793 9.300171 17.935093 0.000000
33 32935 23.530166 10.961268 0.000000
34 64591 9.158630 21.586706 0.000000
35 6379 7.934012 2.161247 0.000000
36 31638 13.876055 10.515419 0.000000
37 39987 8.739992 13.375758 0.000000
38 71805 10.569354 23.911387 0.000000
39 57694 9.452909 19.226379 0.000000

