0 63525 22.573781 21.137150 0.000000
1 41037 23.700665 13.662299 0.000000
2 31689 18.987763 10.524495 0.000000
3 72163 16.379378 24.087924 0.000000
4 31610 11.063161 10.546706 0.000000
5 24216 21.682811 8.092837 0.000000
6 72740 14.048990 24.264363 0.000000
7 30726 12.636737 10.297645 0.000000
8 40001 10.178534 13.367897 0.000000
9 72691 9.183762 24.238482 0.000000
10 37745 24.585716 12.582653 0.000000
11 40267 6.796078 13.441131 0.000000
12 71173 7.395319 23.770076 0.000000
13 12489 18.969815 4.185725 0.000000
14 59758 5.873123 19.955899 0.000000
15 48257 25.720949 16.022399 0.000000
16 13119 21.960009 4.371454 0.000000
17 52559 5.945727 17.535474 0.000000
18 19719 21.928007 6.586622 0.000000
19 46448 24.818942 15.415063 0.000000
20 48653 5.387927 16.224324 0.000000
21 62192 9.277872 20.712177 0.000000
22 41155 5.574684 13.766193 0.000000
23 29026 22.659013 9.630635 0.000000
24 64256 5.697522 21.474700 0.000000
25 32628 22.850504 10.821342 0.000000
26 41648 24.886305 13.866109 0.000000
27 30365 6.523889 10.142261 0.000000
28 23538 13.845878 7.844877 0.000000
29 28304 10.466926 9.439387 0.000000
30 65232 13.211977 21.799727 0.000000
31 10645 14.574373 3.537381 0.000000
32 65492 9.206918 21.880768 0.000000
33 56642 24.292063 18.810913 0.000000
34 68577 17.711247 22.816648 0.000000
35 22690 19.083458 7.512434 0.000000
36 64437 23.770874 21.431598 0.000000
37 69452 15.213077 23.151192 0.000000
38 13329 12.903537 4.468445 0.000000
39 69095 9.574817 23.080754 0.000000

