0 33058 5.879504 11.085787 0.000000
1 70968 16.874443 23.645831 0.000000
2 52739 23.972185 17.530972 0.000000
3 11253 15.345647 3.708910 0.000000
4 32617 21.727700 10.824671 0.000000
5 70895 9.519049 23.697855 0.000000
6 11574 17.431069 3.876202 0.000000
7 30719 11.956247 10.223459 0.000000
8 31339 13.930327 10.429830 0.000000
9 66822 22.271201 22.266271 0.000000
10 32255 15.537480 10.748890 0.000000
11 73386 18.674929 24.446728 0.000000
12 17320 22.041050 5.711491 0.000000
13 56014 21.442420 18.689683 0.000000
14 24817 21.700293 8.236012 0.000000
15 66105 10.538404 22.064344 0.000000
16 63060 6.036440 21.076190 0.000000
17 37721 22.175324 12.526467 0.000000
18 68760 6.000729 22.938305 0.000000
19 66235 23.565358 22.012597 0.000000
20 62926 22.686600 20.973872 0.000000
21 27743 14.352291 9.290591 0.000000
22 54526 22.622669 18.106410 0.000000
23 13714 21.479141 4.515959 0.000000
24 72115 11.598287 24.020514 0.000000
25 67092 19.212361 22.382950 0.000000
26 65604 20.453463 21.842103 0.000000
27 70720 22.062891 23.566013 0.000000
28 72433 13.323824 24.144812 0.000000
29 52151 25.145343 17.359479 0.000000
30 31369 16.938656 10.436183 0.000000
31 71770 7.091128 23.967853 0.000000
32 51693 9.376367 17.260506 0.000000
33 65855 15.570516 21.969090 0.000000
34 62796 9.696655 20.956767 0.000000
35 73403 20.385855 24.433656 0.000000
36 65191 9.136650 21.788203 0.000000
37 43593 9.330011 14.542311 0.000000
38 69138 13.896549 23.009826 0.000000
39 56197 9.797514 18.782133 0.000000

