0 12202 20.260992 4.002909 0.000000
1 69733 13.383145 23.233002 0.000000
2 61442 24.255238 20.409590 0.000000
3 70271 7.191050 23.428741 0.000000
4 35042 24.242995 11.631290 0.000000
5 25266 6.697169 8.405022 0.000000
6 72378 7.875966 24.138366 0.000000
7 32562 16.292886 10.891212 0.000000
8 31682 18.202371 10.598086 0.000000
9 72063 6.333075 24.056554 0.000000
10 31399 19.914735 10.472736 0.000000
11 60660 6.065306 20.281783 0.000000
12 69526 22.665663 23.172047 0.000000
13 28869 6.966901 9.681182 0.000000
14 70358 15.869023 23.418788 0.000000
15 49294 9.456316 16.412604 0.000000
16 10036 13.640760 3.369470 0.000000
17 73070 17.088900 24.345082 0.000000
18 10608 10.814701 3.567663 0.000000
19 63828 22.864941 21.261886 0.000000
20 74771 7.156740 24.947344 0.000000
21 27529 22.939783 9.117825 0.000000
22 71824 12.441244 23.987866 0.000000
23 59626 22.644020 19.885165 0.000000
24 31861 6.109716 10.626840 0.000000
25 65857 15.723638 21.952174 0.000000
26 66171 17.190476 22.019316 0.000000
27 68759 5.958219 22.960543 0.000000
28 34125 22.557757 11.325424 0.000000
29 66824 22.434044 22.209278 0.000000
30 30819 21.930079 10.281028 0.000000
31 9087 8.712104 3.032055 0.000000
32 30994 9.421863 10.342121 0.000000
33 64345 14.527306 21.485966 0.000000
34 44795 9.586658 14.968775 0.000000
35 65156 5.643965 21.786026 0.000000
36 66436 13.623630 22.146860 0.000000
37 28931 13.124988 9.688594 0.000000
38 73052 15.229510 24.330149 0.000000
39 36694 9.473105 12.208151 0.000000

