0 21368 6.876418 7.108937 0.000000
1 28379 17.982069 9.465174 0.000000
2 37148 24.863177 12.353169 0.000000
3 10037 13.778503 3.301056 0.000000
4 32877 17.778908 10.910604 0.000000
5 44757 5.791856 14.931443 0.000000
6 12181 18.173872 4.024866 0.000000
7 31304 10.458403 10.481327 0.000000
8 35801 10.134442 11.948898 0.000000
9 68012 21.254634 22.687786 0.000000
10 32238 13.839630 10.751097 0.000000
11 61561 6.190993 20.527270 0.000000
12 71495 9.593402 23.845858 0.000000
13 36663 6.353155 12.280045 0.000000
14 27820 22.038381 9.239915 0.000000
15 60552 25.298602 20.187102 0.000000
16 23844 14.466217 7.985384 0.000000
17 48217 21.751319 16.099531 0.000000
18 22716 21.663907 7.538337 0.000000
19 44042 24.289925 14.683340 0.000000
20 72508 20.855132 24.197426 0.000000
21 48092 9.225697 16.059621 0.000000
22 73695 19.583063 24.589679 0.000000
23 66354 5.440426 22.143953 0.000000
24 25127 22.762194 8.344569 0.000000
25 55145 24.505639 18.338358 0.000000
26 60540 24.072741 20.152961 0.000000
27 68770 7.030942 22.950647 0.000000
28 71621 22.159217 23.835061 0.000000
29 38188 8.886433 12.715081 0.000000
30 32302 20.299597 10.737393 0.000000
31 31864 6.498946 10.623619 0.000000
32 68301 20.142364 22.755364 0.000000
33 64718 21.834079 21.512769 0.000000
34 64148 24.851038 21.318497 0.000000
35 57657 5.711884 19.215269 0.000000
36 51538 23.865595 17.176791 0.000000
37 69172 17.224316 23.068697 0.000000
38 67724 22.483245 22.566937 0.000000
39 67440 24.016419 22.498500 0.000000

