0 71255 15.522932 23.700925 0.000000
1 36538 23.889880 12.174237 0.000000
2 65639 23.974747 21.813724 0.000000
3 73928 12.812637 24.655828 0.000000
4 40749 24.994882 13.524733 0.000000
5 62928 22.840017 20.991045 0.000000
6 64561 6.152408 21.548535 0.000000
7 32044 24.418953 10.634735 0.000000
8 31675 17.552388 10.573921 0.000000
9 13271 7.124502 4.493262 0.000000
10 35649 24.920378 11.859400 0.000000
11 40726 22.628764 13.538726 0.000000
12 41161 6.105859 13.751239 0.000000
13 73699 19.916196 24.572884 0.000000
14 33364 6.444192 11.179565 0.000000
15 69767 16.796029 23.293010 0.000000
16 71281 18.121031 23.729567 0.000000
17 8174 7.400051 2.711031 0.000000
18 28423 22.309665 9.425492 0.000000
19 65807 10.750186 21.970357 0.000000
20 14483 8.305327 4.882547 0.000000
21 33400 10.011006 11.101989 0.000000
22 11521 12.136054 3.836296 0.000000
23 45659 5.931654 15.254399 0.000000
24 35620 22.084407 11.860355 0.000000
25 63692 9.206501 21.213824 0.000000
26 65863 16.363066 21.919177 0.000000
27 44621 22.139432 14.889625 0.000000
28 10334 13.410749 3.493514 0.000000
29 27472 17.240236 9.145030 0.000000
30 57239 23.973310 19.042538 0.000000
31 73115 21.530107 24.352587 0.000000
32 61299 9.952812 20.491944 0.000000
33 56787 8.714194 18.904686 0.000000
34 68843 14.394251 22.932789 0.000000
35 66222 22.236780 22.095997 0.000000
36 51545 24.561520 17.114882 0.000000
37 58597 9.769815 19.502146 0.000000
38 17831 13.170769 5.950898 0.000000
39 69102 10.288921 23.033829 0.000000

