0 11275 17.596338 3.749256 0.000000
1 68853 15.332548 22.905067 0.000000
2 67743 24.371469 22.542662 0.000000
3 66965 6.550278 22.338755 0.000000
4 42841 24.151181 14.290911 0.000000
5 32164 6.482121 10.753133 0.000000
6 70273 7.390428 23.404284 0.000000
7 32890 19.074519 10.959193 0.000000
8 31707 20.753099 10.586812 0.000000
9 73878 7.805385 24.668223 0.000000
10 31722 22.271210 10.518770 0.000000
11 67554 5.477651 22.517324 0.000000
12 65623 22.330451 21.811075 0.000000
13 36362 6.265605 12.121610 0.000000
14 72146 14.695108 24.018052 0.000000
15 57393 9.361462 19.181006 0.000000
16 8808 10.885500 2.995715 0.000000
17 71896 19.699162 23.990833 0.000000
18 10585 8.595413 3.577532 0.000000
19 65308 20.821211 21.718983 0.000000
20 73291 9.190424 24.440799 0.000000
21 27803 20.324565 9.282723 0.000000
22 74842 14.212492 24.909086 0.000000
23 51527 22.781702 17.174666 0.000000
24 40259 5.916421 13.452855 0.000000
25 65535 13.510960 21.850317 0.000000
26 64948 14.895055 21.658444 0.000000
27 72667 6.749560 24.271355 0.000000
28 41620 22.030973 13.819976 0.000000
29 64737 23.777564 21.581572 0.000000
30 33241 24.133106 11.018381 0.000000
31 13573 7.371166 4.532597 0.000000
32 39091 9.196701 13.046856 0.000000
33 64622 12.227390 21.594393 0.000000
34 53196 9.692679 17.741274 0.000000
35 71157 5.706623 23.791079 0.000000
36 67312 11.247427 22.433471 0.000000
37 30106 10.623703 10.002270 0.000000
38 72475 17.581000 24.136041 0.000000
39 44494 9.426636 14.898468 0.000000

