0 72861 26.110176 24.278761 0.000000
1 82015 11.517242 27.322057 0.000000
2 65765 6.515262 21.983955 0.000000
3 84094 9.401053 28.079666 0.000000
4 83838 13.896050 27.955373 0.000000
5 41477 7.795088 13.889105 0.000000
6 27063 6.354541 9.056742 0.000000
7 27650 5.042340 9.264293 0.000000
10 30660 6.041244 10.251684 0.000000
11 77935 23.591222 25.942526 0.000000
13 35760 6.077718 11.961203 0.000000
18 55262 6.294831 18.423261 0.000000
20 37842 4.258376 12.695203 0.000000
23 45212 21.274048 15.036136 0.000000
24 9558 25.818951 3.188076 0.000000
25 36816 21.699508 12.296015 0.000000
26 30714 11.436829 10.283224 0.000000
27 57156 15.699144 19.085963 0.000000
28 60448 14.836835 20.162848 0.000000
29 56542 14.296087 18.821938 0.000000
30 15530 23.043521 5.124846 0.000000
31 49122 22.204905 16.336810 0.000000
33 38808 10.811853 12.987574 0.000000
35 13153 25.331706 4.377066 0.000000
36 15765 16.559039 5.262475 0.000000
37 12539 23.971942 4.102861 0.000000
38 72876 27.635070 24.286860 0.000000
44 50070 27.066895 16.617288 0.000000
53 9166 16.669480 3.052043 0.000000
59 31542 4.264937 10.567514 0.000000
73 15350 5.011658 5.120230 0.000000
77 6944 4.403562 2.339026 0.000000
81 139 13.992219 0.049681 0.000000
85 496 19.661155 0.143983 0.000000
88 79227 2.717849 26.413015 0.000000
90 84310 1.014196 28.108029 0.000000
96 72933 3.382535 24.396363 0.000000
98 79213 1.354349 26.410360 0.000000
40 11394 29.469569 3.711966 0.000000

