0 36668 6.852684 12.245280 0.000000
1 68810 11.035243 22.965262 0.000000
2 58599 9.975834 19.567702 0.000000
3 32166 6.630937 10.758143 0.000000
4 65851 15.141099 21.958293 0.000000
5 71186 8.603997 23.745351 0.000000
6 34555 5.594727 11.568485 0.000000
7 63844 24.419796 21.206363 0.000000
8 59339 23.953587 19.781968 0.000000
9 36815 21.530208 12.247215 0.000000
10 67741 24.136277 22.540775 0.000000
11 64118 21.821053 21.328072 0.000000
12 14582 18.283784 4.814096 0.000000
13 42521 22.143009 14.108347 0.000000
14 11873 17.304808 3.934330 0.000000
15 28352 15.251425 9.433892 0.000000
16 40550 5.079981 13.595486 0.000000
17 20924 22.468038 6.918469 0.000000
18 73692 19.266741 24.591757 0.000000
19 42698 9.896030 14.281171 0.000000
20 72415 11.555568 24.101060 0.000000
21 66555 25.589870 22.104667 0.000000
22 70339 13.974228 23.496626 0.000000
23 11492 9.258033 3.888060 0.000000
24 73363 16.382105 24.414375 0.000000
25 31936 13.684891 10.606060 0.000000
26 31012 11.291571 10.356042 0.000000
27 72176 17.647633 24.025218 0.000000
28 51822 22.220808 17.250181 0.000000
29 68027 22.717574 22.685807 0.000000
30 62802 10.265008 20.916468 0.000000
31 53159 5.925463 17.722017 0.000000
32 28449 24.918664 9.462903 0.000000
33 31393 19.389373 10.463520 0.000000
34 28109 20.911326 9.330678 0.000000
35 59758 5.824234 19.985401 0.000000
36 38196 9.670972 12.714198 0.000000
37 35646 24.688646 11.822357 0.000000
38 44031 23.105295 14.639510 0.000000
39 27522 22.229804 9.185177 0.000000

