0 46260 6.087343 15.480669 0.000000
1 69808 20.883962 23.222767 0.000000
2 32860 16.093697 10.943166 0.000000
3 34857 5.796236 11.668346 0.000000
4 30707 10.781032 10.246968 0.000000
5 71470 7.047897 23.869869 0.000000
6 13286 8.653744 4.417500 0.000000
7 40000 10.000335 13.390048 0.000000
8 64304 10.473514 21.470469 0.000000
9 20617 21.784861 6.875584 0.000000
10 34003 10.366381 11.351271 0.000000
11 73345 14.545726 24.436918 0.000000
12 10336 13.675691 3.472414 0.000000
13 56756 5.671342 18.931803 0.000000
14 10969 16.914531 3.612064 0.000000
15 36089 8.963789 12.031214 0.000000
16 50756 5.648151 16.990789 0.000000
17 15823 22.396722 5.273073 0.000000
18 73702 20.233574 24.519166 0.000000
19 53943 24.313032 17.983846 0.000000
20 25120 22.005746 8.303214 0.000000
21 30244 24.477602 10.086355 0.000000
22 35919 21.935017 11.993046 0.000000
23 10319 11.997618 3.420669 0.000000
24 70956 15.673452 23.698063 0.000000
25 63245 24.577203 21.063814 0.000000
26 44349 24.949708 14.727578 0.000000
27 72132 13.219816 24.010375 0.000000
28 42521 22.103390 14.198327 0.000000
29 54854 25.499534 18.279125 0.000000
30 32533 13.302279 10.858979 0.000000
31 60661 6.109392 20.256103 0.000000
32 29241 14.174445 9.708628 0.000000
33 66829 22.956238 22.261520 0.000000
34 30691 9.102325 10.279751 0.000000
35 68460 6.062878 22.860301 0.000000
36 26237 13.744692 8.717013 0.000000
37 28954 15.474917 9.630493 0.000000
38 32021 22.163684 10.674438 0.000000
39 27710 11.023632 9.208222 0.000000

