0 60817 21.784711 20.239410 0.000000
1 28050 15.017525 9.309060 0.000000
2 65820 12.046214 21.964227 0.000000
3 68027 22.764367 22.610434 0.000000
4 66212 21.287542 22.045431 0.000000
5 26019 21.985290 8.676966 0.000000
6 73658 15.867045 24.574223 0.000000
7 65939 23.944727 21.953347 0.000000
8 47641 24.192024 15.807343 0.000000
9 46859 5.973677 15.681321 0.000000
10 64723 22.309947 21.537922 0.000000
11 11588 18.856760 3.855521 0.000000
12 71183 8.378524 23.725539 0.000000
13 46425 22.533540 15.407275 0.000000
14 69664 6.480843 23.281225 0.000000
15 62354 25.496992 20.710745 0.000000
16 50019 21.957113 16.674406 0.000000
17 42652 5.233884 14.284031 0.000000
18 10347 14.716160 3.455335 0.000000
19 35801 10.140256 11.938006 0.000000
20 51659 5.940493 17.241910 0.000000
21 55605 10.514134 18.562400 0.000000
22 21813 21.379471 7.230151 0.000000
23 70905 10.527060 23.610911 0.000000
24 12163 16.340363 4.048789 0.000000
25 31604 10.479804 10.573598 0.000000
26 53195 9.505527 17.708650 0.000000
27 12214 21.460026 4.001814 0.000000
28 17768 6.824433 5.998103 0.000000
29 42390 9.030951 14.135806 0.000000
30 65856 15.668105 21.900384 0.000000
31 38026 22.650973 12.630612 0.000000
32 69186 18.621435 23.065044 0.000000
33 31331 13.144082 10.452359 0.000000
34 66551 25.150699 22.182264 0.000000
35 29623 22.326113 9.839118 0.000000
36 65590 19.088553 21.858826 0.000000
37 68869 16.935979 22.964398 0.000000
38 26632 23.236537 8.807907 0.000000
39 69813 21.350384 23.225293 0.000000

