0 37418 21.831712 12.438478 0.000000
1 27242 24.256270 9.056001 0.000000
2 37598 9.876500 12.515166 0.000000
3 47444 4.498079 15.854778 0.000000
4 63699 9.922814 21.203720 0.000000
5 71841 14.107980 23.991459 0.000000
6 35152 5.208944 11.759572 0.000000
7 64984 18.495850 21.615047 0.000000
8 68877 17.787065 22.911235 0.000000
9 45525 22.592529 15.128422 0.000000
10 64931 13.175056 21.669148 0.000000
11 71028 22.840341 23.676148 0.000000
12 10040 14.083958 3.306092 0.000000
13 71855 15.566172 23.955891 0.000000
14 49853 5.376994 16.631779 0.000000
15 62635 23.569069 20.816933 0.000000
16 70569 6.906758 23.571366 0.000000
17 12205 20.508184 4.065332 0.000000
18 72683 8.313805 24.225881 0.000000
19 31935 13.517586 10.640298 0.000000
20 41325 22.531526 13.744615 0.000000
21 61590 9.075045 20.536991 0.000000
22 28426 22.600009 9.459335 0.000000
23 8492 9.248639 2.817001 0.000000
24 73694 19.465289 24.500365 0.000000
25 29273 17.338640 9.704796 0.000000
26 32878 17.860510 10.968822 0.000000
27 53326 22.615849 17.799513 0.000000
28 69403 10.383356 23.197540 0.000000
29 27132 13.286067 9.024819 0.000000
30 65817 11.766634 21.934831 0.000000
31 73300 10.081110 24.473282 0.000000
32 68617 21.792308 22.837686 0.000000
33 32320 22.038002 10.703320 0.000000
34 68941 24.180381 22.939346 0.000000
35 65041 24.159825 21.680339 0.000000
36 30147 14.781614 10.015152 0.000000
37 67962 16.258318 22.689242 0.000000
38 15507 20.753303 5.111698 0.000000
39 67429 22.968320 22.467628 0.000000

