0 71323 22.386130 23.771890 0.000000
1 28340 14.085587 9.448932 0.000000
2 31622 12.251618 10.522174 0.000000
3 62318 21.832187 20.774401 0.000000
4 53799 9.942773 17.963778 0.000000
5 18522 22.298068 6.172272 0.000000
6 54217 21.717819 18.045130 0.000000
7 64661 16.114037 21.561022 0.000000
8 64944 14.440276 21.619414 0.000000
9 12685 8.546714 4.283135 0.000000
10 65512 11.233882 21.871897 0.000000
11 10633 13.315724 3.545475 0.000000
12 65759 5.926293 21.927324 0.000000
13 51057 5.740788 17.075048 0.000000
14 38031 23.157707 12.699478 0.000000
15 29036 23.644335 9.645007 0.000000
16 50927 22.766232 16.930630 0.000000
17 44163 6.302688 14.724448 0.000000
18 42522 22.235654 14.164296 0.000000
19 32271 17.117404 10.746312 0.000000
20 13873 7.325132 4.695832 0.000000
21 68288 18.895003 22.778301 0.000000
22 23467 6.763035 7.806753 0.000000
23 69959 5.960649 23.339382 0.000000
24 12515 21.545332 4.137192 0.000000
25 33217 21.750348 11.065557 0.000000
26 32303 20.362178 10.722975 0.000000
27 10301 10.127124 3.431348 0.000000
28 12482 18.207819 4.183930 0.000000
29 51090 9.040446 17.074854 0.000000
30 63401 10.127486 21.187305 0.000000
31 39221 22.103553 13.027437 0.000000
32 40147 24.764153 13.364904 0.000000
33 32030 23.078389 10.682826 0.000000
34 32646 24.643857 10.852472 0.000000
35 8814 11.490185 2.996428 0.000000
36 35358 25.829653 11.727790 0.000000
37 58453 25.368795 19.491163 0.000000
38 33359 5.933141 11.139114 0.000000
39 36246 24.687636 12.097026 0.000000

