0 41765 6.596751 13.959858 0.000000
1 70074 17.466049 23.381629 0.000000
2 31317 11.704473 10.420854 0.000000
3 18073 7.352655 6.023563 0.000000
4 46301 10.150537 15.417443 0.000000
5 73626 12.630475 24.522987 0.000000
6 11782 8.215032 3.925621 0.000000
7 40301 10.150713 13.406285 0.000000
8 58896 9.672105 19.634340 0.000000
9 11592 19.286341 3.898818 0.000000
10 65506 10.680975 21.838053 0.000000
11 35919 21.907787 11.947468 0.000000
12 12139 13.945353 4.036952 0.000000
13 66824 22.463892 22.249058 0.000000
14 13111 21.107712 4.315124 0.000000
15 69406 10.640882 23.158220 0.000000
16 72414 11.415693 24.173485 0.000000
17 12768 16.869383 4.241668 0.000000
18 73338 13.865376 24.495556 0.000000
19 31030 13.000960 10.391981 0.000000
20 15819 21.942816 5.237393 0.000000
21 27819 21.954020 9.286295 0.000000
22 19723 22.368470 6.548159 0.000000
23 43556 5.696186 14.548935 0.000000
24 73413 21.394993 24.451751 0.000000
25 31644 14.434062 10.598925 0.000000
26 31664 16.436378 10.599415 0.000000
27 33209 20.973032 11.098881 0.000000
28 69117 11.731105 23.016018 0.000000
29 29942 24.288894 9.962868 0.000000
30 65563 16.362371 21.808256 0.000000
31 60824 22.499752 20.211567 0.000000
32 28035 13.532881 9.359790 0.000000
33 31118 21.834773 10.347572 0.000000
34 48088 8.816111 16.051635 0.000000
35 69364 6.450798 23.138109 0.000000
36 37739 23.949468 12.546951 0.000000
37 35503 10.372980 11.864044 0.000000
38 70328 12.825139 23.421040 0.000000
39 28004 10.462511 9.343409 0.000000

