0 37557 5.731965 12.502401 0.000000
1 71857 15.715978 23.955824 0.000000
2 49441 24.100095 16.478167 0.000000
3 11267 16.744297 3.780075 0.000000
4 32904 20.425430 10.913368 0.000000
5 70880 8.019170 23.601401 0.000000
6 12188 18.825238 4.045436 0.000000
7 31005 10.592355 10.354792 0.000000
8 31026 12.652227 10.337491 0.000000
9 69824 22.436352 23.205606 0.000000
10 31941 14.148906 10.661192 0.000000
11 73673 17.303691 24.504310 0.000000
12 21220 22.062425 7.053865 0.000000
13 53617 21.755511 17.855800 0.000000
14 29017 21.751674 9.641870 0.000000
15 63704 10.465286 21.276633 0.000000
16 58858 5.870393 19.697957 0.000000
17 41021 22.114689 13.644276 0.000000
18 65461 6.132926 21.870493 0.000000
19 65940 24.023462 21.918610 0.000000
20 66828 22.838509 22.220273 0.000000
21 28353 15.307617 9.410347 0.000000
22 57224 22.409283 19.025191 0.000000
23 16719 21.958485 5.547161 0.000000
24 71801 10.178485 23.909683 0.000000
25 67106 20.652460 22.392893 0.000000
26 64717 21.778430 21.580111 0.000000
27 72516 21.615085 24.108641 0.000000
28 72120 12.013964 24.037398 0.000000
29 55150 25.094260 18.350681 0.000000
30 31955 15.555786 10.644557 0.000000
31 69660 6.055171 23.246199 0.000000
32 47494 9.407912 15.850227 0.000000
33 65869 16.980924 21.982021 0.000000
34 61594 9.409845 20.511125 0.000000
35 73390 19.076140 24.456643 0.000000
36 65795 9.511604 21.916482 0.000000
37 39395 9.507769 13.169485 0.000000
38 68549 14.923137 22.893237 0.000000
39 52297 9.760765 17.407267 0.000000

