0 73090 19.067951 24.326466 0.000000
1 28080 18.038634 9.353799 0.000000
2 36701 10.141322 12.282696 0.000000
3 51814 21.413030 17.280124 0.000000
4 63698 9.809680 21.298497 0.000000
5 30222 22.248213 10.013866 0.000000
6 44921 22.111614 14.997158 0.000000
7 65602 20.215773 21.864992 0.000000
8 65285 18.520616 21.764907 0.000000
9 10321 12.127833 3.438598 0.000000
10 64949 14.964868 21.658383 0.000000
11 12173 17.394860 4.024753 0.000000
12 54657 5.765756 18.245201 0.000000
13 60365 6.585343 20.103827 0.000000
14 28133 23.369355 9.341039 0.000000
15 35043 24.394844 11.669929 0.000000
16 61725 22.514477 20.568773 0.000000
17 32164 6.492811 10.762534 0.000000
18 51826 22.605062 17.220702 0.000000
19 31631 13.186788 10.500023 0.000000
20 10299 9.913639 3.443249 0.000000
21 68548 14.893712 22.894775 0.000000
22 13879 7.933092 4.642155 0.000000
23 58554 5.497634 19.584618 0.000000
24 22423 22.350409 7.445557 0.000000
25 31979 17.925502 10.664649 0.000000
26 32262 16.261420 10.711238 0.000000
27 10037 13.732420 3.360088 0.000000
28 14919 21.960564 4.922648 0.000000
29 41190 9.080569 13.714311 0.000000
30 65236 13.613929 21.785577 0.000000
31 47929 22.977901 15.904305 0.000000
32 50348 24.877601 16.759044 0.000000
33 32312 21.202649 10.738340 0.000000
34 42851 25.167149 14.213724 0.000000
35 10052 15.212194 3.394093 0.000000
36 31444 24.408770 10.406372 0.000000
37 69545 24.550284 23.174661 0.000000
38 21360 6.073623 7.160624 0.000000
39 46447 24.748778 15.490488 0.000000

