0 62759 5.900421 20.997342 0.000000
1 45990 9.095965 15.336304 0.000000
2 67434 23.414032 22.401276 0.000000
3 33667 6.756312 11.222107 0.000000
4 44939 23.984619 14.926925 0.000000
5 73605 10.535861 24.532217 0.000000
6 23857 15.735544 7.971609 0.000000
7 32327 22.716285 10.793110 0.000000
8 31415 21.593016 10.406209 0.000000
9 69702 10.205918 23.261077 0.000000
10 31152 25.254359 10.305859 0.000000
11 73045 14.515434 24.376128 0.000000
12 53156 5.677064 17.701280 0.000000
13 72086 8.651110 24.050979 0.000000
14 11538 13.829363 3.839277 0.000000
15 30536 23.687272 10.125587 0.000000
16 28119 21.933282 9.391242 0.000000
17 13992 19.285100 4.690719 0.000000
18 53919 21.991140 17.947593 0.000000
19 65284 18.454024 21.757503 0.000000
20 38323 22.333947 12.727221 0.000000
21 69446 14.627960 23.114700 0.000000
22 50930 23.086387 16.932948 0.000000
23 33656 5.627502 11.261690 0.000000
24 58421 22.121407 19.436592 0.000000
25 65550 15.009281 21.826540 0.000000
26 65837 13.794492 21.919572 0.000000
27 73398 19.808947 24.410129 0.000000
28 35018 21.849377 11.642338 0.000000
29 68832 13.260563 22.983569 0.000000
30 54841 24.193628 18.238938 0.000000
31 71166 6.648686 23.778872 0.000000
32 55753 25.394584 18.500819 0.000000
33 58598 9.880437 19.594675 0.000000
34 33245 24.558761 11.004684 0.000000
35 73330 13.054958 24.480538 0.000000
36 64661 16.185780 21.599557 0.000000
37 60851 25.111574 20.284032 0.000000
38 28130 23.028905 9.329729 0.000000
39 36242 24.238624 12.064750 0.000000

