1 68374 27.486323 22.755822 0.000000
2 83303 20.332669 27.721238 0.000000
3 75259 25.933770 25.026368 0.000000
4 64782 28.261648 21.589930 0.000000
5 74158 5.882382 24.732413 0.000000
6 26498 9.871168 8.862420 0.000000
7 35447 4.701365 11.819025 0.000000
10 30953 5.305907 10.341878 0.000000
13 30706 10.647723 10.259817 0.000000
14 79987 18.739005 26.626759 0.000000
17 78518 21.828320 26.170468 0.000000
20 85002 10.247158 28.354743 0.000000
21 67490 29.003229 22.491341 0.000000
23 48417 11.765908 16.101001 0.000000
24 12533 23.382417 4.133537 0.000000
25 55924 12.497918 18.670458 0.000000
26 60777 17.799558 20.209071 0.000000
27 30144 14.470923 10.081513 0.000000
28 34115 21.542170 11.377065 0.000000
29 28957 15.788904 9.640960 0.000000
30 15851 25.119883 5.200056 0.000000
31 52618 11.851232 17.501420 0.000000
33 59591 19.196834 19.829409 0.000000
35 13766 26.642844 4.573004 0.000000
36 34466 26.637632 11.443633 0.000000
37 11096 29.606500 3.622316 0.000000
40 10762 26.256239 3.541985 0.000000
73 11603 20.357716 3.855459 0.000000
77 2806 10.683657 0.994972 0.000000
81 12968 6.817280 4.361234 0.000000
84 11440 4.089829 3.833252 0.000000
85 8148 4.898404 2.714441 0.000000
98 85200 0.042638 28.481700 0.000000
101 72341 4.167945 24.173035 0.000000
102 82221 2.122735 27.444502 0.000000

