0 28859 5.984816 9.651466 0.000000
1 69799 19.982871 23.289979 0.000000
2 61741 24.147519 20.585504 0.000000
3 13633 13.301581 4.501793 0.000000
4 34138 23.803126 11.318522 0.000000
5 72420 12.044933 24.179682 0.000000
6 10042 14.252054 3.391031 0.000000
7 30749 14.904872 10.239102 0.000000
8 31069 16.912395 10.301081 0.000000
9 57824 22.436648 19.201722 0.000000
10 32287 18.788629 10.719911 0.000000
11 73714 21.483739 24.589323 0.000000
12 13100 20.035113 4.311816 0.000000
13 62010 21.015483 20.632241 0.000000
14 15814 21.442239 5.205413 0.000000
15 67024 12.473362 22.327894 0.000000
16 70564 6.432015 23.584557 0.000000
17 29923 22.383045 9.915968 0.000000
18 72383 8.348246 24.175178 0.000000
19 66227 22.716141 22.060967 0.000000
20 53327 22.718952 17.761279 0.000000
21 29218 11.848768 9.703509 0.000000
22 44922 22.284101 14.921969 0.000000
23 12185 18.546751 4.012556 0.000000
24 72444 14.470310 24.161990 0.000000
25 67059 15.917573 22.366303 0.000000
26 65572 17.257574 21.895819 0.000000
27 63220 22.054507 21.034508 0.000000
28 71563 16.375769 23.895027 0.000000
29 42848 24.808402 14.261630 0.000000
30 31102 20.218125 10.376213 0.000000
31 72703 10.359538 24.296111 0.000000
32 59795 9.571696 19.901175 0.000000
33 64331 13.171355 21.444516 0.000000
34 68202 10.220557 22.786773 0.000000
35 71326 22.604806 23.758031 0.000000
36 61285 8.577042 20.410645 0.000000
37 52892 9.276303 17.640455 0.000000
38 70027 12.715673 23.305124 0.000000
39 64598 9.879364 21.550442 0.000000

