0 80817 11.751299 26.954630 0.000000
1 75551 25.179968 25.101235 0.000000
3 65984 28.412382 21.937204 0.000000
4 71366 26.661315 23.701286 0.000000
6 30045 4.529775 10.071277 0.000000
7 28256 5.625379 9.464335 0.000000
8 11181 8.117145 3.714008 0.000000
9 25238 3.861724 8.460443 0.000000
10 28879 7.910514 9.658339 0.000000
11 80503 10.323793 26.885301 0.000000
13 31556 5.602260 10.577786 0.000000
16 60068 6.805757 20.000869 0.000000
19 66666 6.683578 22.233264 0.000000
23 55023 12.325081 18.320312 0.000000
24 12251 25.118841 4.085182 0.000000
25 56236 13.646905 18.733983 0.000000
26 26840 14.045397 8.925788 0.000000
27 33722 12.245511 11.259359 0.000000
28 60427 12.793842 20.191288 0.000000
29 41220 12.055810 13.715588 0.000000
30 15824 22.490108 5.224902 0.000000
31 57157 15.711701 19.053818 0.000000
33 26823 12.347692 8.998304 0.000000
35 11067 26.717526 3.650407 0.000000
36 59756 5.639204 19.956031 0.000000
37 14076 27.686217 4.674220 0.000000
40 15547 24.787129 5.182895 0.000000
53 61499 29.970192 20.442711 0.000000
59 84116 11.636182 28.072601 0.000000
73 55270 7.099394 18.432639 0.000000
100 18279 27.918184 6.012518 0.000000
104 4588 8.897675 1.580446 0.000000
105 5205 10.546636 1.742796 0.000000
108 6643 4.392409 2.256011 0.000000
109 365 6.522978 0.127638 0.000000
112 82205 0.574421 27.417052 0.000000
113 80416 1.625446 26.841160 0.000000
115 78325 2.588472 26.169408 0.000000
116 81033 3.331850 27.031559 0.000000
117 82525 2.530527 27.581128 0.000000
120 84912 1.253672 28.302250 0.000000

