0 21355 5.557824 7.180412 0.000000
1 44650 25.072915 14.846437 0.000000
2 42103 10.339571 14.026711 0.000000
3 10044 14.420189 3.393573 0.000000
4 62503 10.342996 20.848797 0.000000
5 37260 6.058525 12.447620 0.000000
6 10661 16.142852 3.515107 0.000000
7 65893 19.394164 21.927710 0.000000
8 64722 22.249132 21.536886 0.000000
9 72750 15.071451 24.296088 0.000000
10 65280 18.077927 21.702100 0.000000
11 52858 5.813666 17.686599 0.000000
12 48821 22.187212 16.294084 0.000000
13 31564 6.443816 10.566440 0.000000
14 41324 22.454786 13.717079 0.000000
15 68881 18.174988 22.970663 0.000000
16 13275 7.520445 4.457168 0.000000
17 60224 22.487619 20.019799 0.000000
18 21968 6.826470 7.382658 0.000000
19 32797 9.728931 10.910942 0.000000
20 72169 16.924991 24.076794 0.000000
21 27423 12.341130 9.178426 0.000000
22 72194 19.448287 24.040537 0.000000
23 29624 22.469459 9.851832 0.000000
24 48658 5.870755 16.290231 0.000000
25 31630 13.047563 10.545340 0.000000
26 32015 21.582390 10.684756 0.000000
27 72680 8.041742 24.231015 0.000000
28 71326 22.602355 23.755406 0.000000
29 29286 18.673937 9.742041 0.000000
30 56802 10.287112 18.982049 0.000000
31 27366 6.650682 9.193561 0.000000
32 68813 11.311219 22.902933 0.000000
33 35941 24.105854 11.966202 0.000000
34 67965 16.519769 22.629624 0.000000
35 60061 6.105272 20.063824 0.000000
36 30407 10.747901 10.107813 0.000000
37 58589 8.977355 19.591804 0.000000
38 67728 22.835297 22.515813 0.000000
39 69127 12.790604 23.057346 0.000000

