0 73641 14.113723 24.552347 0.000000
1 36104 10.428301 12.030160 0.000000
2 52440 24.057984 17.457472 0.000000
3 66662 6.226159 22.282948 0.000000
4 32331 23.163453 10.765614 0.000000
5 73707 20.772548 24.583065 0.000000
6 57659 5.980420 19.217647 0.000000
7 31032 13.289892 10.361877 0.000000
8 31018 11.800958 10.341352 0.000000
9 21221 22.176163 7.035507 0.000000
10 31647 14.726703 10.519818 0.000000
11 63225 22.502468 21.032571 0.000000
12 22624 12.482623 7.527057 0.000000
13 72792 19.224408 24.262696 0.000000
14 16574 7.444399 5.552556 0.000000
15 28722 22.285812 9.515316 0.000000
16 73325 12.530847 24.464427 0.000000
17 9422 12.292063 3.131583 0.000000
18 72456 15.648448 24.159846 0.000000
19 57240 24.085542 19.035134 0.000000
20 13114 21.458705 4.389002 0.000000
21 69169 16.902072 23.023296 0.000000
22 12500 20.044783 4.109726 0.000000
23 22987 18.712435 7.669398 0.000000
24 68026 22.604836 22.698543 0.000000
25 66238 23.815296 22.007105 0.000000
26 65566 16.645125 21.804530 0.000000
27 39225 22.536156 13.044685 0.000000
28 12164 16.428635 4.029460 0.000000
29 69999 9.985902 23.341053 0.000000
30 38938 23.879046 12.925086 0.000000
31 72772 17.283389 24.293448 0.000000
32 37752 25.252900 12.581524 0.000000
33 65803 10.384159 21.980632 0.000000
34 29047 24.725981 9.627459 0.000000
35 54820 22.027774 18.294633 0.000000
36 62340 24.049517 20.798384 0.000000
37 54252 25.246440 18.020220 0.000000
38 11246 14.607586 3.713535 0.000000
39 33548 24.812124 11.199523 0.000000

