0 72512 21.258697 24.196145 0.000000
1 26918 21.879617 8.982631 0.000000
2 65585 18.532351 21.830319 0.000000
3 73689 18.957887 24.536508 0.000000
4 59041 24.198768 19.677069 0.000000
5 44627 22.737452 14.813268 0.000000
6 73589 8.916212 24.599256 0.000000
7 48546 24.623466 16.136224 0.000000
8 32620 22.095487 10.825312 0.000000
9 26465 6.514830 8.841831 0.000000
10 53642 24.234952 17.825059 0.000000
11 22121 22.108810 7.392437 0.000000
12 58861 6.179778 19.674479 0.000000
13 66833 23.331437 22.205250 0.000000
14 52257 5.787151 17.432052 0.000000
15 69515 21.545947 23.110769 0.000000
16 68624 22.491589 22.830836 0.000000
17 22563 6.350917 7.574099 0.000000
18 12512 21.249410 4.138327 0.000000
19 54396 9.609910 18.159433 0.000000
20 30366 6.622251 10.190031 0.000000
21 46591 9.174949 15.523402 0.000000
22 23850 15.019398 7.941230 0.000000
23 63965 6.508519 21.327508 0.000000
24 17318 21.855713 5.710334 0.000000
25 49899 9.955769 16.600632 0.000000
26 65511 11.179581 21.851674 0.000000
27 29627 22.784217 9.801701 0.000000
28 9076 7.666069 3.065160 0.000000
29 29211 11.103861 9.731836 0.000000
30 65318 21.827508 21.713062 0.000000
31 59027 22.731639 19.635044 0.000000
32 69719 11.962032 23.283607 0.000000
33 42103 10.302405 14.042041 0.000000
34 68898 19.880895 22.928839 0.000000
35 48824 22.416542 16.203864 0.000000
36 66543 24.393046 22.122024 0.000000
37 68505 10.527022 22.838204 0.000000
38 23877 17.776481 7.960854 0.000000
39 68859 15.920925 22.911084 0.000000

