0 36951 5.101781 12.366344 0.000000
1 60552 25.250252 20.113248 0.000000
2 56490 9.062671 18.829846 0.000000
3 11296 19.607902 3.768002 0.000000
4 64640 14.078005 21.528731 0.000000
5 21667 6.797391 7.290379 0.000000
6 11912 21.224151 3.937373 0.000000
7 65637 23.722331 21.811467 0.000000
8 62038 23.877348 20.670313 0.000000
9 71797 9.747193 23.994431 0.000000
10 68330 23.084181 22.716299 0.000000
11 37263 6.364748 12.486949 0.000000
12 64723 22.360700 21.542702 0.000000
13 16866 6.646956 5.694081 0.000000
14 56925 22.537382 18.990020 0.000000
15 68532 13.287269 22.877017 0.000000
16 8187 8.753691 2.700553 0.000000
17 73421 22.179896 24.442346 0.000000
18 11177 7.784056 3.722493 0.000000
19 47196 9.696758 15.718402 0.000000
20 71815 11.581208 23.933709 0.000000
21 28073 17.329472 9.304487 0.000000
22 71544 14.426040 23.820950 0.000000
23 45227 22.701418 15.098365 0.000000
24 33063 6.384466 11.043777 0.000000
25 37902 10.278762 12.609714 0.000000
26 31972 17.294323 10.665094 0.000000
27 62758 5.833364 20.924747 0.000000
28 72185 18.505109 24.057742 0.000000
29 28137 23.757780 9.378671 0.000000
30 64324 12.487157 21.455236 0.000000
31 14778 7.856494 4.917168 0.000000
32 60697 9.777879 20.207951 0.000000
33 32604 20.419238 10.825982 0.000000
34 67914 11.464249 22.649825 0.000000
35 44160 6.020244 14.789264 0.000000
36 42398 9.813813 14.104629 0.000000
37 46286 8.604320 15.423668 0.000000
38 73107 20.757318 24.349072 0.000000
39 65193 9.311294 21.712629 0.000000

