0 53625 22.542304 17.867982 0.000000
1 38044 24.471364 12.614826 0.000000
2 32021 22.174204 10.667986 0.000000
3 72796 19.665381 24.260779 0.000000
4 31643 14.330025 10.530690 0.000000
5 16416 21.657494 5.453291 0.000000
6 72773 17.351299 24.264176 0.000000
7 30759 15.995727 10.287632 0.000000
8 33108 10.815918 11.027372 0.000000
9 72116 11.692559 24.093105 0.000000
10 45243 24.389476 15.048277 0.000000
11 34268 6.849509 11.410796 0.000000
12 71496 9.676253 23.879510 0.000000
13 10957 15.722470 3.683589 0.000000
14 65761 6.190953 21.982437 0.000000
15 43155 25.559561 14.379117 0.000000
16 11588 18.828526 3.856865 0.000000
17 60662 6.216557 20.262611 0.000000
18 13408 20.895023 4.467381 0.000000
19 55149 24.943092 18.338432 0.000000
20 56757 5.787900 18.995521 0.000000
21 67594 9.454300 22.536505 0.000000
22 50756 5.669292 16.986783 0.000000
23 38024 22.401786 12.693099 0.000000
24 59448 4.880385 19.823552 0.000000
25 35637 23.790849 11.810750 0.000000
26 50941 24.111976 16.990929 0.000000
27 36958 5.813302 12.351953 0.000000
28 23270 17.038380 7.790340 0.000000
29 34295 9.589738 11.447734 0.000000
30 65207 10.737639 21.757363 0.000000
31 10012 11.262371 3.341123 0.000000
32 69407 10.770887 23.145628 0.000000
33 65939 23.985637 21.936344 0.000000
34 68607 20.724865 22.856061 0.000000
35 22120 22.055823 7.398222 0.000000
36 65008 20.843178 21.653030 0.000000
37 69185 18.514783 23.062613 0.000000
38 21137 13.753556 7.017101 0.000000
39 70328 12.801736 23.403327 0.000000

